0 0.488829 0.421480 0.487475 0.423285 0.487475 0.424188 0.486798 0.425090 0.486798 0.426895 0.486121 0.427798 0.486121 0.436823 0.486798 0.437726 0.486798 0.440433 0.487475 0.441336 0.487475 0.442238 0.488152 0.443141 0.488152 0.445848 0.486798 0.447653 0.484089 0.447653 0.482735 0.445848 0.482735 0.444946 0.482058 0.444043 0.482058 0.435018 0.480704 0.433213 0.476642 0.433213 0.475965 0.434116 0.475965 0.435018 0.475288 0.435921 0.475288 0.441336 0.475965 0.442238 0.475965 0.444043 0.476642 0.444946 0.476642 0.447653 0.477319 0.448556 0.477319 0.449458 0.477996 0.450361 0.477996 0.451264 0.478673 0.452166 0.478673 0.453069 0.480704 0.455776 0.480704 0.463899 0.481381 0.464801 0.481381 0.465704 0.483412 0.468412 0.483412 0.469314 0.484766 0.471119 0.484766 0.472022 0.485443 0.472924 0.485443 0.473827 0.486121 0.474729 0.486121 0.479242 0.486798 0.480144 0.486798 0.481047 0.487475 0.481949 0.487475 0.482852 0.490860 0.482852 0.492891 0.480144 0.492891 0.479242 0.494245 0.477437 0.494922 0.477437 0.496276 0.479242 0.496276 0.480144 0.496953 0.481047 0.496953 0.481949 0.497630 0.482852 0.497630 0.484657 0.498307 0.485560 0.498307 0.487365 0.498984 0.488267 0.498984 0.490072 0.501016 0.492780 0.504401 0.492780 0.505755 0.490975 0.505755 0.490072 0.506432 0.489170 0.506432 0.488267 0.507109 0.487365 0.507109 0.485560 0.507786 0.484657 0.507786 0.483755 0.508463 0.482852 0.508463 0.481949 0.509140 0.481047 0.509140 0.479242 0.509817 0.478339 0.509817 0.476534 0.510494 0.475632 0.510494 0.473827 0.511171 0.472924 0.511171 0.471119 0.511848 0.470217 0.511848 0.462996 0.511171 0.462094 0.511171 0.460289 0.510494 0.459386 0.510494 0.457581 0.509817 0.456679 0.509817 0.454874 0.509140 0.453971 0.509140 0.453069 0.508463 0.452166 0.508463 0.451264 0.507109 0.449458 0.506432 0.449458 0.505755 0.448556 0.505078 0.448556 0.504401 0.447653 0.503047 0.447653 0.502370 0.446751 0.501693 0.446751 0.501016 0.445848 0.501016 0.444043 0.500339 0.443141 0.500339 0.431408 0.499661 0.430505 0.499661 0.427798 0.498984 0.426895 0.498984 0.425090 0.498307 0.424188 0.498307 0.423285 0.496953 0.421480
0 0.368314 0.203069 0.367637 0.203971 0.365606 0.203971 0.364929 0.204874 0.362221 0.204874 0.361544 0.205776 0.360867 0.205776 0.360190 0.206679 0.358835 0.206679 0.354096 0.212996 0.354096 0.214801 0.352742 0.216606 0.352742 0.217509 0.352065 0.218412 0.352065 0.220217 0.351388 0.221119 0.351388 0.222924 0.350711 0.223827 0.350711 0.225632 0.350034 0.226534 0.350034 0.228339 0.349357 0.229242 0.349357 0.230144 0.348680 0.231047 0.348680 0.237365 0.348003 0.238267 0.348003 0.241877 0.348680 0.242780 0.348680 0.245487 0.348003 0.246390 0.348003 0.251805 0.347326 0.252708 0.347326 0.253610 0.346649 0.254513 0.345972 0.254513 0.345295 0.255415 0.345295 0.257220 0.344617 0.258123 0.344617 0.259025 0.345972 0.260830 0.346649 0.260830 0.347326 0.261733 0.350711 0.261733 0.351388 0.260830 0.352742 0.260830 0.353419 0.261733 0.354096 0.261733 0.354773 0.262635 0.354773 0.263538 0.355450 0.264440 0.355450 0.266245 0.356127 0.267148 0.356127 0.272563 0.356804 0.273466 0.356804 0.279783 0.357481 0.280686 0.357481 0.282491 0.358158 0.283394 0.358158 0.284296 0.359513 0.286101 0.359513 0.287004 0.360190 0.287906 0.360190 0.288809 0.363575 0.293321 0.364252 0.293321 0.364929 0.294224 0.365606 0.294224 0.366283 0.295126 0.366960 0.295126 0.367637 0.296029 0.368991 0.296029 0.370345 0.297834 0.371022 0.297834 0.371699 0.298736 0.372376 0.298736 0.374408 0.301444 0.374408 0.302347 0.375085 0.302347 0.375762 0.303249 0.375762 0.306859 0.375085 0.307762 0.374408 0.307762 0.373731 0.308664 0.373053 0.308664 0.372376 0.309567 0.371699 0.309567 0.369668 0.312274 0.368991 0.312274 0.366960 0.314982 0.366283 0.314982 0.364929 0.316787 0.364929 0.317690 0.364252 0.318592 0.364252 0.319495 0.362221 0.322202 0.362221 0.323105 0.361544 0.324007 0.361544 0.324910 0.360867 0.325812 0.360867 0.326715 0.356127 0.333032 0.355450 0.333032 0.354773 0.333935 0.354096 0.333935 0.353419 0.334838 0.352742 0.334838 0.351388 0.336643 0.350034 0.336643 0.349357 0.337545 0.348003 0.337545 0.346649 0.339350 0.345295 0.339350 0.344617 0.340253 0.343940 0.340253 0.343263 0.341155 0.341909 0.341155 0.341232 0.342058 0.340555 0.342058 0.339878 0.342960 0.337847 0.342960 0.337170 0.343863 0.335816 0.343863 0.335139 0.344765 0.333785 0.344765 0.333108 0.345668 0.331754 0.345668 0.331077 0.346570 0.330399 0.346570 0.329722 0.347473 0.328368 0.347473 0.327691 0.348375 0.327014 0.348375 0.326337 0.349278 0.325660 0.349278 0.324983 0.350181 0.324306 0.350181 0.323629 0.351083 0.322952 0.351083 0.322275 0.351986 0.320921 0.351986 0.320244 0.352888 0.319567 0.352888 0.318890 0.353791 0.317536 0.353791 0.316858 0.354693 0.314827 0.354693 0.314150 0.355596 0.312796 0.355596 0.312119 0.356498 0.310088 0.356498 0.309411 0.357401 0.308057 0.357401 0.307380 0.358303 0.301963 0.358303 0.301286 0.359206 0.298578 0.359206 0.297901 0.360108 0.296547 0.360108 0.295870 0.361011 0.295193 0.361011 0.294516 0.361913 0.293162 0.361913 0.292485 0.362816 0.276913 0.362816 0.276236 0.363718 0.274204 0.363718 0.273527 0.362816 0.272173 0.362816 0.271496 0.363718 0.268788 0.363718 0.268111 0.364621 0.267434 0.364621 0.266757 0.365523 0.265403 0.365523 0.264726 0.366426 0.264049 0.366426 0.263372 0.367329 0.262695 0.367329 0.262018 0.368231 0.262018 0.370939 0.264049 0.373646 0.264049 0.374549 0.264726 0.375451 0.264726 0.376354 0.266757 0.379061 0.266757 0.379964 0.268111 0.381769 0.268111 0.382671 0.268788 0.383574 0.268788 0.384477 0.269465 0.385379 0.269465 0.386282 0.272173 0.389892 0.274204 0.389892 0.274882 0.390794 0.276913 0.390794 0.277590 0.391697 0.278267 0.391697 0.278944 0.392599 0.280298 0.392599 0.280975 0.391697 0.287068 0.391697 0.287745 0.390794 0.289100 0.390794 0.291131 0.388087 0.291808 0.388087 0.295193 0.383574 0.295870 0.383574 0.299932 0.378159 0.300609 0.378159 0.301286 0.377256 0.301963 0.377256 0.302640 0.376354 0.304672 0.376354 0.305349 0.375451 0.308057 0.375451 0.308734 0.376354 0.316181 0.376354 0.316858 0.375451 0.325660 0.375451 0.326337 0.374549 0.333785 0.374549 0.334462 0.373646 0.337847 0.373646 0.338524 0.372744 0.339878 0.372744 0.340555 0.371841 0.341909 0.371841 0.342586 0.370939 0.343940 0.370939 0.344617 0.370036 0.346649 0.370036 0.347326 0.369134 0.348680 0.369134 0.349357 0.368231 0.350711 0.368231 0.351388 0.367329 0.352742 0.367329 0.353419 0.366426 0.354773 0.366426 0.355450 0.365523 0.356804 0.365523 0.357481 0.364621 0.359513 0.364621 0.360190 0.363718 0.362221 0.363718 0.362898 0.362816 0.364252 0.362816 0.364929 0.361913 0.366283 0.361913 0.366960 0.361011 0.368314 0.361011 0.368991 0.360108 0.373053 0.360108 0.374408 0.361913 0.374408 0.362816 0.376439 0.365523 0.376439 0.366426 0.377116 0.367329 0.377116 0.369134 0.377793 0.370036 0.377793 0.372744 0.378470 0.373646 0.378470 0.380866 0.379147 0.381769 0.379147 0.384477 0.379824 0.385379 0.379824 0.387184 0.381178 0.388989 0.381178 0.389892 0.381855 0.390794 0.381855 0.391697 0.382532 0.392599 0.382532 0.393502 0.383209 0.394404 0.383209 0.397112 0.384563 0.398917 0.384563 0.400722 0.385240 0.401625 0.385240 0.402527 0.385917 0.403430 0.385917 0.409747 0.385240 0.410650 0.385240 0.411552 0.384563 0.412455 0.384563 0.413357 0.382532 0.416065 0.381855 0.416065 0.379147 0.419675 0.378470 0.419675 0.375762 0.423285 0.375085 0.423285 0.373731 0.425090 0.373053 0.425090 0.372376 0.425993 0.371699 0.425993 0.371022 0.426895 0.369668 0.426895 0.368991 0.427798 0.367637 0.427798 0.366960 0.428700 0.366283 0.428700 0.365606 0.429603 0.364929 0.429603 0.364252 0.430505 0.363575 0.430505 0.362898 0.431408 0.362221 0.431408 0.359513 0.435018 0.358835 0.435018 0.358158 0.435921 0.358158 0.436823 0.356804 0.438628 0.356804 0.439531 0.356127 0.440433 0.355450 0.440433 0.354096 0.442238 0.354096 0.443141 0.352742 0.444946 0.352065 0.444946 0.352065 0.449458 0.352742 0.450361 0.353419 0.450361 0.356127 0.453971 0.356127 0.454874 0.358835 0.458484 0.361544 0.458484 0.362221 0.459386 0.362898 0.459386 0.363575 0.458484 0.373053 0.458484 0.373731 0.457581 0.374408 0.457581 0.375085 0.456679 0.375762 0.456679 0.384563 0.444946 0.384563 0.443141 0.386594 0.440433 0.387271 0.440433 0.388626 0.438628 0.389303 0.438628 0.389980 0.437726 0.390657 0.437726 0.391334 0.438628 0.392011 0.438628 0.394719 0.442238 0.394719 0.444043 0.395396 0.444946 0.395396 0.451264 0.396073 0.452166 0.396073 0.457581 0.396750 0.458484 0.396750 0.462094 0.397427 0.462996 0.397427 0.465704 0.398104 0.466606 0.398104 0.471119 0.398781 0.472022 0.398781 0.474729 0.399458 0.475632 0.399458 0.478339 0.400135 0.479242 0.400135 0.481949 0.400812 0.482852 0.400812 0.484657 0.401490 0.485560 0.401490 0.486462 0.402167 0.487365 0.402167 0.489170 0.402844 0.490072 0.402844 0.490975 0.403521 0.491877 0.403521 0.492780 0.404875 0.494585 0.405552 0.494585 0.406229 0.495487 0.407583 0.495487 0.408260 0.496390 0.408937 0.496390 0.409614 0.497292 0.410291 0.497292 0.410968 0.498195 0.410968 0.512635 0.411645 0.513538 0.411645 0.536101 0.410968 0.537004 0.410968 0.543321 0.410291 0.544224 0.410291 0.573105 0.409614 0.574007 0.409614 0.576715 0.408937 0.577617 0.408937 0.580325 0.408260 0.581227 0.408260 0.590253 0.408937 0.591155 0.408937 0.592960 0.409614 0.593863 0.409614 0.594765 0.410291 0.595668 0.410291 0.596570 0.410968 0.597473 0.410968 0.598375 0.413676 0.601986 0.414353 0.601986 0.416385 0.604693 0.417739 0.604693 0.418416 0.605596 0.418416 0.606498 0.419770 0.608303 0.420447 0.608303 0.422478 0.611011 0.422478 0.611913 0.423155 0.612816 0.423155 0.613718 0.423832 0.614621 0.425186 0.614621 0.426540 0.616426 0.426540 0.617329 0.427217 0.617329 0.427894 0.618231 0.428571 0.618231 0.429926 0.620036 0.430603 0.620036 0.431280 0.620939 0.431957 0.620939 0.433988 0.623646 0.433988 0.624549 0.435342 0.626354 0.435342 0.628159 0.434665 0.629061 0.433988 0.629061 0.433311 0.629964 0.431280 0.629964 0.430603 0.629061 0.429248 0.629061 0.428571 0.628159 0.427894 0.628159 0.427217 0.627256 0.425863 0.627256 0.422478 0.622744 0.422478 0.621841 0.421124 0.620036 0.421124 0.619134 0.420447 0.618231 0.420447 0.616426 0.419770 0.616426 0.419093 0.615523 0.417739 0.615523 0.417062 0.614621 0.415708 0.614621 0.415030 0.613718 0.414353 0.613718 0.412999 0.615523 0.412999 0.616426 0.412322 0.617329 0.412322 0.619134 0.411645 0.620036 0.411645 0.621841 0.410968 0.622744 0.410968 0.626354 0.410291 0.627256 0.410291 0.633574 0.409614 0.634477 0.409614 0.636282 0.408937 0.637184 0.408937 0.639892 0.408260 0.640794 0.408260 0.641697 0.407583 0.642599 0.407583 0.643502 0.405552 0.646209 0.405552 0.647112 0.403521 0.649819 0.403521 0.650722 0.402844 0.651625 0.402844 0.652527 0.402167 0.653430 0.402167 0.655235 0.401490 0.656137 0.401490 0.657040 0.400812 0.657942 0.400812 0.658845 0.401490 0.659747 0.401490 0.661552 0.400812 0.662455 0.400812 0.666065 0.401490 0.666968 0.401490 0.668773 0.400812 0.669675 0.400812 0.670578 0.398104 0.674188 0.397427 0.674188 0.396073 0.675993 0.395396 0.675993 0.394719 0.676895 0.394042 0.676895 0.393365 0.677798 0.392688 0.677798 0.392011 0.678700 0.391334 0.678700 0.390657 0.679603 0.389980 0.679603 0.389303 0.680505 0.388626 0.680505 0.387949 0.681408 0.387271 0.681408 0.386594 0.682310 0.385917 0.682310 0.385240 0.683213 0.384563 0.683213 0.383886 0.684116 0.382532 0.684116 0.381855 0.685018 0.380501 0.685018 0.379147 0.686823 0.378470 0.686823 0.377793 0.687726 0.376439 0.687726 0.375762 0.688628 0.375762 0.690433 0.375085 0.691336 0.375085 0.692238 0.376439 0.692238 0.377116 0.693141 0.378470 0.693141 0.379147 0.694043 0.380501 0.694043 0.381178 0.694946 0.381855 0.694946 0.382532 0.695848 0.387949 0.695848 0.388626 0.696751 0.397427 0.696751 0.398104 0.697653 0.400812 0.697653 0.401490 0.698556 0.405552 0.698556 0.406229 0.697653 0.407583 0.697653 0.408260 0.696751 0.408937 0.696751 0.410291 0.694946 0.410968 0.694946 0.411645 0.694043 0.412322 0.694043 0.412999 0.693141 0.413676 0.693141 0.414353 0.692238 0.415708 0.692238 0.416385 0.691336 0.417739 0.691336 0.419093 0.689531 0.419770 0.689531 0.421124 0.687726 0.421801 0.687726 0.422478 0.686823 0.423155 0.686823 0.423832 0.685921 0.424509 0.685921 0.425186 0.685018 0.425863 0.685018 0.427217 0.683213 0.427894 0.683213 0.429926 0.680505 0.429926 0.679603 0.430603 0.678700 0.430603 0.676895 0.431957 0.675090 0.431957 0.673285 0.432634 0.672383 0.432634 0.670578 0.433311 0.669675 0.433311 0.667870 0.433988 0.666968 0.433988 0.662455 0.434665 0.661552 0.434665 0.653430 0.435342 0.652527 0.435342 0.646209 0.436019 0.645307 0.436019 0.637184 0.435342 0.636282 0.435342 0.626354 0.437373 0.623646 0.437373 0.622744 0.438727 0.620939 0.438727 0.620036 0.439404 0.619134 0.439404 0.612816 0.440081 0.611913 0.440081 0.608303 0.440758 0.607401 0.440758 0.601986 0.441435 0.601083 0.441435 0.598375 0.442112 0.597473 0.442112 0.595668 0.442789 0.594765 0.442789 0.590253 0.443466 0.589350 0.443466 0.584838 0.444144 0.583935 0.444144 0.582130 0.444821 0.581227 0.444821 0.575812 0.445498 0.574910 0.445498 0.573105 0.446175 0.572202 0.446175 0.570397 0.446852 0.569495 0.446852 0.568592 0.447529 0.567690 0.447529 0.566787 0.448206 0.565884 0.448206 0.564982 0.448883 0.564079 0.449560 0.564079 0.450237 0.564982 0.450237 0.566787 0.450914 0.567690 0.450914 0.569495 0.451591 0.570397 0.451591 0.573105 0.452268 0.574007 0.452268 0.575812 0.452945 0.576715 0.452945 0.577617 0.453622 0.578520 0.453622 0.579422 0.454299 0.580325 0.454299 0.582130 0.454976 0.583032 0.454976 0.583935 0.455653 0.584838 0.455653 0.585740 0.456330 0.586643 0.456330 0.587545 0.457007 0.588448 0.457007 0.589350 0.457684 0.590253 0.457684 0.591155 0.458362 0.592058 0.458362 0.592960 0.459039 0.593863 0.459039 0.594765 0.459716 0.595668 0.459716 0.596570 0.460393 0.597473 0.460393 0.598375 0.461070 0.599278 0.461070 0.601083 0.461747 0.601986 0.461747 0.603791 0.462424 0.604693 0.462424 0.605596 0.463101 0.606498 0.463101 0.607401 0.463778 0.608303 0.463778 0.609206 0.464455 0.610108 0.464455 0.611913 0.465132 0.612816 0.465132 0.613718 0.465809 0.614621 0.465809 0.616426 0.466486 0.617329 0.466486 0.619134 0.467163 0.620036 0.467163 0.620939 0.467840 0.621841 0.467840 0.622744 0.468517 0.623646 0.468517 0.624549 0.469194 0.625451 0.469194 0.626354 0.469871 0.627256 0.469871 0.629061 0.470548 0.629964 0.470548 0.630866 0.471903 0.632671 0.471903 0.633574 0.473257 0.635379 0.473257 0.636282 0.477996 0.642599 0.477996 0.643502 0.480704 0.647112 0.480704 0.648014 0.481381 0.648917 0.481381 0.649819 0.482058 0.650722 0.482058 0.652527 0.482735 0.653430 0.482735 0.654332 0.483412 0.655235 0.483412 0.657942 0.484089 0.658845 0.484089 0.664260 0.484766 0.665162 0.484766 0.671480 0.485443 0.672383 0.485443 0.674188 0.486121 0.675090 0.486121 0.675993 0.486798 0.676895 0.487475 0.676895 0.489506 0.679603 0.490183 0.679603 0.490860 0.680505 0.491537 0.680505 0.492891 0.682310 0.492891 0.683213 0.492214 0.684116 0.491537 0.684116 0.490860 0.685018 0.488829 0.685018 0.488152 0.685921 0.488152 0.686823 0.488829 0.687726 0.488829 0.688628 0.487475 0.690433 0.487475 0.692238 0.486798 0.693141 0.486798 0.694946 0.486121 0.695848 0.486121 0.703069 0.485443 0.703971 0.485443 0.709386 0.484766 0.710289 0.484766 0.711191 0.484089 0.712094 0.484089 0.714801 0.483412 0.715704 0.483412 0.723827 0.485443 0.726534 0.486798 0.726534 0.487475 0.727437 0.490183 0.727437 0.490860 0.728339 0.494922 0.728339 0.495599 0.727437 0.498307 0.727437 0.498984 0.726534 0.499661 0.726534 0.500339 0.725632 0.501693 0.725632 0.502370 0.724729 0.503047 0.724729 0.503724 0.723827 0.504401 0.723827 0.505078 0.722924 0.505755 0.722924 0.507786 0.720217 0.508463 0.720217 0.508463 0.718412 0.509140 0.717509 0.509140 0.715704 0.509817 0.714801 0.509817 0.712094 0.509140 0.711191 0.509140 0.709386 0.507786 0.707581 0.507109 0.707581 0.505755 0.705776 0.505755 0.704874 0.505078 0.703971 0.504401 0.703971 0.503724 0.703069 0.503724 0.702166 0.503047 0.701264 0.503047 0.700361 0.502370 0.700361 0.501016 0.698556 0.502370 0.696751 0.503047 0.696751 0.503724 0.695848 0.505078 0.695848 0.505755 0.696751 0.508463 0.696751 0.509140 0.695848 0.509140 0.694043 0.509817 0.693141 0.509817 0.687726 0.509140 0.686823 0.509140 0.673285 0.508463 0.672383 0.508463 0.657942 0.507786 0.657040 0.507786 0.651625 0.507109 0.650722 0.507109 0.642599 0.506432 0.641697 0.506432 0.637184 0.505755 0.636282 0.505755 0.631769 0.505078 0.630866 0.505078 0.627256 0.504401 0.626354 0.504401 0.622744 0.503724 0.621841 0.503724 0.619134 0.503047 0.618231 0.503047 0.615523 0.502370 0.614621 0.502370 0.611011 0.501693 0.610108 0.501693 0.607401 0.501016 0.606498 0.501016 0.604693 0.500339 0.603791 0.500339 0.601986 0.499661 0.601083 0.499661 0.595668 0.498984 0.594765 0.498984 0.592058 0.498307 0.591155 0.498307 0.588448 0.497630 0.587545 0.497630 0.586643 0.496953 0.585740 0.496953 0.584838 0.496276 0.583935 0.496276 0.583032 0.495599 0.582130 0.495599 0.581227 0.494922 0.580325 0.494922 0.577617 0.494245 0.576715 0.494245 0.574910 0.493568 0.574007 0.493568 0.572202 0.492891 0.571300 0.492891 0.569495 0.492214 0.568592 0.492214 0.566787 0.491537 0.565884 0.491537 0.564079 0.490860 0.563177 0.490860 0.562274 0.490183 0.561372 0.490183 0.559567 0.489506 0.558664 0.489506 0.556859 0.488829 0.555957 0.488829 0.553249 0.488152 0.552347 0.488152 0.549639 0.487475 0.548736 0.487475 0.546029 0.486798 0.545126 0.486798 0.541516 0.486121 0.540614 0.486121 0.537004 0.485443 0.536101 0.485443 0.534296 0.484766 0.533394 0.484766 0.529783 0.484089 0.528881 0.484089 0.526173 0.483412 0.525271 0.483412 0.523466 0.482735 0.522563 0.482735 0.520758 0.482058 0.519856 0.482058 0.516245 0.481381 0.515343 0.481381 0.511733 0.480704 0.510830 0.480704 0.508123 0.480027 0.507220 0.480027 0.505415 0.479350 0.504513 0.479350 0.500000 0.478673 0.499097 0.478673 0.471119 0.479350 0.470217 0.479350 0.466606 0.478673 0.465704 0.478673 0.462094 0.477996 0.461191 0.477996 0.457581 0.477319 0.456679 0.477319 0.453971 0.476642 0.453069 0.476642 0.449458 0.475965 0.448556 0.475965 0.447653 0.475288 0.446751 0.475288 0.444946 0.474611 0.444043 0.474611 0.442238 0.473934 0.441336 0.473934 0.437726 0.473257 0.436823 0.473257 0.434116 0.472580 0.433213 0.472580 0.431408 0.471903 0.430505 0.471903 0.426895 0.471225 0.425993 0.471225 0.425090 0.470548 0.424188 0.470548 0.423285 0.469194 0.421480 0.469194 0.420578 0.468517 0.419675 0.468517 0.417870 0.467163 0.416065 0.467163 0.415162 0.465809 0.413357 0.465809 0.412455 0.465132 0.411552 0.465132 0.410650 0.463778 0.408845 0.463778 0.407942 0.463101 0.407040 0.463101 0.406137 0.461747 0.404332 0.461747 0.403430 0.461070 0.402527 0.461070 0.400722 0.459716 0.398917 0.459716 0.398014 0.456330 0.393502 0.456330 0.392599 0.454976 0.390794 0.454976 0.389892 0.453622 0.388087 0.453622 0.387184 0.452945 0.386282 0.452945 0.385379 0.451591 0.383574 0.451591 0.382671 0.450237 0.380866 0.450237 0.379964 0.449560 0.379061 0.449560 0.378159 0.448883 0.377256 0.448883 0.376354 0.448206 0.375451 0.448206 0.373646 0.447529 0.372744 0.447529 0.370939 0.446852 0.370036 0.446852 0.369134 0.446175 0.368231 0.446175 0.367329 0.444821 0.365523 0.444821 0.364621 0.444144 0.363718 0.444144 0.362816 0.443466 0.361913 0.443466 0.361011 0.442789 0.360108 0.442789 0.359206 0.442112 0.358303 0.442112 0.356498 0.440758 0.354693 0.440758 0.353791 0.440081 0.352888 0.440081 0.351986 0.439404 0.351083 0.439404 0.350181 0.438727 0.349278 0.438727 0.348375 0.437373 0.346570 0.437373 0.344765 0.436696 0.343863 0.436696 0.342960 0.436019 0.342058 0.436019 0.340253 0.435342 0.339350 0.435342 0.337545 0.434665 0.336643 0.434665 0.335740 0.433988 0.334838 0.433988 0.333935 0.433311 0.333032 0.433311 0.331227 0.432634 0.330325 0.432634 0.329422 0.431957 0.328520 0.431957 0.326715 0.431280 0.325812 0.431280 0.324910 0.430603 0.324007 0.430603 0.323105 0.429926 0.322202 0.429926 0.321300 0.429248 0.320397 0.429248 0.319495 0.428571 0.318592 0.428571 0.316787 0.427217 0.314982 0.427217 0.314079 0.426540 0.313177 0.426540 0.312274 0.425863 0.311372 0.425863 0.310469 0.425186 0.309567 0.425186 0.308664 0.422478 0.305054 0.422478 0.304152 0.421124 0.302347 0.420447 0.302347 0.417739 0.298736 0.417062 0.298736 0.416385 0.297834 0.415708 0.297834 0.414353 0.296029 0.413676 0.296029 0.412322 0.294224 0.411645 0.294224 0.408260 0.289711 0.408260 0.285199 0.408937 0.284296 0.408937 0.279783 0.408260 0.278881 0.408260 0.274368 0.407583 0.273466 0.407583 0.271661 0.406229 0.269856 0.406229 0.268953 0.405552 0.268051 0.405552 0.267148 0.404875 0.266245 0.404875 0.265343 0.402844 0.262635 0.402844 0.261733 0.401490 0.259928 0.401490 0.259025 0.400135 0.257220 0.400135 0.256318 0.398781 0.254513 0.398781 0.249097 0.399458 0.248195 0.399458 0.247292 0.400812 0.245487 0.400812 0.240072 0.401490 0.239170 0.401490 0.238267 0.402167 0.237365 0.402167 0.233755 0.401490 0.232852 0.401490 0.231949 0.400812 0.231047 0.400812 0.230144 0.399458 0.228339 0.399458 0.227437 0.398781 0.226534 0.398781 0.225632 0.398104 0.224729 0.398104 0.223827 0.396073 0.221119 0.396073 0.220217 0.393365 0.216606 0.393365 0.215704 0.390657 0.212094 0.389980 0.212094 0.389303 0.211191 0.388626 0.211191 0.387271 0.209386 0.386594 0.209386 0.385917 0.208484 0.385240 0.208484 0.383209 0.205776 0.381855 0.205776 0.381178 0.204874 0.379824 0.204874 0.379147 0.203971 0.377116 0.203971 0.376439 0.203069
0 0.580907 0.432310 0.580230 0.433213 0.576845 0.433213 0.576168 0.434116 0.574137 0.434116 0.573460 0.435018 0.572106 0.435018 0.570752 0.436823 0.570074 0.436823 0.568720 0.438628 0.568720 0.439531 0.568043 0.440433 0.568043 0.441336 0.567366 0.442238 0.567366 0.444946 0.566689 0.445848 0.566689 0.449458 0.566012 0.450361 0.566012 0.457581 0.565335 0.458484 0.565335 0.465704 0.566012 0.466606 0.566012 0.476534 0.565335 0.477437 0.565335 0.484657 0.564658 0.485560 0.564658 0.490975 0.565335 0.491877 0.565335 0.492780 0.567366 0.495487 0.569397 0.495487 0.570074 0.496390 0.574137 0.496390 0.575491 0.494585 0.575491 0.483755 0.576168 0.482852 0.576168 0.481047 0.576845 0.480144 0.576845 0.477437 0.578199 0.475632 0.578876 0.475632 0.580230 0.477437 0.580907 0.477437 0.581584 0.478339 0.581584 0.484657 0.582261 0.485560 0.582261 0.493682 0.582938 0.494585 0.582938 0.497292 0.583615 0.498195 0.583615 0.499097 0.584292 0.500000 0.584970 0.500000 0.586324 0.501805 0.587678 0.501805 0.588355 0.502708 0.589709 0.502708 0.590386 0.503610 0.591063 0.503610 0.591740 0.504513 0.593094 0.504513 0.593771 0.503610 0.594448 0.503610 0.594448 0.495487 0.593771 0.494585 0.593771 0.485560 0.593094 0.484657 0.593094 0.472022 0.593771 0.471119 0.593771 0.467509 0.594448 0.466606 0.594448 0.465704 0.595125 0.464801 0.595125 0.463899 0.595802 0.462996 0.595802 0.456679 0.595125 0.455776 0.595125 0.453069 0.594448 0.452166 0.594448 0.449458 0.593771 0.448556 0.593771 0.446751 0.593094 0.445848 0.593094 0.444946 0.592417 0.444043 0.592417 0.442238 0.591740 0.441336 0.591740 0.440433 0.587678 0.435018 0.587001 0.435018 0.586324 0.434116 0.585647 0.434116 0.584970 0.433213 0.582261 0.433213 0.581584 0.432310
0 0.296547 0.457581 0.295870 0.458484 0.292485 0.458484 0.291808 0.459386 0.291131 0.459386 0.290454 0.460289 0.289777 0.460289 0.288422 0.462094 0.287745 0.462094 0.285714 0.464801 0.285714 0.465704 0.285037 0.466606 0.285037 0.467509 0.284360 0.468412 0.284360 0.469314 0.283683 0.470217 0.283683 0.472924 0.283006 0.473827 0.283006 0.479242 0.282329 0.480144 0.283006 0.481047 0.283006 0.485560 0.283683 0.486462 0.283683 0.488267 0.284360 0.489170 0.284360 0.490975 0.285037 0.491877 0.285037 0.493682 0.285714 0.494585 0.285714 0.504513 0.286391 0.505415 0.286391 0.506318 0.287068 0.507220 0.287068 0.508123 0.287745 0.508123 0.288422 0.509025 0.291131 0.509025 0.291808 0.509928 0.293162 0.509928 0.293839 0.509025 0.295870 0.509025 0.296547 0.508123 0.297224 0.509025 0.299255 0.509025 0.299932 0.509928 0.299932 0.518953 0.299255 0.519856 0.299255 0.530686 0.299932 0.531588 0.299932 0.532491 0.299255 0.533394 0.299255 0.536101 0.298578 0.537004 0.298578 0.537906 0.297901 0.538809 0.297901 0.541516 0.297224 0.542419 0.297224 0.547834 0.296547 0.548736 0.296547 0.550542 0.295870 0.551444 0.295870 0.554152 0.295193 0.555054 0.295193 0.557762 0.294516 0.558664 0.294516 0.559567 0.293839 0.560469 0.293839 0.562274 0.292485 0.564079 0.292485 0.565884 0.291808 0.566787 0.291808 0.568592 0.291131 0.569495 0.291131 0.578520 0.291808 0.579422 0.291808 0.582130 0.292485 0.583032 0.292485 0.585740 0.293162 0.586643 0.293162 0.587545 0.294516 0.589350 0.295193 0.589350 0.295870 0.590253 0.296547 0.590253 0.297224 0.591155 0.297901 0.591155 0.298578 0.592058 0.299932 0.592058 0.300609 0.592960 0.301963 0.592960 0.302640 0.593863 0.303995 0.593863 0.304672 0.594765 0.306026 0.594765 0.306703 0.595668 0.318890 0.595668 0.319567 0.596570 0.325660 0.596570 0.326337 0.595668 0.328368 0.595668 0.329045 0.596570 0.333108 0.596570 0.333785 0.595668 0.342586 0.595668 0.343263 0.594765 0.352742 0.594765 0.353419 0.593863 0.354773 0.593863 0.355450 0.592960 0.356804 0.592960 0.357481 0.592058 0.358158 0.592058 0.359513 0.590253 0.360190 0.590253 0.360867 0.589350 0.361544 0.589350 0.362221 0.588448 0.362898 0.588448 0.363575 0.587545 0.364252 0.587545 0.364929 0.586643 0.366283 0.586643 0.366960 0.585740 0.367637 0.585740 0.368991 0.583935 0.369668 0.583935 0.371022 0.582130 0.371699 0.582130 0.373731 0.579422 0.374408 0.579422 0.375762 0.577617 0.375762 0.576715 0.376439 0.575812 0.376439 0.574007 0.377116 0.573105 0.377116 0.564982 0.376439 0.564079 0.376439 0.562274 0.375762 0.561372 0.375762 0.558664 0.375085 0.557762 0.375085 0.555054 0.377116 0.552347 0.377793 0.552347 0.379824 0.549639 0.379824 0.546931 0.379147 0.546029 0.379147 0.544224 0.378470 0.543321 0.378470 0.541516 0.377793 0.540614 0.377793 0.538809 0.377116 0.537906 0.377116 0.537004 0.376439 0.536101 0.376439 0.535199 0.375762 0.534296 0.375762 0.533394 0.374408 0.531588 0.374408 0.530686 0.373731 0.529783 0.373731 0.528881 0.373053 0.527978 0.373053 0.527076 0.372376 0.526173 0.372376 0.525271 0.371022 0.523466 0.371022 0.522563 0.370345 0.521661 0.370345 0.520758 0.368991 0.518953 0.368991 0.518051 0.368314 0.517148 0.368314 0.516245 0.367637 0.515343 0.367637 0.513538 0.366960 0.512635 0.366960 0.511733 0.364929 0.509025 0.364929 0.508123 0.364252 0.507220 0.364252 0.506318 0.363575 0.505415 0.363575 0.504513 0.362898 0.503610 0.362221 0.503610 0.358158 0.498195 0.357481 0.498195 0.356127 0.496390 0.355450 0.496390 0.354773 0.495487 0.354096 0.495487 0.353419 0.494585 0.352742 0.494585 0.352065 0.493682 0.350711 0.493682 0.350034 0.492780 0.349357 0.492780 0.348680 0.491877 0.348003 0.491877 0.347326 0.490975 0.346649 0.490975 0.345972 0.490072 0.343263 0.490072 0.342586 0.489170 0.331077 0.489170 0.329045 0.486462 0.328368 0.486462 0.327691 0.485560 0.327014 0.485560 0.326337 0.484657 0.326337 0.483755 0.325660 0.482852 0.325660 0.481949 0.322952 0.478339 0.322952 0.477437 0.320921 0.474729 0.320244 0.474729 0.316858 0.470217 0.316858 0.469314 0.316181 0.468412 0.316181 0.467509 0.315504 0.466606 0.315504 0.465704 0.312796 0.462094 0.312119 0.462094 0.311442 0.461191 0.310765 0.461191 0.310088 0.460289 0.309411 0.460289 0.308734 0.459386 0.306703 0.459386 0.306026 0.458484 0.297901 0.458484 0.297224 0.457581
0 0.688558 0.442238 0.687881 0.443141 0.687204 0.443141 0.686527 0.444043 0.686527 0.444946 0.685850 0.445848 0.685850 0.461191 0.685173 0.462094 0.685173 0.468412 0.685850 0.469314 0.685850 0.472924 0.689912 0.472924 0.690589 0.473827 0.691266 0.473827 0.692620 0.475632 0.693974 0.475632 0.694651 0.476534 0.698714 0.476534 0.699391 0.477437 0.700745 0.477437 0.701422 0.478339 0.702099 0.478339 0.704130 0.481047 0.704807 0.481047 0.705484 0.481949 0.706838 0.481949 0.707515 0.481047 0.708192 0.481047 0.708869 0.480144 0.708869 0.478339 0.709546 0.477437 0.709546 0.473827 0.710223 0.472924 0.710223 0.471119 0.710900 0.470217 0.710900 0.462996 0.710223 0.462094 0.710223 0.460289 0.706838 0.455776 0.706161 0.455776 0.705484 0.454874 0.704807 0.454874 0.703453 0.453069 0.702776 0.453069 0.702099 0.452166 0.701422 0.452166 0.700745 0.451264 0.700068 0.451264 0.699391 0.450361 0.698714 0.450361 0.698037 0.449458 0.697360 0.449458 0.696682 0.448556 0.696005 0.448556 0.693974 0.445848 0.693974 0.444946 0.692620 0.443141 0.691943 0.443141 0.691266 0.442238
0 0.223426 0.392599 0.222749 0.393502 0.220041 0.393502 0.219364 0.394404 0.218687 0.394404 0.218009 0.395307 0.216655 0.395307 0.215978 0.396209 0.213947 0.396209 0.213270 0.397112 0.211916 0.397112 0.211239 0.398014 0.209885 0.398014 0.209208 0.398917 0.207177 0.398917 0.206500 0.399819 0.204469 0.399819 0.203791 0.400722 0.203114 0.400722 0.202437 0.401625 0.201083 0.401625 0.200406 0.402527 0.199729 0.402527 0.199052 0.403430 0.197698 0.403430 0.197021 0.404332 0.196344 0.404332 0.194990 0.406137 0.194313 0.406137 0.193636 0.407040 0.192959 0.407040 0.185511 0.416968 0.184834 0.416968 0.184834 0.417870 0.180772 0.423285 0.180772 0.424188 0.178064 0.427798 0.178064 0.428700 0.175355 0.432310 0.175355 0.433213 0.174001 0.435018 0.174001 0.435921 0.173324 0.436823 0.173324 0.437726 0.172647 0.438628 0.172647 0.439531 0.171970 0.440433 0.171970 0.441336 0.171293 0.442238 0.171293 0.443141 0.170616 0.444043 0.170616 0.444946 0.169939 0.445848 0.169939 0.447653 0.169262 0.448556 0.169262 0.453971 0.169939 0.454874 0.169939 0.455776 0.170616 0.456679 0.170616 0.457581 0.171293 0.458484 0.171293 0.459386 0.173324 0.462094 0.173324 0.462996 0.174001 0.463899 0.174001 0.464801 0.174678 0.465704 0.174678 0.468412 0.175355 0.469314 0.175355 0.472924 0.176032 0.473827 0.176032 0.476534 0.176710 0.477437 0.176710 0.480144 0.177387 0.481047 0.177387 0.481949 0.178064 0.482852 0.178064 0.484657 0.179418 0.486462 0.179418 0.487365 0.180095 0.488267 0.180095 0.490072 0.180772 0.490975 0.180772 0.492780 0.181449 0.493682 0.181449 0.495487 0.182126 0.496390 0.182126 0.498195 0.182803 0.499097 0.182803 0.501805 0.183480 0.502708 0.183480 0.510830 0.184157 0.511733 0.183480 0.512635 0.183480 0.516245 0.184157 0.517148 0.184157 0.522563 0.184834 0.523466 0.184834 0.524368 0.189573 0.524368 0.190251 0.523466 0.190928 0.523466 0.192959 0.520758 0.192959 0.519856 0.193636 0.518953 0.193636 0.518051 0.194313 0.517148 0.194313 0.516245 0.194990 0.515343 0.194990 0.513538 0.195667 0.512635 0.195667 0.511733 0.196344 0.510830 0.197021 0.510830 0.201760 0.504513 0.201760 0.500903 0.201083 0.500000 0.201083 0.497292 0.201760 0.496390 0.201760 0.477437 0.202437 0.476534 0.203114 0.476534 0.203791 0.477437 0.203791 0.478339 0.204469 0.479242 0.204469 0.480144 0.206500 0.482852 0.206500 0.483755 0.207177 0.484657 0.207177 0.485560 0.207854 0.486462 0.207854 0.487365 0.208531 0.488267 0.208531 0.489170 0.209885 0.490975 0.209885 0.491877 0.211239 0.493682 0.211239 0.494585 0.212593 0.496390 0.213270 0.496390 0.213947 0.497292 0.214624 0.497292 0.215301 0.498195 0.219364 0.498195 0.222072 0.494585 0.222072 0.489170 0.221395 0.488267 0.221395 0.486462 0.219364 0.483755 0.218687 0.483755 0.218009 0.482852 0.217332 0.482852 0.214624 0.479242 0.214624 0.478339 0.213947 0.477437 0.213947 0.474729 0.213270 0.473827 0.213270 0.472022 0.212593 0.471119 0.212593 0.469314 0.211916 0.468412 0.211916 0.465704 0.212593 0.464801 0.212593 0.463899 0.213270 0.462996 0.220041 0.462996 0.220718 0.463899 0.224780 0.463899 0.225457 0.464801 0.226811 0.464801 0.227488 0.465704 0.228165 0.465704 0.228842 0.466606 0.228842 0.492780 0.228165 0.493682 0.228165 0.500000 0.227488 0.500903 0.227488 0.506318 0.228165 0.507220 0.228165 0.510830 0.227488 0.511733 0.228842 0.513538 0.228842 0.514440 0.230873 0.517148 0.231550 0.517148 0.232905 0.518953 0.233582 0.518953 0.234259 0.519856 0.234936 0.518953 0.243737 0.518953 0.244414 0.519856 0.245091 0.519856 0.245768 0.520758 0.246445 0.520758 0.247123 0.521661 0.248477 0.521661 0.249154 0.520758 0.250508 0.520758 0.251185 0.519856 0.251862 0.519856 0.252539 0.518953 0.253216 0.518953 0.254570 0.517148 0.254570 0.516245 0.255247 0.515343 0.255247 0.513538 0.255924 0.512635 0.255924 0.511733 0.255247 0.510830 0.255247 0.509928 0.254570 0.509025 0.250508 0.509025 0.249831 0.509928 0.247123 0.509928 0.246445 0.509025 0.245768 0.509025 0.243737 0.506318 0.243737 0.505415 0.243060 0.504513 0.243060 0.492780 0.243737 0.491877 0.243737 0.486462 0.244414 0.485560 0.244414 0.483755 0.245091 0.482852 0.245091 0.480144 0.245768 0.479242 0.245768 0.477437 0.246445 0.476534 0.246445 0.455776 0.245768 0.454874 0.245768 0.451264 0.245091 0.450361 0.245091 0.448556 0.243060 0.445848 0.243060 0.444946 0.241029 0.442238 0.241029 0.438628 0.246445 0.431408 0.247123 0.431408 0.247800 0.430505 0.248477 0.430505 0.249154 0.431408 0.249154 0.432310 0.250508 0.434116 0.250508 0.435018 0.251185 0.435921 0.251185 0.436823 0.252539 0.438628 0.253216 0.438628 0.253893 0.439531 0.259986 0.439531 0.260664 0.438628 0.261341 0.438628 0.266757 0.431408 0.266757 0.430505 0.268788 0.427798 0.269465 0.428700 0.272173 0.428700 0.272850 0.429603 0.273527 0.429603 0.275559 0.432310 0.279621 0.432310 0.280298 0.431408 0.280298 0.430505 0.281652 0.428700 0.281652 0.427798 0.280975 0.426895 0.280975 0.425993 0.280298 0.425090 0.280298 0.423285 0.279621 0.422383 0.279621 0.421480 0.278267 0.421480 0.277590 0.422383 0.276913 0.422383 0.276236 0.423285 0.275559 0.423285 0.274882 0.422383 0.274882 0.421480 0.273527 0.419675 0.273527 0.413357 0.272850 0.412455 0.272850 0.408845 0.272173 0.407942 0.272173 0.407040 0.271496 0.406137 0.271496 0.405235 0.270819 0.404332 0.270819 0.403430 0.268788 0.400722 0.268111 0.400722 0.266757 0.398917 0.266080 0.398917 0.264726 0.397112 0.264049 0.397112 0.263372 0.396209 0.262695 0.396209 0.262018 0.395307 0.261341 0.395307 0.260664 0.394404 0.259309 0.394404 0.258632 0.393502 0.253893 0.393502 0.253216 0.394404 0.252539 0.394404 0.251862 0.395307 0.251185 0.395307 0.250508 0.396209 0.249831 0.396209 0.249154 0.397112 0.248477 0.397112 0.247800 0.398014 0.245768 0.395307 0.245091 0.395307 0.244414 0.394404 0.243060 0.394404 0.242383 0.393502 0.241029 0.393502 0.240352 0.392599
0 0.633040 0.453971 0.632363 0.454874 0.628978 0.454874 0.628301 0.455776 0.627624 0.455776 0.626947 0.456679 0.626947 0.457581 0.626269 0.458484 0.626269 0.460289 0.625592 0.461191 0.625592 0.462094 0.624915 0.462996 0.624915 0.469314 0.625592 0.470217 0.625592 0.485560 0.624915 0.486462 0.624915 0.490072 0.625592 0.490975 0.625592 0.491877 0.626269 0.492780 0.626269 0.493682 0.628978 0.493682 0.629655 0.494585 0.643196 0.494585 0.643873 0.493682 0.647935 0.493682 0.648612 0.492780 0.651320 0.492780 0.652674 0.490975 0.653351 0.490975 0.653351 0.486462 0.652674 0.485560 0.652674 0.483755 0.650643 0.481047 0.649966 0.481047 0.645904 0.475632 0.645904 0.474729 0.644550 0.472924 0.644550 0.472022 0.643873 0.471119 0.643873 0.470217 0.643196 0.470217 0.641842 0.468412 0.641842 0.467509 0.641165 0.466606 0.641165 0.465704 0.640487 0.464801 0.640487 0.463899 0.638456 0.461191 0.638456 0.460289 0.636425 0.457581 0.636425 0.456679 0.635748 0.455776 0.635071 0.455776 0.634394 0.454874 0.633717 0.454874
1 0.490860 0.420578 0.490183 0.421480 0.488829 0.421480 0.488152 0.422383 0.487475 0.422383 0.487475 0.423285 0.486121 0.425090 0.486121 0.432310 0.485443 0.433213 0.485443 0.438628 0.486121 0.439531 0.486121 0.440433 0.486798 0.441336 0.486798 0.442238 0.487475 0.443141 0.487475 0.444946 0.488152 0.445848 0.489506 0.445848 0.490183 0.446751 0.491537 0.446751 0.492214 0.445848 0.494245 0.445848 0.494922 0.444946 0.495599 0.444946 0.496276 0.444043 0.496953 0.444043 0.497630 0.443141 0.498307 0.443141 0.498984 0.442238 0.498984 0.441336 0.499661 0.440433 0.499661 0.438628 0.500339 0.437726 0.500339 0.429603 0.499661 0.428700 0.499661 0.425993 0.498984 0.425090 0.498984 0.424188 0.496953 0.421480 0.495599 0.421480 0.494922 0.420578
1 0.324306 0.437726 0.323629 0.438628 0.322952 0.438628 0.322275 0.439531 0.322275 0.440433 0.321598 0.441336 0.321598 0.442238 0.320244 0.444043 0.320244 0.445848 0.319567 0.446751 0.319567 0.450361 0.321598 0.453069 0.322275 0.453069 0.323629 0.454874 0.324306 0.454874 0.331077 0.463899 0.335139 0.463899 0.335139 0.462996 0.337847 0.459386 0.337847 0.457581 0.338524 0.456679 0.338524 0.448556 0.337847 0.447653 0.337847 0.445848 0.337170 0.444946 0.337170 0.443141 0.336493 0.442238 0.336493 0.441336 0.335816 0.440433 0.335816 0.439531 0.335139 0.438628 0.329045 0.438628 0.328368 0.439531 0.327691 0.439531 0.327014 0.438628 0.324983 0.438628
1 0.816520 0.481949 0.812458 0.487365 0.812458 0.490975 0.813135 0.490975 0.813812 0.491877 0.816520 0.491877 0.817197 0.492780 0.821259 0.492780 0.822613 0.490975 0.822613 0.487365 0.821936 0.486462 0.821936 0.485560 0.819905 0.482852 0.819228 0.482852 0.818551 0.481949
1 0.295870 0.457581 0.295193 0.458484 0.292485 0.458484 0.291808 0.459386 0.290454 0.459386 0.289100 0.461191 0.288422 0.461191 0.286391 0.463899 0.286391 0.464801 0.285037 0.466606 0.285037 0.467509 0.284360 0.468412 0.284360 0.469314 0.283683 0.470217 0.283683 0.472022 0.283006 0.472924 0.283006 0.475632 0.282329 0.476534 0.282329 0.483755 0.283006 0.484657 0.283006 0.487365 0.283683 0.488267 0.283683 0.489170 0.284360 0.490072 0.284360 0.490975 0.285037 0.491877 0.285037 0.493682 0.285714 0.494585 0.285714 0.500903 0.286391 0.501805 0.286391 0.507220 0.287745 0.509025 0.289100 0.509025 0.289777 0.509928 0.293162 0.509928 0.293839 0.509025 0.295870 0.509025 0.296547 0.508123 0.297224 0.508123 0.297901 0.507220 0.297901 0.506318 0.299255 0.504513 0.297901 0.502708 0.296547 0.502708 0.295870 0.501805 0.294516 0.501805 0.293839 0.500903 0.293162 0.500903 0.289777 0.496390 0.289777 0.490072 0.290454 0.489170 0.290454 0.487365 0.291131 0.486462 0.291131 0.485560 0.291808 0.484657 0.291808 0.483755 0.293839 0.481047 0.293839 0.480144 0.297224 0.475632 0.297901 0.475632 0.299932 0.472924 0.300609 0.472924 0.301286 0.472022 0.301963 0.472022 0.303318 0.470217 0.304672 0.470217 0.305349 0.469314 0.306703 0.469314 0.307380 0.468412 0.311442 0.468412 0.312119 0.467509 0.314827 0.467509 0.315504 0.466606 0.314827 0.465704 0.314827 0.464801 0.314150 0.463899 0.314150 0.462996 0.313473 0.462996 0.312796 0.462094 0.312119 0.462094 0.311442 0.461191 0.310765 0.461191 0.310088 0.460289 0.309411 0.460289 0.308734 0.459386 0.307380 0.459386 0.306703 0.458484 0.303995 0.458484 0.303318 0.457581
1 0.253893 0.393502 0.253216 0.394404 0.252539 0.394404 0.251862 0.395307 0.251185 0.395307 0.249831 0.397112 0.249831 0.398014 0.248477 0.399819 0.248477 0.400722 0.247800 0.401625 0.247800 0.413357 0.248477 0.414260 0.248477 0.422383 0.249154 0.423285 0.249154 0.427798 0.249831 0.428700 0.249831 0.432310 0.250508 0.433213 0.250508 0.435018 0.251185 0.435921 0.251185 0.436823 0.253216 0.439531 0.259986 0.439531 0.260664 0.438628 0.261341 0.438628 0.271496 0.425090 0.271496 0.424188 0.272850 0.422383 0.272850 0.419675 0.273527 0.418773 0.273527 0.412455 0.272850 0.411552 0.272850 0.407942 0.272173 0.407040 0.272173 0.406137 0.270819 0.404332 0.270819 0.403430 0.268788 0.400722 0.268111 0.400722 0.266757 0.398917 0.266080 0.398917 0.264726 0.397112 0.264049 0.397112 0.263372 0.396209 0.262695 0.396209 0.262018 0.395307 0.261341 0.395307 0.260664 0.394404 0.259309 0.394404 0.258632 0.393502
1 0.687881 0.442238 0.685850 0.444946 0.685850 0.450361 0.689235 0.450361 0.689912 0.449458 0.691266 0.449458 0.691943 0.448556 0.692620 0.448556 0.693974 0.446751 0.693974 0.444946 0.691943 0.442238
1 0.371699 0.202166 0.371022 0.203069 0.365606 0.203069 0.364929 0.203971 0.362898 0.203971 0.362221 0.204874 0.361544 0.204874 0.360867 0.205776 0.359513 0.205776 0.358835 0.206679 0.358158 0.206679 0.354096 0.212094 0.354096 0.212996 0.353419 0.213899 0.353419 0.214801 0.352742 0.215704 0.352742 0.216606 0.352065 0.217509 0.352065 0.219314 0.351388 0.220217 0.351388 0.221119 0.350711 0.222022 0.350711 0.223827 0.350034 0.224729 0.350034 0.226534 0.349357 0.227437 0.349357 0.230144 0.348680 0.231047 0.348680 0.238267 0.348003 0.239170 0.348003 0.250000 0.347326 0.250903 0.347326 0.251805 0.344617 0.255415 0.344617 0.256318 0.343263 0.258123 0.343940 0.259025 0.343940 0.259928 0.345295 0.261733 0.352742 0.261733 0.353419 0.260830 0.354096 0.260830 0.355450 0.259025 0.355450 0.258123 0.354773 0.257220 0.354773 0.251805 0.358835 0.246390 0.360190 0.246390 0.360867 0.245487 0.362898 0.245487 0.363575 0.244585 0.364252 0.244585 0.364929 0.243682 0.365606 0.243682 0.366283 0.242780 0.368314 0.242780 0.368991 0.241877 0.370345 0.241877 0.371022 0.240975 0.372376 0.240975 0.373053 0.240072 0.375085 0.240072 0.375762 0.239170 0.381178 0.239170 0.381855 0.238267 0.396750 0.238267 0.397427 0.239170 0.402167 0.239170 0.403521 0.237365 0.403521 0.236462 0.402844 0.235560 0.402844 0.233755 0.402167 0.232852 0.402167 0.231949 0.401490 0.231047 0.401490 0.230144 0.400812 0.229242 0.400812 0.228339 0.398781 0.225632 0.398781 0.224729 0.398104 0.223827 0.398104 0.222924 0.396750 0.221119 0.396750 0.220217 0.394042 0.216606 0.394042 0.215704 0.391334 0.212094 0.390657 0.212094 0.389980 0.211191 0.389303 0.211191 0.387271 0.208484 0.386594 0.208484 0.385917 0.207581 0.385240 0.207581 0.383886 0.205776 0.383209 0.205776 0.382532 0.204874 0.381178 0.204874 0.380501 0.203971 0.379147 0.203971 0.378470 0.203069 0.377116 0.203069 0.376439 0.202166
1 0.628978 0.454874 0.628301 0.455776 0.627624 0.455776 0.627624 0.456679 0.626269 0.458484 0.626269 0.460289 0.625592 0.461191 0.625592 0.469314 0.626269 0.470217 0.626269 0.471119 0.627624 0.472924 0.628301 0.472924 0.628978 0.473827 0.630332 0.473827 0.631009 0.472924 0.631686 0.472924 0.632363 0.472022 0.633040 0.472022 0.633717 0.471119 0.634394 0.471119 0.635071 0.470217 0.635071 0.469314 0.636425 0.467509 0.637102 0.467509 0.637102 0.466606 0.637779 0.465704 0.637779 0.464801 0.638456 0.463899 0.638456 0.462094 0.637779 0.461191 0.637779 0.459386 0.635748 0.456679 0.635748 0.455776 0.635071 0.455776 0.634394 0.454874
2 0.197698 0.509025 0.197021 0.509928 0.195667 0.509928 0.194990 0.510830 0.193636 0.510830 0.192959 0.511733 0.192282 0.511733 0.188219 0.517148 0.187542 0.517148 0.186865 0.518051 0.186188 0.518051 0.185511 0.518953 0.185511 0.521661 0.184834 0.522563 0.184834 0.526173 0.184157 0.527076 0.184157 0.529783 0.185511 0.531588 0.186188 0.530686 0.190928 0.530686 0.191605 0.529783 0.193636 0.529783 0.194313 0.528881 0.195667 0.528881 0.196344 0.527978 0.197021 0.527978 0.197698 0.527076 0.198375 0.527076 0.199052 0.526173 0.199729 0.526173 0.200406 0.525271 0.201083 0.525271 0.204469 0.520758 0.204469 0.519856 0.205146 0.518953 0.205146 0.518051 0.206500 0.516245 0.206500 0.514440 0.207177 0.513538 0.207177 0.511733 0.206500 0.510830 0.206500 0.509928 0.205823 0.509025
2 0.250508 0.507220 0.249831 0.508123 0.246445 0.508123 0.244414 0.510830 0.244414 0.522563 0.245768 0.524368 0.245768 0.525271 0.246445 0.525271 0.247123 0.526173 0.248477 0.526173 0.249154 0.525271 0.249831 0.525271 0.250508 0.524368 0.251862 0.524368 0.252539 0.523466 0.253216 0.523466 0.256601 0.518953 0.256601 0.518051 0.257278 0.517148 0.257278 0.515343 0.257955 0.514440 0.257955 0.509025 0.256601 0.507220
2 0.400812 0.672383 0.400135 0.673285 0.398104 0.673285 0.397427 0.674188 0.396750 0.674188 0.396073 0.675090 0.395396 0.675090 0.394719 0.675993 0.394042 0.675993 0.393365 0.676895 0.392688 0.676895 0.392011 0.677798 0.391334 0.677798 0.390657 0.678700 0.389303 0.678700 0.388626 0.679603 0.387949 0.679603 0.387271 0.680505 0.386594 0.680505 0.385917 0.681408 0.383886 0.681408 0.383209 0.682310 0.382532 0.682310 0.381855 0.683213 0.381178 0.683213 0.380501 0.684116 0.379147 0.684116 0.378470 0.685018 0.377793 0.685018 0.377116 0.685921 0.376439 0.685921 0.375085 0.687726 0.374408 0.687726 0.373731 0.688628 0.373053 0.688628 0.371699 0.690433 0.371699 0.691336 0.371022 0.692238 0.371699 0.692238 0.372376 0.693141 0.373731 0.693141 0.374408 0.694043 0.375762 0.694043 0.376439 0.694946 0.377793 0.694946 0.378470 0.695848 0.380501 0.695848 0.381178 0.696751 0.383886 0.696751 0.384563 0.697653 0.387271 0.697653 0.387949 0.698556 0.397427 0.698556 0.398104 0.699458 0.400135 0.699458 0.400812 0.700361 0.403521 0.700361 0.404198 0.701264 0.405552 0.701264 0.406229 0.700361 0.407583 0.700361 0.408260 0.699458 0.408260 0.698556 0.409614 0.696751 0.409614 0.695848 0.410291 0.694946 0.410968 0.694946 0.411645 0.694043 0.412322 0.694043 0.412999 0.693141 0.414353 0.693141 0.415030 0.692238 0.416385 0.692238 0.417062 0.691336 0.418416 0.691336 0.419093 0.690433 0.420447 0.690433 0.421124 0.689531 0.421801 0.689531 0.422478 0.688628 0.423155 0.688628 0.425863 0.685018 0.424509 0.685018 0.423832 0.684116 0.421124 0.684116 0.420447 0.683213 0.418416 0.683213 0.417739 0.682310 0.416385 0.682310 0.415708 0.681408 0.414353 0.681408 0.413676 0.680505 0.412322 0.680505 0.411645 0.679603 0.410968 0.679603 0.410291 0.678700 0.409614 0.678700 0.408937 0.677798 0.408260 0.677798 0.407583 0.676895 0.406906 0.676895 0.406229 0.675993 0.405552 0.675993 0.404875 0.675090 0.404198 0.675090 0.403521 0.674188 0.402844 0.674188 0.402167 0.673285 0.401490 0.673285
2 0.241029 0.504513 0.239675 0.506318 0.238998 0.506318 0.238321 0.507220 0.237644 0.507220 0.236967 0.508123 0.234259 0.508123 0.233582 0.509025 0.230873 0.509025 0.230196 0.509928 0.229519 0.509928 0.228842 0.510830 0.228165 0.510830 0.227488 0.511733 0.227488 0.514440 0.228165 0.515343 0.228165 0.516245 0.231550 0.520758 0.232905 0.520758 0.233582 0.521661 0.236290 0.521661 0.236967 0.520758 0.238998 0.520758 0.239675 0.519856 0.241029 0.519856 0.241706 0.518953 0.242383 0.518953 0.242383 0.518051 0.243060 0.517148 0.243060 0.515343 0.243737 0.514440 0.243737 0.513538 0.244414 0.512635 0.244414 0.511733 0.245091 0.510830 0.245091 0.509928 0.245768 0.509025 0.245768 0.508123 0.245091 0.508123 0.243737 0.506318 0.243060 0.506318 0.242383 0.505415 0.241706 0.505415
2 0.490860 0.686823 0.490860 0.688628 0.489506 0.690433 0.488829 0.690433 0.488152 0.691336 0.487475 0.691336 0.487475 0.692238 0.486798 0.693141 0.486798 0.694043 0.486121 0.694946 0.486121 0.697653 0.485443 0.698556 0.485443 0.705776 0.484766 0.706679 0.484766 0.710289 0.484089 0.711191 0.484089 0.712094 0.483412 0.712996 0.483412 0.715704 0.482735 0.716606 0.482735 0.723827 0.483412 0.724729 0.483412 0.725632 0.484766 0.727437 0.485443 0.727437 0.486121 0.728339 0.488829 0.728339 0.489506 0.729242 0.494922 0.729242 0.495599 0.728339 0.498307 0.728339 0.498984 0.727437 0.500339 0.727437 0.501016 0.726534 0.501693 0.726534 0.502370 0.725632 0.503047 0.725632 0.503724 0.724729 0.504401 0.724729 0.505078 0.723827 0.505755 0.723827 0.507786 0.721119 0.508463 0.721119 0.509140 0.720217 0.509140 0.719314 0.509817 0.718412 0.509817 0.716606 0.510494 0.715704 0.510494 0.712094 0.509817 0.711191 0.509817 0.710289 0.507786 0.707581 0.507109 0.707581 0.504401 0.703971 0.503724 0.703971 0.503047 0.703069 0.502370 0.703069 0.501693 0.702166 0.501016 0.702166 0.498307 0.698556 0.498307 0.696751 0.495599 0.693141 0.494922 0.693141 0.491537 0.688628 0.491537 0.686823
2 0.507786 0.682310 0.507109 0.683213 0.505078 0.683213 0.504401 0.684116 0.495599 0.684116 0.494922 0.685018 0.496276 0.686823 0.496953 0.686823 0.498984 0.689531 0.498984 0.690433 0.501016 0.693141 0.501693 0.693141 0.502370 0.694043 0.503047 0.694043 0.503724 0.694946 0.505078 0.694946 0.506432 0.696751 0.507786 0.696751 0.508463 0.697653 0.509140 0.696751 0.509817 0.696751 0.511171 0.694946 0.510494 0.694043 0.510494 0.687726 0.509817 0.686823 0.509817 0.685018 0.509140 0.684116 0.509140 0.683213 0.508463 0.682310
2 0.241029 0.507220 0.240352 0.508123 0.239675 0.508123 0.238321 0.509928 0.236967 0.509928 0.236290 0.510830 0.232905 0.510830 0.232227 0.511733 0.230196 0.511733 0.230196 0.512635 0.229519 0.513538 0.229519 0.517148 0.230196 0.518051 0.230196 0.519856 0.230873 0.520758 0.230873 0.521661 0.232905 0.524368 0.234936 0.524368 0.235613 0.525271 0.242383 0.525271 0.243060 0.526173 0.247800 0.526173 0.248477 0.525271 0.249154 0.525271 0.249831 0.524368 0.250508 0.524368 0.251185 0.523466 0.251862 0.523466 0.252539 0.522563 0.253216 0.522563 0.255924 0.518953 0.255924 0.518051 0.256601 0.517148 0.256601 0.516245 0.257278 0.515343 0.257278 0.513538 0.257955 0.512635 0.257955 0.510830 0.257278 0.509928 0.257278 0.508123 0.256601 0.508123 0.255924 0.507220 0.250508 0.507220 0.249831 0.508123 0.246445 0.508123 0.245768 0.507220