0 0.843602 0.472022 0.842925 0.472924 0.841571 0.472924 0.840217 0.474729 0.840217 0.479242 0.840894 0.480144 0.840894 0.481949 0.841571 0.482852 0.841571 0.483755 0.842248 0.484657 0.842248 0.488267 0.842925 0.489170 0.842925 0.500903 0.843602 0.501805 0.843602 0.509025 0.844279 0.509928 0.844279 0.511733 0.844956 0.512635 0.844956 0.513538 0.846987 0.516245 0.850372 0.516245 0.851049 0.515343 0.851726 0.515343 0.851726 0.514440 0.852404 0.513538 0.852404 0.512635 0.853081 0.511733 0.853081 0.509025 0.853758 0.508123 0.853758 0.500903 0.854435 0.500000 0.854435 0.497292 0.855112 0.496390 0.855112 0.495487 0.855789 0.494585 0.855789 0.484657 0.855112 0.483755 0.855112 0.480144 0.854435 0.479242 0.854435 0.477437 0.852404 0.474729 0.851049 0.474729 0.850372 0.473827 0.849695 0.473827 0.849018 0.472924 0.846987 0.472924 0.846310 0.472022
0 0.815843 0.470217 0.815166 0.471119 0.813812 0.471119 0.812458 0.472924 0.811781 0.472924 0.811781 0.473827 0.809749 0.476534 0.809749 0.477437 0.809072 0.478339 0.809072 0.479242 0.808395 0.480144 0.808395 0.482852 0.807718 0.483755 0.807718 0.489170 0.808395 0.490072 0.808395 0.491877 0.807718 0.492780 0.807718 0.496390 0.807041 0.497292 0.807041 0.498195 0.802979 0.503610 0.802302 0.503610 0.801625 0.504513 0.801625 0.505415 0.800948 0.506318 0.800948 0.507220 0.800271 0.508123 0.801625 0.509928 0.807041 0.509928 0.809072 0.507220 0.809749 0.507220 0.811104 0.505415 0.811781 0.505415 0.812458 0.504513 0.813135 0.504513 0.813812 0.503610 0.815166 0.503610 0.815843 0.502708 0.816520 0.502708 0.817874 0.500903 0.817874 0.499097 0.818551 0.498195 0.818551 0.491877 0.819228 0.490975 0.819228 0.487365 0.819905 0.486462 0.819905 0.485560 0.820582 0.484657 0.820582 0.483755 0.824645 0.478339 0.824645 0.477437 0.825999 0.475632 0.825999 0.474729 0.826676 0.473827 0.826676 0.472924 0.825999 0.472022 0.824645 0.472022 0.823968 0.471119 0.821259 0.471119 0.820582 0.470217
0 0.845633 0.376354 0.842925 0.379964 0.842925 0.381769 0.842248 0.382671 0.842248 0.383574 0.841571 0.384477 0.841571 0.386282 0.840217 0.388087 0.838863 0.388087 0.838186 0.388989 0.837508 0.388989 0.836831 0.389892 0.836154 0.389892 0.835477 0.390794 0.834800 0.390794 0.834123 0.391697 0.834123 0.392599 0.833446 0.393502 0.833446 0.394404 0.832769 0.395307 0.832769 0.396209 0.831415 0.398014 0.831415 0.398917 0.830738 0.399819 0.830738 0.400722 0.830061 0.401625 0.830061 0.402527 0.828707 0.404332 0.828707 0.405235 0.828030 0.406137 0.828030 0.407040 0.827353 0.407942 0.827353 0.408845 0.825999 0.410650 0.825999 0.411552 0.825322 0.412455 0.825322 0.413357 0.824645 0.414260 0.824645 0.415162 0.823968 0.416065 0.823968 0.416968 0.823290 0.417870 0.823290 0.419675 0.822613 0.420578 0.822613 0.421480 0.821936 0.422383 0.821936 0.423285 0.821259 0.424188 0.821259 0.426895 0.820582 0.427798 0.820582 0.429603 0.819905 0.430505 0.819905 0.435018 0.819228 0.435921 0.819228 0.437726 0.818551 0.438628 0.818551 0.439531 0.817197 0.441336 0.817197 0.449458 0.819228 0.452166 0.819905 0.452166 0.820582 0.453069 0.822613 0.453069 0.823290 0.453971 0.830738 0.453971 0.831415 0.454874 0.840217 0.454874 0.840894 0.455776 0.853081 0.455776 0.853758 0.454874 0.854435 0.454874 0.855789 0.453069 0.855789 0.450361 0.856466 0.449458 0.856466 0.444946 0.857143 0.444043 0.857143 0.443141 0.857820 0.442238 0.857820 0.440433 0.858497 0.439531 0.858497 0.437726 0.859174 0.436823 0.859851 0.437726 0.859851 0.438628 0.861205 0.440433 0.861205 0.441336 0.861882 0.442238 0.861882 0.444043 0.862559 0.444946 0.862559 0.455776 0.863236 0.455776 0.863913 0.456679 0.866622 0.456679 0.867299 0.455776 0.867299 0.453971 0.867976 0.453069 0.867976 0.444946 0.868653 0.444043 0.868653 0.423285 0.867976 0.422383 0.867976 0.421480 0.866622 0.421480 0.865944 0.420578 0.851726 0.420578 0.851049 0.419675 0.850372 0.419675 0.849695 0.418773 0.849018 0.418773 0.847664 0.416968 0.847664 0.416065 0.846987 0.415162 0.846987 0.413357 0.846310 0.412455 0.846310 0.409747 0.846987 0.408845 0.846987 0.406137 0.847664 0.405235 0.847664 0.398014 0.848341 0.397112 0.848341 0.391697 0.847664 0.390794 0.847664 0.378159 0.846987 0.377256 0.846310 0.377256
0 0.653351 0.333032 0.652674 0.333935 0.649966 0.333935 0.649289 0.334838 0.647935 0.334838 0.646581 0.336643 0.645904 0.336643 0.641165 0.342960 0.641165 0.343863 0.639810 0.345668 0.639810 0.349278 0.639133 0.350181 0.639133 0.355596 0.638456 0.356498 0.638456 0.359206 0.639133 0.360108 0.639133 0.363718 0.639810 0.364621 0.639810 0.368231 0.640487 0.369134 0.640487 0.373646 0.639810 0.374549 0.639810 0.377256 0.638456 0.379061 0.638456 0.379964 0.637779 0.380866 0.637102 0.380866 0.635748 0.382671 0.635071 0.382671 0.634394 0.383574 0.633717 0.383574 0.632363 0.385379 0.631686 0.385379 0.631009 0.386282 0.629655 0.386282 0.628301 0.388087 0.627624 0.388087 0.626947 0.388989 0.626269 0.388989 0.624238 0.391697 0.623561 0.391697 0.621530 0.394404 0.621530 0.395307 0.618145 0.399819 0.618145 0.400722 0.615437 0.404332 0.615437 0.405235 0.614083 0.407040 0.614083 0.407942 0.612051 0.410650 0.612051 0.412455 0.611374 0.413357 0.611374 0.417870 0.612051 0.418773 0.612051 0.419675 0.612729 0.420578 0.612729 0.421480 0.615437 0.425090 0.616114 0.425090 0.616791 0.425993 0.618145 0.425993 0.618822 0.426895 0.620853 0.426895 0.621530 0.427798 0.624238 0.427798 0.626947 0.431408 0.626947 0.433213 0.626269 0.434116 0.626269 0.443141 0.625592 0.444043 0.625592 0.476534 0.626269 0.477437 0.626269 0.483755 0.626947 0.484657 0.626947 0.508123 0.627624 0.509025 0.627624 0.515343 0.628301 0.516245 0.628301 0.542419 0.628978 0.543321 0.628978 0.546029 0.629655 0.546931 0.629655 0.548736 0.630332 0.549639 0.630332 0.551444 0.631009 0.552347 0.631009 0.555957 0.631686 0.556859 0.631009 0.557762 0.631009 0.560469 0.631686 0.561372 0.631686 0.571300 0.632363 0.572202 0.632363 0.585740 0.633040 0.586643 0.633040 0.594765 0.633717 0.595668 0.633717 0.601083 0.633040 0.601986 0.633040 0.602888 0.632363 0.603791 0.632363 0.604693 0.631686 0.605596 0.631686 0.606498 0.631009 0.607401 0.631009 0.611913 0.631686 0.612816 0.632363 0.612816 0.633040 0.613718 0.643196 0.613718 0.643873 0.612816 0.644550 0.612816 0.644550 0.611011 0.645227 0.610108 0.645227 0.583935 0.645904 0.583032 0.645904 0.576715 0.646581 0.575812 0.646581 0.570397 0.647258 0.569495 0.647258 0.563177 0.647935 0.562274 0.647935 0.558664 0.648612 0.557762 0.648612 0.555957 0.649289 0.555054 0.649289 0.553249 0.651997 0.549639 0.651997 0.548736 0.653351 0.546931 0.653351 0.546029 0.654028 0.545126 0.654028 0.544224 0.654705 0.543321 0.654705 0.541516 0.655383 0.540614 0.655383 0.532491 0.656060 0.531588 0.656060 0.529783 0.656737 0.528881 0.656737 0.527978 0.657414 0.527076 0.658091 0.527076 0.658768 0.527978 0.658768 0.528881 0.660122 0.530686 0.660122 0.531588 0.660799 0.532491 0.660799 0.533394 0.661476 0.534296 0.661476 0.535199 0.662153 0.536101 0.662153 0.537004 0.662830 0.537906 0.662830 0.543321 0.662153 0.544224 0.662153 0.545126 0.661476 0.546029 0.661476 0.546931 0.660799 0.547834 0.660799 0.548736 0.660122 0.549639 0.660122 0.550542 0.659445 0.551444 0.659445 0.552347 0.657414 0.555054 0.657414 0.556859 0.656737 0.557762 0.656737 0.558664 0.656060 0.559567 0.656060 0.561372 0.655383 0.562274 0.655383 0.564079 0.654705 0.564982 0.654705 0.565884 0.654028 0.566787 0.654028 0.568592 0.653351 0.569495 0.653351 0.572202 0.655383 0.574910 0.656060 0.574910 0.658091 0.577617 0.658091 0.578520 0.658768 0.579422 0.658768 0.580325 0.659445 0.581227 0.659445 0.582130 0.660122 0.583032 0.660799 0.583032 0.662830 0.585740 0.663507 0.585740 0.664184 0.586643 0.664861 0.586643 0.664861 0.585740 0.665538 0.584838 0.665538 0.583032 0.668246 0.579422 0.668246 0.578520 0.668923 0.577617 0.668923 0.576715 0.670278 0.574910 0.670278 0.574007 0.672309 0.571300 0.672309 0.570397 0.675017 0.566787 0.675017 0.565884 0.675694 0.564982 0.675694 0.564079 0.678402 0.560469 0.678402 0.559567 0.679079 0.558664 0.679079 0.557762 0.679756 0.556859 0.679756 0.555957 0.681787 0.553249 0.681787 0.552347 0.682464 0.551444 0.682464 0.550542 0.683142 0.549639 0.683142 0.548736 0.683819 0.547834 0.683819 0.546931 0.684496 0.546029 0.684496 0.538809 0.685173 0.537906 0.685173 0.535199 0.685850 0.534296 0.685850 0.532491 0.687204 0.530686 0.687204 0.529783 0.687881 0.528881 0.687881 0.527076 0.688558 0.526173 0.688558 0.517148 0.687881 0.516245 0.687881 0.513538 0.687204 0.512635 0.687204 0.510830 0.686527 0.509928 0.686527 0.508123 0.685173 0.506318 0.685173 0.505415 0.684496 0.504513 0.684496 0.502708 0.683819 0.501805 0.683819 0.497292 0.683142 0.496390 0.683142 0.493682 0.682464 0.492780 0.682464 0.490072 0.681787 0.489170 0.681787 0.484657 0.681110 0.483755 0.681110 0.478339 0.680433 0.477437 0.680433 0.469314 0.679756 0.468412 0.679756 0.462094 0.679079 0.461191 0.679079 0.460289 0.678402 0.459386 0.678402 0.455776 0.679079 0.454874 0.679079 0.453971 0.679756 0.453069 0.679756 0.452166 0.681110 0.450361 0.683142 0.450361 0.683819 0.451264 0.685173 0.451264 0.686527 0.453069 0.686527 0.453971 0.690589 0.459386 0.690589 0.460289 0.691266 0.461191 0.691266 0.462094 0.691943 0.462996 0.691943 0.465704 0.692620 0.466606 0.692620 0.471119 0.693297 0.472022 0.693297 0.472924 0.693974 0.473827 0.693974 0.476534 0.695328 0.478339 0.695328 0.479242 0.698714 0.483755 0.698714 0.484657 0.702776 0.484657 0.702776 0.473827 0.702099 0.472924 0.702099 0.472022 0.701422 0.471119 0.701422 0.469314 0.700745 0.468412 0.700745 0.465704 0.700068 0.464801 0.700068 0.463899 0.699391 0.462996 0.699391 0.461191 0.698037 0.459386 0.698714 0.458484 0.698714 0.455776 0.698037 0.454874 0.698037 0.453971 0.697360 0.453069 0.697360 0.452166 0.696682 0.451264 0.696682 0.449458 0.696005 0.448556 0.696005 0.444043 0.694651 0.442238 0.694651 0.441336 0.693974 0.440433 0.693974 0.431408 0.693297 0.430505 0.693297 0.425993 0.692620 0.425090 0.692620 0.423285 0.691943 0.422383 0.691943 0.421480 0.691266 0.420578 0.691266 0.419675 0.690589 0.418773 0.690589 0.417870 0.689912 0.416968 0.689912 0.416065 0.689235 0.415162 0.689235 0.413357 0.688558 0.412455 0.688558 0.411552 0.687881 0.410650 0.687881 0.409747 0.687204 0.408845 0.687204 0.407040 0.686527 0.406137 0.686527 0.405235 0.685850 0.404332 0.685850 0.403430 0.685173 0.402527 0.685173 0.401625 0.683142 0.398917 0.683142 0.398014 0.678402 0.391697 0.677725 0.391697 0.675017 0.388087 0.674340 0.388087 0.673663 0.387184 0.672986 0.387184 0.672309 0.386282 0.671632 0.386282 0.670955 0.385379 0.669601 0.385379 0.668923 0.384477 0.667569 0.384477 0.666892 0.383574 0.664861 0.383574 0.664184 0.382671 0.663507 0.382671 0.662830 0.381769 0.662153 0.381769 0.660799 0.379964 0.660799 0.377256 0.661476 0.376354 0.661476 0.373646 0.662153 0.372744 0.662153 0.370036 0.662830 0.369134 0.662830 0.361011 0.663507 0.360108 0.663507 0.356498 0.664184 0.355596 0.664184 0.346570 0.663507 0.345668 0.663507 0.343863 0.662830 0.342960 0.662830 0.341155 0.662153 0.340253 0.662153 0.339350 0.661476 0.338448 0.661476 0.337545 0.660799 0.336643 0.660122 0.336643 0.658091 0.333935 0.656060 0.333935 0.655383 0.333032
0 0.892349 0.594765 0.891672 0.595668 0.890995 0.595668 0.890995 0.596570 0.890318 0.597473 0.890318 0.599278 0.893703 0.603791 0.893703 0.604693 0.896412 0.608303 0.896412 0.609206 0.897089 0.610108 0.899120 0.610108 0.899797 0.611011 0.900474 0.611011 0.900474 0.610108 0.901151 0.609206 0.901151 0.603791 0.901828 0.602888 0.901828 0.600181 0.897766 0.594765
0 0.931618 0.592960 0.930941 0.593863 0.930941 0.599278 0.930264 0.600181 0.930264 0.602888 0.929587 0.603791 0.929587 0.604693 0.928233 0.606498 0.928233 0.607401 0.926202 0.610108 0.926202 0.611011 0.924848 0.612816 0.925525 0.612816 0.926879 0.614621 0.928910 0.614621 0.929587 0.615523 0.942451 0.615523 0.943128 0.614621 0.944482 0.614621 0.945836 0.612816 0.945836 0.607401 0.945159 0.606498 0.945159 0.604693 0.944482 0.603791 0.944482 0.602888 0.943805 0.601986 0.943805 0.601083 0.942451 0.599278 0.942451 0.598375 0.940420 0.595668 0.939743 0.595668 0.939066 0.594765 0.937712 0.594765 0.937035 0.593863 0.933649 0.593863 0.932972 0.592960
0 0.905890 0.580325 0.904536 0.582130 0.904536 0.584838 0.903859 0.585740 0.903859 0.591155 0.904536 0.592058 0.904536 0.595668 0.905213 0.596570 0.905213 0.601083 0.905890 0.601986 0.905890 0.605596 0.906567 0.606498 0.906567 0.610108 0.907244 0.611011 0.907244 0.611913 0.907921 0.611913 0.908599 0.612816 0.914692 0.612816 0.915369 0.611913 0.916723 0.611913 0.918077 0.610108 0.918077 0.607401 0.918754 0.606498 0.918754 0.597473 0.919431 0.596570 0.919431 0.592960 0.920108 0.592058 0.920108 0.587545 0.918077 0.584838 0.917400 0.584838 0.916723 0.583935 0.915369 0.583935 0.914692 0.583032 0.912661 0.583032 0.911984 0.582130 0.911307 0.582130 0.910630 0.581227 0.909276 0.581227 0.908599 0.580325
0 0.920108 0.351986 0.919431 0.352888 0.917400 0.352888 0.916723 0.353791 0.915369 0.353791 0.914692 0.354693 0.914015 0.354693 0.908599 0.361913 0.908599 0.362816 0.907921 0.363718 0.907921 0.364621 0.907244 0.365523 0.907244 0.368231 0.906567 0.369134 0.906567 0.372744 0.907244 0.373646 0.907244 0.377256 0.907921 0.378159 0.907921 0.380866 0.908599 0.381769 0.908599 0.383574 0.909276 0.384477 0.909276 0.386282 0.909953 0.387184 0.909953 0.388989 0.910630 0.389892 0.910630 0.392599 0.911307 0.393502 0.911307 0.397112 0.911984 0.398014 0.911984 0.408845 0.911307 0.409747 0.911307 0.415162 0.910630 0.416065 0.910630 0.419675 0.909953 0.420578 0.909953 0.423285 0.909276 0.424188 0.909276 0.433213 0.908599 0.434116 0.908599 0.444043 0.907921 0.444946 0.907921 0.450361 0.907244 0.451264 0.907244 0.458484 0.906567 0.459386 0.906567 0.464801 0.905890 0.465704 0.905890 0.468412 0.905213 0.469314 0.905213 0.471119 0.904536 0.472022 0.904536 0.472924 0.903859 0.473827 0.903859 0.475632 0.903182 0.476534 0.903182 0.477437 0.902505 0.478339 0.902505 0.479242 0.901828 0.480144 0.901151 0.480144 0.899797 0.481949 0.899120 0.481949 0.898443 0.482852 0.897766 0.482852 0.895735 0.485560 0.895058 0.485560 0.893703 0.487365 0.893026 0.487365 0.893026 0.488267 0.890995 0.490975 0.890318 0.490975 0.890318 0.492780 0.889641 0.493682 0.889641 0.497292 0.892349 0.500903 0.893026 0.500903 0.893703 0.501805 0.896412 0.501805 0.897089 0.502708 0.897766 0.502708 0.898443 0.501805 0.900474 0.501805 0.903859 0.497292 0.904536 0.497292 0.905890 0.495487 0.905890 0.494585 0.906567 0.493682 0.906567 0.492780 0.907244 0.491877 0.908599 0.493682 0.908599 0.517148 0.907921 0.518051 0.907921 0.520758 0.907244 0.521661 0.907244 0.527076 0.906567 0.527978 0.906567 0.545126 0.907244 0.546029 0.907244 0.546931 0.907921 0.547834 0.908599 0.547834 0.909953 0.549639 0.910630 0.549639 0.911307 0.550542 0.912661 0.550542 0.913338 0.551444 0.914692 0.551444 0.915369 0.552347 0.917400 0.552347 0.918077 0.553249 0.919431 0.553249 0.920108 0.554152 0.921462 0.554152 0.922139 0.555054 0.924171 0.555054 0.924848 0.555957 0.926202 0.555957 0.926879 0.556859 0.928233 0.556859 0.928910 0.557762 0.930941 0.557762 0.931618 0.558664 0.933649 0.558664 0.934326 0.559567 0.935680 0.559567 0.936357 0.560469 0.938389 0.560469 0.939066 0.561372 0.939743 0.560469 0.939743 0.559567 0.940420 0.558664 0.940420 0.557762 0.941097 0.556859 0.941097 0.550542 0.940420 0.549639 0.940420 0.547834 0.939743 0.546931 0.939743 0.545126 0.939066 0.544224 0.939066 0.536101 0.938389 0.535199 0.938389 0.530686 0.937712 0.529783 0.937712 0.526173 0.937035 0.525271 0.937035 0.524368 0.936357 0.523466 0.936357 0.521661 0.935680 0.520758 0.935680 0.509928 0.936357 0.509025 0.936357 0.508123 0.937035 0.507220 0.937035 0.506318 0.937712 0.505415 0.937712 0.504513 0.939066 0.502708 0.939066 0.501805 0.940420 0.500000 0.940420 0.499097 0.941097 0.498195 0.941097 0.497292 0.941774 0.496390 0.941774 0.495487 0.942451 0.494585 0.942451 0.491877 0.943128 0.490975 0.943128 0.481949 0.942451 0.481047 0.942451 0.478339 0.941774 0.477437 0.941774 0.474729 0.941097 0.473827 0.941097 0.472022 0.940420 0.471119 0.940420 0.469314 0.939743 0.468412 0.939743 0.464801 0.939066 0.463899 0.939066 0.462996 0.939743 0.462094 0.939743 0.459386 0.940420 0.458484 0.940420 0.457581 0.941774 0.455776 0.941774 0.454874 0.943128 0.453069 0.943128 0.452166 0.943805 0.451264 0.943805 0.450361 0.945159 0.448556 0.945159 0.447653 0.946513 0.445848 0.946513 0.444946 0.947867 0.443141 0.947867 0.442238 0.949221 0.440433 0.949221 0.439531 0.949898 0.438628 0.949898 0.435018 0.950575 0.434116 0.950575 0.429603 0.951253 0.428700 0.951253 0.426895 0.950575 0.425993 0.950575 0.419675 0.949898 0.418773 0.949898 0.416968 0.949221 0.416065 0.949221 0.415162 0.948544 0.414260 0.948544 0.413357 0.947867 0.412455 0.947867 0.410650 0.947190 0.409747 0.947190 0.407942 0.945836 0.406137 0.945836 0.405235 0.943128 0.401625 0.942451 0.401625 0.941774 0.400722 0.941097 0.400722 0.939743 0.398917 0.939066 0.398917 0.938389 0.398014 0.937712 0.398014 0.936357 0.396209 0.935680 0.396209 0.933649 0.393502 0.933649 0.380866 0.934326 0.379964 0.934326 0.376354 0.933649 0.375451 0.933649 0.368231 0.932972 0.367329 0.932972 0.364621 0.932295 0.363718 0.932295 0.361913 0.930941 0.360108 0.930941 0.359206 0.928233 0.355596 0.927556 0.355596 0.926202 0.353791 0.925525 0.353791 0.924848 0.352888 0.923494 0.352888 0.922817 0.351986
0 0.166554 0.749097 0.165877 0.750000 0.163846 0.750000 0.163169 0.750903 0.162492 0.750903 0.162492 0.752708 0.161814 0.753610 0.161814 0.756318 0.162492 0.757220 0.162492 0.759025 0.164523 0.761733 0.165200 0.761733 0.165877 0.762635 0.167231 0.762635 0.167908 0.763538 0.172647 0.763538 0.173324 0.764440 0.202437 0.764440 0.203114 0.765343 0.207177 0.765343 0.207854 0.764440 0.213270 0.764440 0.213947 0.763538 0.215301 0.763538 0.215978 0.762635 0.216655 0.762635 0.218009 0.760830 0.218009 0.759928 0.218687 0.759025 0.218687 0.755415 0.218009 0.754513 0.218009 0.753610 0.216655 0.751805 0.205146 0.751805 0.204469 0.750903 0.199729 0.750903 0.199052 0.750000 0.194990 0.750000 0.194313 0.749097 0.191605 0.749097 0.190928 0.750000 0.190251 0.750000 0.189573 0.750903 0.187542 0.750903 0.186865 0.750000 0.177387 0.750000 0.176710 0.749097
0 0.172647 0.301444 0.171970 0.302347 0.168585 0.302347 0.167908 0.303249 0.167231 0.303249 0.166554 0.304152 0.165877 0.304152 0.165200 0.305054 0.164523 0.305054 0.163169 0.306859 0.162492 0.306859 0.158429 0.312274 0.158429 0.313177 0.157075 0.314982 0.157075 0.316787 0.156398 0.317690 0.156398 0.318592 0.155721 0.319495 0.155721 0.322202 0.155044 0.323105 0.155044 0.328520 0.154367 0.329422 0.154367 0.336643 0.153690 0.337545 0.153690 0.340253 0.154367 0.341155 0.154367 0.343863 0.155044 0.344765 0.155044 0.345668 0.155721 0.346570 0.155721 0.347473 0.156398 0.348375 0.156398 0.349278 0.157075 0.350181 0.157075 0.352888 0.157752 0.353791 0.157752 0.355596 0.158429 0.356498 0.158429 0.357401 0.159106 0.358303 0.159106 0.359206 0.160460 0.361011 0.160460 0.361913 0.166554 0.370036 0.166554 0.370939 0.167908 0.372744 0.167908 0.374549 0.168585 0.375451 0.168585 0.377256 0.167908 0.378159 0.167908 0.379964 0.163846 0.385379 0.163169 0.385379 0.162492 0.386282 0.161814 0.386282 0.159783 0.388989 0.159106 0.388989 0.157075 0.391697 0.157075 0.392599 0.155044 0.395307 0.155044 0.396209 0.152336 0.399819 0.152336 0.400722 0.151659 0.401625 0.151659 0.402527 0.150305 0.404332 0.150305 0.407040 0.149628 0.407942 0.149628 0.411552 0.148951 0.412455 0.148951 0.432310 0.149628 0.433213 0.149628 0.445848 0.150305 0.446751 0.150305 0.455776 0.150982 0.456679 0.150982 0.466606 0.150305 0.467509 0.150305 0.476534 0.149628 0.477437 0.149628 0.486462 0.148951 0.487365 0.148951 0.496390 0.149628 0.497292 0.149628 0.500000 0.148951 0.500903 0.148951 0.521661 0.148274 0.522563 0.148274 0.526173 0.147596 0.527076 0.147596 0.528881 0.146919 0.529783 0.146919 0.537906 0.146242 0.538809 0.146242 0.547834 0.145565 0.548736 0.145565 0.550542 0.144888 0.551444 0.144888 0.552347 0.144211 0.553249 0.144211 0.554152 0.143534 0.555054 0.143534 0.556859 0.142180 0.558664 0.142180 0.559567 0.140149 0.562274 0.140149 0.563177 0.139472 0.564079 0.139472 0.565884 0.138795 0.566787 0.138795 0.569495 0.138118 0.570397 0.138118 0.576715 0.138795 0.577617 0.138795 0.580325 0.139472 0.581227 0.139472 0.583032 0.140149 0.583935 0.140149 0.586643 0.140826 0.587545 0.140826 0.589350 0.141503 0.590253 0.141503 0.591155 0.142180 0.592058 0.142180 0.593863 0.142857 0.594765 0.142857 0.596570 0.143534 0.597473 0.143534 0.598375 0.144211 0.598375 0.146242 0.595668 0.146919 0.595668 0.148951 0.592960 0.149628 0.592960 0.150982 0.591155 0.150982 0.590253 0.151659 0.589350 0.151659 0.588448 0.155721 0.583032 0.156398 0.583032 0.157752 0.581227 0.158429 0.581227 0.161137 0.577617 0.161137 0.575812 0.161814 0.574910 0.161814 0.562274 0.161137 0.561372 0.161137 0.557762 0.160460 0.556859 0.160460 0.554152 0.159783 0.553249 0.159783 0.549639 0.160460 0.548736 0.160460 0.547834 0.161137 0.546931 0.162492 0.546931 0.165200 0.550542 0.165200 0.551444 0.166554 0.553249 0.166554 0.554152 0.167231 0.555054 0.169262 0.555054 0.169939 0.554152 0.171293 0.554152 0.171970 0.553249 0.174001 0.553249 0.174678 0.552347 0.176032 0.552347 0.176710 0.551444 0.178064 0.551444 0.178741 0.550542 0.180095 0.550542 0.180772 0.549639 0.182126 0.549639 0.182803 0.548736 0.186865 0.548736 0.187542 0.547834 0.192282 0.547834 0.192959 0.548736 0.194990 0.548736 0.196344 0.550542 0.196344 0.551444 0.197021 0.552347 0.197021 0.555054 0.196344 0.555957 0.196344 0.556859 0.195667 0.557762 0.194990 0.557762 0.194313 0.558664 0.193636 0.558664 0.192959 0.559567 0.192959 0.560469 0.192282 0.561372 0.190251 0.561372 0.189573 0.562274 0.188219 0.562274 0.187542 0.563177 0.186188 0.563177 0.185511 0.564079 0.184834 0.564079 0.184157 0.564982 0.182803 0.564982 0.182126 0.565884 0.181449 0.565884 0.180772 0.566787 0.179418 0.566787 0.178741 0.567690 0.177387 0.567690 0.176710 0.568592 0.175355 0.568592 0.174678 0.569495 0.174001 0.569495 0.171970 0.572202 0.171970 0.573105 0.171293 0.574007 0.171293 0.576715 0.170616 0.577617 0.170616 0.596570 0.169939 0.597473 0.169939 0.601083 0.169262 0.601986 0.169262 0.602888 0.169939 0.603791 0.169939 0.607401 0.169262 0.608303 0.169262 0.618231 0.169939 0.619134 0.169939 0.637184 0.170616 0.638087 0.170616 0.643502 0.171293 0.644404 0.171293 0.647112 0.171970 0.648014 0.171970 0.648917 0.172647 0.649819 0.172647 0.652527 0.173324 0.653430 0.173324 0.655235 0.174001 0.656137 0.174001 0.658845 0.174678 0.659747 0.174678 0.665162 0.174001 0.666065 0.174001 0.669675 0.173324 0.670578 0.173324 0.683213 0.174001 0.684116 0.174001 0.689531 0.174678 0.690433 0.174678 0.693141 0.175355 0.694043 0.175355 0.696751 0.176032 0.697653 0.176032 0.700361 0.176710 0.701264 0.176710 0.703069 0.177387 0.703971 0.177387 0.705776 0.178064 0.706679 0.178064 0.708484 0.178741 0.709386 0.178741 0.711191 0.179418 0.712094 0.179418 0.713899 0.180095 0.714801 0.180095 0.718412 0.180772 0.719314 0.180772 0.722924 0.180095 0.723827 0.180095 0.727437 0.179418 0.728339 0.179418 0.733755 0.180095 0.734657 0.180095 0.735560 0.181449 0.737365 0.182126 0.737365 0.182803 0.738267 0.184834 0.738267 0.185511 0.739170 0.205823 0.739170 0.206500 0.740072 0.213270 0.740072 0.213947 0.739170 0.215301 0.739170 0.215978 0.738267 0.218009 0.738267 0.218687 0.739170 0.222749 0.739170 0.223426 0.740072 0.231550 0.740072 0.232227 0.739170 0.234259 0.739170 0.234936 0.738267 0.235613 0.738267 0.236967 0.736462 0.236967 0.721119 0.237644 0.720217 0.237644 0.715704 0.238321 0.714801 0.238321 0.711191 0.238998 0.710289 0.238998 0.707581 0.239675 0.706679 0.239675 0.703069 0.240352 0.702166 0.240352 0.699458 0.241029 0.698556 0.241029 0.689531 0.241706 0.688628 0.241706 0.668773 0.242383 0.667870 0.242383 0.655235 0.241706 0.654332 0.241706 0.623646 0.242383 0.622744 0.241706 0.621841 0.241706 0.619134 0.242383 0.618231 0.242383 0.610108 0.241706 0.609206 0.241706 0.591155 0.242383 0.590253 0.242383 0.585740 0.243060 0.584838 0.243060 0.580325 0.243737 0.579422 0.243737 0.574910 0.244414 0.574007 0.244414 0.570397 0.245091 0.569495 0.245091 0.568592 0.245768 0.567690 0.245768 0.566787 0.246445 0.565884 0.246445 0.564982 0.247123 0.564079 0.247123 0.562274 0.247800 0.561372 0.247800 0.558664 0.248477 0.557762 0.248477 0.555957 0.249154 0.555054 0.249154 0.554152 0.249831 0.553249 0.249831 0.552347 0.251185 0.550542 0.254570 0.550542 0.255247 0.549639 0.257955 0.549639 0.257955 0.548736 0.259309 0.546931 0.259309 0.544224 0.259986 0.543321 0.259986 0.534296 0.259309 0.533394 0.259309 0.530686 0.258632 0.529783 0.258632 0.527978 0.257955 0.527076 0.257955 0.525271 0.257278 0.524368 0.257278 0.520758 0.256601 0.519856 0.256601 0.507220 0.255924 0.506318 0.255924 0.491877 0.255247 0.490975 0.255247 0.482852 0.254570 0.481949 0.254570 0.477437 0.253893 0.476534 0.253893 0.472022 0.253216 0.471119 0.253216 0.464801 0.252539 0.463899 0.252539 0.461191 0.251862 0.460289 0.251862 0.457581 0.251185 0.456679 0.251185 0.455776 0.250508 0.454874 0.250508 0.453069 0.249831 0.452166 0.249831 0.448556 0.249154 0.447653 0.249154 0.443141 0.248477 0.442238 0.248477 0.434116 0.247800 0.433213 0.247800 0.430505 0.247123 0.429603 0.247123 0.428700 0.246445 0.427798 0.246445 0.426895 0.245768 0.425993 0.245768 0.425090 0.245091 0.424188 0.245091 0.423285 0.244414 0.422383 0.244414 0.421480 0.243737 0.420578 0.243737 0.418773 0.243060 0.417870 0.243060 0.416065 0.242383 0.415162 0.242383 0.414260 0.241706 0.413357 0.241706 0.412455 0.240352 0.410650 0.240352 0.408845 0.239675 0.407942 0.239675 0.407040 0.238998 0.406137 0.238998 0.405235 0.236967 0.402527 0.236967 0.401625 0.235613 0.399819 0.235613 0.398917 0.232905 0.395307 0.232905 0.394404 0.230196 0.390794 0.230196 0.389892 0.228165 0.387184 0.227488 0.387184 0.226134 0.385379 0.225457 0.385379 0.224780 0.384477 0.224103 0.384477 0.223426 0.383574 0.222072 0.383574 0.221395 0.382671 0.220041 0.382671 0.219364 0.381769 0.218687 0.381769 0.218009 0.380866 0.216655 0.380866 0.215978 0.379964 0.215301 0.379964 0.214624 0.379061 0.213270 0.379061 0.212593 0.378159 0.211916 0.378159 0.211239 0.377256 0.209885 0.377256 0.209208 0.376354 0.208531 0.376354 0.207854 0.375451 0.207177 0.375451 0.206500 0.374549 0.205146 0.374549 0.204469 0.373646 0.203791 0.373646 0.203114 0.372744 0.202437 0.372744 0.201760 0.371841 0.201083 0.371841 0.197021 0.366426 0.197021 0.365523 0.196344 0.364621 0.196344 0.360108 0.195667 0.359206 0.195667 0.344765 0.199052 0.340253 0.199052 0.339350 0.199729 0.338448 0.199729 0.333935 0.199052 0.333032 0.199052 0.331227 0.198375 0.330325 0.198375 0.329422 0.197698 0.328520 0.197698 0.327617 0.197021 0.326715 0.197021 0.324910 0.196344 0.324007 0.196344 0.322202 0.195667 0.321300 0.195667 0.320397 0.194990 0.319495 0.194990 0.317690 0.188896 0.309567 0.188219 0.309567 0.187542 0.308664 0.186865 0.308664 0.185511 0.306859 0.184834 0.306859 0.184157 0.305957 0.183480 0.305957 0.182126 0.304152 0.180772 0.304152 0.180095 0.303249 0.179418 0.303249 0.178741 0.302347 0.176032 0.302347 0.175355 0.301444
0 0.285037 0.419675 0.284360 0.420578 0.282329 0.420578 0.281652 0.421480 0.280975 0.421480 0.278944 0.424188 0.278944 0.425993 0.278267 0.426895 0.278267 0.432310 0.277590 0.433213 0.277590 0.437726 0.276913 0.438628 0.276913 0.442238 0.276236 0.443141 0.276236 0.444043 0.275559 0.444946 0.275559 0.445848 0.274882 0.446751 0.273527 0.446751 0.272850 0.447653 0.271496 0.447653 0.270819 0.448556 0.269465 0.448556 0.268788 0.449458 0.268111 0.449458 0.267434 0.450361 0.266757 0.450361 0.266080 0.451264 0.265403 0.451264 0.264049 0.453069 0.264049 0.453971 0.263372 0.454874 0.263372 0.455776 0.262695 0.456679 0.262695 0.457581 0.262018 0.458484 0.262018 0.459386 0.256601 0.466606 0.256601 0.476534 0.257278 0.477437 0.257278 0.478339 0.257955 0.479242 0.257955 0.480144 0.258632 0.481047 0.259986 0.481047 0.260664 0.481949 0.265403 0.481949 0.266080 0.482852 0.279621 0.482852 0.280298 0.481949 0.285714 0.481949 0.286391 0.481047 0.305349 0.481047 0.306026 0.480144 0.308057 0.480144 0.310088 0.477437 0.310088 0.476534 0.309411 0.475632 0.308734 0.475632 0.307380 0.473827 0.301963 0.473827 0.301286 0.474729 0.299932 0.474729 0.299255 0.473827 0.298578 0.473827 0.297901 0.472924 0.297901 0.472022 0.297224 0.471119 0.297224 0.470217 0.296547 0.469314 0.296547 0.468412 0.295870 0.467509 0.295193 0.467509 0.293839 0.465704 0.293839 0.464801 0.291808 0.462094 0.291808 0.460289 0.291131 0.459386 0.291131 0.452166 0.291808 0.451264 0.291808 0.447653 0.292485 0.446751 0.292485 0.444043 0.293162 0.443141 0.293162 0.436823 0.293839 0.435921 0.293839 0.427798 0.293162 0.426895 0.293162 0.425090 0.292485 0.424188 0.292485 0.423285 0.291131 0.421480 0.290454 0.421480 0.289777 0.420578 0.287745 0.420578 0.287068 0.419675
0 0.425186 0.620939 0.424509 0.621841 0.424509 0.623646 0.423832 0.624549 0.423832 0.628159 0.424509 0.629061 0.424509 0.631769 0.425186 0.632671 0.427217 0.632671 0.427894 0.633574 0.428571 0.632671 0.428571 0.631769 0.429248 0.630866 0.429248 0.622744 0.428571 0.621841 0.428571 0.620939
0 0.414353 0.350181 0.413676 0.351083 0.412322 0.351083 0.411645 0.351986 0.410968 0.351986 0.408937 0.354693 0.408260 0.354693 0.406906 0.356498 0.406906 0.357401 0.405552 0.359206 0.405552 0.360108 0.404875 0.361011 0.404875 0.361913 0.404198 0.362816 0.404198 0.363718 0.403521 0.364621 0.403521 0.367329 0.402844 0.368231 0.402844 0.377256 0.403521 0.378159 0.403521 0.379061 0.404198 0.379964 0.404198 0.380866 0.405552 0.382671 0.405552 0.384477 0.406229 0.385379 0.406229 0.387184 0.406906 0.388087 0.406906 0.391697 0.406229 0.392599 0.406229 0.393502 0.404875 0.395307 0.404198 0.395307 0.403521 0.396209 0.402844 0.396209 0.401490 0.398014 0.400812 0.398014 0.400135 0.398917 0.398781 0.398917 0.398104 0.399819 0.397427 0.399819 0.396750 0.400722 0.396073 0.400722 0.395396 0.401625 0.394719 0.401625 0.394042 0.402527 0.393365 0.402527 0.392688 0.403430 0.392011 0.403430 0.391334 0.404332 0.390657 0.404332 0.389303 0.406137 0.388626 0.406137 0.386594 0.408845 0.386594 0.410650 0.385917 0.411552 0.385917 0.413357 0.385240 0.414260 0.385240 0.417870 0.384563 0.418773 0.384563 0.420578 0.382532 0.423285 0.382532 0.424188 0.381178 0.425993 0.381178 0.426895 0.379824 0.428700 0.379824 0.429603 0.379147 0.430505 0.379147 0.431408 0.378470 0.432310 0.378470 0.433213 0.376439 0.435921 0.376439 0.436823 0.374408 0.439531 0.374408 0.440433 0.373053 0.442238 0.373053 0.443141 0.371022 0.445848 0.371022 0.446751 0.370345 0.447653 0.370345 0.448556 0.369668 0.449458 0.369668 0.453069 0.368991 0.453971 0.368991 0.469314 0.369668 0.470217 0.369668 0.471119 0.372376 0.474729 0.373053 0.474729 0.375085 0.477437 0.375085 0.480144 0.375762 0.481047 0.375762 0.485560 0.376439 0.486462 0.376439 0.487365 0.377116 0.488267 0.377116 0.489170 0.377793 0.490072 0.377793 0.491877 0.378470 0.492780 0.378470 0.495487 0.379147 0.496390 0.379147 0.498195 0.379824 0.499097 0.379824 0.500903 0.381855 0.503610 0.381855 0.504513 0.383209 0.506318 0.383209 0.507220 0.383886 0.506318 0.384563 0.506318 0.385917 0.504513 0.386594 0.504513 0.386594 0.503610 0.387949 0.501805 0.387949 0.500903 0.388626 0.500000 0.388626 0.499097 0.389303 0.498195 0.389303 0.497292 0.389980 0.496390 0.390657 0.496390 0.391334 0.497292 0.391334 0.498195 0.392011 0.499097 0.392011 0.500000 0.394719 0.503610 0.394719 0.504513 0.396073 0.506318 0.396073 0.507220 0.396750 0.508123 0.396750 0.509025 0.400135 0.513538 0.400135 0.514440 0.400812 0.515343 0.400812 0.516245 0.402167 0.518051 0.402167 0.520758 0.402844 0.521661 0.402844 0.525271 0.403521 0.526173 0.403521 0.528881 0.404198 0.529783 0.404198 0.531588 0.404875 0.532491 0.404875 0.535199 0.405552 0.536101 0.405552 0.537906 0.406229 0.538809 0.406229 0.541516 0.406906 0.542419 0.406906 0.545126 0.407583 0.546029 0.407583 0.552347 0.406906 0.553249 0.406906 0.555957 0.406229 0.556859 0.406229 0.557762 0.405552 0.558664 0.405552 0.559567 0.404198 0.561372 0.404198 0.562274 0.403521 0.563177 0.403521 0.576715 0.402844 0.577617 0.402844 0.580325 0.402167 0.581227 0.402167 0.583032 0.401490 0.583935 0.401490 0.584838 0.400812 0.585740 0.400812 0.586643 0.400135 0.587545 0.400135 0.589350 0.399458 0.590253 0.399458 0.591155 0.398781 0.592058 0.398781 0.593863 0.398104 0.594765 0.398104 0.595668 0.397427 0.596570 0.397427 0.598375 0.396750 0.599278 0.396750 0.603791 0.397427 0.604693 0.397427 0.605596 0.400812 0.610108 0.402167 0.610108 0.402844 0.611011 0.403521 0.611011 0.404198 0.611913 0.406229 0.611913 0.406906 0.611011 0.418416 0.611011 0.419093 0.611913 0.420447 0.611913 0.421124 0.612816 0.421801 0.611913 0.421801 0.603791 0.422478 0.602888 0.422478 0.598375 0.423155 0.597473 0.423155 0.592960 0.423832 0.592058 0.423832 0.584838 0.424509 0.583935 0.424509 0.575812 0.425186 0.574910 0.425186 0.571300 0.425863 0.570397 0.425863 0.567690 0.426540 0.566787 0.426540 0.564982 0.427217 0.564079 0.427217 0.562274 0.427894 0.561372 0.427894 0.559567 0.428571 0.558664 0.428571 0.554152 0.429248 0.553249 0.429248 0.546931 0.429926 0.546029 0.429926 0.541516 0.430603 0.540614 0.430603 0.525271 0.429926 0.524368 0.429926 0.503610 0.430603 0.502708 0.430603 0.499097 0.431280 0.498195 0.431280 0.497292 0.431957 0.496390 0.431957 0.495487 0.432634 0.494585 0.432634 0.493682 0.435342 0.490072 0.436019 0.490072 0.440081 0.495487 0.440081 0.496390 0.442112 0.499097 0.442112 0.500000 0.442789 0.500903 0.443466 0.500903 0.446175 0.504513 0.447529 0.502708 0.448883 0.502708 0.449560 0.501805 0.449560 0.500000 0.448883 0.499097 0.448883 0.498195 0.448206 0.497292 0.448206 0.496390 0.447529 0.495487 0.447529 0.493682 0.446852 0.492780 0.446852 0.490072 0.446175 0.489170 0.446175 0.483755 0.445498 0.482852 0.445498 0.481949 0.442789 0.478339 0.442789 0.477437 0.438727 0.472022 0.438727 0.471119 0.438050 0.470217 0.438050 0.467509 0.437373 0.466606 0.438050 0.465704 0.438050 0.464801 0.440081 0.462094 0.440081 0.453069 0.439404 0.452166 0.439404 0.448556 0.438050 0.446751 0.438050 0.445848 0.433311 0.439531 0.433311 0.438628 0.432634 0.437726 0.432634 0.435921 0.431957 0.435018 0.431957 0.433213 0.431280 0.432310 0.431280 0.430505 0.430603 0.429603 0.430603 0.425993 0.429926 0.425090 0.429926 0.422383 0.429248 0.421480 0.429248 0.418773 0.427894 0.416968 0.427894 0.415162 0.427217 0.414260 0.427217 0.413357 0.426540 0.412455 0.426540 0.411552 0.425863 0.410650 0.425863 0.398014 0.425186 0.397112 0.425186 0.396209 0.425863 0.395307 0.425863 0.391697 0.426540 0.390794 0.426540 0.388989 0.427217 0.388087 0.427217 0.386282 0.427894 0.385379 0.427894 0.384477 0.428571 0.383574 0.428571 0.379964 0.429248 0.379061 0.429248 0.378159 0.429926 0.377256 0.429926 0.374549 0.430603 0.373646 0.430603 0.368231 0.429926 0.367329 0.429926 0.364621 0.429248 0.363718 0.429248 0.361913 0.428571 0.361011 0.428571 0.360108 0.425863 0.356498 0.425863 0.355596 0.425186 0.354693 0.424509 0.354693 0.422478 0.351986 0.421801 0.351986 0.421124 0.351083 0.419770 0.351083 0.419093 0.350181
0 0.549086 0.410650 0.548409 0.411552 0.547055 0.411552 0.546378 0.412455 0.545701 0.412455 0.545701 0.413357 0.544347 0.415162 0.544347 0.419675 0.543670 0.420578 0.543670 0.425090 0.542993 0.425993 0.542993 0.427798 0.542316 0.428700 0.542316 0.429603 0.541638 0.430505 0.541638 0.433213 0.540961 0.434116 0.540961 0.438628 0.542316 0.440433 0.543670 0.440433 0.544347 0.441336 0.549763 0.441336 0.550440 0.442238 0.551117 0.442238 0.553148 0.444946 0.553148 0.461191 0.559242 0.461191 0.559919 0.460289 0.560596 0.460289 0.560596 0.459386 0.561273 0.458484 0.561273 0.444043 0.560596 0.443141 0.560596 0.436823 0.559919 0.435921 0.559919 0.434116 0.559242 0.433213 0.559242 0.431408 0.557888 0.429603 0.557888 0.428700 0.557211 0.427798 0.557211 0.425090 0.556534 0.424188 0.556534 0.422383 0.555856 0.421480 0.555856 0.419675 0.555179 0.418773 0.555179 0.416968 0.554502 0.416065 0.554502 0.415162 0.551794 0.411552 0.551117 0.411552 0.550440 0.410650
0 0.466486 0.351083 0.465809 0.351986 0.465132 0.351986 0.463778 0.353791 0.463101 0.353791 0.462424 0.354693 0.462424 0.355596 0.459716 0.359206 0.459716 0.361913 0.459039 0.362816 0.459039 0.364621 0.458362 0.365523 0.458362 0.368231 0.457684 0.369134 0.457684 0.370036 0.458362 0.370939 0.458362 0.387184 0.457684 0.388087 0.457684 0.388989 0.456330 0.390794 0.456330 0.391697 0.452945 0.396209 0.452945 0.397112 0.449560 0.401625 0.449560 0.402527 0.448883 0.403430 0.448883 0.404332 0.448206 0.405235 0.448206 0.407040 0.447529 0.407942 0.447529 0.409747 0.446852 0.410650 0.446852 0.413357 0.446175 0.414260 0.446175 0.419675 0.445498 0.420578 0.445498 0.426895 0.446175 0.427798 0.446175 0.437726 0.446852 0.438628 0.446852 0.440433 0.446175 0.441336 0.446175 0.444946 0.446852 0.445848 0.446175 0.446751 0.446175 0.457581 0.445498 0.458484 0.445498 0.476534 0.446175 0.477437 0.446175 0.478339 0.446852 0.479242 0.446852 0.481047 0.447529 0.481949 0.447529 0.487365 0.448206 0.488267 0.448206 0.491877 0.448883 0.492780 0.448883 0.494585 0.449560 0.495487 0.449560 0.496390 0.450914 0.498195 0.450914 0.502708 0.450237 0.503610 0.450237 0.505415 0.449560 0.506318 0.449560 0.512635 0.450237 0.513538 0.450237 0.521661 0.450914 0.522563 0.450914 0.528881 0.450237 0.529783 0.450237 0.550542 0.450914 0.551444 0.450914 0.560469 0.450237 0.561372 0.450237 0.571300 0.449560 0.572202 0.449560 0.577617 0.448883 0.578520 0.448883 0.588448 0.448206 0.589350 0.448206 0.592058 0.447529 0.592960 0.447529 0.598375 0.448883 0.600181 0.448883 0.601083 0.449560 0.601986 0.450237 0.601986 0.450914 0.602888 0.452268 0.602888 0.452945 0.603791 0.454976 0.603791 0.455653 0.604693 0.457684 0.604693 0.458362 0.605596 0.461747 0.605596 0.462424 0.606498 0.473257 0.606498 0.473934 0.605596 0.475288 0.605596 0.475965 0.604693 0.476642 0.604693 0.477996 0.602888 0.477996 0.592960 0.478673 0.592058 0.478673 0.591155 0.477996 0.590253 0.477996 0.588448 0.476642 0.586643 0.475965 0.586643 0.475288 0.585740 0.474611 0.585740 0.473934 0.584838 0.473257 0.584838 0.471225 0.582130 0.471225 0.568592 0.471903 0.567690 0.471903 0.548736 0.472580 0.547834 0.472580 0.543321 0.473257 0.542419 0.473257 0.539711 0.473934 0.538809 0.473934 0.534296 0.474611 0.533394 0.474611 0.526173 0.473934 0.525271 0.473934 0.518051 0.474611 0.517148 0.474611 0.507220 0.475288 0.506318 0.475288 0.500903 0.475965 0.500000 0.475965 0.497292 0.476642 0.496390 0.476642 0.494585 0.477996 0.492780 0.477996 0.491877 0.478673 0.490975 0.479350 0.490975 0.480704 0.489170 0.480704 0.488267 0.481381 0.487365 0.481381 0.484657 0.482058 0.483755 0.482058 0.482852 0.484089 0.480144 0.484089 0.478339 0.484766 0.477437 0.484766 0.453069 0.485443 0.452166 0.485443 0.451264 0.486121 0.450361 0.486121 0.449458 0.487475 0.447653 0.488152 0.447653 0.490183 0.444946 0.490860 0.444946 0.492214 0.443141 0.492214 0.442238 0.492891 0.441336 0.492891 0.440433 0.493568 0.439531 0.493568 0.437726 0.494245 0.436823 0.494245 0.435018 0.494922 0.434116 0.494922 0.432310 0.495599 0.431408 0.495599 0.422383 0.496276 0.421480 0.496276 0.419675 0.497630 0.417870 0.496953 0.416968 0.496953 0.416065 0.496276 0.415162 0.496276 0.414260 0.494922 0.412455 0.494922 0.410650 0.494245 0.409747 0.494245 0.408845 0.493568 0.407942 0.493568 0.407040 0.492891 0.406137 0.492891 0.405235 0.490183 0.401625 0.487475 0.401625 0.486798 0.402527 0.486798 0.403430 0.486121 0.404332 0.486121 0.405235 0.485443 0.406137 0.485443 0.412455 0.484766 0.413357 0.484766 0.414260 0.484089 0.415162 0.480704 0.410650 0.480027 0.410650 0.479350 0.409747 0.479350 0.408845 0.478673 0.407942 0.478673 0.407040 0.477319 0.405235 0.477319 0.404332 0.475288 0.401625 0.475288 0.399819 0.474611 0.398917 0.474611 0.396209 0.475288 0.395307 0.475288 0.393502 0.478673 0.388989 0.478673 0.388087 0.479350 0.387184 0.479350 0.385379 0.480027 0.384477 0.480027 0.383574 0.480704 0.382671 0.480704 0.379061 0.481381 0.378159 0.481381 0.371841 0.482058 0.370939 0.482058 0.367329 0.481381 0.366426 0.481381 0.362816 0.480704 0.361913 0.480704 0.360108 0.480027 0.359206 0.480027 0.358303 0.476642 0.353791 0.475965 0.353791 0.474611 0.351986 0.473257 0.351986 0.472580 0.351083
0 0.504401 0.370939 0.503724 0.371841 0.501693 0.371841 0.500339 0.373646 0.500339 0.374549 0.498984 0.376354 0.498984 0.379061 0.498307 0.379964 0.498307 0.381769 0.497630 0.382671 0.497630 0.383574 0.496953 0.384477 0.496953 0.385379 0.496276 0.386282 0.496276 0.388087 0.495599 0.388989 0.495599 0.405235 0.496276 0.406137 0.496276 0.409747 0.496953 0.410650 0.496953 0.411552 0.497630 0.412455 0.498307 0.412455 0.498984 0.413357 0.498984 0.416065 0.499661 0.416968 0.499661 0.417870 0.498984 0.418773 0.498984 0.421480 0.498307 0.422383 0.498307 0.424188 0.497630 0.425090 0.497630 0.429603 0.496953 0.430505 0.496953 0.439531 0.497630 0.440433 0.497630 0.444043 0.498307 0.444946 0.498307 0.450361 0.498984 0.451264 0.498984 0.454874 0.499661 0.455776 0.499661 0.458484 0.500339 0.459386 0.500339 0.462094 0.501016 0.462996 0.501016 0.465704 0.501693 0.466606 0.501693 0.471119 0.502370 0.472022 0.502370 0.479242 0.503047 0.480144 0.503047 0.487365 0.503724 0.488267 0.503724 0.492780 0.504401 0.493682 0.504401 0.498195 0.505078 0.499097 0.505078 0.501805 0.504401 0.502708 0.504401 0.504513 0.503047 0.506318 0.503047 0.507220 0.502370 0.508123 0.502370 0.509025 0.504401 0.511733 0.509140 0.511733 0.511848 0.508123 0.512525 0.508123 0.513202 0.507220 0.513879 0.507220 0.514557 0.506318 0.515234 0.506318 0.515911 0.507220 0.516588 0.507220 0.517265 0.508123 0.517942 0.508123 0.518619 0.509025 0.520650 0.509025 0.521327 0.509928 0.522681 0.509928 0.523358 0.509025 0.524035 0.509025 0.524712 0.508123 0.525389 0.508123 0.525389 0.505415 0.526066 0.504513 0.525389 0.503610 0.525389 0.502708 0.524712 0.501805 0.524712 0.500903 0.524035 0.500000 0.524035 0.499097 0.523358 0.498195 0.523358 0.493682 0.524035 0.492780 0.524035 0.490975 0.524712 0.490072 0.524712 0.488267 0.525389 0.487365 0.525389 0.484657 0.526066 0.483755 0.526066 0.471119 0.525389 0.470217 0.525389 0.437726 0.528775 0.433213 0.528775 0.432310 0.529452 0.431408 0.529452 0.425090 0.528775 0.424188 0.528775 0.418773 0.528097 0.417870 0.528097 0.416065 0.527420 0.415162 0.527420 0.413357 0.526066 0.411552 0.526066 0.410650 0.525389 0.409747 0.524712 0.409747 0.524035 0.408845 0.522681 0.408845 0.522004 0.407942 0.513879 0.407942 0.513202 0.407040 0.504401 0.407040 0.503047 0.405235 0.503047 0.403430 0.502370 0.402527 0.502370 0.399819 0.501693 0.398917 0.501693 0.395307 0.503724 0.392599 0.507109 0.392599 0.507786 0.391697 0.509817 0.391697 0.510494 0.390794 0.511171 0.390794 0.511848 0.389892 0.511848 0.388989 0.512525 0.388087 0.512525 0.374549 0.511848 0.373646 0.511848 0.372744 0.511171 0.372744 0.510494 0.371841 0.507786 0.371841 0.507109 0.370939
0 0.701422 0.456679 0.700745 0.457581 0.700068 0.457581 0.700068 0.464801 0.700745 0.465704 0.700745 0.468412 0.701422 0.469314 0.701422 0.471119 0.702099 0.472022 0.702099 0.473827 0.702776 0.474729 0.702776 0.478339 0.703453 0.479242 0.703453 0.482852 0.702776 0.483755 0.702776 0.484657 0.702099 0.485560 0.702099 0.486462 0.701422 0.487365 0.702099 0.488267 0.702099 0.490072 0.703453 0.491877 0.703453 0.492780 0.704807 0.494585 0.704807 0.495487 0.705484 0.496390 0.705484 0.497292 0.706161 0.498195 0.706161 0.500903 0.706838 0.501805 0.706838 0.505415 0.707515 0.506318 0.707515 0.508123 0.708192 0.509025 0.708192 0.509928 0.708869 0.510830 0.708869 0.511733 0.709546 0.512635 0.709546 0.514440 0.710223 0.515343 0.710223 0.521661 0.710900 0.522563 0.712255 0.522563 0.712932 0.523466 0.714286 0.523466 0.714963 0.522563 0.716317 0.522563 0.716994 0.521661 0.717671 0.521661 0.717671 0.520758 0.719025 0.518953 0.719025 0.517148 0.719702 0.516245 0.719702 0.514440 0.719025 0.513538 0.719025 0.508123 0.718348 0.507220 0.718348 0.506318 0.717671 0.505415 0.717671 0.503610 0.716994 0.502708 0.716994 0.501805 0.716317 0.500903 0.716317 0.498195 0.715640 0.497292 0.715640 0.494585 0.714963 0.493682 0.714963 0.491877 0.714286 0.490975 0.714286 0.489170 0.713609 0.488267 0.713609 0.487365 0.712932 0.486462 0.712255 0.486462 0.710223 0.483755 0.710223 0.481047 0.710900 0.480144 0.710900 0.469314 0.710223 0.468412 0.710223 0.465704 0.709546 0.464801 0.709546 0.462996 0.708869 0.462094 0.708869 0.461191 0.707515 0.459386 0.706838 0.459386 0.706161 0.458484 0.704807 0.458484 0.704130 0.457581 0.703453 0.457581 0.702776 0.456679
0 0.685173 0.452166 0.685173 0.453069 0.682464 0.456679 0.682464 0.458484 0.681787 0.459386 0.681787 0.475632 0.682464 0.476534 0.682464 0.477437 0.683142 0.478339 0.683142 0.479242 0.683819 0.479242 0.684496 0.480144 0.684496 0.481047 0.685173 0.481949 0.685173 0.483755 0.684496 0.484657 0.684496 0.485560 0.683819 0.486462 0.683819 0.490975 0.684496 0.491877 0.684496 0.498195 0.685173 0.499097 0.685173 0.504513 0.685850 0.505415 0.685850 0.506318 0.686527 0.507220 0.686527 0.508123 0.688558 0.510830 0.689235 0.510830 0.689235 0.509928 0.689912 0.509025 0.689912 0.508123 0.690589 0.507220 0.690589 0.506318 0.691266 0.505415 0.691266 0.504513 0.691943 0.503610 0.691943 0.500903 0.692620 0.500000 0.692620 0.492780 0.693297 0.491877 0.693297 0.490975 0.692620 0.490072 0.692620 0.488267 0.691943 0.487365 0.691943 0.486462 0.691266 0.485560 0.690589 0.485560 0.689235 0.483755 0.690589 0.481949 0.691266 0.481949 0.692620 0.480144 0.693297 0.480144 0.693297 0.479242 0.694651 0.477437 0.694651 0.476534 0.693974 0.475632 0.693974 0.473827 0.693297 0.472924 0.693297 0.472022 0.692620 0.471119 0.692620 0.467509 0.691943 0.466606 0.691943 0.463899 0.691266 0.462996 0.691266 0.462094 0.690589 0.461191 0.690589 0.460289 0.689235 0.458484 0.689235 0.457581
0 0.705484 0.410650 0.704807 0.411552 0.704130 0.411552 0.703453 0.412455 0.702776 0.412455 0.701422 0.414260 0.700745 0.414260 0.700745 0.418773 0.701422 0.419675 0.701422 0.429603 0.702099 0.430505 0.702099 0.433213 0.702776 0.434116 0.702776 0.435018 0.704807 0.437726 0.704807 0.438628 0.707515 0.442238 0.708192 0.442238 0.708869 0.443141 0.710223 0.443141 0.710900 0.442238 0.711578 0.442238 0.712255 0.441336 0.712255 0.439531 0.712932 0.438628 0.712932 0.435921 0.713609 0.435018 0.713609 0.424188 0.714286 0.423285 0.714286 0.421480 0.713609 0.420578 0.713609 0.418773 0.712932 0.417870 0.712932 0.416968 0.709546 0.412455 0.708869 0.412455 0.708192 0.411552 0.707515 0.411552 0.706838 0.410650
1 0.503047 0.370939 0.502370 0.371841 0.501016 0.371841 0.500339 0.372744 0.499661 0.372744 0.499661 0.373646 0.496953 0.377256 0.496953 0.378159 0.495599 0.379964 0.495599 0.381769 0.494922 0.382671 0.494922 0.387184 0.495599 0.387184 0.496276 0.388087 0.499661 0.388087 0.500339 0.388989 0.502370 0.388989 0.503047 0.389892 0.508463 0.389892 0.509140 0.388989 0.509817 0.388989 0.511171 0.387184 0.511848 0.387184 0.511848 0.379964 0.512525 0.379061 0.512525 0.377256 0.513202 0.376354 0.513202 0.375451 0.512525 0.374549 0.512525 0.373646 0.511848 0.372744 0.511171 0.372744 0.510494 0.371841 0.509140 0.371841 0.508463 0.370939
1 0.497630 0.375451 0.494245 0.379964 0.494245 0.385379 0.494922 0.386282 0.501693 0.386282 0.501693 0.384477 0.502370 0.383574 0.502370 0.380866 0.501693 0.379964 0.501693 0.379061 0.501016 0.378159 0.501016 0.377256 0.500339 0.376354 0.499661 0.376354 0.498984 0.375451
1 0.413676 0.350181 0.412999 0.351083 0.412322 0.351083 0.411645 0.351986 0.410968 0.351986 0.409614 0.353791 0.408937 0.353791 0.406229 0.357401 0.406229 0.358303 0.405552 0.359206 0.405552 0.360108 0.404875 0.361011 0.404875 0.361913 0.404198 0.362816 0.404198 0.364621 0.403521 0.365523 0.403521 0.367329 0.402844 0.368231 0.402844 0.376354 0.403521 0.377256 0.403521 0.378159 0.404198 0.379061 0.404875 0.379061 0.405552 0.379964 0.406229 0.379964 0.406906 0.380866 0.407583 0.380866 0.408260 0.381769 0.408937 0.380866 0.410968 0.380866 0.411645 0.381769 0.421124 0.381769 0.421801 0.380866 0.423155 0.380866 0.423832 0.379964 0.425186 0.379964 0.425863 0.379061 0.426540 0.379061 0.427217 0.378159 0.428571 0.378159 0.429926 0.376354 0.429926 0.374549 0.430603 0.373646 0.430603 0.366426 0.429926 0.365523 0.429926 0.362816 0.429248 0.361913 0.429248 0.361011 0.427217 0.358303 0.427217 0.357401 0.424509 0.353791 0.423832 0.353791 0.421801 0.351083 0.420447 0.351083 0.419770 0.350181
1 0.170616 0.301444 0.169939 0.302347 0.167908 0.302347 0.167231 0.303249 0.166554 0.303249 0.165877 0.304152 0.165200 0.304152 0.164523 0.305054 0.163846 0.305054 0.162492 0.306859 0.161814 0.306859 0.158429 0.311372 0.158429 0.312274 0.157075 0.314079 0.157075 0.314982 0.156398 0.315884 0.156398 0.317690 0.155721 0.318592 0.155721 0.320397 0.155044 0.321300 0.155044 0.325812 0.154367 0.326715 0.154367 0.334838 0.153690 0.335740 0.153690 0.342058 0.154367 0.342960 0.154367 0.343863 0.155044 0.343863 0.155721 0.344765 0.156398 0.344765 0.157075 0.345668 0.165200 0.345668 0.165877 0.344765 0.169939 0.344765 0.170616 0.343863 0.172647 0.343863 0.173324 0.342960 0.176032 0.342960 0.176710 0.342058 0.180095 0.342058 0.180772 0.341155 0.183480 0.341155 0.184157 0.340253 0.186865 0.340253 0.187542 0.339350 0.190251 0.339350 0.190928 0.338448 0.199052 0.338448 0.200406 0.336643 0.200406 0.333935 0.199729 0.333032 0.199729 0.331227 0.198375 0.329422 0.198375 0.328520 0.197698 0.327617 0.197698 0.326715 0.197021 0.325812 0.197021 0.323105 0.196344 0.322202 0.196344 0.320397 0.194990 0.318592 0.194990 0.317690 0.194313 0.316787 0.194313 0.315884 0.189573 0.309567 0.188896 0.309567 0.188219 0.308664 0.187542 0.308664 0.186188 0.306859 0.185511 0.306859 0.184834 0.305957 0.184157 0.305957 0.183480 0.305054 0.182803 0.305054 0.181449 0.303249 0.180772 0.303249 0.180095 0.302347 0.178064 0.302347 0.177387 0.301444
1 0.283006 0.420578 0.282329 0.421480 0.280975 0.421480 0.278944 0.424188 0.278944 0.425090 0.278267 0.425993 0.278267 0.433213 0.278944 0.434116 0.280298 0.434116 0.280975 0.435018 0.287068 0.435018 0.287745 0.435921 0.293162 0.435921 0.293839 0.435018 0.293839 0.426895 0.293162 0.425993 0.293162 0.424188 0.291131 0.421480 0.290454 0.421480 0.289777 0.420578
1 0.548409 0.410650 0.547732 0.411552 0.546378 0.411552 0.545701 0.412455 0.545701 0.413357 0.544347 0.415162 0.544347 0.419675 0.545024 0.420578 0.545024 0.421480 0.549086 0.421480 0.549763 0.420578 0.552471 0.420578 0.553148 0.419675 0.553825 0.419675 0.554502 0.418773 0.554502 0.416065 0.553825 0.415162 0.553825 0.414260 0.551794 0.411552 0.551117 0.411552 0.550440 0.410650
1 0.650643 0.333032 0.649966 0.333935 0.648612 0.333935 0.647935 0.334838 0.647258 0.334838 0.645904 0.336643 0.645227 0.336643 0.641165 0.342058 0.641165 0.342960 0.639810 0.344765 0.639810 0.345668 0.639133 0.346570 0.639133 0.350181 0.638456 0.351083 0.638456 0.354693 0.639810 0.356498 0.641165 0.356498 0.641842 0.355596 0.647258 0.355596 0.647935 0.356498 0.654028 0.356498 0.654705 0.357401 0.657414 0.357401 0.658091 0.358303 0.662830 0.358303 0.664184 0.356498 0.664184 0.353791 0.664861 0.352888 0.664861 0.350181 0.664184 0.349278 0.664184 0.344765 0.663507 0.343863 0.663507 0.342960 0.662830 0.342058 0.662830 0.340253 0.662153 0.339350 0.662153 0.338448 0.661476 0.337545 0.661476 0.336643 0.660799 0.336643 0.659445 0.334838 0.658768 0.334838 0.658091 0.333935 0.656737 0.333935 0.656060 0.333032
1 0.919431 0.351986 0.918754 0.352888 0.916723 0.352888 0.916046 0.353791 0.915369 0.353791 0.914692 0.354693 0.914015 0.354693 0.913338 0.355596 0.912661 0.355596 0.909276 0.360108 0.909276 0.361011 0.908599 0.361913 0.908599 0.362816 0.907921 0.363718 0.907921 0.364621 0.907244 0.365523 0.907244 0.367329 0.906567 0.368231 0.906567 0.373646 0.907244 0.374549 0.907244 0.375451 0.907921 0.376354 0.912661 0.376354 0.913338 0.375451 0.914015 0.375451 0.914692 0.374549 0.915369 0.375451 0.918077 0.375451 0.918754 0.374549 0.926879 0.374549 0.927556 0.373646 0.932295 0.373646 0.932972 0.372744 0.932972 0.370939 0.933649 0.370036 0.933649 0.368231 0.932972 0.367329 0.932972 0.363718 0.932295 0.362816 0.932295 0.361913 0.931618 0.361011 0.931618 0.360108 0.927556 0.354693 0.926879 0.354693 0.925525 0.352888 0.924171 0.352888 0.923494 0.351986
1 0.466486 0.351083 0.465809 0.351986 0.465132 0.351986 0.464455 0.352888 0.463778 0.352888 0.461747 0.355596 0.461747 0.356498 0.459716 0.359206 0.459716 0.361011 0.459039 0.361913 0.459039 0.363718 0.458362 0.364621 0.458362 0.367329 0.457684 0.368231 0.457684 0.370036 0.459716 0.372744 0.465809 0.372744 0.466486 0.373646 0.471225 0.373646 0.471903 0.374549 0.474611 0.374549 0.475288 0.375451 0.478673 0.375451 0.479350 0.376354 0.480704 0.376354 0.480704 0.375451 0.481381 0.374549 0.481381 0.371841 0.482058 0.370939 0.482058 0.365523 0.481381 0.364621 0.481381 0.361913 0.480704 0.361011 0.480704 0.359206 0.480027 0.358303 0.480027 0.357401 0.477319 0.353791 0.476642 0.353791 0.475288 0.351986 0.474611 0.351986 0.473934 0.351083
1 0.501693 0.370939 0.501016 0.371841 0.500339 0.371841 0.499661 0.372744 0.499661 0.373646 0.498984 0.374549 0.498984 0.378159 0.499661 0.379061 0.500339 0.379061 0.501016 0.379964 0.501693 0.379964 0.502370 0.379061 0.504401 0.379061 0.505078 0.378159 0.511848 0.378159 0.513202 0.376354 0.513202 0.374549 0.512525 0.373646 0.512525 0.372744 0.511848 0.371841 0.511171 0.371841 0.510494 0.370939
1 0.846987 0.371841 0.846310 0.372744 0.844279 0.372744 0.842925 0.374549 0.842925 0.375451 0.842248 0.376354 0.842248 0.377256 0.841571 0.378159 0.841571 0.386282 0.842925 0.388087 0.843602 0.388087 0.844279 0.388989 0.848341 0.388989 0.849018 0.388087 0.849018 0.387184 0.849695 0.386282 0.849695 0.382671 0.850372 0.381769 0.850372 0.379061 0.851049 0.378159 0.851049 0.372744 0.850372 0.371841
2 0.469871 0.588448 0.469194 0.589350 0.468517 0.589350 0.467840 0.590253 0.467163 0.590253 0.465809 0.592058 0.465132 0.592058 0.463778 0.593863 0.463101 0.593863 0.462424 0.594765 0.461070 0.594765 0.460393 0.595668 0.460393 0.597473 0.459716 0.598375 0.460393 0.599278 0.460393 0.600181 0.461070 0.601083 0.462424 0.601083 0.463101 0.601986 0.462424 0.602888 0.462424 0.603791 0.461747 0.604693 0.462424 0.604693 0.463101 0.605596 0.477319 0.605596 0.478673 0.603791 0.478673 0.602888 0.479350 0.601986 0.479350 0.597473 0.478673 0.596570 0.478673 0.595668 0.476642 0.592960 0.475288 0.592960 0.474611 0.592058 0.473257 0.592058 0.471903 0.590253 0.471225 0.590253 0.470548 0.589350 0.470548 0.588448
2 0.507109 0.501805 0.506432 0.502708 0.505078 0.502708 0.501016 0.508123 0.501016 0.511733 0.503047 0.511733 0.503724 0.512635 0.507786 0.512635 0.508463 0.511733 0.510494 0.511733 0.511848 0.509928 0.511848 0.509025 0.512525 0.508123 0.512525 0.507220 0.511848 0.506318 0.511848 0.504513 0.510494 0.502708 0.509140 0.502708 0.508463 0.501805
2 0.689235 0.526173 0.684496 0.532491 0.684496 0.533394 0.683819 0.534296 0.683819 0.540614 0.684496 0.541516 0.684496 0.543321 0.685173 0.544224 0.685173 0.545126 0.685850 0.545126 0.687204 0.543321 0.689912 0.543321 0.690589 0.542419 0.691266 0.542419 0.691943 0.541516 0.691943 0.540614 0.692620 0.539711 0.692620 0.537906 0.693297 0.537004 0.693297 0.530686 0.692620 0.529783 0.692620 0.527978 0.691943 0.527076 0.691266 0.527076 0.690589 0.526173
2 0.809749 0.498195 0.809072 0.499097 0.807041 0.499097 0.806364 0.500000 0.805010 0.500000 0.804333 0.500903 0.803656 0.500903 0.802979 0.501805 0.802302 0.501805 0.797563 0.508123 0.797563 0.509025 0.798240 0.509928 0.798240 0.510830 0.798917 0.511733 0.808395 0.511733 0.810427 0.509025 0.810427 0.508123 0.811104 0.507220 0.811781 0.507220 0.813135 0.505415 0.813812 0.505415 0.814489 0.504513 0.815843 0.504513 0.816520 0.503610 0.817197 0.503610 0.817874 0.502708 0.817874 0.500903 0.817197 0.500000 0.817197 0.499097 0.816520 0.500000 0.813135 0.500000 0.812458 0.499097 0.811104 0.499097 0.810427 0.498195
2 0.219364 0.731047 0.218687 0.731949 0.218009 0.731949 0.216655 0.733755 0.216655 0.734657 0.215978 0.735560 0.215978 0.740975 0.220041 0.740975 0.220718 0.741877 0.230196 0.741877 0.230873 0.740975 0.232905 0.740975 0.234936 0.738267 0.236290 0.738267 0.236967 0.737365 0.236967 0.735560 0.232905 0.735560 0.232227 0.734657 0.230873 0.734657 0.230196 0.733755 0.229519 0.733755 0.228842 0.732852 0.227488 0.732852 0.226811 0.731949 0.222072 0.731949 0.221395 0.731047
2 0.449560 0.590253 0.448206 0.592058 0.448206 0.592960 0.447529 0.593863 0.447529 0.594765 0.446852 0.595668 0.446852 0.598375 0.447529 0.599278 0.447529 0.600181 0.448206 0.601083 0.448206 0.601986 0.448883 0.602888 0.449560 0.602888 0.450237 0.603791 0.451591 0.603791 0.452268 0.604693 0.453622 0.604693 0.454299 0.605596 0.458362 0.605596 0.459039 0.606498 0.464455 0.606498 0.465132 0.607401 0.470548 0.607401 0.471225 0.606498 0.475288 0.606498 0.475965 0.605596 0.477319 0.605596 0.477319 0.604693 0.477996 0.603791 0.477996 0.602888 0.478673 0.601986 0.478673 0.599278 0.477996 0.598375 0.477996 0.597473 0.475965 0.594765 0.474611 0.594765 0.473934 0.593863 0.473257 0.593863 0.472580 0.592960 0.471903 0.592960 0.469871 0.590253 0.469194 0.590253 0.468517 0.591155 0.466486 0.591155 0.465809 0.592058 0.465132 0.592058 0.464455 0.592960 0.462424 0.592960 0.461747 0.593863 0.457007 0.593863 0.456330 0.592960 0.454976 0.592960 0.453622 0.591155 0.450914 0.591155 0.450237 0.590253
2 0.470548 0.583935 0.468517 0.586643 0.468517 0.587545 0.467840 0.588448 0.467840 0.589350 0.468517 0.590253 0.468517 0.591155 0.469194 0.592058 0.470548 0.592058 0.471225 0.592960 0.471903 0.592960 0.472580 0.593863 0.473257 0.593863 0.473934 0.594765 0.474611 0.594765 0.475288 0.595668 0.475965 0.595668 0.476642 0.596570 0.477319 0.596570 0.477996 0.595668 0.478673 0.595668 0.478673 0.594765 0.479350 0.593863 0.479350 0.588448 0.477319 0.585740 0.476642 0.585740 0.475965 0.584838 0.473934 0.584838 0.473257 0.583935
2 0.918077 0.598375 0.917400 0.599278 0.916046 0.599278 0.915369 0.600181 0.909953 0.600181 0.909276 0.599278 0.907244 0.599278 0.905890 0.601083 0.905890 0.609206 0.906567 0.610108 0.906567 0.611913 0.907244 0.612816 0.907244 0.613718 0.907921 0.614621 0.912661 0.614621 0.913338 0.613718 0.916046 0.613718 0.916723 0.612816 0.917400 0.612816 0.918077 0.611913 0.918077 0.611011 0.918754 0.610108 0.918754 0.602888 0.918077 0.601986
2 0.891672 0.593863 0.890995 0.594765 0.889641 0.594765 0.889641 0.596570 0.888964 0.597473 0.888964 0.598375 0.889641 0.599278 0.889641 0.601083 0.890318 0.601986 0.890318 0.602888 0.891672 0.604693 0.891672 0.605596 0.895735 0.611011 0.895735 0.611913 0.896412 0.611913 0.897089 0.612816 0.898443 0.612816 0.899120 0.613718 0.900474 0.613718 0.901828 0.611913 0.901828 0.605596 0.902505 0.604693 0.902505 0.600181 0.901828 0.599278 0.901828 0.598375 0.898443 0.593863
2 0.893026 0.592960 0.892349 0.593863 0.890318 0.593863 0.889641 0.594765 0.888964 0.594765 0.888964 0.595668 0.888287 0.596570 0.888287 0.598375 0.888964 0.599278 0.888964 0.601083 0.889641 0.601986 0.889641 0.602888 0.890318 0.603791 0.890318 0.604693 0.896412 0.612816 0.900474 0.612816 0.900474 0.611913 0.901151 0.611011 0.901151 0.605596 0.901828 0.604693 0.901828 0.598375 0.899797 0.595668 0.899797 0.594765 0.899120 0.594765 0.898443 0.593863 0.897089 0.593863 0.896412 0.592960
2 0.931618 0.592960 0.930941 0.593863 0.930941 0.598375 0.930264 0.599278 0.930264 0.601986 0.928910 0.603791 0.928910 0.604693 0.925525 0.609206 0.924848 0.609206 0.922817 0.611913 0.922139 0.611913 0.921462 0.612816 0.921462 0.613718 0.922817 0.615523 0.926202 0.615523 0.926879 0.616426 0.945159 0.616426 0.946513 0.614621 0.946513 0.608303 0.945836 0.607401 0.945836 0.605596 0.945159 0.604693 0.945159 0.603791 0.944482 0.602888 0.944482 0.601986 0.943128 0.600181 0.943128 0.599278 0.940420 0.595668 0.939743 0.595668 0.939066 0.594765 0.937712 0.594765 0.937035 0.593863 0.933649 0.593863 0.932972 0.592960
2 0.168585 0.748195 0.167908 0.749097 0.164523 0.749097 0.163846 0.750000 0.162492 0.750000 0.161137 0.751805 0.161137 0.754513 0.160460 0.755415 0.161137 0.756318 0.161137 0.759025 0.161814 0.759928 0.161814 0.760830 0.163846 0.763538 0.165200 0.763538 0.165877 0.764440 0.167908 0.764440 0.168585 0.765343 0.176710 0.765343 0.177387 0.766245 0.212593 0.766245 0.213270 0.765343 0.216655 0.765343 0.218009 0.763538 0.218687 0.763538 0.218687 0.762635 0.219364 0.761733 0.219364 0.760830 0.220041 0.759928 0.220041 0.757220 0.219364 0.756318 0.219364 0.754513 0.217332 0.751805 0.211916 0.751805 0.211239 0.752708 0.209208 0.752708 0.208531 0.753610 0.207177 0.753610 0.206500 0.754513 0.205146 0.754513 0.204469 0.755415 0.200406 0.755415 0.199729 0.756318 0.199052 0.756318 0.198375 0.755415 0.192959 0.755415 0.192282 0.754513 0.191605 0.754513 0.190928 0.753610 0.189573 0.753610 0.188896 0.752708 0.187542 0.752708 0.186865 0.751805 0.184834 0.751805 0.184157 0.750903 0.182803 0.750903 0.182126 0.750000 0.178741 0.750000 0.178064 0.749097 0.173324 0.749097 0.172647 0.748195
2 0.448883 0.587545 0.446175 0.591155 0.446175 0.592960 0.445498 0.593863 0.445498 0.599278 0.448206 0.602888 0.448883 0.602888 0.449560 0.603791 0.450237 0.602888 0.452945 0.602888 0.453622 0.601986 0.453622 0.601083 0.454976 0.599278 0.455653 0.599278 0.457007 0.597473 0.457007 0.596570 0.458362 0.594765 0.457007 0.592960 0.457007 0.592058 0.456330 0.592058 0.455653 0.591155 0.454299 0.591155 0.453622 0.590253 0.452945 0.590253 0.452268 0.589350 0.451591 0.589350 0.450237 0.587545
2 0.411645 0.604693 0.410968 0.605596 0.408937 0.605596 0.408260 0.606498 0.406906 0.606498 0.404875 0.609206 0.404875 0.611011 0.404198 0.611913 0.404875 0.612816 0.406229 0.612816 0.406906 0.613718 0.408260 0.613718 0.408937 0.612816 0.410291 0.612816 0.410968 0.611913 0.414353 0.611913 0.415030 0.612816 0.415708 0.612816 0.416385 0.613718 0.418416 0.613718 0.419093 0.614621 0.419770 0.614621 0.422478 0.618231 0.422478 0.629061 0.423155 0.629964 0.423155 0.633574 0.425186 0.636282 0.425863 0.636282 0.426540 0.635379 0.428571 0.635379 0.430603 0.632671 0.430603 0.630866 0.431280 0.629964 0.431280 0.627256 0.431957 0.626354 0.431280 0.625451 0.431280 0.623646 0.430603 0.622744 0.430603 0.621841 0.429248 0.620036 0.428571 0.620036 0.427894 0.619134 0.427217 0.619134 0.426540 0.618231 0.425863 0.618231 0.425186 0.617329 0.423832 0.617329 0.422478 0.615523 0.422478 0.612816 0.421801 0.611913 0.421801 0.607401 0.421124 0.606498 0.421124 0.605596 0.420447 0.605596 0.419770 0.604693
2 0.670955 0.533394 0.670278 0.534296 0.668923 0.534296 0.668246 0.535199 0.667569 0.535199 0.664184 0.539711 0.664184 0.540614 0.663507 0.541516 0.663507 0.542419 0.662830 0.543321 0.662830 0.544224 0.661476 0.546029 0.661476 0.546931 0.660799 0.547834 0.660799 0.548736 0.660122 0.549639 0.660122 0.550542 0.657414 0.554152 0.657414 0.555957 0.656737 0.556859 0.656737 0.557762 0.656060 0.558664 0.656060 0.560469 0.655383 0.561372 0.655383 0.562274 0.654028 0.564079 0.654028 0.565884 0.653351 0.566787 0.653351 0.569495 0.652674 0.570397 0.652674 0.571300 0.653351 0.572202 0.653351 0.573105 0.654028 0.573105 0.656060 0.575812 0.656737 0.575812 0.660799 0.581227 0.660799 0.582130 0.661476 0.583032 0.662153 0.583032 0.663507 0.584838 0.664861 0.584838 0.666892 0.582130 0.667569 0.582130 0.668246 0.581227 0.668246 0.580325 0.669601 0.578520 0.669601 0.577617 0.670278 0.576715 0.670278 0.575812 0.671632 0.574007 0.671632 0.573105 0.672986 0.571300 0.672986 0.570397 0.675017 0.567690 0.675017 0.566787 0.676371 0.564982 0.676371 0.564079 0.678402 0.561372 0.678402 0.560469 0.679079 0.559567 0.679079 0.558664 0.679756 0.557762 0.679756 0.556859 0.681787 0.554152 0.681787 0.553249 0.682464 0.552347 0.682464 0.551444 0.683819 0.549639 0.683819 0.547834 0.685173 0.546029 0.685173 0.543321 0.684496 0.542419 0.684496 0.539711 0.683819 0.538809 0.683819 0.537906 0.683142 0.537004 0.682464 0.537004 0.681787 0.536101 0.681110 0.536101 0.679756 0.534296 0.678402 0.534296 0.677725 0.533394
2 0.684496 0.486462 0.683819 0.487365 0.683819 0.496390 0.684496 0.497292 0.684496 0.504513 0.685173 0.505415 0.685173 0.508123 0.685850 0.509025 0.685850 0.509928 0.688558 0.513538 0.689235 0.512635 0.689235 0.510830 0.689912 0.509928 0.689912 0.509025 0.690589 0.508123 0.690589 0.507220 0.691266 0.506318 0.691266 0.505415 0.691943 0.504513 0.691943 0.502708 0.692620 0.501805 0.692620 0.490072 0.691943 0.489170 0.691943 0.488267 0.691266 0.488267 0.689912 0.486462
2 0.399458 0.592960 0.398781 0.593863 0.398104 0.593863 0.396750 0.595668 0.396750 0.596570 0.396073 0.597473 0.396073 0.598375 0.395396 0.599278 0.395396 0.601083 0.394719 0.601986 0.394719 0.605596 0.396073 0.607401 0.396073 0.608303 0.396750 0.608303 0.397427 0.609206 0.398781 0.609206 0.399458 0.610108 0.400135 0.610108 0.400812 0.611011 0.401490 0.610108 0.402167 0.610108 0.402844 0.609206 0.402844 0.608303 0.403521 0.607401 0.403521 0.596570 0.402844 0.595668 0.402844 0.594765 0.401490 0.592960
2 0.851049 0.508123 0.850372 0.509025 0.844956 0.509025 0.844279 0.509928 0.844279 0.511733 0.843602 0.512635 0.843602 0.517148 0.844279 0.518051 0.851726 0.518051 0.853081 0.516245 0.853081 0.512635 0.853758 0.511733 0.853081 0.510830 0.853081 0.509928 0.852404 0.509025 0.852404 0.508123
2 0.633040 0.552347 0.632363 0.553249 0.631686 0.553249 0.631686 0.556859 0.631009 0.557762 0.631009 0.560469 0.631686 0.561372 0.631686 0.581227 0.632363 0.582130 0.632363 0.592058 0.633040 0.592960 0.633040 0.601986 0.632363 0.602888 0.632363 0.603791 0.631686 0.604693 0.631686 0.605596 0.630332 0.607401 0.630332 0.608303 0.629655 0.609206 0.629655 0.611913 0.631009 0.613718 0.632363 0.613718 0.633040 0.614621 0.635071 0.614621 0.635748 0.615523 0.639810 0.615523 0.640487 0.614621 0.643873 0.614621 0.644550 0.613718 0.645227 0.613718 0.645227 0.612816 0.645904 0.611913 0.645904 0.601986 0.645227 0.601083 0.645227 0.583935 0.645904 0.583032 0.645904 0.577617 0.646581 0.576715 0.646581 0.569495 0.647258 0.568592 0.647258 0.559567 0.647935 0.558664 0.647935 0.553249 0.647258 0.552347
2 0.424509 0.618231 0.423832 0.619134 0.423832 0.624549 0.423155 0.625451 0.423155 0.629061 0.423832 0.629964 0.423832 0.634477 0.425186 0.636282 0.426540 0.636282 0.427217 0.635379 0.428571 0.635379 0.429248 0.634477 0.429926 0.634477 0.429926 0.633574 0.430603 0.632671 0.430603 0.631769 0.431280 0.630866 0.431280 0.629061 0.431957 0.628159 0.431957 0.625451 0.431280 0.624549 0.431280 0.622744 0.428571 0.619134 0.426540 0.619134 0.425863 0.618231
2 0.519973 0.497292 0.519296 0.498195 0.517942 0.498195 0.515234 0.501805 0.515234 0.502708 0.514557 0.503610 0.514557 0.505415 0.516588 0.508123 0.517265 0.508123 0.517942 0.509025 0.518619 0.509025 0.519296 0.509928 0.524712 0.509928 0.525389 0.509025 0.526066 0.509025 0.526743 0.508123 0.526743 0.503610 0.526066 0.502708 0.526066 0.501805 0.522681 0.497292
2 0.714963 0.509928 0.714286 0.510830 0.712255 0.510830 0.711578 0.511733 0.710900 0.511733 0.710900 0.512635 0.710223 0.513538 0.710223 0.515343 0.709546 0.516245 0.709546 0.519856 0.708869 0.520758 0.708869 0.521661 0.710223 0.523466 0.712255 0.523466 0.712932 0.524368 0.713609 0.524368 0.714286 0.523466 0.717671 0.523466 0.718348 0.522563 0.719702 0.522563 0.720379 0.521661 0.721056 0.521661 0.721733 0.520758 0.721733 0.517148 0.721056 0.516245 0.721056 0.515343 0.720379 0.514440 0.720379 0.512635 0.718348 0.509928
2 0.643196 0.594765 0.640487 0.598375 0.639133 0.598375 0.638456 0.597473 0.636425 0.597473 0.635748 0.596570 0.634394 0.596570 0.633717 0.595668 0.633717 0.598375 0.633040 0.599278 0.633040 0.601986 0.631686 0.603791 0.631686 0.604693 0.629655 0.607401 0.629655 0.611011 0.628978 0.611913 0.630332 0.613718 0.631009 0.613718 0.631686 0.614621 0.632363 0.614621 0.633040 0.615523 0.637102 0.615523 0.637779 0.616426 0.640487 0.616426 0.641165 0.615523 0.643873 0.615523 0.644550 0.614621 0.645227 0.614621 0.645904 0.613718 0.645904 0.611913 0.646581 0.611011 0.646581 0.605596 0.645904 0.604693 0.645904 0.602888 0.645227 0.601986 0.645227 0.601083 0.644550 0.600181 0.644550 0.598375 0.643873 0.597473 0.643873 0.594765
2 0.844956 0.497292 0.844279 0.498195 0.844279 0.500903 0.843602 0.501805 0.843602 0.508123 0.844279 0.509025 0.844279 0.515343 0.845633 0.517148 0.850372 0.517148 0.851049 0.516245 0.851726 0.516245 0.853081 0.514440 0.853081 0.512635 0.853758 0.511733 0.853758 0.499097 0.852404 0.497292
2 0.411645 0.603791 0.410968 0.604693 0.408260 0.604693 0.404198 0.610108 0.404198 0.611011 0.402844 0.612816 0.402844 0.613718 0.402167 0.614621 0.402167 0.616426 0.401490 0.617329 0.401490 0.620036 0.400812 0.620939 0.400812 0.625451 0.400135 0.626354 0.400135 0.633574 0.400812 0.634477 0.400812 0.651625 0.401490 0.652527 0.401490 0.656137 0.402167 0.657040 0.402167 0.664260 0.402844 0.665162 0.402844 0.667870 0.403521 0.668773 0.403521 0.670578 0.404875 0.672383 0.404875 0.673285 0.406229 0.675090 0.407583 0.675090 0.408260 0.675993 0.415030 0.675993 0.415708 0.675090 0.418416 0.675090 0.421801 0.670578 0.421801 0.669675 0.422478 0.668773 0.422478 0.643502 0.423155 0.642599 0.423155 0.638989 0.423832 0.638087 0.423832 0.637184 0.424509 0.636282 0.424509 0.630866 0.423832 0.629964 0.423832 0.626354 0.424509 0.625451 0.424509 0.619134 0.423832 0.619134 0.422478 0.617329 0.422478 0.615523 0.421801 0.614621 0.421801 0.611011 0.421124 0.610108 0.421124 0.607401 0.419093 0.604693 0.415708 0.604693 0.415030 0.603791
2 0.823968 0.608303 0.823290 0.609206 0.821936 0.609206 0.820582 0.611011 0.820582 0.613718 0.819905 0.614621 0.819905 0.620036 0.819228 0.620939 0.819228 0.623646 0.819905 0.624549 0.819905 0.627256 0.820582 0.628159 0.820582 0.632671 0.821936 0.634477 0.821936 0.635379 0.823968 0.638087 0.824645 0.638087 0.825999 0.639892 0.826676 0.639892 0.827353 0.640794 0.828707 0.640794 0.829384 0.641697 0.832769 0.641697 0.833446 0.642599 0.836831 0.642599 0.837508 0.641697 0.838863 0.641697 0.840894 0.638989 0.841571 0.638989 0.842248 0.639892 0.842925 0.639892 0.843602 0.640794 0.846310 0.640794 0.846987 0.641697 0.855112 0.641697 0.855789 0.640794 0.856466 0.640794 0.857143 0.639892 0.857143 0.638989 0.857820 0.638087 0.857820 0.636282 0.857143 0.635379 0.857143 0.632671 0.856466 0.631769 0.856466 0.629964 0.855789 0.629061 0.855789 0.628159 0.853758 0.625451 0.853081 0.625451 0.851049 0.622744 0.850372 0.622744 0.849695 0.621841 0.849018 0.621841 0.848341 0.620939 0.847664 0.620939 0.846987 0.620036 0.844956 0.620036 0.844279 0.619134 0.838863 0.619134 0.838186 0.618231 0.837508 0.618231 0.836831 0.617329 0.836154 0.617329 0.835477 0.616426 0.834800 0.616426 0.833446 0.614621 0.832769 0.614621 0.832092 0.613718 0.831415 0.613718 0.830061 0.611913 0.829384 0.611913 0.828707 0.611011 0.827353 0.611011 0.826676 0.610108 0.825999 0.610108 0.824645 0.608303
3 0.418416 0.397112 0.417739 0.398014 0.417062 0.398014 0.416385 0.398917 0.415708 0.398917 0.415030 0.399819 0.414353 0.399819 0.413676 0.400722 0.412999 0.400722 0.412322 0.401625 0.410968 0.401625 0.410291 0.402527 0.408260 0.402527 0.407583 0.403430 0.395396 0.403430 0.394719 0.404332 0.392688 0.404332 0.392011 0.405235 0.390657 0.405235 0.389303 0.407040 0.388626 0.407040 0.387949 0.407942 0.387949 0.408845 0.386594 0.410650 0.386594 0.414260 0.385917 0.415162 0.386594 0.416065 0.386594 0.429603 0.387271 0.430505 0.387271 0.433213 0.387949 0.434116 0.387949 0.436823 0.388626 0.437726 0.388626 0.440433 0.389303 0.441336 0.389303 0.444043 0.389980 0.444946 0.389980 0.448556 0.390657 0.449458 0.390657 0.451264 0.391334 0.452166 0.391334 0.455776 0.392011 0.456679 0.392011 0.461191 0.392688 0.462094 0.392688 0.473827 0.392011 0.474729 0.392011 0.476534 0.391334 0.477437 0.391334 0.479242 0.390657 0.480144 0.390657 0.481949 0.389980 0.482852 0.389980 0.487365 0.390657 0.488267 0.394042 0.488267 0.394719 0.487365 0.396750 0.487365 0.397427 0.486462 0.399458 0.486462 0.400135 0.485560 0.403521 0.485560 0.404198 0.484657 0.407583 0.484657 0.408260 0.485560 0.410968 0.485560 0.411645 0.486462 0.414353 0.486462 0.415030 0.487365 0.416385 0.487365 0.417062 0.488267 0.417739 0.488267 0.418416 0.489170 0.419770 0.489170 0.420447 0.490072 0.421124 0.490072 0.421801 0.490975 0.422478 0.490975 0.423155 0.491877 0.424509 0.491877 0.425863 0.493682 0.426540 0.493682 0.427217 0.494585 0.427894 0.494585 0.428571 0.495487 0.429248 0.495487 0.429926 0.494585 0.431957 0.494585 0.431957 0.493682 0.432634 0.492780 0.432634 0.491877 0.433311 0.490975 0.433311 0.483755 0.432634 0.483755 0.430603 0.481047 0.429926 0.481047 0.429248 0.480144 0.428571 0.480144 0.427894 0.479242 0.426540 0.479242 0.425863 0.478339 0.425186 0.478339 0.424509 0.477437 0.423832 0.477437 0.423155 0.476534 0.422478 0.476534 0.421801 0.475632 0.419093 0.475632 0.418416 0.474729 0.417062 0.474729 0.416385 0.473827 0.415030 0.473827 0.414353 0.472924 0.413676 0.472924 0.412999 0.472022 0.412322 0.472022 0.411645 0.471119 0.410968 0.471119 0.409614 0.469314 0.409614 0.462094 0.410291 0.461191 0.410291 0.459386 0.410968 0.458484 0.410968 0.453971 0.411645 0.453069 0.411645 0.449458 0.412322 0.448556 0.412322 0.444043 0.412999 0.443141 0.412999 0.440433 0.413676 0.439531 0.413676 0.437726 0.414353 0.436823 0.414353 0.435018 0.415030 0.434116 0.415030 0.430505 0.415708 0.429603 0.415708 0.426895 0.416385 0.425993 0.416385 0.424188 0.417062 0.423285 0.417062 0.422383 0.417739 0.421480 0.417739 0.416968 0.418416 0.416065 0.418416 0.414260 0.419093 0.413357 0.419093 0.412455 0.419770 0.411552 0.419770 0.410650 0.421124 0.408845 0.421124 0.407942 0.422478 0.406137 0.422478 0.405235 0.423155 0.404332 0.423155 0.403430 0.424509 0.401625 0.424509 0.398917 0.423155 0.397112