0 0.534868 0.581227 0.532837 0.583935 0.532837 0.584838 0.532160 0.585740 0.532160 0.587545 0.531483 0.588448 0.531483 0.591155 0.530806 0.592058 0.530806 0.595668 0.531483 0.596570 0.531483 0.611011 0.532160 0.611913 0.532160 0.613718 0.532837 0.614621 0.532837 0.615523 0.533514 0.616426 0.533514 0.617329 0.534191 0.618231 0.534191 0.620036 0.536222 0.622744 0.536899 0.621841 0.538930 0.621841 0.539607 0.620939 0.539607 0.613718 0.540284 0.612816 0.540284 0.591155 0.539607 0.590253 0.539607 0.587545 0.538930 0.586643 0.538930 0.583935 0.538253 0.583032 0.538253 0.582130 0.537576 0.581227
0 0.156398 0.551444 0.155721 0.552347 0.153690 0.552347 0.153013 0.553249 0.152336 0.553249 0.148951 0.557762 0.148951 0.559567 0.148274 0.560469 0.148274 0.562274 0.147596 0.563177 0.147596 0.564079 0.143534 0.569495 0.142180 0.569495 0.141503 0.570397 0.140149 0.570397 0.138795 0.572202 0.138118 0.572202 0.137441 0.573105 0.136087 0.573105 0.135410 0.574007 0.135410 0.574910 0.133378 0.577617 0.133378 0.578520 0.132701 0.579422 0.132701 0.580325 0.132024 0.581227 0.132024 0.583032 0.131347 0.583935 0.131347 0.589350 0.130670 0.590253 0.130670 0.596570 0.129993 0.597473 0.129993 0.609206 0.130670 0.610108 0.130670 0.612816 0.131347 0.613718 0.131347 0.629061 0.130670 0.629964 0.130670 0.635379 0.129993 0.636282 0.129993 0.652527 0.129316 0.653430 0.129316 0.672383 0.128639 0.673285 0.128639 0.688628 0.129316 0.689531 0.133378 0.689531 0.134056 0.688628 0.135410 0.688628 0.136087 0.687726 0.138118 0.687726 0.138795 0.686823 0.140149 0.686823 0.140826 0.685921 0.141503 0.685921 0.141503 0.685018 0.142180 0.684116 0.142180 0.683213 0.142857 0.682310 0.142857 0.663357 0.143534 0.662455 0.143534 0.660650 0.144211 0.659747 0.144211 0.658845 0.144888 0.657942 0.144888 0.657040 0.145565 0.656137 0.145565 0.655235 0.146242 0.654332 0.146242 0.653430 0.146919 0.652527 0.146919 0.650722 0.147596 0.649819 0.147596 0.648014 0.148274 0.647112 0.148274 0.646209 0.150305 0.643502 0.150305 0.642599 0.152336 0.639892 0.152336 0.638989 0.159106 0.629964 0.159106 0.629061 0.159783 0.628159 0.159783 0.627256 0.160460 0.626354 0.160460 0.625451 0.161137 0.624549 0.163169 0.624549 0.163846 0.623646 0.165200 0.623646 0.165877 0.622744 0.165877 0.620036 0.166554 0.619134 0.166554 0.615523 0.165877 0.614621 0.165877 0.611011 0.165200 0.610108 0.165200 0.608303 0.164523 0.607401 0.164523 0.605596 0.163846 0.604693 0.163846 0.601986 0.164523 0.601083 0.164523 0.595668 0.165200 0.594765 0.164523 0.593863 0.164523 0.588448 0.163846 0.587545 0.163846 0.585740 0.163169 0.584838 0.163169 0.581227 0.162492 0.580325 0.162492 0.576715 0.165877 0.572202 0.165877 0.571300 0.166554 0.570397 0.166554 0.569495 0.167231 0.568592 0.167231 0.565884 0.167908 0.564982 0.167908 0.560469 0.167231 0.559567 0.167231 0.556859 0.164523 0.553249 0.163846 0.553249 0.163169 0.552347 0.162492 0.552347 0.161814 0.551444
0 0.306703 0.599278 0.306026 0.600181 0.305349 0.600181 0.304672 0.601083 0.302640 0.601083 0.301963 0.601986 0.301286 0.601986 0.300609 0.602888 0.299932 0.602888 0.298578 0.604693 0.297901 0.604693 0.297224 0.605596 0.296547 0.605596 0.294516 0.608303 0.294516 0.615523 0.295193 0.616426 0.295193 0.617329 0.295870 0.618231 0.295870 0.619134 0.296547 0.620036 0.297224 0.620036 0.299932 0.623646 0.299932 0.624549 0.302640 0.628159 0.302640 0.629964 0.303318 0.630866 0.303318 0.631769 0.303995 0.632671 0.303995 0.633574 0.304672 0.634477 0.304672 0.635379 0.305349 0.636282 0.305349 0.637184 0.310765 0.644404 0.310765 0.646209 0.311442 0.647112 0.311442 0.650722 0.312119 0.651625 0.312119 0.652527 0.312796 0.653430 0.312796 0.656137 0.313473 0.657040 0.313473 0.657942 0.318213 0.657942 0.321598 0.653430 0.321598 0.647112 0.322275 0.646209 0.322275 0.641697 0.322952 0.640794 0.322952 0.638087 0.323629 0.637184 0.323629 0.635379 0.322952 0.634477 0.322952 0.630866 0.323629 0.629964 0.322952 0.629061 0.322952 0.628159 0.322275 0.627256 0.322275 0.623646 0.322952 0.622744 0.322952 0.616426 0.323629 0.615523 0.323629 0.613718 0.324306 0.612816 0.324306 0.605596 0.321598 0.601986 0.320244 0.601986 0.319567 0.601083 0.318213 0.601083 0.317536 0.600181 0.315504 0.600181 0.314827 0.599278
0 0.234259 0.568592 0.233582 0.569495 0.232905 0.569495 0.232227 0.570397 0.231550 0.570397 0.230196 0.572202 0.230196 0.573105 0.229519 0.574007 0.229519 0.583032 0.230196 0.583935 0.230196 0.588448 0.229519 0.589350 0.229519 0.601083 0.230196 0.601986 0.230196 0.617329 0.230873 0.618231 0.230873 0.620939 0.230196 0.621841 0.230196 0.626354 0.230873 0.627256 0.230873 0.638087 0.231550 0.638989 0.231550 0.646209 0.232227 0.647112 0.232227 0.649819 0.232905 0.650722 0.232905 0.651625 0.233582 0.652527 0.233582 0.654332 0.236290 0.657942 0.236967 0.657942 0.237644 0.658845 0.238321 0.657942 0.238998 0.657942 0.239675 0.657040 0.241029 0.657040 0.241706 0.656137 0.242383 0.656137 0.243737 0.654332 0.243737 0.646209 0.243060 0.645307 0.243060 0.637184 0.243737 0.636282 0.243737 0.623646 0.244414 0.622744 0.244414 0.619134 0.245091 0.618231 0.245091 0.617329 0.245768 0.616426 0.245768 0.614621 0.246445 0.613718 0.246445 0.610108 0.247123 0.609206 0.247123 0.608303 0.246445 0.607401 0.246445 0.601083 0.245768 0.600181 0.245768 0.593863 0.245091 0.592960 0.245091 0.588448 0.244414 0.587545 0.244414 0.585740 0.243060 0.583935 0.243060 0.583032 0.241706 0.581227 0.241706 0.579422 0.241029 0.578520 0.241029 0.574910 0.240352 0.574007 0.240352 0.573105 0.238321 0.570397 0.237644 0.570397 0.236967 0.569495 0.234936 0.569495
0 0.656737 0.546931 0.656060 0.547834 0.654028 0.547834 0.652674 0.549639 0.651997 0.549639 0.649289 0.553249 0.649289 0.554152 0.648612 0.555054 0.648612 0.558664 0.647935 0.559567 0.647935 0.564982 0.647258 0.565884 0.647258 0.568592 0.647935 0.569495 0.647935 0.573105 0.647258 0.574007 0.647258 0.574910 0.645904 0.576715 0.645227 0.576715 0.643873 0.578520 0.642519 0.578520 0.641842 0.579422 0.640487 0.579422 0.639133 0.581227 0.639133 0.583032 0.638456 0.583935 0.638456 0.584838 0.635748 0.588448 0.635748 0.589350 0.635071 0.590253 0.635071 0.591155 0.632363 0.594765 0.632363 0.596570 0.631686 0.597473 0.631686 0.601083 0.631009 0.601986 0.631009 0.608303 0.632363 0.610108 0.632363 0.611011 0.633717 0.612816 0.634394 0.612816 0.635748 0.614621 0.636425 0.614621 0.637779 0.616426 0.637779 0.618231 0.638456 0.619134 0.638456 0.620036 0.637779 0.620939 0.637779 0.627256 0.637102 0.628159 0.637102 0.629964 0.636425 0.630866 0.636425 0.633574 0.635748 0.634477 0.635748 0.638989 0.635071 0.639892 0.635071 0.644404 0.634394 0.645307 0.634394 0.646209 0.633717 0.647112 0.633717 0.649819 0.633040 0.650722 0.633040 0.661552 0.633717 0.662455 0.633717 0.666065 0.634394 0.666968 0.634394 0.689531 0.633717 0.690433 0.633717 0.694946 0.633040 0.695848 0.633040 0.698556 0.632363 0.699458 0.632363 0.702166 0.631686 0.703069 0.631686 0.704874 0.631009 0.705776 0.631009 0.707581 0.630332 0.708484 0.630332 0.711191 0.629655 0.712094 0.629655 0.714801 0.628978 0.715704 0.628978 0.717509 0.628301 0.718412 0.628301 0.719314 0.627624 0.720217 0.627624 0.721119 0.626269 0.722924 0.626269 0.723827 0.625592 0.724729 0.625592 0.725632 0.624915 0.726534 0.624915 0.727437 0.624238 0.728339 0.624238 0.730144 0.622207 0.732852 0.621530 0.732852 0.620853 0.733755 0.619499 0.733755 0.618145 0.735560 0.617468 0.735560 0.616791 0.736462 0.615437 0.736462 0.614760 0.737365 0.614083 0.737365 0.614083 0.739170 0.615437 0.740975 0.626269 0.740975 0.626947 0.740072 0.632363 0.740072 0.633040 0.739170 0.634394 0.739170 0.635071 0.738267 0.635071 0.737365 0.635748 0.736462 0.635748 0.735560 0.636425 0.734657 0.636425 0.733755 0.637102 0.732852 0.637102 0.731949 0.638456 0.730144 0.638456 0.729242 0.639133 0.728339 0.639133 0.727437 0.639810 0.726534 0.639810 0.724729 0.640487 0.723827 0.640487 0.721119 0.641165 0.720217 0.641165 0.713899 0.641842 0.712996 0.641842 0.710289 0.642519 0.709386 0.642519 0.708484 0.643873 0.706679 0.643873 0.705776 0.644550 0.704874 0.644550 0.703971 0.645227 0.703069 0.645227 0.697653 0.645904 0.696751 0.645904 0.691336 0.646581 0.690433 0.646581 0.689531 0.647258 0.688628 0.647258 0.686823 0.647935 0.685921 0.647935 0.683213 0.648612 0.682310 0.648612 0.679603 0.649289 0.678700 0.649289 0.675090 0.649966 0.674188 0.649966 0.673285 0.650643 0.672383 0.651320 0.672383 0.653351 0.675090 0.653351 0.678700 0.654028 0.679603 0.654028 0.685018 0.654705 0.685921 0.654705 0.722022 0.654028 0.722924 0.654028 0.728339 0.653351 0.729242 0.653351 0.737365 0.654028 0.738267 0.654028 0.739170 0.655383 0.739170 0.656060 0.740072 0.662153 0.740072 0.662830 0.739170 0.664184 0.739170 0.664861 0.738267 0.664861 0.733755 0.664184 0.732852 0.664184 0.726534 0.664861 0.725632 0.664861 0.719314 0.665538 0.718412 0.665538 0.710289 0.666215 0.709386 0.666215 0.687726 0.666892 0.686823 0.666892 0.682310 0.667569 0.681408 0.667569 0.679603 0.668246 0.678700 0.668246 0.673285 0.668923 0.672383 0.668923 0.668773 0.669601 0.667870 0.669601 0.663357 0.670278 0.662455 0.670278 0.651625 0.670955 0.650722 0.670955 0.631769 0.671632 0.630866 0.671632 0.625451 0.672309 0.624549 0.672309 0.622744 0.672986 0.621841 0.672986 0.620036 0.673663 0.619134 0.673663 0.601986 0.672986 0.601083 0.672986 0.595668 0.672309 0.594765 0.672309 0.592960 0.671632 0.592058 0.671632 0.589350 0.670955 0.588448 0.670955 0.586643 0.670278 0.585740 0.670278 0.583935 0.668246 0.581227 0.667569 0.581227 0.666892 0.580325 0.666215 0.580325 0.664184 0.577617 0.664184 0.574007 0.664861 0.573105 0.664861 0.570397 0.665538 0.569495 0.665538 0.556859 0.664861 0.555957 0.664861 0.554152 0.664184 0.553249 0.664184 0.552347 0.662830 0.550542 0.662830 0.549639 0.662153 0.548736 0.661476 0.548736 0.660799 0.547834 0.659445 0.547834 0.658768 0.546931
0 0.630332 0.553249 0.629655 0.554152 0.629655 0.555957 0.628978 0.556859 0.628978 0.563177 0.629655 0.564079 0.629655 0.584838 0.628978 0.585740 0.628978 0.590253 0.628301 0.591155 0.628301 0.592960 0.627624 0.593863 0.627624 0.594765 0.626947 0.595668 0.626947 0.597473 0.626269 0.598375 0.626269 0.606498 0.626947 0.607401 0.627624 0.607401 0.628301 0.608303 0.628301 0.609206 0.626269 0.611913 0.626269 0.619134 0.626947 0.620036 0.626947 0.620939 0.627624 0.621841 0.627624 0.622744 0.628301 0.623646 0.628301 0.626354 0.628978 0.627256 0.628978 0.648014 0.629655 0.648917 0.629655 0.649819 0.631009 0.649819 0.631686 0.648917 0.632363 0.648917 0.633717 0.647112 0.633717 0.645307 0.634394 0.644404 0.634394 0.635379 0.635071 0.634477 0.635071 0.631769 0.635748 0.630866 0.635748 0.629964 0.636425 0.629061 0.636425 0.627256 0.637102 0.626354 0.637102 0.618231 0.633717 0.613718 0.633040 0.613718 0.629655 0.609206 0.629655 0.608303 0.630332 0.607401 0.630332 0.605596 0.631009 0.604693 0.631009 0.601083 0.631686 0.600181 0.631686 0.597473 0.635748 0.592058 0.636425 0.592058 0.637779 0.590253 0.637779 0.589350 0.638456 0.588448 0.638456 0.584838 0.639133 0.583935 0.639133 0.581227 0.641842 0.577617 0.642519 0.577617 0.642519 0.574007 0.641842 0.573105 0.641842 0.572202 0.641165 0.571300 0.641165 0.570397 0.640487 0.569495 0.640487 0.567690 0.639810 0.566787 0.639810 0.565884 0.639133 0.564982 0.639133 0.561372 0.638456 0.560469 0.638456 0.557762 0.637779 0.556859 0.637779 0.555957 0.636425 0.554152 0.635748 0.554152 0.635071 0.553249
0 0.465809 0.576715 0.464455 0.578520 0.464455 0.579422 0.463778 0.580325 0.463778 0.588448 0.463101 0.589350 0.463101 0.591155 0.462424 0.592058 0.462424 0.593863 0.461747 0.594765 0.461747 0.601083 0.462424 0.601986 0.461747 0.602888 0.461747 0.610108 0.462424 0.611011 0.462424 0.619134 0.463101 0.620036 0.463101 0.622744 0.463778 0.623646 0.463778 0.624549 0.464455 0.625451 0.464455 0.628159 0.465132 0.629061 0.465132 0.635379 0.465809 0.636282 0.465809 0.637184 0.469194 0.637184 0.469871 0.636282 0.469871 0.635379 0.470548 0.634477 0.470548 0.629964 0.471225 0.629061 0.471225 0.626354 0.471903 0.625451 0.471903 0.623646 0.472580 0.622744 0.472580 0.619134 0.473257 0.618231 0.473257 0.615523 0.473934 0.614621 0.473934 0.611011 0.474611 0.610108 0.474611 0.607401 0.475288 0.606498 0.475288 0.602888 0.475965 0.601986 0.475965 0.595668 0.475288 0.594765 0.475288 0.592960 0.474611 0.592058 0.474611 0.591155 0.473934 0.590253 0.473934 0.589350 0.471903 0.586643 0.471903 0.581227 0.471225 0.580325 0.471225 0.579422 0.469871 0.577617 0.468517 0.577617 0.467840 0.576715
0 0.095464 0.560469 0.094787 0.561372 0.094110 0.561372 0.093433 0.562274 0.092756 0.562274 0.091401 0.564079 0.091401 0.564982 0.090724 0.565884 0.090724 0.566787 0.090047 0.567690 0.090047 0.574910 0.089370 0.575812 0.089370 0.578520 0.088693 0.579422 0.088693 0.580325 0.088016 0.581227 0.088016 0.582130 0.085308 0.585740 0.084631 0.585740 0.081246 0.590253 0.081246 0.591155 0.080569 0.592058 0.080569 0.593863 0.079892 0.594765 0.079892 0.597473 0.079215 0.598375 0.079215 0.603791 0.078538 0.604693 0.078538 0.613718 0.079215 0.614621 0.079215 0.620036 0.079892 0.620939 0.079892 0.621841 0.080569 0.622744 0.080569 0.623646 0.081246 0.624549 0.081246 0.626354 0.081923 0.627256 0.081923 0.629061 0.082600 0.629964 0.082600 0.631769 0.083277 0.632671 0.083277 0.636282 0.083954 0.637184 0.083954 0.648917 0.083277 0.649819 0.083277 0.655235 0.083954 0.656137 0.083954 0.661552 0.083277 0.662455 0.083277 0.667870 0.083954 0.668773 0.083954 0.669675 0.084631 0.670578 0.084631 0.671480 0.085985 0.673285 0.088016 0.673285 0.088693 0.674188 0.089370 0.674188 0.090724 0.675993 0.090724 0.676895 0.092079 0.678700 0.092079 0.681408 0.092756 0.682310 0.092756 0.683213 0.093433 0.684116 0.093433 0.685018 0.094110 0.685921 0.094110 0.686823 0.094787 0.687726 0.094787 0.688628 0.102234 0.688628 0.102911 0.689531 0.106974 0.689531 0.107651 0.688628 0.108328 0.688628 0.108328 0.681408 0.109005 0.680505 0.109005 0.674188 0.109682 0.673285 0.109682 0.670578 0.110359 0.669675 0.110359 0.666968 0.111036 0.666065 0.111036 0.663357 0.111713 0.662455 0.111713 0.661552 0.112390 0.660650 0.112390 0.658845 0.113067 0.657942 0.113067 0.647112 0.112390 0.646209 0.112390 0.643502 0.111713 0.642599 0.111713 0.638087 0.111036 0.637184 0.111036 0.627256 0.111713 0.626354 0.111713 0.622744 0.112390 0.621841 0.112390 0.620939 0.113067 0.620036 0.113067 0.619134 0.113744 0.618231 0.113744 0.617329 0.115098 0.615523 0.115775 0.615523 0.115775 0.613718 0.116452 0.612816 0.116452 0.607401 0.115775 0.606498 0.115775 0.601083 0.109682 0.592960 0.109682 0.591155 0.109005 0.590253 0.109005 0.586643 0.108328 0.585740 0.108328 0.583935 0.107651 0.583032 0.107651 0.582130 0.106974 0.581227 0.106974 0.579422 0.106297 0.578520 0.106297 0.576715 0.105619 0.575812 0.105619 0.574910 0.104942 0.574007 0.104942 0.573105 0.104265 0.572202 0.104265 0.570397 0.103588 0.569495 0.103588 0.567690 0.102911 0.566787 0.102911 0.565884 0.098849 0.560469
0 0.547055 0.577617 0.547055 0.578520 0.546378 0.579422 0.546378 0.585740 0.545701 0.586643 0.545701 0.592058 0.545024 0.592960 0.545024 0.597473 0.545701 0.598375 0.545701 0.604693 0.546378 0.605596 0.546378 0.609206 0.547055 0.610108 0.547055 0.616426 0.547732 0.617329 0.547732 0.620036 0.548409 0.620939 0.549086 0.620939 0.549763 0.621841 0.552471 0.621841 0.553148 0.620939 0.553825 0.620939 0.555179 0.619134 0.555179 0.605596 0.555856 0.604693 0.555856 0.599278 0.556534 0.598375 0.556534 0.592058 0.555856 0.591155 0.555856 0.590253 0.555179 0.589350 0.555179 0.587545 0.553148 0.584838 0.553148 0.583935 0.552471 0.583032 0.552471 0.582130 0.551794 0.581227 0.551794 0.580325 0.551117 0.579422 0.551117 0.578520 0.550440 0.577617
0 0.497630 0.576715 0.496953 0.577617 0.495599 0.577617 0.494245 0.579422 0.494245 0.581227 0.493568 0.582130 0.493568 0.583032 0.492891 0.583935 0.492891 0.586643 0.492214 0.587545 0.492214 0.594765 0.492891 0.595668 0.492891 0.599278 0.493568 0.600181 0.493568 0.601986 0.494245 0.602888 0.494245 0.609206 0.494922 0.610108 0.494922 0.625451 0.495599 0.626354 0.496276 0.626354 0.496953 0.627256 0.503047 0.627256 0.503724 0.628159 0.505078 0.628159 0.506432 0.626354 0.506432 0.623646 0.505755 0.622744 0.505755 0.615523 0.505078 0.614621 0.505078 0.601986 0.504401 0.601083 0.504401 0.587545 0.503724 0.586643 0.503724 0.583935 0.503047 0.583032 0.503047 0.582130 0.499661 0.577617 0.498984 0.577617 0.498307 0.576715
0 0.314827 0.566787 0.314150 0.567690 0.313473 0.567690 0.311442 0.570397 0.311442 0.573105 0.310765 0.574007 0.310765 0.580325 0.310088 0.581227 0.310088 0.582130 0.309411 0.583032 0.309411 0.585740 0.308734 0.586643 0.308734 0.587545 0.308057 0.588448 0.308057 0.590253 0.307380 0.591155 0.307380 0.592058 0.306703 0.592960 0.306703 0.594765 0.306026 0.595668 0.306026 0.598375 0.314827 0.598375 0.315504 0.599278 0.318213 0.599278 0.318890 0.600181 0.319567 0.600181 0.320244 0.601083 0.320921 0.601083 0.321598 0.601986 0.322275 0.601986 0.322952 0.602888 0.323629 0.602888 0.324306 0.603791 0.324983 0.602888 0.325660 0.602888 0.326337 0.601986 0.326337 0.589350 0.325660 0.588448 0.325660 0.587545 0.324983 0.586643 0.324983 0.584838 0.324306 0.583935 0.324306 0.583032 0.323629 0.582130 0.323629 0.581227 0.322952 0.580325 0.322952 0.579422 0.322275 0.578520 0.322275 0.573105 0.321598 0.572202 0.321598 0.570397 0.320921 0.569495 0.320921 0.568592 0.320244 0.568592 0.319567 0.567690 0.318890 0.567690 0.318213 0.566787
0 0.609343 0.562274 0.607312 0.564982 0.607312 0.566787 0.606635 0.567690 0.606635 0.574910 0.605281 0.576715 0.605281 0.577617 0.603927 0.579422 0.603927 0.580325 0.602573 0.582130 0.602573 0.583935 0.601896 0.584838 0.601896 0.593863 0.601219 0.594765 0.601219 0.598375 0.601896 0.599278 0.601896 0.603791 0.602573 0.604693 0.602573 0.605596 0.603250 0.606498 0.603250 0.608303 0.603927 0.609206 0.603927 0.610108 0.603250 0.611011 0.603250 0.622744 0.602573 0.623646 0.602573 0.628159 0.601896 0.629061 0.601896 0.634477 0.602573 0.635379 0.602573 0.637184 0.603250 0.638087 0.603927 0.638087 0.604604 0.638989 0.605958 0.638989 0.606635 0.639892 0.610020 0.639892 0.610697 0.640794 0.614760 0.640794 0.615437 0.641697 0.616114 0.641697 0.616791 0.640794 0.618145 0.640794 0.618822 0.639892 0.619499 0.639892 0.619499 0.630866 0.618822 0.629964 0.618822 0.619134 0.618145 0.618231 0.618145 0.614621 0.618822 0.613718 0.618822 0.607401 0.619499 0.606498 0.619499 0.604693 0.620176 0.603791 0.620176 0.594765 0.620853 0.593863 0.620853 0.587545 0.620176 0.586643 0.620176 0.580325 0.616791 0.575812 0.616791 0.574910 0.616114 0.574007 0.616114 0.573105 0.615437 0.572202 0.615437 0.571300 0.614760 0.570397 0.614760 0.565884 0.614083 0.564982 0.614083 0.564079 0.613406 0.563177 0.612729 0.563177 0.612051 0.562274
0 0.178741 0.791516 0.176710 0.794224 0.176032 0.794224 0.175355 0.795126 0.174678 0.795126 0.171970 0.798736 0.171293 0.798736 0.168585 0.802347 0.167908 0.802347 0.163846 0.807762 0.163169 0.807762 0.163169 0.808664 0.162492 0.809567 0.162492 0.810469 0.161814 0.811372 0.161137 0.811372 0.159783 0.813177 0.159783 0.814079 0.158429 0.815884 0.158429 0.816787 0.157752 0.817690 0.157752 0.818592 0.157075 0.819495 0.157075 0.824910 0.156398 0.825812 0.156398 0.831227 0.155721 0.832130 0.155721 0.841155 0.156398 0.842058 0.156398 0.847473 0.157075 0.848375 0.157075 0.853791 0.157752 0.854693 0.157752 0.860108 0.158429 0.861011 0.158429 0.865523 0.159106 0.866426 0.159106 0.870036 0.159783 0.870939 0.159783 0.873646 0.160460 0.874549 0.160460 0.879061 0.161137 0.879964 0.161137 0.898917 0.161814 0.899819 0.161814 0.901625 0.163846 0.904332 0.176710 0.904332 0.177387 0.903430 0.179418 0.903430 0.180095 0.902527 0.180772 0.902527 0.181449 0.901625 0.181449 0.895307 0.180772 0.894404 0.180772 0.883574 0.180095 0.882671 0.180095 0.880866 0.179418 0.879964 0.179418 0.878159 0.178741 0.877256 0.178741 0.875451 0.178064 0.874549 0.178064 0.871841 0.177387 0.870939 0.177387 0.862816 0.178064 0.861913 0.178064 0.859206 0.178741 0.858303 0.178741 0.853791 0.179418 0.852888 0.179418 0.848375 0.180095 0.847473 0.180095 0.843863 0.180772 0.842960 0.180772 0.839350 0.181449 0.838448 0.181449 0.834838 0.182126 0.833935 0.182126 0.825812 0.182803 0.824910 0.182803 0.813177 0.183480 0.812274 0.183480 0.807762 0.182803 0.806859 0.182803 0.795126 0.182126 0.794224 0.182126 0.793321 0.181449 0.793321 0.180772 0.792419 0.180095 0.792419 0.179418 0.791516
0 0.178064 0.759928 0.177387 0.760830 0.175355 0.760830 0.174678 0.761733 0.173324 0.761733 0.172647 0.762635 0.171293 0.762635 0.170616 0.763538 0.169262 0.763538 0.168585 0.764440 0.167231 0.764440 0.166554 0.765343 0.165877 0.765343 0.165200 0.766245 0.164523 0.766245 0.163846 0.767148 0.163169 0.767148 0.162492 0.768051 0.161814 0.768051 0.159106 0.771661 0.159106 0.772563 0.158429 0.773466 0.158429 0.780686 0.157752 0.781588 0.157752 0.786101 0.157075 0.787004 0.157075 0.802347 0.157752 0.803249 0.157752 0.804152 0.159783 0.804152 0.160460 0.803249 0.161137 0.803249 0.165200 0.797834 0.165877 0.797834 0.166554 0.796931 0.166554 0.796029 0.167908 0.794224 0.168585 0.794224 0.171293 0.790614 0.171970 0.790614 0.178741 0.781588 0.179418 0.781588 0.180095 0.780686 0.180772 0.780686 0.182126 0.778881 0.182126 0.777978 0.182803 0.777076 0.182803 0.773466 0.183480 0.772563 0.183480 0.761733 0.182126 0.759928
0 0.213270 0.744585 0.212593 0.745487 0.209208 0.745487 0.208531 0.746390 0.205146 0.746390 0.204469 0.747292 0.203114 0.747292 0.202437 0.748195 0.201083 0.748195 0.200406 0.749097 0.197698 0.749097 0.197021 0.750000 0.195667 0.750000 0.194990 0.750903 0.194313 0.750903 0.192282 0.753610 0.192282 0.763538 0.192959 0.764440 0.192959 0.767148 0.193636 0.768051 0.193636 0.772563 0.192959 0.773466 0.192959 0.774368 0.192282 0.775271 0.192282 0.777978 0.191605 0.778881 0.191605 0.784296 0.192282 0.785199 0.192282 0.811372 0.191605 0.812274 0.191605 0.819495 0.192282 0.820397 0.192282 0.824007 0.191605 0.824910 0.191605 0.829422 0.190928 0.830325 0.190928 0.832130 0.191605 0.833032 0.191605 0.847473 0.190928 0.848375 0.191605 0.849278 0.191605 0.855596 0.190928 0.856498 0.190928 0.868231 0.191605 0.869134 0.191605 0.870036 0.192282 0.870939 0.192282 0.871841 0.192959 0.872744 0.194313 0.872744 0.194990 0.873646 0.196344 0.873646 0.197021 0.874549 0.202437 0.874549 0.203114 0.873646 0.203791 0.873646 0.204469 0.872744 0.205146 0.872744 0.205146 0.855596 0.205823 0.854693 0.205823 0.851986 0.206500 0.851083 0.206500 0.846570 0.207177 0.845668 0.207177 0.841155 0.207854 0.840253 0.207854 0.836643 0.208531 0.835740 0.208531 0.832130 0.209208 0.831227 0.209208 0.806859 0.209885 0.805957 0.209885 0.799639 0.210562 0.798736 0.210562 0.796029 0.211239 0.795126 0.211239 0.793321 0.211916 0.792419 0.211916 0.788809 0.212593 0.787906 0.212593 0.786101 0.213270 0.785199 0.213270 0.779783 0.213947 0.778881 0.213947 0.775271 0.214624 0.774368 0.214624 0.771661 0.215301 0.770758 0.215301 0.768051 0.215978 0.767148 0.215978 0.764440 0.216655 0.763538 0.216655 0.759025 0.217332 0.758123 0.217332 0.753610 0.216655 0.752708 0.216655 0.749097 0.215978 0.748195 0.215978 0.747292 0.214624 0.745487 0.213947 0.745487
0 0.183480 0.558664 0.182803 0.559567 0.181449 0.559567 0.180772 0.560469 0.180095 0.560469 0.176710 0.564982 0.176710 0.565884 0.173324 0.570397 0.173324 0.572202 0.172647 0.573105 0.172647 0.574007 0.171970 0.574910 0.171970 0.576715 0.171293 0.577617 0.171293 0.579422 0.170616 0.580325 0.170616 0.586643 0.169939 0.587545 0.169939 0.589350 0.169262 0.590253 0.169262 0.591155 0.166554 0.594765 0.166554 0.595668 0.165877 0.596570 0.165877 0.606498 0.166554 0.607401 0.166554 0.608303 0.167908 0.610108 0.167908 0.611011 0.169262 0.612816 0.169262 0.614621 0.169939 0.615523 0.169939 0.619134 0.167908 0.621841 0.167908 0.622744 0.161814 0.630866 0.161137 0.630866 0.160460 0.631769 0.159783 0.631769 0.159106 0.632671 0.158429 0.632671 0.157752 0.633574 0.157075 0.633574 0.155721 0.635379 0.155044 0.635379 0.153690 0.637184 0.153690 0.638087 0.152336 0.639892 0.152336 0.640794 0.150305 0.643502 0.150305 0.644404 0.149628 0.645307 0.149628 0.647112 0.148951 0.648014 0.148951 0.648917 0.148274 0.649819 0.148274 0.659747 0.148951 0.660650 0.148951 0.665162 0.148274 0.666065 0.148274 0.669675 0.147596 0.670578 0.147596 0.672383 0.146919 0.673285 0.146919 0.675993 0.146242 0.676895 0.146242 0.681408 0.145565 0.682310 0.145565 0.684116 0.144888 0.685018 0.144888 0.687726 0.144211 0.688628 0.144211 0.691336 0.143534 0.692238 0.143534 0.711191 0.144211 0.712094 0.144211 0.714801 0.144888 0.715704 0.144888 0.717509 0.145565 0.718412 0.145565 0.720217 0.146242 0.721119 0.146242 0.722924 0.146919 0.723827 0.146919 0.725632 0.147596 0.726534 0.147596 0.727437 0.148274 0.728339 0.148274 0.729242 0.150305 0.731949 0.150305 0.732852 0.150982 0.733755 0.153690 0.733755 0.154367 0.734657 0.155044 0.734657 0.155721 0.735560 0.156398 0.735560 0.157075 0.736462 0.157752 0.736462 0.158429 0.737365 0.158429 0.738267 0.159783 0.740072 0.159783 0.740975 0.161137 0.742780 0.163846 0.742780 0.164523 0.743682 0.165200 0.742780 0.167908 0.742780 0.168585 0.741877 0.169262 0.741877 0.169939 0.740975 0.171970 0.740975 0.172647 0.740072 0.174001 0.740072 0.174678 0.739170 0.175355 0.739170 0.177387 0.736462 0.177387 0.735560 0.178064 0.734657 0.178064 0.733755 0.178741 0.732852 0.180095 0.732852 0.180772 0.731949 0.181449 0.731949 0.182126 0.731047 0.182803 0.731047 0.183480 0.730144 0.184157 0.730144 0.184157 0.726534 0.185511 0.724729 0.186188 0.725632 0.186865 0.725632 0.187542 0.726534 0.191605 0.726534 0.192282 0.725632 0.193636 0.725632 0.194313 0.724729 0.194990 0.724729 0.196344 0.722924 0.197021 0.722924 0.197698 0.722022 0.199729 0.722022 0.200406 0.721119 0.201760 0.721119 0.202437 0.720217 0.203114 0.720217 0.203791 0.719314 0.204469 0.719314 0.205146 0.718412 0.206500 0.718412 0.207177 0.717509 0.207854 0.717509 0.208531 0.716606 0.209208 0.716606 0.209885 0.715704 0.210562 0.715704 0.211239 0.714801 0.212593 0.714801 0.213947 0.712996 0.213947 0.700361 0.214624 0.699458 0.214624 0.694043 0.213947 0.693141 0.213947 0.688628 0.214624 0.687726 0.214624 0.686823 0.215301 0.685921 0.215301 0.681408 0.215978 0.680505 0.215978 0.679603 0.216655 0.678700 0.217332 0.678700 0.218009 0.679603 0.220041 0.679603 0.222072 0.682310 0.223426 0.682310 0.225457 0.685018 0.225457 0.685921 0.228842 0.690433 0.228842 0.691336 0.229519 0.692238 0.229519 0.693141 0.231550 0.695848 0.231550 0.696751 0.232905 0.698556 0.232905 0.699458 0.234259 0.701264 0.236290 0.701264 0.236967 0.702166 0.240352 0.702166 0.241029 0.703069 0.241706 0.703069 0.242383 0.702166 0.248477 0.702166 0.249154 0.703069 0.249831 0.703069 0.251185 0.704874 0.252539 0.704874 0.253216 0.705776 0.255247 0.705776 0.255924 0.704874 0.257278 0.704874 0.257955 0.703971 0.258632 0.703971 0.259986 0.702166 0.259309 0.701264 0.259309 0.696751 0.258632 0.695848 0.253216 0.695848 0.251862 0.697653 0.251185 0.697653 0.249831 0.695848 0.249154 0.695848 0.247123 0.693141 0.247123 0.692238 0.245768 0.690433 0.245768 0.689531 0.245091 0.688628 0.245091 0.687726 0.243060 0.685018 0.243060 0.684116 0.242383 0.683213 0.242383 0.681408 0.241706 0.680505 0.241706 0.679603 0.240352 0.677798 0.240352 0.676895 0.239675 0.675993 0.239675 0.675090 0.238321 0.673285 0.238321 0.672383 0.236967 0.670578 0.236967 0.669675 0.235613 0.667870 0.235613 0.666065 0.234936 0.665162 0.234936 0.662455 0.234259 0.661552 0.234259 0.659747 0.233582 0.658845 0.233582 0.657942 0.232905 0.657040 0.232905 0.656137 0.232227 0.655235 0.232227 0.654332 0.231550 0.653430 0.231550 0.652527 0.230873 0.651625 0.230873 0.650722 0.229519 0.648917 0.229519 0.648014 0.228842 0.647112 0.228842 0.646209 0.227488 0.644404 0.227488 0.643502 0.226134 0.641697 0.226134 0.640794 0.225457 0.639892 0.225457 0.638087 0.224780 0.637184 0.224780 0.635379 0.224103 0.634477 0.224103 0.633574 0.223426 0.632671 0.223426 0.630866 0.222749 0.629964 0.222749 0.629061 0.222072 0.628159 0.222072 0.627256 0.221395 0.626354 0.221395 0.625451 0.220718 0.624549 0.220718 0.623646 0.220041 0.622744 0.219364 0.622744 0.218687 0.621841 0.218009 0.621841 0.215978 0.619134 0.215301 0.619134 0.214624 0.618231 0.213947 0.618231 0.213270 0.617329 0.211916 0.617329 0.210562 0.615523 0.210562 0.613718 0.209885 0.612816 0.210562 0.611913 0.210562 0.609206 0.211239 0.608303 0.211239 0.596570 0.211916 0.595668 0.211916 0.594765 0.216655 0.588448 0.216655 0.586643 0.215978 0.585740 0.215978 0.584838 0.214624 0.584838 0.213947 0.583935 0.211239 0.583935 0.210562 0.583032 0.209885 0.583032 0.207177 0.579422 0.207177 0.578520 0.206500 0.577617 0.206500 0.576715 0.205146 0.574910 0.205146 0.574007 0.204469 0.573105 0.204469 0.572202 0.203791 0.571300 0.203791 0.570397 0.202437 0.568592 0.202437 0.567690 0.199729 0.564079 0.199052 0.564079 0.197698 0.562274 0.197021 0.562274 0.195667 0.560469 0.194313 0.560469 0.193636 0.559567 0.192959 0.559567 0.192282 0.558664
1 0.303318 0.601986 0.302640 0.602888 0.300609 0.602888 0.299932 0.603791 0.297901 0.603791 0.297224 0.604693 0.295870 0.604693 0.295193 0.605596 0.294516 0.605596 0.294516 0.616426 0.296547 0.619134 0.297901 0.617329 0.298578 0.617329 0.299255 0.616426 0.301286 0.616426 0.301963 0.617329 0.303995 0.617329 0.304672 0.616426 0.304672 0.615523 0.305349 0.614621 0.305349 0.612816 0.306026 0.611913 0.303318 0.608303 0.303318 0.606498 0.302640 0.605596 0.303318 0.604693 0.303318 0.603791 0.304672 0.601986
1 0.097495 0.559567 0.096818 0.560469 0.094110 0.560469 0.093433 0.561372 0.092756 0.561372 0.091401 0.563177 0.091401 0.564079 0.090724 0.564982 0.090724 0.565884 0.090047 0.566787 0.090047 0.570397 0.090724 0.571300 0.090724 0.572202 0.091401 0.573105 0.092756 0.573105 0.093433 0.574007 0.101557 0.574007 0.102234 0.573105 0.102911 0.573105 0.102911 0.572202 0.103588 0.571300 0.103588 0.567690 0.102911 0.566787 0.102911 0.565884 0.101557 0.564079 0.101557 0.563177 0.099526 0.560469 0.098849 0.560469 0.098172 0.559567
1 0.518619 0.581227 0.518619 0.583032 0.517942 0.583935 0.517942 0.584838 0.518619 0.584838 0.519296 0.585740 0.525389 0.585740 0.526066 0.584838 0.526743 0.584838 0.526743 0.583935 0.526066 0.583032 0.526066 0.582130 0.525389 0.581227
1 0.525389 0.579422 0.524712 0.580325 0.524035 0.580325 0.523358 0.581227 0.523358 0.582130 0.522681 0.583032 0.522681 0.584838 0.524712 0.587545 0.528775 0.587545 0.529452 0.586643 0.529452 0.582130 0.528097 0.580325 0.526743 0.580325 0.526066 0.579422
1 0.630332 0.553249 0.629655 0.554152 0.629655 0.555054 0.628978 0.555957 0.628978 0.560469 0.629655 0.561372 0.633040 0.561372 0.633717 0.562274 0.635071 0.562274 0.635748 0.563177 0.637779 0.563177 0.638456 0.562274 0.638456 0.561372 0.639133 0.560469 0.638456 0.559567 0.638456 0.556859 0.636425 0.554152 0.635071 0.554152 0.634394 0.553249
1 0.233582 0.568592 0.232905 0.569495 0.232227 0.569495 0.231550 0.570397 0.230873 0.570397 0.230196 0.571300 0.230196 0.572202 0.229519 0.573105 0.229519 0.574007 0.228842 0.574910 0.228842 0.577617 0.229519 0.578520 0.229519 0.579422 0.230196 0.580325 0.234259 0.580325 0.234936 0.579422 0.236967 0.579422 0.237644 0.578520 0.239675 0.578520 0.240352 0.577617 0.240352 0.573105 0.239675 0.572202 0.239675 0.571300 0.238998 0.571300 0.237644 0.569495 0.235613 0.569495 0.234936 0.568592
1 0.465809 0.576715 0.465132 0.577617 0.464455 0.577617 0.464455 0.579422 0.463778 0.580325 0.463778 0.583032 0.464455 0.583935 0.464455 0.584838 0.465809 0.586643 0.469871 0.586643 0.470548 0.585740 0.471225 0.585740 0.471225 0.580325 0.470548 0.579422 0.470548 0.578520 0.469871 0.577617 0.468517 0.577617 0.467840 0.576715
1 0.657414 0.546029 0.656737 0.546931 0.655383 0.546931 0.654705 0.547834 0.654028 0.547834 0.653351 0.548736 0.652674 0.548736 0.651320 0.550542 0.650643 0.550542 0.648612 0.553249 0.648612 0.555957 0.647935 0.556859 0.647935 0.558664 0.648612 0.559567 0.648612 0.564982 0.649289 0.565884 0.649289 0.567690 0.649966 0.568592 0.649966 0.569495 0.651320 0.571300 0.655383 0.571300 0.656060 0.570397 0.656737 0.570397 0.656737 0.566787 0.654705 0.566787 0.653351 0.564982 0.653351 0.563177 0.654028 0.562274 0.656060 0.562274 0.656737 0.563177 0.657414 0.563177 0.658091 0.564079 0.658091 0.568592 0.659445 0.570397 0.662153 0.570397 0.662830 0.569495 0.664184 0.569495 0.664861 0.568592 0.664861 0.567690 0.665538 0.566787 0.665538 0.564079 0.666215 0.563177 0.666215 0.560469 0.665538 0.559567 0.665538 0.555957 0.664861 0.555054 0.664861 0.553249 0.664184 0.552347 0.664184 0.551444 0.661476 0.547834 0.660799 0.547834 0.660122 0.546931 0.658768 0.546931 0.658091 0.546029
1 0.501016 0.574007 0.500339 0.574910 0.498307 0.574910 0.498307 0.578520 0.500339 0.581227 0.501693 0.581227 0.504401 0.584838 0.509140 0.584838 0.509817 0.583935 0.509817 0.581227 0.509140 0.581227 0.507786 0.579422 0.507109 0.579422 0.506432 0.578520 0.506432 0.577617 0.505078 0.575812 0.505078 0.574007
1 0.496953 0.574910 0.496276 0.575812 0.494922 0.575812 0.493568 0.577617 0.492891 0.577617 0.492891 0.578520 0.492214 0.579422 0.492214 0.580325 0.491537 0.581227 0.492214 0.582130 0.492891 0.582130 0.493568 0.583032 0.495599 0.583032 0.496276 0.582130 0.501693 0.582130 0.502370 0.581227 0.502370 0.580325 0.501693 0.579422 0.501693 0.577617 0.500339 0.575812 0.499661 0.575812 0.498984 0.574910
1 0.494245 0.575812 0.493568 0.576715 0.490860 0.576715 0.488829 0.579422 0.488829 0.580325 0.488152 0.581227 0.488829 0.582130 0.488829 0.583935 0.489506 0.584838 0.492891 0.584838 0.493568 0.583935 0.494245 0.583935 0.496276 0.581227 0.496953 0.581227 0.496953 0.577617 0.496276 0.577617 0.495599 0.576715 0.494922 0.576715
1 0.777251 0.600181 0.776574 0.601083 0.775897 0.601083 0.775220 0.601986 0.775220 0.604693 0.774543 0.605596 0.775220 0.606498 0.775220 0.607401 0.776574 0.609206 0.777251 0.609206 0.777928 0.610108 0.779959 0.610108 0.780636 0.609206 0.781991 0.609206 0.782668 0.608303 0.782668 0.602888 0.781313 0.601083 0.780636 0.601083 0.779959 0.600181
1 0.567366 0.609206 0.566689 0.610108 0.566012 0.610108 0.565335 0.611011 0.565335 0.611913 0.564658 0.612816 0.564658 0.618231 0.566012 0.620036 0.570752 0.620036 0.572106 0.618231 0.572106 0.614621 0.571429 0.613718 0.571429 0.611913 0.570752 0.611011 0.570074 0.611011 0.569397 0.610108 0.568043 0.610108
1 0.185511 0.557762 0.184834 0.558664 0.182803 0.558664 0.182126 0.559567 0.181449 0.559567 0.180772 0.560469 0.180095 0.560469 0.174001 0.568592 0.174001 0.569495 0.173324 0.570397 0.173324 0.571300 0.172647 0.572202 0.172647 0.573105 0.171970 0.574007 0.171970 0.574910 0.171293 0.575812 0.171293 0.579422 0.170616 0.580325 0.170616 0.587545 0.169939 0.588448 0.169939 0.590253 0.169262 0.591155 0.169262 0.592058 0.166554 0.595668 0.166554 0.596570 0.165877 0.597473 0.165877 0.599278 0.165200 0.600181 0.165200 0.603791 0.165877 0.604693 0.165877 0.605596 0.166554 0.606498 0.167231 0.606498 0.167908 0.607401 0.176032 0.607401 0.176710 0.606498 0.181449 0.606498 0.182126 0.605596 0.184834 0.605596 0.185511 0.604693 0.186865 0.604693 0.187542 0.603791 0.188896 0.603791 0.189573 0.602888 0.190928 0.602888 0.191605 0.601986 0.193636 0.601986 0.194313 0.601083 0.194990 0.601083 0.195667 0.600181 0.197021 0.600181 0.197698 0.599278 0.198375 0.599278 0.199052 0.598375 0.199729 0.598375 0.200406 0.597473 0.201760 0.597473 0.202437 0.596570 0.203791 0.596570 0.204469 0.595668 0.205146 0.595668 0.205823 0.594765 0.207854 0.594765 0.208531 0.593863 0.209885 0.593863 0.210562 0.592960 0.211916 0.592960 0.212593 0.592058 0.213947 0.592058 0.215301 0.590253 0.215978 0.590253 0.217332 0.588448 0.217332 0.584838 0.216655 0.584838 0.215978 0.583935 0.212593 0.583935 0.211916 0.583032 0.210562 0.583032 0.207177 0.578520 0.207177 0.577617 0.206500 0.576715 0.206500 0.575812 0.205823 0.574910 0.205823 0.574007 0.204469 0.572202 0.204469 0.570397 0.202437 0.567690 0.202437 0.566787 0.199729 0.563177 0.199052 0.563177 0.197698 0.561372 0.197021 0.561372 0.196344 0.560469 0.195667 0.560469 0.194990 0.559567 0.194313 0.559567 0.193636 0.558664 0.191605 0.558664 0.190928 0.557762
1 0.314827 0.566787 0.314150 0.567690 0.313473 0.567690 0.311442 0.570397 0.311442 0.574910 0.312796 0.576715 0.313473 0.576715 0.314150 0.577617 0.318213 0.577617 0.318890 0.576715 0.320921 0.576715 0.321598 0.575812 0.321598 0.574910 0.322275 0.574007 0.321598 0.573105 0.321598 0.570397 0.320921 0.569495 0.320921 0.568592 0.320244 0.567690 0.318890 0.567690 0.318213 0.566787
1 0.505078 0.580325 0.505078 0.583032 0.505755 0.583032 0.507109 0.584838 0.508463 0.584838 0.509140 0.583935 0.508463 0.583032 0.507786 0.583032 0.506432 0.581227 0.505755 0.581227
1 0.517265 0.579422 0.516588 0.580325 0.515234 0.580325 0.514557 0.581227 0.513202 0.581227 0.513202 0.583935 0.513879 0.584838 0.513879 0.585740 0.514557 0.585740 0.515234 0.586643 0.518619 0.586643 0.519296 0.585740 0.519296 0.584838 0.519973 0.583935 0.519973 0.581227 0.518619 0.579422
1 0.448883 0.586643 0.448206 0.587545 0.447529 0.587545 0.446852 0.588448 0.446852 0.590253 0.446175 0.591155 0.446852 0.592058 0.446852 0.592960 0.447529 0.592960 0.448206 0.593863 0.450914 0.593863 0.451591 0.592960 0.452268 0.592960 0.452945 0.592058 0.452945 0.590253 0.452268 0.589350 0.452268 0.587545 0.450914 0.587545 0.450237 0.586643
1 0.524035 0.579422 0.523358 0.580325 0.522004 0.580325 0.521327 0.581227 0.521327 0.583935 0.522004 0.584838 0.527420 0.584838 0.527420 0.583935 0.528097 0.583032 0.528097 0.581227 0.527420 0.580325 0.526743 0.580325 0.526066 0.579422
1 0.156398 0.551444 0.155721 0.552347 0.153690 0.552347 0.151659 0.555054 0.150982 0.555054 0.149628 0.556859 0.149628 0.558664 0.148951 0.559567 0.148951 0.564079 0.149628 0.564079 0.150305 0.564982 0.150982 0.564982 0.152336 0.566787 0.153013 0.566787 0.153690 0.567690 0.154367 0.567690 0.155044 0.568592 0.155721 0.568592 0.157752 0.571300 0.158429 0.571300 0.159106 0.572202 0.159783 0.572202 0.160460 0.573105 0.164523 0.573105 0.166554 0.570397 0.166554 0.569495 0.167231 0.568592 0.167231 0.566787 0.167908 0.565884 0.167908 0.559567 0.167231 0.558664 0.167231 0.556859 0.165877 0.555054 0.165877 0.554152 0.165200 0.553249 0.164523 0.553249 0.163846 0.552347 0.162492 0.552347 0.161814 0.551444
1 0.569397 0.572202 0.568720 0.573105 0.568043 0.573105 0.566689 0.574910 0.566689 0.576715 0.566012 0.577617 0.566689 0.578520 0.566689 0.579422 0.567366 0.580325 0.567366 0.581227 0.573460 0.581227 0.574137 0.580325 0.574137 0.576715 0.573460 0.575812 0.573460 0.574007 0.572783 0.573105 0.572106 0.573105 0.571429 0.572202
1 0.515234 0.580325 0.514557 0.581227 0.513202 0.581227 0.512525 0.582130 0.512525 0.584838 0.513879 0.586643 0.514557 0.586643 0.515234 0.587545 0.515911 0.586643 0.517265 0.586643 0.517942 0.585740 0.518619 0.585740 0.518619 0.584838 0.519296 0.583935 0.518619 0.583032 0.518619 0.581227 0.517942 0.581227 0.517265 0.580325
1 0.504401 0.579422 0.503724 0.580325 0.503724 0.583032 0.504401 0.583935 0.504401 0.584838 0.505755 0.586643 0.507109 0.586643 0.507786 0.587545 0.508463 0.587545 0.509140 0.586643 0.509817 0.586643 0.511171 0.584838 0.511171 0.583032 0.510494 0.582130 0.510494 0.581227 0.507786 0.581227 0.507109 0.580325 0.506432 0.580325 0.505755 0.579422
1 0.518619 0.619134 0.514557 0.624549 0.514557 0.625451 0.513879 0.626354 0.513879 0.627256 0.513202 0.628159 0.513202 0.630866 0.512525 0.631769 0.512525 0.633574 0.513202 0.634477 0.513202 0.635379 0.514557 0.637184 0.515911 0.637184 0.516588 0.638087 0.519296 0.638087 0.520650 0.636282 0.520650 0.634477 0.521327 0.633574 0.521327 0.625451 0.520650 0.624549 0.520650 0.620036 0.519973 0.619134
1 0.497630 0.574007 0.496276 0.575812 0.496276 0.576715 0.494922 0.578520 0.494922 0.581227 0.495599 0.582130 0.497630 0.582130 0.498307 0.583032 0.500339 0.583032 0.501016 0.583935 0.502370 0.583935 0.503047 0.584838 0.505755 0.584838 0.506432 0.583935 0.506432 0.581227 0.505078 0.579422 0.505078 0.578520 0.503047 0.575812 0.502370 0.575812 0.501693 0.574910 0.501016 0.574910 0.500339 0.574007
1 0.535545 0.581227 0.532837 0.584838 0.533514 0.585740 0.533514 0.587545 0.534868 0.587545 0.535545 0.588448 0.536222 0.588448 0.536899 0.587545 0.537576 0.587545 0.538930 0.585740 0.538930 0.583935 0.538253 0.583032 0.538253 0.582130 0.537576 0.581227
1 0.503047 0.577617 0.501693 0.579422 0.501693 0.580325 0.501016 0.581227 0.501693 0.581227 0.502370 0.582130 0.502370 0.583032 0.503047 0.583935 0.503047 0.584838 0.505078 0.587545 0.505755 0.587545 0.506432 0.588448 0.509140 0.588448 0.509817 0.587545 0.509817 0.585740 0.510494 0.584838 0.510494 0.583935 0.509817 0.583032 0.509817 0.581227 0.508463 0.581227 0.507786 0.580325 0.507109 0.580325 0.505078 0.577617
1 0.547055 0.577617 0.546378 0.578520 0.546378 0.583032 0.547055 0.583935 0.547732 0.583032 0.550440 0.583032 0.551117 0.582130 0.551117 0.578520 0.550440 0.577617
1 0.577522 0.598375 0.576168 0.600181 0.575491 0.600181 0.574814 0.601083 0.574814 0.601986 0.574137 0.602888 0.574137 0.606498 0.574814 0.606498 0.575491 0.607401 0.576168 0.607401 0.576845 0.608303 0.581584 0.608303 0.582938 0.606498 0.583615 0.606498 0.584292 0.605596 0.584970 0.605596 0.584970 0.601986 0.582938 0.599278 0.582261 0.599278 0.581584 0.598375
1 0.518619 0.579422 0.517942 0.580325 0.517265 0.580325 0.516588 0.581227 0.516588 0.582130 0.515911 0.583032 0.515911 0.585740 0.517265 0.587545 0.519296 0.587545 0.519973 0.586643 0.520650 0.586643 0.522004 0.584838 0.522004 0.583032 0.521327 0.582130 0.521327 0.581227 0.520650 0.581227 0.519296 0.579422
1 0.535545 0.582130 0.534868 0.583032 0.530806 0.583032 0.530129 0.583935 0.529452 0.583935 0.529452 0.584838 0.530129 0.585740 0.530129 0.586643 0.530806 0.587545 0.531483 0.587545 0.532160 0.588448 0.532837 0.588448 0.533514 0.587545 0.534191 0.587545 0.534868 0.586643 0.536222 0.586643 0.537576 0.584838 0.537576 0.583935 0.536222 0.582130
1 0.609343 0.562274 0.607312 0.564982 0.607312 0.565884 0.606635 0.566787 0.606635 0.567690 0.607312 0.568592 0.607312 0.570397 0.607989 0.571300 0.608666 0.571300 0.609343 0.572202 0.613406 0.572202 0.614083 0.571300 0.614760 0.571300 0.614760 0.569495 0.615437 0.568592 0.615437 0.567690 0.614760 0.566787 0.614760 0.564982 0.614083 0.564079 0.614083 0.563177 0.613406 0.563177 0.612729 0.562274
1 0.291131 0.603791 0.290454 0.604693 0.289777 0.604693 0.288422 0.606498 0.288422 0.607401 0.287745 0.608303 0.287745 0.612816 0.288422 0.613718 0.288422 0.615523 0.290454 0.618231 0.291131 0.618231 0.291808 0.619134 0.293839 0.619134 0.295193 0.617329 0.295193 0.616426 0.295870 0.615523 0.295870 0.611913 0.297901 0.609206 0.297901 0.608303 0.297224 0.607401 0.297224 0.605596 0.296547 0.604693 0.295870 0.604693 0.295193 0.603791
2 0.607312 0.637184 0.606635 0.638087 0.605958 0.638087 0.605281 0.638989 0.605281 0.640794 0.605958 0.641697 0.606635 0.641697 0.607312 0.642599 0.607989 0.642599 0.608666 0.643502 0.612729 0.643502 0.612729 0.642599 0.613406 0.641697 0.613406 0.639892 0.612729 0.638989 0.612051 0.638989 0.611374 0.638087 0.610697 0.638087 0.610020 0.637184
2 0.577522 0.635379 0.576845 0.636282 0.576845 0.639892 0.579553 0.639892 0.580230 0.638989 0.580907 0.638989 0.581584 0.638087 0.582261 0.638087 0.582938 0.637184 0.582938 0.636282 0.582261 0.636282 0.581584 0.635379
2 0.626269 0.655235 0.626269 0.656137 0.625592 0.657040 0.625592 0.664260 0.626269 0.665162 0.626947 0.665162 0.627624 0.666065 0.631009 0.666065 0.632363 0.664260 0.631686 0.663357 0.631686 0.661552 0.628978 0.657942 0.628301 0.657942
2 0.207854 0.884477 0.207177 0.885379 0.201760 0.885379 0.201083 0.886282 0.197698 0.886282 0.197021 0.887184 0.195667 0.887184 0.194990 0.888087 0.193636 0.888087 0.192282 0.889892 0.192282 0.891697 0.191605 0.892599 0.191605 0.898917 0.192282 0.899819 0.192282 0.901625 0.193636 0.901625 0.194313 0.900722 0.200406 0.900722 0.201083 0.899819 0.203114 0.899819 0.203791 0.898917 0.204469 0.898917 0.205146 0.898014 0.205823 0.898014 0.206500 0.897112 0.207177 0.897112 0.207854 0.896209 0.208531 0.896209 0.211916 0.891697 0.212593 0.891697 0.214624 0.888989 0.214624 0.886282 0.213947 0.886282 0.213270 0.885379 0.212593 0.885379 0.211916 0.884477
2 0.205146 0.861913 0.205146 0.862816 0.203791 0.864621 0.203791 0.869134 0.203114 0.870036 0.203114 0.870939 0.201760 0.872744 0.201760 0.875451 0.202437 0.876354 0.209885 0.876354 0.209885 0.875451 0.210562 0.874549 0.210562 0.871841 0.209885 0.870939 0.209885 0.869134 0.208531 0.867329 0.208531 0.865523 0.207854 0.864621 0.207854 0.863718 0.206500 0.861913
2 0.205146 0.861011 0.203114 0.863718 0.203114 0.869134 0.202437 0.870036 0.202437 0.871841 0.201760 0.872744 0.202437 0.873646 0.202437 0.874549 0.203114 0.874549 0.203791 0.875451 0.205146 0.875451 0.205823 0.876354 0.209208 0.876354 0.210562 0.874549 0.210562 0.873646 0.211239 0.872744 0.210562 0.871841 0.210562 0.870939 0.209885 0.870036 0.209885 0.869134 0.209208 0.868231 0.209208 0.866426 0.208531 0.865523 0.208531 0.864621 0.207854 0.863718 0.207854 0.862816 0.206500 0.861011
2 0.654028 0.737365 0.654028 0.740975 0.656737 0.744585 0.657414 0.744585 0.658091 0.745487 0.659445 0.745487 0.660122 0.746390 0.665538 0.746390 0.666215 0.745487 0.668246 0.745487 0.668923 0.744585 0.669601 0.744585 0.669601 0.742780 0.667569 0.740072 0.666892 0.740072 0.664861 0.737365 0.663507 0.737365 0.662830 0.738267 0.662153 0.738267 0.661476 0.739170 0.659445 0.739170 0.658768 0.740072 0.656737 0.740072 0.654705 0.737365
2 0.654028 0.733755 0.654028 0.734657 0.653351 0.735560 0.653351 0.736462 0.652674 0.737365 0.653351 0.738267 0.653351 0.740072 0.654028 0.740975 0.655383 0.740975 0.656060 0.741877 0.664861 0.741877 0.665538 0.740975 0.665538 0.736462 0.664861 0.735560 0.664861 0.734657 0.659445 0.734657 0.658768 0.735560 0.657414 0.735560 0.656737 0.734657 0.655383 0.734657 0.654705 0.733755
2 0.622884 0.731047 0.622207 0.731949 0.621530 0.731949 0.620853 0.732852 0.619499 0.732852 0.618145 0.734657 0.617468 0.734657 0.616791 0.735560 0.615437 0.735560 0.614760 0.736462 0.614083 0.736462 0.613406 0.737365 0.612051 0.737365 0.612051 0.738267 0.610697 0.740072 0.610697 0.740975 0.612729 0.740975 0.613406 0.741877 0.615437 0.741877 0.616114 0.742780 0.634394 0.742780 0.635748 0.740975 0.635748 0.740072 0.635071 0.739170 0.635071 0.737365 0.634394 0.737365 0.633717 0.736462 0.630332 0.736462 0.629655 0.735560 0.628301 0.735560 0.626947 0.733755 0.626269 0.733755 0.625592 0.732852 0.624915 0.732852 0.624238 0.731949 0.623561 0.731949