0 0.000000 0.289711 0.000000 0.375451 0.001354 0.375451 0.002031 0.376354 0.002031 0.377256 0.002708 0.378159 0.002708 0.379964 0.003385 0.380866 0.003385 0.381769 0.004062 0.382671 0.004062 0.386282 0.004739 0.387184 0.004739 0.401625 0.005416 0.402527 0.005416 0.405235 0.006093 0.406137 0.006093 0.407942 0.008125 0.410650 0.008802 0.410650 0.009479 0.411552 0.010833 0.411552 0.011510 0.412455 0.012187 0.412455 0.012864 0.411552 0.013541 0.411552 0.015572 0.408845 0.016926 0.408845 0.017603 0.409747 0.018957 0.409747 0.019634 0.410650 0.020311 0.410650 0.020988 0.411552 0.025728 0.411552 0.025728 0.406137 0.025051 0.405235 0.025051 0.403430 0.024374 0.402527 0.024374 0.400722 0.023697 0.399819 0.023697 0.397112 0.023020 0.396209 0.023020 0.395307 0.022343 0.394404 0.022343 0.391697 0.021666 0.390794 0.021666 0.389892 0.020988 0.388989 0.020988 0.388087 0.020311 0.387184 0.020311 0.386282 0.019634 0.385379 0.019634 0.384477 0.018957 0.383574 0.018957 0.381769 0.018280 0.380866 0.018280 0.378159 0.017603 0.377256 0.017603 0.375451 0.018280 0.374549 0.018280 0.367329 0.017603 0.366426 0.017603 0.365523 0.018280 0.364621 0.018280 0.358303 0.018957 0.357401 0.018957 0.354693 0.019634 0.353791 0.019634 0.351083 0.020311 0.350181 0.020311 0.343863 0.019634 0.342960 0.019634 0.334838 0.018957 0.333935 0.018957 0.318592 0.018280 0.317690 0.018280 0.314079 0.017603 0.313177 0.017603 0.308664 0.016926 0.307762 0.016926 0.304152 0.016249 0.303249 0.016249 0.302347 0.015572 0.301444 0.015572 0.300542 0.012187 0.296029 0.012187 0.295126 0.011510 0.295126 0.010833 0.294224 0.010156 0.294224 0.008802 0.292419 0.008802 0.291516 0.008125 0.290614 0.008125 0.289711
0 0.640487 0.426895 0.639133 0.428700 0.640487 0.428700
0 0.619499 0.370036 0.618822 0.370939 0.616791 0.370939 0.616114 0.371841 0.614760 0.371841 0.613406 0.373646 0.612729 0.373646 0.611374 0.375451 0.611374 0.376354 0.610697 0.377256 0.610697 0.378159 0.610020 0.379061 0.610020 0.379964 0.609343 0.380866 0.609343 0.382671 0.608666 0.383574 0.608666 0.384477 0.605281 0.388989 0.604604 0.388989 0.603927 0.389892 0.603250 0.389892 0.602573 0.390794 0.601896 0.390794 0.601219 0.391697 0.599865 0.391697 0.599188 0.392599 0.597156 0.392599 0.596479 0.393502 0.595125 0.393502 0.593771 0.395307 0.593094 0.395307 0.590386 0.398917 0.589709 0.398917 0.589032 0.399819 0.587678 0.399819 0.587001 0.400722 0.586324 0.400722 0.584970 0.402527 0.584292 0.402527 0.582938 0.404332 0.582938 0.405235 0.581584 0.407040 0.581584 0.407942 0.580907 0.408845 0.580907 0.409747 0.580230 0.410650 0.580230 0.412455 0.578876 0.414260 0.578876 0.415162 0.578199 0.416065 0.578199 0.416968 0.577522 0.417870 0.577522 0.418773 0.576845 0.419675 0.576845 0.422383 0.576168 0.423285 0.576168 0.425090 0.575491 0.425993 0.575491 0.426895 0.574814 0.427798 0.574814 0.428700 0.574137 0.429603 0.574137 0.431408 0.573460 0.432310 0.573460 0.434116 0.572783 0.435018 0.572783 0.435921 0.572106 0.436823 0.572106 0.438628 0.571429 0.439531 0.571429 0.443141 0.570752 0.444043 0.570752 0.452166 0.571429 0.453069 0.571429 0.455776 0.572106 0.456679 0.572106 0.457581 0.573460 0.459386 0.574137 0.459386 0.576168 0.462094 0.576845 0.462094 0.577522 0.462996 0.578199 0.462996 0.578876 0.463899 0.581584 0.463899 0.582261 0.464801 0.587001 0.464801 0.587678 0.463899 0.593771 0.463899 0.594448 0.462996 0.597156 0.462996 0.597833 0.462094 0.599188 0.462094 0.601896 0.458484 0.602573 0.458484 0.603250 0.459386 0.604604 0.459386 0.605281 0.460289 0.606635 0.460289 0.607312 0.459386 0.608666 0.459386 0.609343 0.458484 0.610020 0.458484 0.610697 0.457581 0.611374 0.457581 0.612729 0.455776 0.615437 0.455776 0.615437 0.454874 0.616114 0.453971 0.616114 0.446751 0.615437 0.445848 0.615437 0.440433 0.616114 0.439531 0.616114 0.436823 0.616791 0.435921 0.616791 0.435018 0.617468 0.434116 0.618145 0.434116 0.618822 0.433213 0.619499 0.433213 0.620176 0.432310 0.627624 0.432310 0.628301 0.433213 0.630332 0.433213 0.631009 0.432310 0.632363 0.432310 0.633040 0.431408 0.633717 0.431408 0.635748 0.428700 0.635748 0.427798 0.634394 0.425993 0.634394 0.425090 0.633040 0.423285 0.633040 0.422383 0.631009 0.419675 0.630332 0.419675 0.628978 0.417870 0.628301 0.417870 0.626947 0.416065 0.626269 0.416065 0.624238 0.413357 0.623561 0.413357 0.620853 0.409747 0.620853 0.408845 0.620176 0.407942 0.620176 0.407040 0.619499 0.406137 0.619499 0.403430 0.622884 0.398917 0.624238 0.398917 0.624915 0.398014 0.626947 0.398014 0.627624 0.397112 0.628301 0.397112 0.628301 0.388989 0.628978 0.388087 0.628978 0.385379 0.629655 0.384477 0.629655 0.379061 0.628978 0.378159 0.628978 0.376354 0.625592 0.371841 0.624915 0.371841 0.624238 0.370939 0.622207 0.370939 0.621530 0.370036
0 0.635748 0.315884 0.635071 0.316787 0.633717 0.316787 0.632363 0.318592 0.632363 0.319495 0.631686 0.320397 0.631686 0.321300 0.631009 0.322202 0.631009 0.324007 0.630332 0.324910 0.630332 0.325812 0.629655 0.326715 0.629655 0.328520 0.627624 0.331227 0.627624 0.332130 0.626269 0.333935 0.626269 0.335740 0.625592 0.336643 0.625592 0.337545 0.624915 0.338448 0.624915 0.340253 0.624238 0.341155 0.624238 0.342960 0.623561 0.343863 0.623561 0.344765 0.622884 0.345668 0.622884 0.347473 0.622207 0.348375 0.622207 0.350181 0.621530 0.351083 0.621530 0.352888 0.620853 0.353791 0.620853 0.357401 0.621530 0.358303 0.621530 0.360108 0.622207 0.361011 0.622207 0.361913 0.624238 0.364621 0.624915 0.364621 0.626269 0.366426 0.631686 0.366426 0.632363 0.365523 0.633717 0.365523 0.634394 0.364621 0.635071 0.364621 0.636425 0.362816 0.637779 0.362816 0.639810 0.360108 0.640487 0.360108 0.642519 0.357401 0.642519 0.356498 0.643196 0.355596 0.643196 0.352888 0.643873 0.351986 0.643873 0.350181 0.644550 0.349278 0.644550 0.348375 0.649289 0.342058 0.649289 0.339350 0.649966 0.338448 0.649966 0.337545 0.649289 0.337545 0.648612 0.336643 0.647258 0.336643 0.646581 0.335740 0.645904 0.335740 0.644550 0.333935 0.645227 0.333032 0.645227 0.330325 0.644550 0.329422 0.644550 0.326715 0.643873 0.325812 0.643873 0.324910 0.641842 0.322202 0.641842 0.321300 0.641165 0.320397 0.641165 0.319495 0.640487 0.318592 0.640487 0.317690 0.639810 0.317690 0.639133 0.316787 0.638456 0.316787 0.637779 0.315884
0 0.335139 0.315884 0.334462 0.316787 0.333785 0.316787 0.331754 0.319495 0.331754 0.320397 0.331077 0.321300 0.331077 0.324910 0.330399 0.325812 0.330399 0.327617 0.326337 0.333032 0.326337 0.333935 0.324306 0.336643 0.324306 0.338448 0.323629 0.339350 0.323629 0.340253 0.322952 0.341155 0.322952 0.343863 0.322275 0.344765 0.322275 0.345668 0.322952 0.346570 0.322952 0.350181 0.323629 0.351083 0.323629 0.355596 0.324306 0.356498 0.324306 0.357401 0.327691 0.361913 0.329722 0.361913 0.330399 0.362816 0.331754 0.362816 0.334462 0.359206 0.337847 0.359206 0.338524 0.360108 0.341232 0.360108 0.341909 0.361011 0.342586 0.360108 0.345295 0.360108 0.345295 0.356498 0.344617 0.355596 0.344617 0.354693 0.343940 0.354693 0.342586 0.352888 0.342586 0.351986 0.339878 0.348375 0.341909 0.345668 0.341909 0.341155 0.341232 0.340253 0.341232 0.339350 0.340555 0.338448 0.340555 0.336643 0.339878 0.335740 0.339878 0.330325 0.340555 0.329422 0.340555 0.328520 0.341232 0.327617 0.341232 0.326715 0.341909 0.325812 0.341909 0.322202 0.341232 0.321300 0.341232 0.320397 0.339878 0.318592 0.339878 0.317690 0.338524 0.315884
0 0.129316 0.470217 0.128639 0.471119 0.125931 0.471119 0.125254 0.472022 0.123223 0.472022 0.122546 0.472924 0.120515 0.472924 0.119838 0.473827 0.119160 0.473827 0.118483 0.474729 0.117806 0.474729 0.117129 0.475632 0.116452 0.475632 0.115775 0.476534 0.115098 0.476534 0.114421 0.477437 0.113744 0.477437 0.112390 0.479242 0.111713 0.479242 0.109005 0.482852 0.108328 0.482852 0.100880 0.492780 0.100880 0.493682 0.100203 0.494585 0.100203 0.497292 0.099526 0.498195 0.099526 0.500903 0.098172 0.502708 0.096818 0.502708 0.096141 0.503610 0.084631 0.503610 0.083954 0.504513 0.083277 0.504513 0.080569 0.508123 0.080569 0.512635 0.081246 0.513538 0.081246 0.515343 0.083277 0.518051 0.083277 0.518953 0.085985 0.522563 0.085985 0.527978 0.083954 0.530686 0.083277 0.530686 0.082600 0.531588 0.081923 0.531588 0.081246 0.532491 0.080569 0.532491 0.079892 0.533394 0.078538 0.533394 0.077861 0.534296 0.076506 0.534296 0.075829 0.535199 0.074475 0.535199 0.073798 0.536101 0.072444 0.536101 0.071767 0.537004 0.071090 0.537004 0.070413 0.537906 0.069736 0.537906 0.067028 0.541516 0.067028 0.542419 0.065674 0.544224 0.064997 0.544224 0.064320 0.545126 0.063643 0.545126 0.062965 0.546029 0.062288 0.546029 0.061611 0.546931 0.060934 0.546931 0.060257 0.547834 0.059580 0.547834 0.058903 0.548736 0.058226 0.548736 0.057549 0.549639 0.056872 0.549639 0.056195 0.550542 0.055518 0.550542 0.054841 0.551444 0.054164 0.551444 0.053487 0.552347 0.052810 0.552347 0.050779 0.555054 0.050102 0.555054 0.049425 0.555957 0.048747 0.555957 0.046716 0.558664 0.046039 0.558664 0.043331 0.562274 0.042654 0.562274 0.034529 0.573105 0.033852 0.573105 0.030467 0.577617 0.029790 0.577617 0.024374 0.584838 0.024374 0.585740 0.018957 0.592960 0.018280 0.592960 0.016926 0.594765 0.016926 0.595668 0.015572 0.597473 0.014895 0.597473 0.014895 0.598375 0.010833 0.603791 0.010833 0.604693 0.009479 0.606498 0.009479 0.607401 0.008802 0.608303 0.008802 0.609206 0.008125 0.610108 0.008125 0.611011 0.005416 0.614621 0.005416 0.615523 0.004739 0.616426 0.004062 0.616426 0.002708 0.618231 0.002708 0.619134 0.001354 0.620939 0.000000 0.620939 0.000000 0.762635 0.002031 0.762635 0.003385 0.764440 0.004739 0.764440 0.005416 0.765343 0.006093 0.765343 0.006770 0.766245 0.009479 0.766245 0.010156 0.767148 0.012864 0.767148 0.013541 0.768051 0.015572 0.768051 0.016249 0.768953 0.018280 0.768953 0.018957 0.769856 0.020311 0.769856 0.020988 0.770758 0.023697 0.770758 0.024374 0.771661 0.025728 0.771661 0.026405 0.770758 0.028436 0.770758 0.029113 0.769856 0.030467 0.769856 0.031144 0.768953 0.031821 0.768953 0.032498 0.768051 0.033175 0.768051 0.034529 0.766245 0.035206 0.766245 0.035884 0.765343 0.037238 0.765343 0.037915 0.764440 0.038592 0.764440 0.039269 0.763538 0.039946 0.763538 0.040623 0.762635 0.041977 0.762635 0.042654 0.761733 0.044008 0.761733 0.044685 0.760830 0.047393 0.760830 0.048747 0.762635 0.048747 0.765343 0.049425 0.766245 0.049425 0.768953 0.050102 0.769856 0.050102 0.771661 0.050779 0.772563 0.051456 0.772563 0.052810 0.774368 0.052810 0.775271 0.053487 0.776173 0.054841 0.776173 0.055518 0.777076 0.056195 0.777076 0.056872 0.777978 0.057549 0.777978 0.058226 0.778881 0.060934 0.778881 0.061611 0.779783 0.062288 0.779783 0.062965 0.780686 0.064320 0.780686 0.064997 0.781588 0.066351 0.781588 0.067028 0.782491 0.069736 0.782491 0.070413 0.783394 0.072444 0.783394 0.073121 0.784296 0.075152 0.784296 0.075829 0.785199 0.077183 0.785199 0.077861 0.786101 0.079215 0.786101 0.079892 0.787004 0.081246 0.787004 0.081923 0.787906 0.083277 0.787906 0.083954 0.788809 0.085985 0.788809 0.086662 0.789711 0.091401 0.789711 0.092079 0.788809 0.092756 0.788809 0.093433 0.787906 0.094787 0.787906 0.095464 0.787004 0.096141 0.787004 0.096818 0.786101 0.098172 0.786101 0.099526 0.784296 0.100203 0.784296 0.100880 0.783394 0.101557 0.783394 0.102234 0.782491 0.102911 0.782491 0.103588 0.781588 0.104265 0.781588 0.104942 0.780686 0.105619 0.780686 0.106297 0.779783 0.107651 0.779783 0.108328 0.778881 0.109682 0.778881 0.110359 0.777978 0.111036 0.777978 0.111713 0.777076 0.112390 0.777076 0.113067 0.776173 0.114421 0.776173 0.115098 0.775271 0.115775 0.775271 0.117806 0.772563 0.118483 0.772563 0.119160 0.771661 0.119838 0.771661 0.119838 0.770758 0.123223 0.766245 0.123223 0.764440 0.123900 0.763538 0.123900 0.758123 0.123223 0.757220 0.122546 0.757220 0.121869 0.756318 0.120515 0.756318 0.119838 0.755415 0.117129 0.755415 0.116452 0.756318 0.111713 0.756318 0.111036 0.755415 0.106974 0.755415 0.106297 0.754513 0.103588 0.754513 0.102911 0.753610 0.101557 0.753610 0.100880 0.752708 0.100203 0.752708 0.098849 0.750903 0.099526 0.750000 0.099526 0.749097 0.100880 0.747292 0.101557 0.747292 0.102234 0.746390 0.106297 0.746390 0.106974 0.745487 0.109005 0.745487 0.109682 0.744585 0.111713 0.744585 0.112390 0.743682 0.113067 0.743682 0.113744 0.742780 0.115098 0.742780 0.115775 0.741877 0.117806 0.741877 0.118483 0.740975 0.122546 0.740975 0.123223 0.740072 0.123223 0.731047 0.122546 0.730144 0.115775 0.730144 0.115098 0.729242 0.114421 0.729242 0.113744 0.728339 0.113067 0.728339 0.112390 0.727437 0.109005 0.727437 0.108328 0.726534 0.104942 0.726534 0.104265 0.725632 0.102911 0.725632 0.102234 0.724729 0.100203 0.724729 0.099526 0.723827 0.092079 0.723827 0.091401 0.722924 0.091401 0.709386 0.090724 0.708484 0.090724 0.704874 0.092756 0.702166 0.094787 0.702166 0.095464 0.701264 0.096818 0.701264 0.097495 0.700361 0.098172 0.700361 0.100880 0.696751 0.100880 0.694946 0.101557 0.694043 0.101557 0.693141 0.102234 0.692238 0.102234 0.691336 0.103588 0.689531 0.103588 0.688628 0.104265 0.687726 0.104265 0.686823 0.106297 0.684116 0.106297 0.683213 0.106974 0.682310 0.106974 0.681408 0.107651 0.680505 0.107651 0.679603 0.108328 0.678700 0.108328 0.677798 0.109005 0.676895 0.109005 0.675993 0.109682 0.675090 0.109682 0.674188 0.110359 0.673285 0.110359 0.671480 0.111036 0.670578 0.111036 0.669675 0.111713 0.668773 0.111713 0.667870 0.113067 0.666065 0.113067 0.665162 0.113744 0.664260 0.113744 0.663357 0.117129 0.658845 0.117806 0.658845 0.117806 0.657942 0.124577 0.648917 0.125254 0.648917 0.125254 0.648014 0.126608 0.646209 0.127285 0.646209 0.127962 0.645307 0.128639 0.645307 0.129993 0.643502 0.130670 0.643502 0.131347 0.642599 0.132024 0.642599 0.132701 0.641697 0.133378 0.641697 0.134733 0.639892 0.135410 0.639892 0.136764 0.638087 0.137441 0.638087 0.138795 0.636282 0.138795 0.635379 0.141503 0.631769 0.141503 0.630866 0.144211 0.627256 0.145565 0.627256 0.146242 0.626354 0.153690 0.626354 0.154367 0.627256 0.166554 0.627256 0.167231 0.626354 0.168585 0.626354 0.169262 0.625451 0.169939 0.625451 0.170616 0.624549 0.171970 0.624549 0.172647 0.623646 0.174001 0.623646 0.174678 0.622744 0.176032 0.622744 0.176710 0.621841 0.178064 0.621841 0.178741 0.620939 0.180095 0.620939 0.180772 0.620036 0.181449 0.620036 0.182126 0.619134 0.182126 0.618231 0.182803 0.617329 0.182803 0.616426 0.183480 0.615523 0.183480 0.612816 0.184157 0.611913 0.184157 0.607401 0.183480 0.606498 0.183480 0.605596 0.182803 0.604693 0.182126 0.604693 0.180772 0.602888 0.180095 0.602888 0.179418 0.601986 0.178741 0.601986 0.178064 0.601083 0.177387 0.601083 0.176710 0.600181 0.176032 0.600181 0.175355 0.599278 0.174678 0.599278 0.174001 0.598375 0.171970 0.598375 0.171293 0.597473 0.169939 0.597473 0.169262 0.596570 0.168585 0.596570 0.167908 0.595668 0.166554 0.595668 0.165877 0.594765 0.163169 0.594765 0.162492 0.593863 0.157752 0.593863 0.157075 0.594765 0.154367 0.594765 0.153690 0.595668 0.152336 0.595668 0.151659 0.596570 0.150305 0.596570 0.149628 0.597473 0.148951 0.597473 0.148274 0.598375 0.146919 0.598375 0.145565 0.600181 0.144888 0.600181 0.144211 0.601083 0.143534 0.601083 0.142857 0.601986 0.142180 0.601986 0.140826 0.603791 0.139472 0.603791 0.138795 0.604693 0.136764 0.604693 0.136087 0.605596 0.135410 0.605596 0.134733 0.606498 0.134056 0.606498 0.133378 0.607401 0.132024 0.607401 0.131347 0.608303 0.130670 0.608303 0.129993 0.609206 0.129316 0.609206 0.127962 0.611011 0.127285 0.611011 0.126608 0.611913 0.124577 0.611913 0.123900 0.612816 0.122546 0.612816 0.121869 0.611913 0.121869 0.610108 0.121192 0.609206 0.121192 0.607401 0.120515 0.606498 0.120515 0.605596 0.119838 0.604693 0.119838 0.603791 0.118483 0.601986 0.118483 0.601083 0.117129 0.599278 0.117129 0.598375 0.116452 0.597473 0.116452 0.595668 0.115775 0.594765 0.115775 0.591155 0.116452 0.590253 0.116452 0.589350 0.117129 0.588448 0.117129 0.586643 0.117806 0.585740 0.117806 0.583935 0.118483 0.583032 0.118483 0.582130 0.119160 0.581227 0.119160 0.580325 0.119838 0.579422 0.119838 0.578520 0.122546 0.574910 0.123223 0.574910 0.123900 0.574007 0.125931 0.574007 0.126608 0.573105 0.128639 0.573105 0.129316 0.572202 0.129993 0.572202 0.131347 0.570397 0.132024 0.570397 0.132701 0.569495 0.134056 0.569495 0.134733 0.568592 0.135410 0.568592 0.136087 0.567690 0.137441 0.567690 0.138118 0.566787 0.140149 0.566787 0.140826 0.565884 0.141503 0.565884 0.142180 0.564982 0.142857 0.564982 0.144211 0.563177 0.144211 0.561372 0.144888 0.560469 0.144888 0.556859 0.145565 0.555957 0.145565 0.553249 0.146242 0.552347 0.146242 0.551444 0.148274 0.548736 0.148951 0.548736 0.149628 0.547834 0.150305 0.547834 0.150982 0.546931 0.153690 0.546931 0.154367 0.546029 0.157075 0.546029 0.157752 0.545126 0.165200 0.545126 0.165877 0.544224 0.167908 0.544224 0.168585 0.543321 0.168585 0.541516 0.167908 0.540614 0.167908 0.538809 0.166554 0.537004 0.166554 0.536101 0.165877 0.535199 0.165877 0.534296 0.164523 0.532491 0.165200 0.531588 0.165200 0.528881 0.163846 0.527076 0.163846 0.524368 0.163169 0.523466 0.163169 0.518953 0.163846 0.518051 0.163846 0.510830 0.164523 0.509928 0.164523 0.503610 0.163846 0.502708 0.163846 0.497292 0.163169 0.496390 0.163169 0.493682 0.162492 0.492780 0.162492 0.490975 0.161137 0.489170 0.161137 0.488267 0.159106 0.485560 0.159106 0.484657 0.157752 0.482852 0.157075 0.482852 0.154367 0.479242 0.153690 0.479242 0.152336 0.477437 0.151659 0.477437 0.150982 0.476534 0.150305 0.476534 0.149628 0.475632 0.148951 0.475632 0.148274 0.474729 0.147596 0.474729 0.146919 0.473827 0.145565 0.473827 0.144888 0.472924 0.142857 0.472924 0.142180 0.472022 0.140149 0.472022 0.139472 0.471119 0.136087 0.471119 0.135410 0.470217
0 0.382532 0.284296 0.381178 0.286101 0.381178 0.287906 0.380501 0.288809 0.380501 0.296029 0.381178 0.296931 0.381178 0.298736 0.381855 0.299639 0.381855 0.318592 0.381178 0.319495 0.381178 0.336643 0.385240 0.342058 0.385240 0.342960 0.385917 0.343863 0.385917 0.347473 0.386594 0.348375 0.386594 0.352888 0.387271 0.353791 0.387271 0.355596 0.387949 0.356498 0.387949 0.360108 0.388626 0.361011 0.388626 0.363718 0.392011 0.368231 0.392688 0.368231 0.393365 0.369134 0.394042 0.369134 0.396073 0.366426 0.396073 0.363718 0.396750 0.362816 0.396750 0.359206 0.397427 0.358303 0.397427 0.355596 0.398104 0.354693 0.398104 0.349278 0.398781 0.348375 0.398781 0.345668 0.399458 0.344765 0.399458 0.342058 0.400135 0.341155 0.400135 0.338448 0.400812 0.337545 0.400812 0.336643 0.401490 0.335740 0.401490 0.333935 0.402167 0.333032 0.402167 0.316787 0.401490 0.315884 0.401490 0.310469 0.400812 0.309567 0.400812 0.306859 0.398781 0.304152 0.398781 0.303249 0.392688 0.295126 0.392688 0.294224 0.391334 0.292419 0.391334 0.290614 0.390657 0.289711 0.390657 0.288809 0.389303 0.287004 0.389303 0.286101 0.388626 0.285199 0.387949 0.285199 0.387271 0.284296
0 0.396750 0.429603 0.396073 0.430505 0.394042 0.430505 0.393365 0.431408 0.392011 0.431408 0.391334 0.432310 0.390657 0.432310 0.389980 0.433213 0.389303 0.433213 0.387949 0.435018 0.387271 0.435018 0.383886 0.439531 0.383209 0.439531 0.377793 0.446751 0.377793 0.447653 0.377116 0.448556 0.377116 0.449458 0.375085 0.452166 0.375085 0.453069 0.373053 0.455776 0.373053 0.456679 0.372376 0.457581 0.372376 0.459386 0.371699 0.460289 0.371699 0.462094 0.371022 0.462996 0.371022 0.469314 0.371699 0.470217 0.371699 0.473827 0.371022 0.474729 0.371022 0.475632 0.370345 0.476534 0.369668 0.476534 0.368314 0.478339 0.367637 0.478339 0.366960 0.479242 0.366283 0.479242 0.363575 0.482852 0.362898 0.482852 0.358835 0.488267 0.358835 0.489170 0.358158 0.490072 0.358158 0.495487 0.358835 0.496390 0.358835 0.497292 0.359513 0.498195 0.360190 0.498195 0.361544 0.500000 0.362221 0.500000 0.362898 0.500903 0.364252 0.500903 0.364929 0.501805 0.370345 0.501805 0.371022 0.502708 0.373053 0.502708 0.373731 0.503610 0.374408 0.503610 0.375085 0.504513 0.375085 0.505415 0.375762 0.506318 0.375762 0.507220 0.376439 0.508123 0.376439 0.509928 0.377116 0.510830 0.377116 0.513538 0.377793 0.514440 0.377793 0.517148 0.378470 0.518051 0.378470 0.520758 0.379147 0.521661 0.379147 0.523466 0.379824 0.524368 0.379824 0.526173 0.380501 0.527076 0.380501 0.527978 0.381178 0.528881 0.380501 0.529783 0.379824 0.529783 0.377793 0.532491 0.377116 0.532491 0.374408 0.536101 0.373731 0.536101 0.371022 0.539711 0.370345 0.539711 0.369668 0.540614 0.368991 0.540614 0.368314 0.541516 0.367637 0.541516 0.366960 0.542419 0.366283 0.542419 0.365606 0.543321 0.364929 0.543321 0.364252 0.544224 0.362898 0.544224 0.362221 0.545126 0.361544 0.545126 0.360867 0.546029 0.359513 0.546029 0.358835 0.546931 0.358158 0.546931 0.357481 0.547834 0.356127 0.547834 0.355450 0.548736 0.354773 0.548736 0.354096 0.549639 0.352742 0.549639 0.351388 0.551444 0.350711 0.551444 0.349357 0.553249 0.348680 0.553249 0.346649 0.555957 0.345972 0.555957 0.337847 0.566787 0.337847 0.567690 0.337170 0.568592 0.337170 0.569495 0.335816 0.571300 0.335816 0.572202 0.334462 0.574007 0.334462 0.574910 0.332431 0.577617 0.332431 0.578520 0.331077 0.580325 0.331077 0.581227 0.330399 0.582130 0.330399 0.583032 0.329722 0.583935 0.329722 0.584838 0.329045 0.585740 0.329045 0.587545 0.328368 0.588448 0.328368 0.590253 0.327691 0.591155 0.327691 0.592058 0.327014 0.592960 0.327014 0.593863 0.326337 0.594765 0.326337 0.595668 0.325660 0.596570 0.325660 0.598375 0.324983 0.599278 0.324983 0.601083 0.324306 0.601986 0.324306 0.603791 0.323629 0.604693 0.323629 0.606498 0.322952 0.607401 0.322952 0.608303 0.322275 0.609206 0.322275 0.611011 0.321598 0.611913 0.321598 0.612816 0.320921 0.613718 0.320921 0.614621 0.320244 0.615523 0.320244 0.616426 0.318890 0.618231 0.318890 0.619134 0.318213 0.620036 0.318213 0.621841 0.317536 0.622744 0.317536 0.625451 0.316858 0.626354 0.316858 0.632671 0.316181 0.633574 0.316181 0.642599 0.316858 0.643502 0.316858 0.646209 0.317536 0.647112 0.317536 0.651625 0.318213 0.652527 0.318213 0.658845 0.318890 0.659747 0.318890 0.663357 0.319567 0.664260 0.319567 0.666065 0.320244 0.666968 0.320244 0.667870 0.322275 0.670578 0.322275 0.671480 0.324306 0.674188 0.324306 0.675090 0.324983 0.675090 0.327691 0.678700 0.328368 0.678700 0.329045 0.679603 0.331754 0.679603 0.333108 0.677798 0.333108 0.676895 0.333785 0.675993 0.333785 0.672383 0.334462 0.671480 0.334462 0.669675 0.335139 0.668773 0.335139 0.665162 0.335816 0.664260 0.335816 0.661552 0.336493 0.660650 0.336493 0.656137 0.337170 0.655235 0.337170 0.651625 0.337847 0.650722 0.337847 0.649819 0.340555 0.646209 0.340555 0.645307 0.341232 0.644404 0.342586 0.646209 0.342586 0.650722 0.343263 0.651625 0.343263 0.654332 0.343940 0.655235 0.343940 0.662455 0.344617 0.663357 0.344617 0.666065 0.345295 0.666968 0.345295 0.668773 0.345972 0.669675 0.345972 0.670578 0.346649 0.671480 0.346649 0.675090 0.345972 0.675993 0.345972 0.677798 0.345295 0.678700 0.345295 0.679603 0.344617 0.680505 0.344617 0.681408 0.343940 0.682310 0.343940 0.683213 0.343263 0.684116 0.343263 0.685018 0.342586 0.685921 0.342586 0.686823 0.341909 0.687726 0.341909 0.688628 0.339878 0.691336 0.339878 0.692238 0.337170 0.695848 0.337170 0.696751 0.335816 0.698556 0.335816 0.699458 0.335139 0.700361 0.335139 0.701264 0.334462 0.702166 0.334462 0.703069 0.333785 0.703971 0.333785 0.704874 0.333108 0.705776 0.333108 0.709386 0.331754 0.711191 0.331754 0.712094 0.330399 0.713899 0.330399 0.714801 0.329045 0.716606 0.329045 0.718412 0.328368 0.719314 0.328368 0.720217 0.327014 0.722022 0.327014 0.722924 0.326337 0.723827 0.326337 0.724729 0.325660 0.725632 0.325660 0.727437 0.324983 0.728339 0.324983 0.732852 0.325660 0.733755 0.325660 0.745487 0.326337 0.746390 0.326337 0.750000 0.327014 0.750903 0.327014 0.751805 0.327691 0.752708 0.327691 0.753610 0.329722 0.756318 0.329722 0.757220 0.330399 0.758123 0.331077 0.758123 0.331754 0.759025 0.332431 0.759025 0.333108 0.759928 0.333785 0.759928 0.335139 0.761733 0.339201 0.761733 0.341909 0.758123 0.341909 0.751805 0.342586 0.750903 0.342586 0.748195 0.343263 0.747292 0.343263 0.738267 0.343940 0.737365 0.343940 0.729242 0.344617 0.728339 0.344617 0.726534 0.345295 0.725632 0.345972 0.725632 0.346649 0.724729 0.347326 0.724729 0.348003 0.723827 0.350034 0.723827 0.352065 0.726534 0.352065 0.727437 0.351388 0.728339 0.351388 0.729242 0.350034 0.731047 0.349357 0.731047 0.349357 0.731949 0.348680 0.732852 0.348680 0.736462 0.349357 0.737365 0.349357 0.739170 0.350034 0.740072 0.350034 0.742780 0.350711 0.743682 0.350711 0.744585 0.352742 0.747292 0.354096 0.747292 0.354773 0.748195 0.357481 0.748195 0.358158 0.749097 0.360190 0.749097 0.360867 0.748195 0.364252 0.748195 0.364929 0.747292 0.370345 0.747292 0.371699 0.745487 0.372376 0.745487 0.373053 0.744585 0.373731 0.744585 0.374408 0.743682 0.375762 0.743682 0.376439 0.742780 0.379147 0.742780 0.379824 0.741877 0.382532 0.741877 0.383209 0.740975 0.383886 0.741877 0.383886 0.742780 0.384563 0.743682 0.384563 0.744585 0.385240 0.745487 0.385240 0.747292 0.385917 0.748195 0.385917 0.750000 0.386594 0.750903 0.386594 0.751805 0.387271 0.752708 0.387271 0.754513 0.387949 0.755415 0.387949 0.757220 0.388626 0.758123 0.388626 0.759025 0.389980 0.760830 0.389980 0.761733 0.392688 0.765343 0.393365 0.765343 0.394042 0.766245 0.394719 0.766245 0.396750 0.768953 0.401490 0.768953 0.402167 0.768051 0.402844 0.768051 0.404198 0.766245 0.404198 0.765343 0.404875 0.764440 0.404875 0.761733 0.404198 0.760830 0.404198 0.759928 0.403521 0.759025 0.403521 0.756318 0.404875 0.754513 0.404875 0.753610 0.406229 0.751805 0.407583 0.751805 0.407583 0.747292 0.408260 0.746390 0.408937 0.746390 0.409614 0.745487 0.410968 0.745487 0.411645 0.744585 0.411645 0.743682 0.412322 0.742780 0.412322 0.740975 0.412999 0.740072 0.412999 0.739170 0.413676 0.738267 0.413676 0.735560 0.412999 0.734657 0.412999 0.731949 0.413676 0.731047 0.413676 0.728339 0.414353 0.727437 0.414353 0.725632 0.415030 0.724729 0.415030 0.722022 0.415708 0.721119 0.415708 0.719314 0.416385 0.718412 0.416385 0.716606 0.418416 0.713899 0.420447 0.713899 0.421124 0.712996 0.421801 0.713899 0.425186 0.713899 0.425863 0.714801 0.429926 0.714801 0.430603 0.715704 0.442789 0.715704 0.443466 0.714801 0.448883 0.714801 0.449560 0.713899 0.451591 0.713899 0.452268 0.712996 0.454976 0.712996 0.455653 0.712094 0.457007 0.712094 0.457684 0.711191 0.459039 0.711191 0.459716 0.710289 0.460393 0.710289 0.461070 0.709386 0.461747 0.709386 0.462424 0.708484 0.463101 0.708484 0.464455 0.706679 0.465132 0.706679 0.471903 0.697653 0.471903 0.696751 0.472580 0.695848 0.473257 0.695848 0.473257 0.694946 0.473934 0.694043 0.473934 0.693141 0.477319 0.688628 0.477319 0.687726 0.478673 0.685921 0.478673 0.685018 0.479350 0.684116 0.479350 0.683213 0.480704 0.681408 0.480704 0.679603 0.481381 0.678700 0.481381 0.676895 0.482058 0.675993 0.482058 0.666968 0.482735 0.666065 0.482735 0.662455 0.483412 0.661552 0.483412 0.660650 0.484089 0.659747 0.484089 0.649819 0.483412 0.648917 0.483412 0.646209 0.482735 0.645307 0.482735 0.627256 0.483412 0.626354 0.483412 0.624549 0.484089 0.623646 0.484089 0.611011 0.483412 0.610108 0.483412 0.608303 0.484089 0.607401 0.484089 0.604693 0.483412 0.603791 0.483412 0.602888 0.482735 0.601986 0.483412 0.601083 0.483412 0.600181 0.484089 0.599278 0.484089 0.598375 0.483412 0.597473 0.483412 0.596570 0.482735 0.595668 0.482735 0.594765 0.482058 0.593863 0.482058 0.592058 0.481381 0.591155 0.481381 0.590253 0.480704 0.589350 0.480704 0.587545 0.479350 0.585740 0.479350 0.584838 0.478673 0.583935 0.478673 0.582130 0.477996 0.581227 0.477996 0.580325 0.477319 0.579422 0.477319 0.578520 0.476642 0.577617 0.476642 0.576715 0.475965 0.575812 0.475965 0.574910 0.475288 0.574007 0.475288 0.573105 0.473934 0.571300 0.473934 0.570397 0.473257 0.569495 0.473257 0.568592 0.472580 0.567690 0.472580 0.566787 0.471225 0.564982 0.471225 0.564079 0.469871 0.562274 0.469871 0.561372 0.467163 0.557762 0.467163 0.556859 0.465809 0.555054 0.465809 0.554152 0.464455 0.552347 0.464455 0.551444 0.463101 0.549639 0.463101 0.548736 0.457007 0.540614 0.457007 0.539711 0.454976 0.537004 0.454976 0.536101 0.452945 0.533394 0.452268 0.533394 0.449560 0.529783 0.448883 0.529783 0.445498 0.525271 0.444821 0.525271 0.441435 0.520758 0.441435 0.519856 0.440758 0.518953 0.441435 0.518051 0.441435 0.517148 0.442112 0.516245 0.442112 0.515343 0.442789 0.514440 0.442789 0.512635 0.443466 0.511733 0.443466 0.503610 0.442789 0.502708 0.442789 0.500903 0.440758 0.498195 0.440081 0.498195 0.438727 0.496390 0.438727 0.495487 0.436696 0.492780 0.436696 0.491877 0.435342 0.490072 0.435342 0.489170 0.433988 0.487365 0.433988 0.485560 0.433311 0.484657 0.433311 0.482852 0.432634 0.481949 0.432634 0.479242 0.431957 0.478339 0.431957 0.476534 0.431280 0.475632 0.431280 0.465704 0.430603 0.464801 0.430603 0.460289 0.429926 0.459386 0.429926 0.456679 0.429248 0.455776 0.429248 0.454874 0.428571 0.453971 0.428571 0.453069 0.427894 0.452166 0.427894 0.451264 0.427217 0.450361 0.427217 0.449458 0.426540 0.448556 0.426540 0.447653 0.425186 0.445848 0.425186 0.444946 0.424509 0.444043 0.423832 0.444043 0.423155 0.443141 0.423155 0.442238 0.422478 0.442238 0.419770 0.438628 0.419093 0.438628 0.417739 0.436823 0.417062 0.436823 0.415708 0.435018 0.415030 0.435018 0.414353 0.434116 0.413676 0.434116 0.412322 0.432310 0.411645 0.432310 0.410968 0.431408 0.408937 0.431408 0.408260 0.430505 0.406229 0.430505 0.405552 0.429603
0 0.538930 0.279783 0.538253 0.280686 0.536222 0.280686 0.534868 0.282491 0.534868 0.283394 0.534191 0.284296 0.534191 0.285199 0.533514 0.286101 0.533514 0.288809 0.532837 0.289711 0.532837 0.292419 0.532160 0.293321 0.532160 0.294224 0.531483 0.295126 0.531483 0.296029 0.528775 0.299639 0.528775 0.300542 0.528097 0.301444 0.528097 0.302347 0.527420 0.303249 0.527420 0.304152 0.526743 0.305054 0.526743 0.305957 0.526066 0.306859 0.526066 0.319495 0.526743 0.320397 0.526743 0.321300 0.527420 0.322202 0.527420 0.324007 0.528097 0.324910 0.528097 0.330325 0.528775 0.331227 0.528775 0.333935 0.529452 0.334838 0.529452 0.336643 0.530129 0.337545 0.530129 0.349278 0.530806 0.350181 0.530806 0.355596 0.530129 0.356498 0.530129 0.362816 0.530806 0.363718 0.530806 0.372744 0.532160 0.374549 0.532837 0.374549 0.533514 0.375451 0.538253 0.375451 0.538930 0.374549 0.539607 0.374549 0.540284 0.373646 0.540961 0.373646 0.541638 0.372744 0.541638 0.371841 0.542993 0.370036 0.542993 0.369134 0.543670 0.368231 0.543670 0.367329 0.544347 0.366426 0.544347 0.365523 0.545024 0.364621 0.545024 0.362816 0.545701 0.361913 0.545701 0.361011 0.546378 0.360108 0.546378 0.357401 0.547055 0.356498 0.547055 0.352888 0.547732 0.351986 0.547732 0.345668 0.548409 0.344765 0.548409 0.342058 0.549086 0.341155 0.549086 0.338448 0.549763 0.337545 0.549763 0.330325 0.549086 0.329422 0.549086 0.306859 0.548409 0.305957 0.548409 0.304152 0.547732 0.303249 0.547732 0.302347 0.547055 0.301444 0.547055 0.300542 0.545024 0.297834 0.545024 0.296931 0.544347 0.296029 0.544347 0.295126 0.543670 0.294224 0.543670 0.290614 0.544347 0.289711 0.544347 0.286101 0.543670 0.285199 0.543670 0.284296 0.542993 0.283394 0.542993 0.282491 0.542316 0.281588 0.541638 0.281588 0.540961 0.280686 0.540284 0.280686 0.539607 0.279783
1 0.581584 0.264440 0.580907 0.265343 0.580230 0.265343 0.580230 0.266245 0.579553 0.267148 0.579553 0.270758 0.580230 0.271661 0.580230 0.273466 0.581584 0.275271 0.582261 0.275271 0.582938 0.276173 0.584292 0.276173 0.584970 0.277076 0.585647 0.276173 0.587001 0.276173 0.587678 0.275271 0.588355 0.275271 0.589032 0.274368 0.589032 0.273466 0.589709 0.272563 0.589709 0.268051 0.589032 0.267148 0.589032 0.266245 0.588355 0.265343 0.587001 0.265343 0.586324 0.264440
1 0.619499 0.370036 0.618822 0.370939 0.616114 0.370939 0.615437 0.371841 0.614760 0.371841 0.613406 0.373646 0.612729 0.373646 0.610697 0.376354 0.610697 0.378159 0.610020 0.379061 0.610020 0.382671 0.612051 0.385379 0.612729 0.385379 0.614083 0.387184 0.614760 0.387184 0.615437 0.388087 0.616114 0.388087 0.616791 0.388989 0.617468 0.388989 0.618822 0.390794 0.619499 0.390794 0.622207 0.394404 0.622207 0.395307 0.622884 0.396209 0.622884 0.397112 0.623561 0.397112 0.624238 0.398014 0.627624 0.398014 0.628301 0.397112 0.628978 0.397112 0.628978 0.391697 0.628301 0.390794 0.628301 0.389892 0.628978 0.388989 0.628978 0.387184 0.629655 0.386282 0.629655 0.378159 0.628978 0.377256 0.628978 0.376354 0.625592 0.371841 0.624238 0.371841 0.623561 0.370939 0.620853 0.370939 0.620176 0.370036
1 0.335816 0.315884 0.335139 0.316787 0.333785 0.316787 0.332431 0.318592 0.332431 0.319495 0.331754 0.320397 0.331754 0.324910 0.333785 0.327617 0.339201 0.327617 0.339878 0.326715 0.340555 0.326715 0.341909 0.324910 0.341909 0.322202 0.341232 0.321300 0.341232 0.320397 0.339878 0.318592 0.339878 0.317690 0.339201 0.316787 0.338524 0.316787 0.337847 0.315884
1 0.010833 0.296029 0.009479 0.297834 0.008802 0.297834 0.006093 0.301444 0.006093 0.302347 0.005416 0.303249 0.005416 0.304152 0.004739 0.305054 0.004739 0.305957 0.004062 0.306859 0.004739 0.307762 0.004739 0.309567 0.006770 0.312274 0.006770 0.313177 0.008125 0.314982 0.010156 0.314982 0.010833 0.315884 0.012864 0.315884 0.013541 0.314982 0.015572 0.314982 0.017603 0.312274 0.017603 0.306859 0.016926 0.305957 0.016926 0.303249 0.016249 0.302347 0.016249 0.301444 0.014218 0.298736 0.013541 0.298736 0.011510 0.296029
1 0.127285 0.470217 0.126608 0.471119 0.125254 0.471119 0.124577 0.472022 0.122546 0.472022 0.121869 0.472924 0.119838 0.472924 0.119160 0.473827 0.118483 0.473827 0.117806 0.474729 0.117129 0.474729 0.116452 0.475632 0.115775 0.475632 0.115098 0.476534 0.114421 0.476534 0.113067 0.478339 0.112390 0.478339 0.109005 0.482852 0.108328 0.482852 0.107651 0.483755 0.107651 0.484657 0.106297 0.486462 0.105619 0.486462 0.102911 0.490072 0.102234 0.490072 0.100880 0.491877 0.100880 0.492780 0.100203 0.493682 0.100203 0.496390 0.099526 0.497292 0.099526 0.498195 0.100203 0.499097 0.100203 0.501805 0.098849 0.503610 0.097495 0.503610 0.096818 0.504513 0.092756 0.504513 0.092079 0.503610 0.085308 0.503610 0.084631 0.504513 0.083277 0.504513 0.081923 0.506318 0.081246 0.506318 0.081246 0.509025 0.080569 0.509928 0.080569 0.511733 0.081246 0.512635 0.081246 0.514440 0.083954 0.518051 0.083954 0.518953 0.084631 0.518953 0.085308 0.519856 0.085985 0.519856 0.086662 0.520758 0.087339 0.520758 0.088016 0.521661 0.090047 0.521661 0.090724 0.522563 0.091401 0.522563 0.092079 0.521661 0.092756 0.521661 0.093433 0.520758 0.094787 0.520758 0.095464 0.519856 0.096141 0.519856 0.096818 0.520758 0.100880 0.520758 0.101557 0.521661 0.103588 0.521661 0.104265 0.522563 0.105619 0.522563 0.106297 0.523466 0.109005 0.523466 0.109682 0.524368 0.111036 0.524368 0.111713 0.525271 0.113067 0.525271 0.113744 0.526173 0.115775 0.526173 0.116452 0.527076 0.117806 0.527076 0.118483 0.527978 0.119160 0.527978 0.119838 0.528881 0.120515 0.528881 0.121192 0.529783 0.121869 0.529783 0.122546 0.530686 0.130670 0.530686 0.131347 0.531588 0.134733 0.531588 0.135410 0.532491 0.138118 0.532491 0.138795 0.533394 0.140149 0.533394 0.140826 0.534296 0.142857 0.534296 0.143534 0.535199 0.144888 0.535199 0.147596 0.538809 0.148951 0.538809 0.149628 0.539711 0.150982 0.539711 0.153013 0.542419 0.153690 0.542419 0.154367 0.543321 0.156398 0.543321 0.157075 0.544224 0.161814 0.544224 0.162492 0.545126 0.167908 0.545126 0.169262 0.543321 0.169262 0.541516 0.168585 0.540614 0.168585 0.539711 0.167908 0.538809 0.167908 0.537906 0.167231 0.537004 0.167231 0.536101 0.165877 0.534296 0.165877 0.533394 0.165200 0.532491 0.165200 0.527978 0.164523 0.527076 0.164523 0.525271 0.163846 0.524368 0.163846 0.518051 0.164523 0.517148 0.164523 0.499097 0.163846 0.498195 0.163846 0.495487 0.163169 0.494585 0.163169 0.492780 0.162492 0.491877 0.162492 0.490975 0.161814 0.490072 0.161814 0.489170 0.161137 0.488267 0.161137 0.487365 0.155044 0.479242 0.154367 0.479242 0.153013 0.477437 0.152336 0.477437 0.151659 0.476534 0.150982 0.476534 0.150305 0.475632 0.149628 0.475632 0.148951 0.474729 0.148274 0.474729 0.147596 0.473827 0.146919 0.473827 0.146242 0.472924 0.144211 0.472924 0.143534 0.472022 0.141503 0.472022 0.140826 0.471119 0.138118 0.471119 0.137441 0.470217
1 0.074475 0.361011 0.073798 0.361913 0.072444 0.361913 0.071767 0.362816 0.071090 0.362816 0.069059 0.365523 0.069059 0.366426 0.068382 0.367329 0.068382 0.369134 0.067705 0.370036 0.068382 0.370939 0.068382 0.373646 0.070413 0.376354 0.071767 0.376354 0.072444 0.377256 0.073798 0.377256 0.074475 0.378159 0.075152 0.377256 0.076506 0.377256 0.077183 0.376354 0.078538 0.376354 0.079215 0.375451 0.079892 0.375451 0.081246 0.373646 0.081246 0.370036 0.080569 0.369134 0.080569 0.368231 0.079215 0.366426 0.079215 0.365523 0.078538 0.364621 0.078538 0.363718 0.077861 0.362816 0.077183 0.362816 0.076506 0.361913 0.075152 0.361913
1 0.383886 0.283394 0.383209 0.284296 0.382532 0.284296 0.381178 0.286101 0.381178 0.287004 0.380501 0.287906 0.380501 0.290614 0.379824 0.291516 0.379824 0.293321 0.380501 0.294224 0.380501 0.296029 0.381178 0.296931 0.381855 0.296931 0.382532 0.297834 0.384563 0.297834 0.385240 0.296931 0.385917 0.296931 0.386594 0.296029 0.387271 0.296029 0.388626 0.294224 0.389303 0.294224 0.390657 0.292419 0.390657 0.288809 0.389303 0.287004 0.389303 0.286101 0.388626 0.285199 0.387949 0.285199 0.386594 0.283394
1 0.685173 0.315884 0.683142 0.318592 0.683142 0.319495 0.682464 0.320397 0.682464 0.322202 0.683142 0.323105 0.683142 0.324007 0.684496 0.325812 0.686527 0.325812 0.687881 0.324007 0.687881 0.316787 0.687204 0.316787 0.686527 0.315884
1 0.396073 0.429603 0.395396 0.430505 0.393365 0.430505 0.392688 0.431408 0.392011 0.431408 0.391334 0.432310 0.390657 0.432310 0.389980 0.433213 0.389303 0.433213 0.387949 0.435018 0.387271 0.435018 0.384563 0.438628 0.383886 0.438628 0.378470 0.445848 0.378470 0.446751 0.376439 0.449458 0.376439 0.450361 0.375085 0.452166 0.375085 0.453069 0.372376 0.456679 0.372376 0.458484 0.371699 0.459386 0.371699 0.461191 0.371022 0.462094 0.371022 0.465704 0.370345 0.466606 0.371022 0.467509 0.371022 0.469314 0.371699 0.470217 0.371699 0.472022 0.372376 0.472924 0.372376 0.474729 0.368991 0.479242 0.367637 0.479242 0.366960 0.480144 0.366283 0.480144 0.365606 0.481047 0.364929 0.481047 0.363575 0.482852 0.362898 0.482852 0.358835 0.488267 0.358835 0.489170 0.358158 0.490072 0.358158 0.492780 0.357481 0.493682 0.357481 0.494585 0.358835 0.496390 0.358835 0.497292 0.359513 0.498195 0.360190 0.498195 0.362221 0.500903 0.364252 0.500903 0.364929 0.501805 0.373731 0.501805 0.374408 0.502708 0.375762 0.502708 0.376439 0.503610 0.377116 0.503610 0.377793 0.504513 0.379824 0.504513 0.380501 0.505415 0.382532 0.505415 0.383209 0.506318 0.384563 0.506318 0.385240 0.507220 0.386594 0.507220 0.387271 0.508123 0.389303 0.508123 0.389980 0.509025 0.392011 0.509025 0.392688 0.509928 0.394042 0.509928 0.395396 0.511733 0.396750 0.511733 0.397427 0.512635 0.398781 0.512635 0.399458 0.513538 0.400135 0.513538 0.401490 0.515343 0.402844 0.515343 0.403521 0.516245 0.405552 0.516245 0.406229 0.517148 0.406906 0.517148 0.407583 0.518051 0.408937 0.518051 0.409614 0.518953 0.411645 0.518953 0.412322 0.519856 0.415030 0.519856 0.415708 0.520758 0.417739 0.520758 0.418416 0.521661 0.423832 0.521661 0.424509 0.522563 0.425863 0.522563 0.426540 0.521661 0.433311 0.521661 0.433988 0.520758 0.435342 0.520758 0.436019 0.519856 0.437373 0.519856 0.438050 0.518953 0.439404 0.518953 0.439404 0.518051 0.442112 0.514440 0.442112 0.513538 0.442789 0.512635 0.442789 0.509025 0.443466 0.508123 0.442789 0.507220 0.442789 0.502708 0.442112 0.501805 0.442112 0.500903 0.439404 0.497292 0.439404 0.496390 0.438050 0.494585 0.438050 0.493682 0.436696 0.491877 0.436696 0.490975 0.435342 0.489170 0.435342 0.488267 0.433988 0.486462 0.433988 0.484657 0.433311 0.483755 0.433311 0.481949 0.432634 0.481047 0.432634 0.479242 0.431957 0.478339 0.431957 0.474729 0.431280 0.473827 0.431280 0.464801 0.430603 0.463899 0.430603 0.459386 0.429926 0.458484 0.429926 0.455776 0.429248 0.454874 0.429248 0.453971 0.428571 0.453069 0.428571 0.451264 0.427217 0.449458 0.427217 0.448556 0.425863 0.446751 0.425863 0.445848 0.421801 0.440433 0.421124 0.440433 0.418416 0.436823 0.417739 0.436823 0.416385 0.435018 0.415708 0.435018 0.415030 0.434116 0.414353 0.434116 0.413676 0.433213 0.412999 0.433213 0.412322 0.432310 0.411645 0.432310 0.410968 0.431408 0.409614 0.431408 0.408937 0.430505 0.407583 0.430505 0.406906 0.429603
1 0.538253 0.279783 0.537576 0.280686 0.536222 0.280686 0.534191 0.283394 0.534191 0.285199 0.533514 0.286101 0.533514 0.288809 0.534191 0.289711 0.534868 0.289711 0.535545 0.290614 0.543670 0.290614 0.544347 0.289711 0.544347 0.285199 0.543670 0.284296 0.543670 0.282491 0.542993 0.281588 0.542316 0.281588 0.541638 0.280686 0.540961 0.280686 0.540284 0.279783
1 0.634394 0.315884 0.633717 0.316787 0.633040 0.316787 0.632363 0.317690 0.632363 0.318592 0.631686 0.319495 0.631686 0.320397 0.631009 0.321300 0.631009 0.323105 0.630332 0.324007 0.630332 0.328520 0.631009 0.328520 0.631686 0.329422 0.635748 0.329422 0.636425 0.328520 0.642519 0.328520 0.643196 0.327617 0.643873 0.327617 0.643873 0.325812 0.643196 0.324910 0.643196 0.324007 0.642519 0.323105 0.642519 0.322202 0.641842 0.321300 0.641842 0.320397 0.641165 0.319495 0.641165 0.318592 0.639810 0.316787 0.639133 0.316787 0.638456 0.315884
2 0.000000 0.405235 0.000000 0.417870 0.008125 0.417870 0.008802 0.416968 0.010156 0.416968 0.012187 0.414260 0.010833 0.412455 0.010833 0.411552 0.007448 0.407040 0.006770 0.407040 0.006093 0.406137 0.002031 0.406137 0.001354 0.405235
2 0.567366 0.450361 0.566689 0.451264 0.565335 0.451264 0.563981 0.453069 0.563981 0.457581 0.564658 0.458484 0.564658 0.459386 0.565335 0.460289 0.565335 0.461191 0.567366 0.463899 0.572783 0.463899 0.573460 0.462996 0.574814 0.462996 0.574814 0.462094 0.574137 0.461191 0.574137 0.458484 0.572783 0.456679 0.572783 0.454874 0.572106 0.453971 0.572106 0.453069 0.570752 0.451264 0.568720 0.451264 0.568043 0.450361
2 0.021666 0.403430 0.020988 0.404332 0.020311 0.404332 0.019634 0.405235 0.019634 0.406137 0.018957 0.407040 0.018957 0.407942 0.019634 0.408845 0.019634 0.409747 0.020311 0.410650 0.020311 0.411552 0.020988 0.411552 0.021666 0.412455 0.023020 0.412455 0.023697 0.413357 0.026405 0.413357 0.028436 0.410650 0.028436 0.407040 0.025728 0.403430
2 0.087339 0.745487 0.083954 0.750000 0.083277 0.750000 0.083277 0.750903 0.081923 0.752708 0.081246 0.752708 0.080569 0.753610 0.079892 0.753610 0.079215 0.754513 0.078538 0.754513 0.077861 0.755415 0.076506 0.755415 0.075829 0.756318 0.073121 0.756318 0.072444 0.757220 0.064320 0.757220 0.063643 0.758123 0.058226 0.758123 0.057549 0.759025 0.052810 0.759025 0.052133 0.759928 0.051456 0.759928 0.050779 0.760830 0.050102 0.760830 0.050102 0.761733 0.049425 0.762635 0.049425 0.763538 0.048747 0.764440 0.048747 0.770758 0.049425 0.771661 0.049425 0.772563 0.053487 0.777978 0.054164 0.777978 0.054841 0.778881 0.055518 0.778881 0.056195 0.779783 0.058226 0.779783 0.058903 0.780686 0.060257 0.780686 0.060934 0.781588 0.061611 0.781588 0.062288 0.782491 0.063643 0.782491 0.064320 0.783394 0.067705 0.783394 0.068382 0.784296 0.070413 0.784296 0.071090 0.785199 0.073121 0.785199 0.073798 0.786101 0.074475 0.786101 0.075152 0.787004 0.076506 0.787004 0.077183 0.787906 0.079215 0.787906 0.079892 0.788809 0.081246 0.788809 0.081923 0.789711 0.083277 0.789711 0.083954 0.790614 0.086662 0.790614 0.087339 0.791516 0.089370 0.791516 0.090047 0.790614 0.092756 0.790614 0.093433 0.789711 0.094110 0.789711 0.094787 0.788809 0.095464 0.788809 0.096141 0.787906 0.096818 0.787906 0.097495 0.787004 0.098172 0.787004 0.098849 0.786101 0.100203 0.786101 0.101557 0.784296 0.102234 0.784296 0.102911 0.783394 0.104265 0.783394 0.104942 0.782491 0.105619 0.782491 0.106297 0.781588 0.107651 0.781588 0.108328 0.780686 0.109005 0.780686 0.109682 0.779783 0.111036 0.779783 0.111713 0.778881 0.112390 0.778881 0.113067 0.777978 0.113744 0.777978 0.114421 0.777076 0.115775 0.777076 0.116452 0.776173 0.117129 0.776173 0.119160 0.773466 0.119838 0.773466 0.123223 0.768953 0.123223 0.768051 0.123900 0.767148 0.123900 0.766245 0.124577 0.765343 0.124577 0.763538 0.125254 0.762635 0.125254 0.760830 0.124577 0.759928 0.124577 0.759025 0.123223 0.757220 0.121869 0.757220 0.121192 0.756318 0.111036 0.756318 0.110359 0.755415 0.106974 0.755415 0.106297 0.754513 0.102911 0.754513 0.102234 0.753610 0.100880 0.753610 0.100203 0.752708 0.099526 0.752708 0.098849 0.751805 0.098172 0.751805 0.096818 0.750000 0.096141 0.750000 0.095464 0.749097 0.094110 0.749097 0.092079 0.746390 0.090724 0.746390 0.090047 0.745487
2 0.098849 0.722022 0.098172 0.722924 0.094110 0.722924 0.093433 0.723827 0.092756 0.723827 0.087339 0.731047 0.087339 0.732852 0.086662 0.733755 0.086662 0.736462 0.085985 0.737365 0.086662 0.738267 0.086662 0.741877 0.089370 0.745487 0.090724 0.745487 0.091401 0.746390 0.092079 0.746390 0.092756 0.747292 0.094110 0.747292 0.094787 0.748195 0.097495 0.748195 0.098172 0.749097 0.098849 0.749097 0.099526 0.748195 0.101557 0.748195 0.102234 0.747292 0.104942 0.747292 0.105619 0.746390 0.117806 0.746390 0.118483 0.745487 0.123900 0.745487 0.124577 0.744585 0.125931 0.744585 0.127285 0.742780 0.127285 0.741877 0.127962 0.740975 0.127962 0.738267 0.128639 0.737365 0.128639 0.736462 0.127962 0.735560 0.127962 0.733755 0.127285 0.732852 0.127285 0.731949 0.124577 0.728339 0.124577 0.727437 0.123223 0.725632 0.121869 0.725632 0.121192 0.724729 0.115098 0.724729 0.114421 0.723827 0.111036 0.723827 0.110359 0.724729 0.106974 0.724729 0.106297 0.723827 0.103588 0.723827 0.102911 0.722924 0.099526 0.722924
2 0.365606 0.711191 0.364929 0.712094 0.364252 0.712094 0.363575 0.712996 0.362898 0.712996 0.358158 0.719314 0.358158 0.720217 0.356127 0.722924 0.355450 0.722924 0.354773 0.723827 0.353419 0.723827 0.352742 0.724729 0.352065 0.724729 0.351388 0.725632 0.350711 0.725632 0.350034 0.726534 0.348680 0.726534 0.348003 0.727437 0.347326 0.727437 0.347326 0.728339 0.346649 0.729242 0.346649 0.730144 0.345972 0.731047 0.345972 0.731949 0.345295 0.732852 0.345295 0.735560 0.344617 0.736462 0.344617 0.745487 0.345295 0.746390 0.345295 0.747292 0.345972 0.748195 0.350711 0.748195 0.351388 0.749097 0.353419 0.749097 0.354096 0.750000 0.354773 0.750000 0.356127 0.751805 0.356804 0.751805 0.358158 0.753610 0.362898 0.753610 0.363575 0.752708 0.368314 0.752708 0.368991 0.751805 0.371699 0.751805 0.372376 0.750903 0.373053 0.750903 0.373731 0.750000 0.374408 0.750000 0.375085 0.749097 0.375762 0.749097 0.376439 0.748195 0.377116 0.748195 0.377793 0.747292 0.378470 0.747292 0.379147 0.746390 0.379824 0.746390 0.380501 0.745487 0.381178 0.745487 0.381855 0.744585 0.382532 0.744585 0.383209 0.743682 0.383209 0.742780 0.383886 0.741877 0.383886 0.739170 0.383209 0.738267 0.383209 0.735560 0.382532 0.734657 0.382532 0.733755 0.381855 0.732852 0.381855 0.731949 0.381178 0.731047 0.381178 0.729242 0.380501 0.728339 0.380501 0.727437 0.379824 0.726534 0.379824 0.725632 0.379147 0.725632 0.378470 0.724729 0.377793 0.724729 0.377116 0.723827 0.376439 0.723827 0.375762 0.722924 0.375085 0.722924 0.372376 0.719314 0.371699 0.719314 0.370345 0.717509 0.370345 0.716606 0.366283 0.711191