0 0.501172 0.439583 0.500586 0.440625 0.500586 0.441667 0.500000 0.442708 0.500000 0.446875 0.499414 0.447917 0.499414 0.450000 0.498242 0.452083 0.498242 0.456250 0.498828 0.456250 0.500586 0.459375 0.504689 0.459375 0.505275 0.458333 0.505275 0.457292 0.506448 0.455208 0.506448 0.454167 0.507034 0.453125 0.507034 0.451042 0.505275 0.447917 0.505275 0.446875 0.504689 0.445833 0.504689 0.444792 0.504103 0.443750 0.504103 0.442708 0.502345 0.439583
0 0.951934 0.544792 0.951348 0.545833 0.950176 0.545833 0.949004 0.547917 0.949004 0.548958 0.948417 0.550000 0.949004 0.551042 0.949004 0.555208 0.949590 0.556250 0.949004 0.557292 0.949004 0.558333 0.943142 0.568750 0.942556 0.568750 0.941970 0.569792 0.941383 0.569792 0.940797 0.570833 0.940797 0.573958 0.941383 0.573958 0.943142 0.577083 0.943142 0.579167 0.942556 0.580208 0.942556 0.581250 0.941970 0.582292 0.941970 0.584375 0.941383 0.585417 0.941383 0.588542 0.940797 0.589583 0.940797 0.591667 0.940211 0.592708 0.940211 0.594792 0.939625 0.595833 0.939625 0.597917 0.939039 0.598958 0.939039 0.602083 0.938453 0.603125 0.938453 0.604167 0.937866 0.605208 0.937866 0.606250 0.938453 0.606250 0.939039 0.607292 0.942556 0.607292 0.942556 0.606250 0.943142 0.605208 0.943142 0.602083 0.943728 0.601042 0.943728 0.600000 0.944314 0.598958 0.944314 0.597917 0.944900 0.596875 0.944900 0.595833 0.946073 0.593750 0.949004 0.593750 0.949590 0.594792 0.950176 0.594792 0.951348 0.596875 0.951348 0.597917 0.951934 0.598958 0.952521 0.598958 0.954865 0.603125 0.954865 0.604167 0.956038 0.606250 0.956038 0.609375 0.956624 0.610417 0.957796 0.610417 0.958382 0.611458 0.959555 0.611458 0.960141 0.610417 0.960141 0.609375 0.960727 0.608333 0.960727 0.606250 0.960141 0.605208 0.960141 0.604167 0.959555 0.603125 0.959555 0.602083 0.956038 0.595833 0.956038 0.594792 0.954865 0.592708 0.954865 0.591667 0.954279 0.590625 0.954279 0.585417 0.954865 0.584375 0.954865 0.583333 0.955451 0.582292 0.955451 0.581250 0.956038 0.580208 0.956038 0.578125 0.956624 0.577083 0.956624 0.573958 0.957210 0.572917 0.957210 0.570833 0.957796 0.569792 0.957796 0.567708 0.958382 0.566667 0.958382 0.554167 0.958968 0.553125 0.958968 0.550000 0.957210 0.546875 0.957210 0.545833 0.956038 0.545833 0.955451 0.544792
0 0.386870 0.476042 0.386284 0.477083 0.385111 0.477083 0.384525 0.478125 0.384525 0.480208 0.383939 0.481250 0.383939 0.483333 0.383353 0.484375 0.383353 0.491667 0.383939 0.492708 0.383939 0.494792 0.384525 0.495833 0.384525 0.496875 0.385111 0.497917 0.385111 0.498958 0.385698 0.500000 0.385698 0.501042 0.386870 0.503125 0.386870 0.504167 0.388042 0.504167 0.388628 0.503125 0.389215 0.503125 0.389801 0.502083 0.389801 0.496875 0.390387 0.495833 0.390387 0.486458 0.389801 0.485417 0.389801 0.483333 0.389215 0.482292 0.389215 0.480208
0 0.291325 0.485417 0.290739 0.486458 0.287808 0.486458 0.287222 0.487500 0.286049 0.487500 0.285463 0.488542 0.284877 0.488542 0.284291 0.489583 0.284291 0.495833 0.284877 0.496875 0.284877 0.498958 0.285463 0.500000 0.285463 0.502083 0.286049 0.503125 0.286049 0.504167 0.287222 0.506250 0.287222 0.507292 0.287808 0.508333 0.287808 0.509375 0.288394 0.510417 0.288394 0.511458 0.288980 0.512500 0.288980 0.513542 0.290739 0.516667 0.290739 0.517708 0.291325 0.518750 0.291325 0.519792 0.292497 0.521875 0.292497 0.522917 0.294256 0.526042 0.294256 0.527083 0.294842 0.528125 0.294842 0.529167 0.295428 0.530208 0.295428 0.531250 0.296014 0.532292 0.296014 0.534375 0.296600 0.535417 0.296600 0.537500 0.297773 0.539583 0.297773 0.540625 0.298945 0.542708 0.298945 0.543750 0.303048 0.551042 0.303048 0.552083 0.303634 0.553125 0.306565 0.553125 0.307151 0.554167 0.310082 0.554167 0.311841 0.557292 0.311841 0.558333 0.313013 0.560417 0.313013 0.562500 0.313599 0.563542 0.313599 0.565625 0.314185 0.566667 0.314185 0.567708 0.314771 0.568750 0.314771 0.569792 0.315944 0.571875 0.319461 0.571875 0.320047 0.570833 0.320633 0.570833 0.320633 0.569792 0.321219 0.568750 0.321219 0.562500 0.320633 0.561458 0.320633 0.557292 0.320047 0.556250 0.320047 0.554167 0.319461 0.553125 0.319461 0.551042 0.318875 0.550000 0.318875 0.547917 0.318288 0.546875 0.318288 0.543750 0.317702 0.542708 0.317702 0.536458 0.317116 0.535417 0.317116 0.532292 0.315944 0.530208 0.315944 0.529167 0.314771 0.527083 0.314771 0.526042 0.311841 0.520833 0.311841 0.519792 0.311254 0.518750 0.311254 0.509375 0.310668 0.508333 0.310668 0.507292 0.307151 0.501042 0.306565 0.501042 0.303634 0.495833 0.303634 0.494792 0.300703 0.489583 0.300117 0.489583 0.299531 0.488542 0.298945 0.488542 0.298359 0.487500 0.297773 0.487500 0.297186 0.486458 0.294256 0.486458 0.293669 0.485417
0 0.910903 0.437500 0.909730 0.439583 0.909730 0.440625 0.909144 0.441667 0.909144 0.443750 0.908558 0.444792 0.908558 0.445833 0.906800 0.448958 0.906800 0.451042 0.906213 0.452083 0.906213 0.461458 0.906800 0.462500 0.906800 0.466667 0.907386 0.467708 0.907386 0.471875 0.907972 0.472917 0.907972 0.473958 0.908558 0.473958 0.909730 0.476042 0.912661 0.476042 0.913834 0.473958 0.913834 0.471875 0.914420 0.470833 0.914420 0.467708 0.915006 0.466667 0.915006 0.462500 0.915592 0.461458 0.915592 0.457292 0.916178 0.456250 0.916178 0.451042 0.916764 0.450000 0.916764 0.448958 0.916178 0.447917 0.916178 0.441667 0.915592 0.440625 0.915592 0.439583 0.914420 0.437500
0 0.622509 0.231250 0.621923 0.232292 0.618406 0.232292 0.617819 0.233333 0.615475 0.233333 0.614889 0.234375 0.613716 0.234375 0.613130 0.235417 0.611958 0.235417 0.611372 0.236458 0.610199 0.236458 0.609613 0.237500 0.609027 0.237500 0.608441 0.238542 0.607855 0.238542 0.607268 0.239583 0.606096 0.239583 0.605510 0.240625 0.604924 0.240625 0.604338 0.241667 0.603751 0.241667 0.603165 0.242708 0.602579 0.242708 0.601993 0.243750 0.601407 0.243750 0.600234 0.245833 0.599648 0.245833 0.599062 0.246875 0.598476 0.246875 0.596717 0.250000 0.596131 0.250000 0.595545 0.251042 0.594959 0.251042 0.592614 0.255208 0.592028 0.255208 0.590856 0.257292 0.590270 0.257292 0.587339 0.262500 0.587339 0.263542 0.586166 0.265625 0.586166 0.266667 0.583822 0.270833 0.583822 0.271875 0.582649 0.273958 0.582649 0.275000 0.581477 0.277083 0.581477 0.278125 0.580891 0.279167 0.580891 0.280208 0.579719 0.282292 0.579719 0.283333 0.578546 0.285417 0.578546 0.286458 0.577960 0.287500 0.577960 0.289583 0.577374 0.290625 0.577374 0.292708 0.576788 0.293750 0.576788 0.296875 0.576202 0.297917 0.576202 0.300000 0.575615 0.301042 0.575615 0.303125 0.575029 0.304167 0.575029 0.307292 0.574443 0.308333 0.574443 0.310417 0.573857 0.311458 0.573857 0.312500 0.573271 0.313542 0.573271 0.317708 0.572685 0.318750 0.572685 0.320833 0.572098 0.321875 0.572098 0.323958 0.571512 0.325000 0.571512 0.327083 0.570926 0.328125 0.570926 0.331250 0.570340 0.332292 0.570340 0.333333 0.567409 0.338542 0.567409 0.339583 0.565651 0.342708 0.565651 0.343750 0.565064 0.344792 0.565064 0.345833 0.562720 0.350000 0.561547 0.350000 0.560961 0.351042 0.559203 0.351042 0.558617 0.352083 0.556858 0.352083 0.556272 0.353125 0.551583 0.353125 0.550996 0.354167 0.546307 0.354167 0.545721 0.355208 0.543962 0.355208 0.542204 0.358333 0.542204 0.360417 0.541618 0.361458 0.541618 0.371875 0.542204 0.372917 0.542204 0.375000 0.542790 0.376042 0.542790 0.377083 0.543376 0.378125 0.543376 0.382292 0.543962 0.383333 0.543962 0.384375 0.544549 0.385417 0.544549 0.386458 0.545135 0.387500 0.545135 0.388542 0.545721 0.389583 0.545721 0.391667 0.546307 0.392708 0.546307 0.393750 0.546893 0.394792 0.546893 0.395833 0.549238 0.400000 0.549238 0.401042 0.550410 0.403125 0.550996 0.403125 0.552755 0.406250 0.552755 0.407292 0.553341 0.408333 0.553341 0.409375 0.553927 0.410417 0.554513 0.410417 0.555686 0.412500 0.556272 0.412500 0.557444 0.414583 0.558030 0.414583 0.560961 0.419792 0.561547 0.419792 0.562134 0.420833 0.562720 0.420833 0.564478 0.423958 0.565064 0.423958 0.566823 0.427083 0.566823 0.429167 0.567409 0.430208 0.567409 0.442708 0.567995 0.443750 0.567995 0.445833 0.568581 0.446875 0.568581 0.448958 0.569754 0.451042 0.569754 0.452083 0.570340 0.453125 0.570340 0.454167 0.570926 0.455208 0.570926 0.456250 0.571512 0.456250 0.572098 0.457292 0.572685 0.457292 0.573857 0.459375 0.574443 0.459375 0.577374 0.464583 0.577374 0.465625 0.580305 0.470833 0.580305 0.472917 0.580891 0.473958 0.580891 0.475000 0.581477 0.476042 0.581477 0.477083 0.582063 0.478125 0.582063 0.479167 0.583236 0.481250 0.583236 0.482292 0.584994 0.485417 0.584994 0.486458 0.586166 0.488542 0.586166 0.492708 0.586753 0.493750 0.586166 0.494792 0.586166 0.495833 0.584994 0.497917 0.584408 0.497917 0.583236 0.500000 0.582649 0.500000 0.582063 0.501042 0.581477 0.501042 0.579719 0.504167 0.579132 0.504167 0.577960 0.506250 0.577374 0.506250 0.576202 0.508333 0.575615 0.508333 0.575029 0.509375 0.574443 0.509375 0.573271 0.511458 0.572685 0.511458 0.571512 0.513542 0.570926 0.513542 0.569168 0.516667 0.568581 0.516667 0.567995 0.517708 0.567409 0.517708 0.566237 0.519792 0.565651 0.519792 0.565064 0.520833 0.564478 0.520833 0.563892 0.521875 0.562720 0.521875 0.562134 0.522917 0.561547 0.522917 0.560961 0.523958 0.559203 0.523958 0.558617 0.525000 0.557444 0.525000 0.556858 0.526042 0.554513 0.526042 0.553927 0.527083 0.551583 0.527083 0.550996 0.528125 0.549238 0.528125 0.548652 0.529167 0.546893 0.529167 0.546307 0.530208 0.544549 0.530208 0.543962 0.531250 0.542204 0.531250 0.541618 0.532292 0.540445 0.532292 0.539859 0.533333 0.539273 0.533333 0.538687 0.534375 0.538101 0.534375 0.537515 0.535417 0.536342 0.535417 0.535756 0.536458 0.535170 0.536458 0.534584 0.537500 0.533411 0.537500 0.532825 0.538542 0.529308 0.538542 0.528722 0.539583 0.521688 0.539583 0.521102 0.538542 0.518757 0.538542 0.518171 0.537500 0.515826 0.537500 0.515240 0.536458 0.514068 0.536458 0.513482 0.535417 0.512309 0.535417 0.511723 0.534375 0.509965 0.534375 0.509379 0.533333 0.507620 0.533333 0.507034 0.532292 0.505862 0.532292 0.505275 0.531250 0.504103 0.531250 0.503517 0.530208 0.502345 0.530208 0.501758 0.529167 0.501172 0.529167 0.500586 0.528125 0.498828 0.528125 0.498242 0.527083 0.497069 0.527083 0.496483 0.526042 0.494138 0.526042 0.493552 0.525000 0.490621 0.525000 0.490035 0.523958 0.488863 0.523958 0.488277 0.522917 0.487691 0.522917 0.487104 0.521875 0.486518 0.521875 0.485932 0.520833 0.485346 0.520833 0.484174 0.518750 0.483587 0.518750 0.481829 0.515625 0.481243 0.515625 0.479484 0.512500 0.478898 0.512500 0.473623 0.503125 0.473036 0.503125 0.472450 0.502083 0.471864 0.502083 0.471278 0.501042 0.470692 0.501042 0.469519 0.498958 0.468933 0.498958 0.467761 0.496875 0.466002 0.496875 0.465416 0.495833 0.464244 0.495833 0.463658 0.494792 0.463072 0.494792 0.462485 0.493750 0.460727 0.493750 0.460141 0.492708 0.456038 0.492708 0.454865 0.490625 0.454279 0.490625 0.451348 0.485417 0.451348 0.484375 0.450762 0.483333 0.450762 0.482292 0.449590 0.480208 0.449590 0.479167 0.447831 0.476042 0.447831 0.475000 0.446659 0.472917 0.446659 0.470833 0.445487 0.468750 0.445487 0.467708 0.444314 0.465625 0.444314 0.463542 0.443142 0.461458 0.443142 0.460417 0.441970 0.458333 0.441383 0.458333 0.439625 0.455208 0.439039 0.455208 0.438453 0.454167 0.437866 0.454167 0.436694 0.452083 0.436108 0.452083 0.435522 0.451042 0.434936 0.451042 0.434349 0.450000 0.433763 0.450000 0.433177 0.448958 0.433177 0.447917 0.432005 0.445833 0.432005 0.444792 0.431419 0.443750 0.431419 0.442708 0.430832 0.441667 0.430832 0.438542 0.430246 0.437500 0.430246 0.436458 0.429660 0.435417 0.429660 0.434375 0.428488 0.432292 0.428488 0.431250 0.426143 0.427083 0.425557 0.427083 0.424971 0.426042 0.421454 0.426042 0.420868 0.427083 0.420868 0.428125 0.420281 0.429167 0.420281 0.430208 0.419695 0.431250 0.419695 0.434375 0.419109 0.435417 0.419109 0.439583 0.419695 0.440625 0.419695 0.444792 0.420281 0.445833 0.420281 0.451042 0.420868 0.452083 0.420868 0.453125 0.420281 0.454167 0.420281 0.455208 0.419109 0.457292 0.418523 0.457292 0.417937 0.458333 0.416764 0.458333 0.416178 0.459375 0.415592 0.459375 0.413834 0.462500 0.413247 0.462500 0.412661 0.463542 0.412661 0.464583 0.410903 0.467708 0.410903 0.468750 0.410317 0.469792 0.410317 0.470833 0.409144 0.472917 0.409144 0.473958 0.407972 0.476042 0.407972 0.477083 0.407386 0.478125 0.407386 0.480208 0.406800 0.481250 0.406800 0.482292 0.405627 0.484375 0.405627 0.485417 0.404455 0.487500 0.404455 0.488542 0.403869 0.489583 0.403869 0.491667 0.403283 0.492708 0.403283 0.494792 0.402696 0.495833 0.402696 0.498958 0.402110 0.500000 0.402110 0.508333 0.402696 0.509375 0.402696 0.516667 0.403283 0.517708 0.403283 0.520833 0.403869 0.521875 0.403869 0.525000 0.405627 0.528125 0.405627 0.529167 0.408558 0.534375 0.409144 0.534375 0.409730 0.535417 0.410903 0.535417 0.411489 0.536458 0.418523 0.536458 0.419109 0.535417 0.419695 0.535417 0.422040 0.531250 0.422626 0.531250 0.423212 0.530208 0.423798 0.530208 0.424385 0.529167 0.427315 0.529167 0.427902 0.528125 0.435522 0.528125 0.436108 0.527083 0.439039 0.527083 0.439625 0.526042 0.441383 0.526042 0.441970 0.525000 0.442556 0.525000 0.443728 0.527083 0.443728 0.528125 0.444314 0.529167 0.444314 0.534375 0.444900 0.535417 0.444900 0.537500 0.446073 0.539583 0.446073 0.540625 0.447831 0.543750 0.447831 0.544792 0.448417 0.545833 0.448417 0.546875 0.449004 0.547917 0.449004 0.548958 0.451348 0.553125 0.451934 0.553125 0.453107 0.555208 0.453693 0.555208 0.457796 0.562500 0.457796 0.563542 0.460141 0.567708 0.460141 0.568750 0.463072 0.573958 0.463658 0.573958 0.464830 0.576042 0.465416 0.576042 0.466589 0.578125 0.467761 0.578125 0.468347 0.579167 0.468933 0.579167 0.470106 0.581250 0.471278 0.581250 0.472450 0.583333 0.473036 0.583333 0.473623 0.584375 0.474209 0.584375 0.474795 0.585417 0.475967 0.585417 0.477140 0.587500 0.477726 0.587500 0.478312 0.588542 0.478898 0.588542 0.480070 0.590625 0.480657 0.590625 0.481243 0.591667 0.481829 0.591667 0.483001 0.593750 0.483587 0.593750 0.484174 0.594792 0.484760 0.594792 0.485346 0.595833 0.485932 0.595833 0.486518 0.596875 0.487691 0.596875 0.488277 0.597917 0.488863 0.597917 0.489449 0.598958 0.490621 0.598958 0.491208 0.600000 0.492380 0.600000 0.492966 0.601042 0.493552 0.601042 0.494138 0.602083 0.495311 0.602083 0.495897 0.603125 0.497069 0.603125 0.497655 0.604167 0.498828 0.604167 0.499414 0.605208 0.500586 0.605208 0.501172 0.606250 0.502931 0.606250 0.503517 0.607292 0.505275 0.607292 0.505862 0.608333 0.507034 0.608333 0.507620 0.609375 0.508792 0.609375 0.509379 0.610417 0.510551 0.610417 0.511137 0.611458 0.511723 0.611458 0.512309 0.612500 0.514068 0.612500 0.514654 0.613542 0.516413 0.613542 0.516999 0.614583 0.518171 0.614583 0.518757 0.615625 0.521688 0.615625 0.522274 0.616667 0.524033 0.616667 0.524619 0.617708 0.528136 0.617708 0.528722 0.618750 0.532825 0.618750 0.533411 0.619792 0.538687 0.619792 0.539273 0.620833 0.546307 0.620833 0.546893 0.619792 0.552169 0.619792 0.552755 0.618750 0.553927 0.618750 0.556272 0.622917 0.556272 0.623958 0.556858 0.625000 0.556858 0.627083 0.557444 0.627083 0.559789 0.631250 0.559789 0.632292 0.560961 0.634375 0.562720 0.634375 0.563892 0.636458 0.564478 0.636458 0.565064 0.637500 0.565651 0.637500 0.566237 0.638542 0.566237 0.639583 0.567409 0.641667 0.567995 0.641667 0.569168 0.643750 0.569168 0.647917 0.568581 0.648958 0.568581 0.651042 0.567995 0.652083 0.567995 0.654167 0.567409 0.655208 0.567409 0.658333 0.566823 0.659375 0.566823 0.662500 0.566237 0.663542 0.566237 0.665625 0.565651 0.666667 0.565651 0.667708 0.565064 0.668750 0.565064 0.669792 0.563892 0.671875 0.563892 0.672917 0.563306 0.673958 0.563306 0.677083 0.562720 0.678125 0.562720 0.680208 0.562134 0.681250 0.562134 0.685417 0.561547 0.686458 0.561547 0.689583 0.560961 0.690625 0.560961 0.691667 0.560375 0.692708 0.560375 0.695833 0.559789 0.696875 0.559789 0.700000 0.559203 0.701042 0.559203 0.704167 0.558617 0.705208 0.558617 0.714583 0.559203 0.715625 0.559203 0.721875 0.558617 0.722917 0.558617 0.727083 0.558030 0.728125 0.558030 0.740625 0.557444 0.741667 0.557444 0.745833 0.556858 0.746875 0.556858 0.751042 0.556272 0.752083 0.556272 0.755208 0.555686 0.756250 0.555686 0.759375 0.555100 0.760417 0.555100 0.767708 0.554513 0.768750 0.554513 0.784375 0.553927 0.785417 0.553927 0.786458 0.552169 0.789583 0.551583 0.789583 0.550996 0.790625 0.550410 0.790625 0.549824 0.791667 0.549238 0.791667 0.548066 0.793750 0.546893 0.793750 0.546307 0.794792 0.545721 0.794792 0.545135 0.795833 0.544549 0.795833 0.543962 0.796875 0.542790 0.796875 0.542204 0.797917 0.541032 0.797917 0.540445 0.798958 0.538687 0.798958 0.538101 0.800000 0.536928 0.800000 0.536342 0.801042 0.533998 0.801042 0.533411 0.802083 0.531067 0.802083 0.530481 0.803125 0.528722 0.803125 0.528136 0.804167 0.525791 0.804167 0.525205 0.805208 0.522860 0.805208 0.522274 0.806250 0.520516 0.806250 0.519930 0.807292 0.517585 0.807292 0.516999 0.808333 0.511723 0.808333 0.511137 0.807292 0.509965 0.807292 0.509379 0.806250 0.508792 0.806250 0.508206 0.805208 0.507034 0.805208 0.506448 0.804167 0.504689 0.804167 0.504103 0.803125 0.499414 0.803125 0.498828 0.804167 0.497069 0.804167 0.496483 0.805208 0.494138 0.805208 0.493552 0.806250 0.491794 0.806250 0.491208 0.807292 0.487104 0.807292 0.486518 0.806250 0.484760 0.806250 0.484174 0.805208 0.481243 0.805208 0.480657 0.804167 0.473623 0.804167 0.473036 0.803125 0.471864 0.803125 0.471278 0.802083 0.470106 0.802083 0.468933 0.800000 0.468347 0.800000 0.467761 0.798958 0.466589 0.798958 0.466002 0.797917 0.464244 0.797917 0.463658 0.796875 0.462485 0.796875 0.461899 0.795833 0.460141 0.795833 0.459555 0.794792 0.450762 0.794792 0.450176 0.795833 0.449004 0.795833 0.447831 0.797917 0.447245 0.797917 0.444900 0.802083 0.444314 0.802083 0.443728 0.803125 0.443728 0.804167 0.441970 0.807292 0.441970 0.808333 0.439039 0.813542 0.438453 0.813542 0.437280 0.815625 0.436694 0.815625 0.436108 0.816667 0.434936 0.816667 0.434349 0.817708 0.433763 0.817708 0.433177 0.818750 0.432591 0.818750 0.432005 0.819792 0.430246 0.819792 0.429660 0.820833 0.426729 0.820833 0.426143 0.821875 0.424971 0.821875 0.423798 0.823958 0.423212 0.823958 0.421454 0.827083 0.421454 0.832292 0.422040 0.833333 0.422040 0.834375 0.422626 0.835417 0.422626 0.837500 0.423212 0.838542 0.423212 0.841667 0.423798 0.842708 0.423798 0.846875 0.424385 0.847917 0.424385 0.853125 0.424971 0.854167 0.424971 0.856250 0.426729 0.859375 0.426729 0.860417 0.428488 0.863542 0.428488 0.864583 0.429074 0.865625 0.429074 0.866667 0.429660 0.867708 0.429660 0.868750 0.435522 0.879167 0.436108 0.879167 0.437866 0.882292 0.438453 0.882292 0.440797 0.886458 0.440797 0.887500 0.442556 0.890625 0.443142 0.890625 0.443728 0.891667 0.444314 0.891667 0.444900 0.892708 0.445487 0.892708 0.446073 0.893750 0.453107 0.893750 0.453693 0.892708 0.456038 0.892708 0.456624 0.891667 0.458968 0.891667 0.459555 0.890625 0.460727 0.890625 0.461313 0.889583 0.461899 0.889583 0.462485 0.888542 0.463072 0.888542 0.463658 0.887500 0.464244 0.887500 0.465416 0.885417 0.466002 0.885417 0.467175 0.883333 0.467761 0.883333 0.468933 0.881250 0.469519 0.881250 0.471864 0.877083 0.472450 0.877083 0.473036 0.876042 0.475967 0.876042 0.476553 0.877083 0.479484 0.877083 0.480070 0.878125 0.485932 0.878125 0.486518 0.879167 0.488863 0.879167 0.489449 0.880208 0.491794 0.880208 0.492380 0.881250 0.494725 0.881250 0.495311 0.882292 0.495897 0.882292 0.496483 0.883333 0.497655 0.883333 0.498242 0.884375 0.498828 0.884375 0.499414 0.885417 0.500000 0.885417 0.500586 0.886458 0.501172 0.886458 0.501758 0.887500 0.502345 0.887500 0.502931 0.888542 0.503517 0.888542 0.504103 0.889583 0.505275 0.889583 0.505862 0.890625 0.507620 0.890625 0.508206 0.891667 0.511137 0.891667 0.511723 0.892708 0.515240 0.892708 0.515826 0.893750 0.521102 0.893750 0.521688 0.894792 0.527550 0.894792 0.528136 0.895833 0.532825 0.895833 0.533411 0.896875 0.541032 0.896875 0.541618 0.897917 0.556858 0.897917 0.557444 0.898958 0.558617 0.898958 0.559203 0.900000 0.559203 0.901042 0.558617 0.902083 0.557444 0.902083 0.555686 0.905208 0.555686 0.906250 0.553341 0.910417 0.553341 0.912500 0.553927 0.913542 0.553927 0.915625 0.555100 0.917708 0.555100 0.918750 0.555686 0.919792 0.555686 0.920833 0.556272 0.921875 0.556272 0.922917 0.556858 0.923958 0.556858 0.926042 0.557444 0.927083 0.557444 0.931250 0.558030 0.932292 0.558030 0.938542 0.558617 0.939583 0.558617 0.943750 0.559203 0.944792 0.559203 0.946875 0.558617 0.947917 0.558617 0.950000 0.559203 0.951042 0.559203 0.955208 0.559789 0.956250 0.559789 0.978125 0.560375 0.979167 0.560375 0.992708 0.560961 0.993750 0.561547 0.993750 0.562134 0.994792 0.574443 0.994792 0.575029 0.995833 0.590856 0.995833 0.591442 0.994792 0.592028 0.994792 0.592614 0.995833 0.607268 0.995833 0.607855 0.994792 0.614302 0.994792 0.614889 0.995833 0.620750 0.995833 0.621336 0.996875 0.634818 0.996875 0.635404 0.997917 0.635404 0.998958 0.637749 0.998958 0.637749 0.997917 0.638335 0.996875 0.638921 0.996875 0.639508 0.995833 0.640094 0.995833 0.640680 0.994792 0.641852 0.994792 0.642438 0.993750 0.643025 0.993750 0.643611 0.992708 0.647128 0.992708 0.648300 0.994792 0.648886 0.994792 0.649472 0.995833 0.656506 0.995833 0.657093 0.996875 0.658851 0.996875 0.659437 0.995833 0.665299 0.995833 0.665885 0.994792 0.666471 0.994792 0.667057 0.993750 0.667057 0.992708 0.668230 0.990625 0.668230 0.989583 0.668816 0.988542 0.668816 0.986458 0.669402 0.985417 0.669402 0.978125 0.669988 0.977083 0.669988 0.975000 0.670574 0.973958 0.670574 0.972917 0.671161 0.971875 0.671161 0.970833 0.671747 0.969792 0.671747 0.968750 0.672333 0.967708 0.672333 0.965625 0.672919 0.964583 0.672919 0.954167 0.672333 0.953125 0.672333 0.939583 0.672919 0.938542 0.672919 0.930208 0.673505 0.929167 0.673505 0.917708 0.672919 0.916667 0.672919 0.913542 0.672333 0.912500 0.672333 0.909375 0.671747 0.908333 0.671747 0.904167 0.671161 0.903125 0.671161 0.902083 0.670574 0.901042 0.670574 0.898958 0.669988 0.897917 0.669988 0.894792 0.669402 0.893750 0.669402 0.892708 0.668816 0.891667 0.668816 0.890625 0.668230 0.889583 0.668230 0.888542 0.667057 0.886458 0.668816 0.883333 0.668816 0.880208 0.669402 0.879167 0.669402 0.870833 0.669988 0.869792 0.669988 0.868750 0.669402 0.867708 0.669402 0.858333 0.668816 0.857292 0.668816 0.854167 0.668230 0.853125 0.668230 0.850000 0.667644 0.848958 0.667644 0.847917 0.667057 0.846875 0.667057 0.838542 0.667644 0.837500 0.667644 0.835417 0.668230 0.834375 0.668230 0.833333 0.668816 0.832292 0.668816 0.830208 0.669402 0.829167 0.669402 0.828125 0.669988 0.827083 0.669988 0.826042 0.670574 0.825000 0.670574 0.823958 0.671161 0.822917 0.671161 0.821875 0.672333 0.819792 0.672333 0.818750 0.672919 0.817708 0.672919 0.816667 0.673505 0.815625 0.673505 0.813542 0.674091 0.812500 0.674091 0.811458 0.674678 0.810417 0.674678 0.809375 0.675850 0.807292 0.675850 0.806250 0.676436 0.805208 0.676436 0.804167 0.677022 0.803125 0.677022 0.802083 0.677608 0.801042 0.677608 0.800000 0.678781 0.797917 0.678781 0.796875 0.680539 0.793750 0.680539 0.792708 0.681125 0.791667 0.681125 0.790625 0.681712 0.789583 0.681712 0.787500 0.682884 0.785417 0.682884 0.783333 0.683470 0.782292 0.683470 0.781250 0.684056 0.780208 0.684056 0.779167 0.684642 0.778125 0.684642 0.777083 0.685815 0.775000 0.688746 0.775000 0.688746 0.772917 0.688159 0.771875 0.688159 0.770833 0.687573 0.769792 0.687573 0.768750 0.688159 0.767708 0.688159 0.766667 0.688746 0.765625 0.689332 0.765625 0.689918 0.764583 0.691090 0.764583 0.691676 0.763542 0.691676 0.762500 0.694021 0.758333 0.694607 0.758333 0.695780 0.756250 0.695780 0.754167 0.694021 0.754167 0.693435 0.753125 0.692263 0.753125 0.691676 0.752083 0.691676 0.747917 0.692263 0.746875 0.692263 0.745833 0.692849 0.744792 0.695193 0.744792 0.695780 0.743750 0.695780 0.739583 0.695193 0.738542 0.695193 0.737500 0.695780 0.736458 0.695780 0.734375 0.696366 0.733333 0.696366 0.732292 0.696952 0.731250 0.696952 0.730208 0.697538 0.729167 0.697538 0.726042 0.698124 0.725000 0.698124 0.718750 0.697538 0.717708 0.697538 0.716667 0.698124 0.715625 0.698124 0.706250 0.698710 0.705208 0.698710 0.702083 0.699297 0.701042 0.699297 0.698958 0.699883 0.697917 0.699883 0.696875 0.700469 0.695833 0.700469 0.693750 0.701055 0.692708 0.701055 0.690625 0.701641 0.689583 0.701641 0.687500 0.702227 0.686458 0.702227 0.685417 0.702814 0.684375 0.702814 0.675000 0.703400 0.673958 0.703400 0.650000 0.702814 0.648958 0.702814 0.646875 0.703400 0.645833 0.703400 0.642708 0.703986 0.641667 0.703986 0.635417 0.704572 0.634375 0.704572 0.633333 0.703986 0.632292 0.703986 0.629167 0.703400 0.628125 0.703400 0.623958 0.702814 0.622917 0.702814 0.620833 0.702227 0.619792 0.702227 0.618750 0.701641 0.617708 0.701641 0.615625 0.701055 0.614583 0.701055 0.611458 0.700469 0.610417 0.700469 0.607292 0.699883 0.606250 0.699883 0.603125 0.699297 0.602083 0.699297 0.598958 0.698710 0.597917 0.698710 0.592708 0.698124 0.591667 0.698710 0.590625 0.698710 0.586458 0.699883 0.584375 0.705744 0.584375 0.706917 0.582292 0.706917 0.581250 0.707503 0.580208 0.707503 0.555208 0.706917 0.554167 0.706917 0.533333 0.706331 0.532292 0.706917 0.531250 0.706917 0.521875 0.706331 0.520833 0.706331 0.514583 0.705744 0.513542 0.705744 0.508333 0.705158 0.507292 0.705158 0.506250 0.704572 0.505208 0.704572 0.501042 0.703986 0.500000 0.703986 0.497917 0.703400 0.496875 0.703400 0.494792 0.702814 0.493750 0.702814 0.492708 0.700469 0.488542 0.700469 0.487500 0.699297 0.485417 0.699297 0.484375 0.698710 0.484375 0.698124 0.483333 0.698124 0.482292 0.696952 0.480208 0.696952 0.479167 0.696366 0.478125 0.696366 0.476042 0.694021 0.471875 0.694021 0.470833 0.692849 0.468750 0.692849 0.467708 0.691676 0.465625 0.691090 0.465625 0.690504 0.464583 0.690504 0.463542 0.689332 0.461458 0.689332 0.460417 0.686401 0.455208 0.686401 0.454167 0.685815 0.453125 0.685815 0.452083 0.682298 0.445833 0.682884 0.444792 0.682884 0.443750 0.684642 0.440625 0.685229 0.440625 0.685815 0.439583 0.686987 0.439583 0.687573 0.438542 0.689332 0.438542 0.689332 0.437500 0.691090 0.434375 0.691090 0.433333 0.692263 0.431250 0.692263 0.428125 0.689918 0.423958 0.689918 0.422917 0.688746 0.420833 0.688159 0.420833 0.685229 0.415625 0.684642 0.415625 0.681712 0.410417 0.681125 0.410417 0.680539 0.409375 0.679953 0.409375 0.678195 0.406250 0.675264 0.406250 0.674091 0.404167 0.674091 0.401042 0.673505 0.400000 0.673505 0.398958 0.672919 0.397917 0.672919 0.396875 0.672333 0.395833 0.672333 0.393750 0.671747 0.392708 0.671747 0.390625 0.670574 0.388542 0.670574 0.387500 0.669988 0.386458 0.669988 0.377083 0.670574 0.376042 0.670574 0.375000 0.671161 0.373958 0.671161 0.372917 0.671747 0.371875 0.675264 0.371875 0.676436 0.369792 0.676436 0.363542 0.675850 0.362500 0.675850 0.340625 0.676436 0.339583 0.676436 0.318750 0.675850 0.317708 0.675850 0.307292 0.675264 0.306250 0.675264 0.294792 0.674678 0.293750 0.674678 0.292708 0.674091 0.291667 0.674091 0.290625 0.673505 0.289583 0.673505 0.282292 0.672919 0.281250 0.672919 0.280208 0.672333 0.279167 0.672333 0.278125 0.671747 0.277083 0.671747 0.273958 0.671161 0.272917 0.671161 0.271875 0.669988 0.269792 0.669988 0.268750 0.669402 0.267708 0.669402 0.265625 0.668230 0.263542 0.668230 0.262500 0.666471 0.259375 0.666471 0.258333 0.665299 0.256250 0.665299 0.255208 0.660610 0.246875 0.660023 0.246875 0.657679 0.242708 0.657093 0.242708 0.656506 0.241667 0.655920 0.241667 0.655334 0.240625 0.654748 0.240625 0.654162 0.239583 0.653576 0.239583 0.652989 0.238542 0.652403 0.238542 0.651817 0.237500 0.651231 0.237500 0.650645 0.236458 0.649472 0.236458 0.648886 0.235417 0.648300 0.235417 0.647714 0.234375 0.645369 0.234375 0.644783 0.233333 0.641266 0.233333 0.640680 0.232292 0.637749 0.232292 0.637163 0.231250
0 0.758499 0.508333 0.757913 0.509375 0.757327 0.509375 0.756155 0.511458 0.756155 0.514583 0.755569 0.515625 0.755569 0.517708 0.754982 0.518750 0.754982 0.519792 0.753224 0.522917 0.753224 0.523958 0.752638 0.525000 0.752638 0.527083 0.752052 0.528125 0.752052 0.530208 0.751465 0.531250 0.751465 0.537500 0.752052 0.538542 0.753224 0.538542 0.753810 0.539583 0.757327 0.539583 0.757913 0.540625 0.761430 0.540625 0.762016 0.541667 0.762603 0.540625 0.763189 0.540625 0.763775 0.539583 0.763775 0.511458 0.762603 0.509375 0.762016 0.509375 0.761430 0.508333
1 0.296600 0.319792 0.296014 0.320833 0.294256 0.320833 0.293669 0.321875 0.293669 0.328125 0.294256 0.329167 0.294256 0.330208 0.294842 0.331250 0.295428 0.331250 0.296014 0.332292 0.297186 0.332292 0.297773 0.331250 0.298359 0.331250 0.299531 0.329167 0.299531 0.322917 0.298945 0.321875 0.298945 0.320833 0.297186 0.320833
1 0.041618 0.342708 0.039859 0.345833 0.039859 0.347917 0.040445 0.348958 0.040445 0.351042 0.041032 0.352083 0.041032 0.353125 0.042790 0.356250 0.043962 0.356250 0.044549 0.357292 0.047479 0.357292 0.048066 0.356250 0.048066 0.351042 0.047479 0.350000 0.047479 0.348958 0.046893 0.347917 0.046893 0.346875 0.046307 0.345833 0.046307 0.344792 0.045135 0.342708
1 0.951348 0.544792 0.950762 0.545833 0.950176 0.545833 0.949004 0.547917 0.949004 0.548958 0.948417 0.550000 0.950762 0.554167 0.951934 0.554167 0.952521 0.555208 0.955451 0.555208 0.956038 0.556250 0.956624 0.556250 0.957210 0.555208 0.957796 0.555208 0.958968 0.553125 0.958968 0.548958 0.957210 0.545833 0.956624 0.545833 0.956038 0.544792
1 0.385698 0.476042 0.385111 0.477083 0.384525 0.477083 0.384525 0.481250 0.385111 0.482292 0.388628 0.482292 0.389215 0.481250 0.389215 0.480208 0.388628 0.479167 0.388628 0.478125 0.387456 0.476042
1 0.254396 0.356250 0.253810 0.357292 0.253224 0.357292 0.253224 0.358333 0.252638 0.359375 0.252638 0.360417 0.252052 0.361458 0.252052 0.364583 0.253224 0.366667 0.254396 0.366667 0.254982 0.367708 0.256741 0.367708 0.257327 0.366667 0.260258 0.366667 0.260844 0.365625 0.261430 0.365625 0.260844 0.364583 0.260844 0.362500 0.259672 0.360417 0.259672 0.359375 0.258499 0.357292 0.256741 0.357292 0.256155 0.356250
1 0.288980 0.485417 0.288394 0.486458 0.286049 0.486458 0.285463 0.487500 0.284877 0.487500 0.283705 0.489583 0.283705 0.493750 0.285463 0.496875 0.287808 0.496875 0.288394 0.497917 0.292497 0.497917 0.293083 0.498958 0.296014 0.498958 0.296600 0.500000 0.297773 0.500000 0.298359 0.501042 0.298945 0.501042 0.299531 0.502083 0.301876 0.502083 0.302462 0.503125 0.303634 0.503125 0.304807 0.501042 0.304220 0.500000 0.304220 0.496875 0.303634 0.495833 0.303634 0.494792 0.301876 0.491667 0.301876 0.490625 0.301290 0.489583 0.300703 0.489583 0.299531 0.487500 0.298359 0.487500 0.297773 0.486458 0.296014 0.486458 0.295428 0.485417
1 0.622509 0.230208 0.621923 0.231250 0.619578 0.231250 0.618992 0.232292 0.616647 0.232292 0.616061 0.233333 0.614302 0.233333 0.613716 0.234375 0.612544 0.234375 0.611958 0.235417 0.611372 0.235417 0.610785 0.236458 0.609613 0.236458 0.609027 0.237500 0.607855 0.237500 0.606682 0.239583 0.605510 0.239583 0.604924 0.240625 0.604338 0.240625 0.603751 0.241667 0.603165 0.241667 0.602579 0.242708 0.601993 0.242708 0.601407 0.243750 0.600821 0.243750 0.599648 0.245833 0.599062 0.245833 0.598476 0.246875 0.597890 0.246875 0.596131 0.250000 0.595545 0.250000 0.593787 0.253125 0.593200 0.253125 0.592028 0.255208 0.591442 0.255208 0.586166 0.264583 0.586166 0.265625 0.584408 0.268750 0.584408 0.269792 0.583236 0.271875 0.583236 0.272917 0.580891 0.277083 0.580891 0.278125 0.580305 0.279167 0.580305 0.280208 0.579719 0.281250 0.579719 0.282292 0.578546 0.284375 0.578546 0.285417 0.577960 0.286458 0.577960 0.288542 0.577374 0.289583 0.577374 0.291667 0.576788 0.292708 0.576788 0.294792 0.576202 0.295833 0.576202 0.297917 0.575615 0.298958 0.575615 0.301042 0.575029 0.302083 0.575029 0.304167 0.574443 0.305208 0.574443 0.308333 0.573857 0.309375 0.573857 0.312500 0.573271 0.313542 0.573271 0.317708 0.572685 0.318750 0.572685 0.321875 0.572098 0.322917 0.572098 0.323958 0.571512 0.325000 0.571512 0.326042 0.570926 0.327083 0.570926 0.330208 0.570340 0.331250 0.570340 0.332292 0.569168 0.334375 0.569168 0.335417 0.565064 0.342708 0.565064 0.343750 0.564478 0.344792 0.564478 0.345833 0.563892 0.346875 0.563892 0.347917 0.562720 0.350000 0.561547 0.350000 0.560961 0.351042 0.559203 0.351042 0.558617 0.352083 0.554513 0.352083 0.553927 0.353125 0.550410 0.353125 0.549824 0.354167 0.545135 0.354167 0.544549 0.355208 0.542790 0.355208 0.542204 0.356250 0.542204 0.357292 0.541618 0.358333 0.541618 0.361458 0.541032 0.362500 0.541032 0.373958 0.541618 0.375000 0.541618 0.378125 0.542204 0.379167 0.542204 0.381250 0.542790 0.382292 0.542790 0.384375 0.543376 0.385417 0.543376 0.386458 0.545135 0.389583 0.545135 0.390625 0.545721 0.391667 0.545721 0.392708 0.546307 0.393750 0.546307 0.394792 0.548652 0.398958 0.548652 0.400000 0.550996 0.404167 0.551583 0.404167 0.552169 0.405208 0.552169 0.406250 0.553341 0.408333 0.553341 0.409375 0.554513 0.411458 0.555100 0.411458 0.556858 0.414583 0.557444 0.414583 0.558030 0.415625 0.558617 0.415625 0.560961 0.419792 0.561547 0.419792 0.562720 0.421875 0.563306 0.421875 0.563892 0.422917 0.564478 0.422917 0.565064 0.421875 0.565651 0.421875 0.566237 0.420833 0.566237 0.407292 0.565651 0.406250 0.565651 0.403125 0.565064 0.402083 0.565064 0.398958 0.564478 0.397917 0.564478 0.393750 0.563892 0.392708 0.563892 0.388542 0.563306 0.387500 0.563306 0.386458 0.562720 0.385417 0.562720 0.384375 0.562134 0.383333 0.562134 0.377083 0.563892 0.373958 0.564478 0.373958 0.565064 0.372917 0.566237 0.372917 0.567409 0.370833 0.568581 0.370833 0.569168 0.369792 0.570340 0.369792 0.570926 0.368750 0.571512 0.368750 0.572098 0.367708 0.572685 0.367708 0.573271 0.366667 0.574443 0.366667 0.575029 0.365625 0.576202 0.365625 0.576788 0.364583 0.577960 0.364583 0.578546 0.363542 0.579719 0.363542 0.580305 0.362500 0.581477 0.362500 0.582063 0.361458 0.585580 0.361458 0.586166 0.360417 0.589683 0.360417 0.590270 0.359375 0.597890 0.359375 0.598476 0.360417 0.614889 0.360417 0.615475 0.359375 0.616061 0.359375 0.616647 0.360417 0.618992 0.360417 0.619578 0.361458 0.621923 0.361458 0.622509 0.362500 0.624267 0.362500 0.624853 0.363542 0.626026 0.363542 0.626612 0.364583 0.627784 0.364583 0.628370 0.365625 0.629543 0.365625 0.630129 0.366667 0.631887 0.366667 0.632474 0.367708 0.633646 0.367708 0.634232 0.368750 0.635404 0.368750 0.635991 0.369792 0.636577 0.369792 0.637163 0.370833 0.637749 0.370833 0.638335 0.371875 0.638921 0.371875 0.639508 0.372917 0.640094 0.372917 0.643025 0.378125 0.643025 0.379167 0.645955 0.384375 0.645955 0.385417 0.647128 0.387500 0.647128 0.388542 0.648886 0.391667 0.648886 0.392708 0.650059 0.394792 0.650059 0.395833 0.650645 0.396875 0.650645 0.397917 0.652989 0.402083 0.652989 0.403125 0.653576 0.404167 0.653576 0.406250 0.654162 0.407292 0.654162 0.409375 0.654748 0.410417 0.654748 0.415625 0.654162 0.416667 0.654162 0.418750 0.654748 0.419792 0.654748 0.422917 0.654162 0.423958 0.654162 0.425000 0.655920 0.428125 0.655920 0.429167 0.656506 0.430208 0.656506 0.431250 0.657093 0.432292 0.657093 0.434375 0.657679 0.435417 0.657679 0.436458 0.658265 0.437500 0.658265 0.439583 0.657679 0.440625 0.657679 0.443750 0.657093 0.444792 0.657093 0.445833 0.657679 0.446875 0.657679 0.447917 0.658265 0.446875 0.658851 0.446875 0.659437 0.445833 0.661196 0.445833 0.661782 0.444792 0.661782 0.443750 0.662368 0.442708 0.662368 0.441667 0.662954 0.440625 0.662954 0.438542 0.663540 0.437500 0.663540 0.436458 0.664127 0.435417 0.664127 0.434375 0.664713 0.433333 0.664713 0.432292 0.665299 0.431250 0.665299 0.428125 0.665885 0.427083 0.665885 0.426042 0.666471 0.425000 0.666471 0.423958 0.668230 0.420833 0.668230 0.419792 0.668816 0.418750 0.668816 0.416667 0.669988 0.414583 0.669988 0.413542 0.671161 0.411458 0.671161 0.410417 0.671747 0.409375 0.671747 0.393750 0.671161 0.392708 0.670574 0.392708 0.669402 0.390625 0.669402 0.372917 0.670574 0.370833 0.675264 0.370833 0.676436 0.368750 0.676436 0.362500 0.675850 0.361458 0.675850 0.345833 0.676436 0.344792 0.676436 0.336458 0.677022 0.335417 0.677022 0.333333 0.676436 0.332292 0.676436 0.313542 0.675850 0.312500 0.675850 0.300000 0.675264 0.298958 0.675264 0.290625 0.674678 0.289583 0.674678 0.285417 0.674091 0.284375 0.674091 0.282292 0.673505 0.281250 0.673505 0.279167 0.672919 0.278125 0.672919 0.277083 0.672333 0.276042 0.672333 0.275000 0.671747 0.273958 0.671747 0.271875 0.671161 0.270833 0.671161 0.269792 0.669988 0.267708 0.669988 0.266667 0.669402 0.265625 0.669402 0.264583 0.668816 0.263542 0.668816 0.262500 0.667057 0.259375 0.667057 0.258333 0.665885 0.256250 0.665885 0.255208 0.661196 0.246875 0.660610 0.246875 0.658265 0.242708 0.657679 0.242708 0.656506 0.240625 0.655920 0.240625 0.655334 0.239583 0.654748 0.239583 0.654162 0.238542 0.653576 0.238542 0.652989 0.237500 0.652403 0.237500 0.651817 0.236458 0.650645 0.236458 0.650059 0.235417 0.648886 0.235417 0.648300 0.234375 0.647714 0.234375 0.647128 0.233333 0.644197 0.233333 0.643611 0.232292 0.641266 0.232292 0.640680 0.231250 0.637163 0.231250 0.636577 0.230208
1 0.757913 0.508333 0.756155 0.511458 0.756155 0.514583 0.756741 0.515625 0.757327 0.515625 0.757913 0.516667 0.762016 0.516667 0.762603 0.515625 0.763189 0.515625 0.763775 0.514583 0.763775 0.511458 0.762016 0.508333
1 0.910903 0.437500 0.909730 0.439583 0.909730 0.443750 0.910317 0.443750 0.910903 0.444792 0.912075 0.444792 0.912661 0.443750 0.915006 0.443750 0.915592 0.442708 0.915592 0.440625 0.915006 0.439583 0.915006 0.438542 0.914420 0.438542 0.913834 0.437500
3 0.619578 0.848958 0.617819 0.852083 0.616647 0.852083 0.616061 0.853125 0.616061 0.854167 0.613716 0.858333 0.613130 0.858333 0.609613 0.864583 0.609027 0.864583 0.609027 0.865625 0.608441 0.866667 0.608441 0.869792 0.609027 0.870833 0.609027 0.871875 0.609613 0.872917 0.610199 0.872917 0.614889 0.881250 0.614889 0.882292 0.616061 0.884375 0.616061 0.885417 0.617819 0.888542 0.617819 0.889583 0.618406 0.890625 0.618406 0.891667 0.618992 0.892708 0.618992 0.893750 0.619578 0.894792 0.619578 0.895833 0.620164 0.896875 0.620164 0.898958 0.620750 0.900000 0.620750 0.901042 0.621336 0.902083 0.621336 0.904167 0.621923 0.905208 0.621923 0.906250 0.622509 0.907292 0.622509 0.909375 0.623095 0.910417 0.623095 0.911458 0.623681 0.912500 0.623681 0.913542 0.624853 0.915625 0.624853 0.916667 0.625440 0.917708 0.625440 0.918750 0.626026 0.919792 0.626026 0.920833 0.626612 0.921875 0.626612 0.923958 0.627784 0.926042 0.627784 0.928125 0.628370 0.929167 0.628370 0.930208 0.628957 0.931250 0.628957 0.933333 0.629543 0.934375 0.629543 0.935417 0.630129 0.936458 0.630129 0.937500 0.630715 0.938542 0.630715 0.939583 0.631301 0.940625 0.631301 0.941667 0.631887 0.942708 0.631887 0.943750 0.632474 0.944792 0.632474 0.946875 0.633060 0.947917 0.633060 0.948958 0.633646 0.950000 0.633646 0.951042 0.634232 0.952083 0.634232 0.953125 0.634818 0.954167 0.634818 0.955208 0.635404 0.956250 0.635404 0.957292 0.635991 0.958333 0.635991 0.959375 0.636577 0.960417 0.636577 0.962500 0.637749 0.964583 0.637749 0.965625 0.638335 0.966667 0.638335 0.967708 0.638921 0.968750 0.638921 0.969792 0.639508 0.970833 0.639508 0.971875 0.640094 0.972917 0.640094 0.973958 0.641852 0.977083 0.641852 0.978125 0.643025 0.980208 0.643025 0.981250 0.643611 0.981250 0.647128 0.987500 0.647128 0.989583 0.647714 0.990625 0.647714 0.993750 0.648300 0.994792 0.649472 0.994792 0.650059 0.995833 0.665299 0.995833 0.665885 0.994792 0.666471 0.994792 0.667057 0.993750 0.667644 0.993750 0.667644 0.992708 0.668230 0.991667 0.668230 0.989583 0.668816 0.988542 0.668816 0.985417 0.669402 0.984375 0.669402 0.977083 0.670574 0.975000 0.670574 0.973958 0.671161 0.972917 0.671161 0.971875 0.671747 0.970833 0.671747 0.965625 0.672333 0.964583 0.672333 0.954167 0.671747 0.953125 0.671747 0.948958 0.672333 0.947917 0.672333 0.938542 0.672919 0.937500 0.672919 0.914583 0.672333 0.913542 0.672333 0.909375 0.671747 0.908333 0.671747 0.902083 0.671161 0.901042 0.671161 0.900000 0.669988 0.897917 0.669988 0.896875 0.669402 0.895833 0.669402 0.894792 0.666471 0.889583 0.666471 0.888542 0.665885 0.887500 0.665885 0.885417 0.665299 0.884375 0.665299 0.882292 0.664713 0.881250 0.664713 0.877083 0.663540 0.875000 0.663540 0.873958 0.662954 0.872917 0.662954 0.869792 0.662368 0.868750 0.662368 0.864583 0.661782 0.863542 0.661782 0.862500 0.661196 0.861458 0.661196 0.860417 0.661196 0.861458 0.657679 0.867708 0.657679 0.870833 0.657093 0.871875 0.657093 0.875000 0.656506 0.876042 0.656506 0.909375 0.657093 0.910417 0.657093 0.918750 0.656506 0.919792 0.656506 0.931250 0.655920 0.932292 0.655920 0.938542 0.654162 0.941667 0.653576 0.941667 0.652989 0.942708 0.650645 0.942708 0.650059 0.941667 0.649472 0.941667 0.648886 0.940625 0.648300 0.940625 0.647714 0.939583 0.647128 0.939583 0.644783 0.935417 0.644783 0.933333 0.644197 0.932292 0.644197 0.931250 0.643611 0.930208 0.643611 0.929167 0.643025 0.928125 0.643025 0.927083 0.642438 0.926042 0.642438 0.923958 0.641852 0.922917 0.641852 0.920833 0.641266 0.919792 0.641266 0.918750 0.640680 0.917708 0.640680 0.914583 0.639508 0.912500 0.639508 0.911458 0.638921 0.910417 0.638921 0.909375 0.638335 0.908333 0.638335 0.907292 0.637163 0.905208 0.637163 0.904167 0.636577 0.904167 0.631887 0.895833 0.631887 0.894792 0.630715 0.892708 0.630715 0.891667 0.630129 0.890625 0.630129 0.889583 0.629543 0.888542 0.629543 0.887500 0.627198 0.883333 0.627198 0.882292 0.623095 0.875000 0.623095 0.873958 0.621923 0.871875 0.621923 0.870833 0.621336 0.869792 0.621336 0.866667 0.620750 0.865625 0.620750 0.851042
3 0.696366 0.720833 0.695780 0.721875 0.695780 0.727083 0.695193 0.728125 0.695193 0.731250 0.694607 0.732292 0.694607 0.734375 0.694021 0.735417 0.694021 0.736458 0.693435 0.737500 0.693435 0.738542 0.692263 0.740625 0.692263 0.743750 0.691676 0.744792 0.691676 0.746875 0.691090 0.747917 0.691090 0.750000 0.690504 0.751042 0.690504 0.752083 0.689918 0.753125 0.689918 0.754167 0.689332 0.755208 0.689332 0.756250 0.688746 0.757292 0.688746 0.759375 0.688159 0.760417 0.688159 0.762500 0.687573 0.763542 0.687573 0.764583 0.686987 0.765625 0.686987 0.766667 0.685815 0.768750 0.685815 0.771875 0.685229 0.772917 0.685229 0.773958 0.684642 0.775000 0.684642 0.777083 0.684056 0.778125 0.684056 0.780208 0.683470 0.781250 0.683470 0.785417 0.684056 0.786458 0.685229 0.786458 0.689332 0.779167 0.689332 0.778125 0.690504 0.776042 0.690504 0.775000 0.692849 0.770833 0.692849 0.769792 0.693435 0.768750 0.693435 0.767708 0.695780 0.763542 0.695780 0.762500 0.696366 0.761458 0.696366 0.760417 0.696952 0.759375 0.696952 0.757292 0.697538 0.756250 0.697538 0.755208 0.698124 0.754167 0.698124 0.753125 0.698710 0.752083 0.698710 0.751042 0.699297 0.750000 0.699297 0.721875 0.696952 0.721875
3 0.654748 0.503125 0.654162 0.504167 0.652989 0.504167 0.652403 0.505208 0.651817 0.505208 0.651231 0.506250 0.650645 0.506250 0.650059 0.507292 0.649472 0.507292 0.648300 0.509375 0.647714 0.509375 0.647128 0.510417 0.646542 0.510417 0.645955 0.511458 0.645369 0.511458 0.644783 0.512500 0.644197 0.512500 0.643025 0.514583 0.642438 0.514583 0.641266 0.516667 0.641266 0.517708 0.640094 0.519792 0.639508 0.519792 0.636577 0.525000 0.635991 0.525000 0.634818 0.527083 0.634232 0.527083 0.631301 0.532292 0.630715 0.532292 0.627198 0.538542 0.626612 0.538542 0.624853 0.541667 0.624853 0.543750 0.624267 0.544792 0.624267 0.545833 0.623681 0.546875 0.623681 0.547917 0.621923 0.551042 0.621923 0.552083 0.621336 0.553125 0.621336 0.554167 0.617819 0.560417 0.617233 0.560417 0.617233 0.561458 0.615475 0.564583 0.615475 0.565625 0.612544 0.570833 0.612544 0.571875 0.611958 0.572917 0.611958 0.573958 0.611372 0.575000 0.611372 0.576042 0.608441 0.581250 0.608441 0.582292 0.607268 0.584375 0.607268 0.585417 0.604924 0.589583 0.604924 0.590625 0.604338 0.591667 0.604338 0.592708 0.603165 0.594792 0.603165 0.595833 0.602579 0.596875 0.601993 0.596875 0.601407 0.597917 0.600821 0.597917 0.600234 0.598958 0.598476 0.598958 0.597890 0.600000 0.597304 0.600000 0.596717 0.601042 0.596131 0.601042 0.593787 0.605208 0.593200 0.605208 0.592028 0.607292 0.591442 0.607292 0.590856 0.606250 0.589097 0.606250 0.588511 0.605208 0.587339 0.605208 0.586753 0.604167 0.586166 0.604167 0.585580 0.603125 0.584994 0.603125 0.584408 0.602083 0.583822 0.602083 0.583236 0.601042 0.582649 0.601042 0.582063 0.600000 0.581477 0.600000 0.580891 0.598958 0.580305 0.598958 0.578546 0.595833 0.578546 0.594792 0.577960 0.593750 0.577960 0.591667 0.577374 0.590625 0.577374 0.586458 0.576788 0.585417 0.576788 0.582292 0.577374 0.581250 0.577374 0.572917 0.577960 0.571875 0.577960 0.568750 0.578546 0.567708 0.578546 0.563542 0.579132 0.562500 0.579132 0.560417 0.579719 0.559375 0.579719 0.557292 0.580305 0.556250 0.580305 0.555208 0.580891 0.554167 0.580891 0.553125 0.581477 0.552083 0.581477 0.550000 0.582063 0.548958 0.582063 0.547917 0.582649 0.546875 0.582649 0.545833 0.583236 0.544792 0.583236 0.543750 0.584408 0.541667 0.584408 0.540625 0.584994 0.539583 0.584994 0.538542 0.586753 0.535417 0.586753 0.534375 0.587925 0.532292 0.587925 0.522917 0.587339 0.521875 0.587339 0.519792 0.586753 0.518750 0.585580 0.518750 0.584994 0.517708 0.583822 0.519792 0.583822 0.520833 0.582649 0.522917 0.582649 0.523958 0.581477 0.526042 0.581477 0.527083 0.580891 0.528125 0.580891 0.529167 0.580305 0.530208 0.580305 0.532292 0.579719 0.533333 0.579719 0.535417 0.579132 0.536458 0.579132 0.539583 0.578546 0.540625 0.578546 0.542708 0.577960 0.543750 0.577960 0.544792 0.577374 0.545833 0.577374 0.546875 0.576788 0.547917 0.576788 0.548958 0.576202 0.550000 0.576202 0.551042 0.575029 0.553125 0.575029 0.554167 0.574443 0.555208 0.574443 0.557292 0.573857 0.558333 0.573857 0.562500 0.573271 0.563542 0.573271 0.566667 0.572685 0.567708 0.572685 0.569792 0.572098 0.570833 0.572098 0.573958 0.571512 0.575000 0.571512 0.576042 0.570926 0.577083 0.570926 0.579167 0.570340 0.580208 0.570340 0.581250 0.569754 0.582292 0.569754 0.583333 0.567995 0.586458 0.567409 0.586458 0.566823 0.587500 0.565651 0.587500 0.565064 0.588542 0.564478 0.588542 0.563892 0.589583 0.563306 0.589583 0.562720 0.590625 0.562720 0.591667 0.562134 0.592708 0.562134 0.593750 0.560375 0.596875 0.560375 0.597917 0.558030 0.602083 0.558030 0.603125 0.557444 0.604167 0.557444 0.605208 0.556858 0.606250 0.556858 0.607292 0.556272 0.608333 0.556272 0.610417 0.555686 0.611458 0.555686 0.614583 0.555100 0.615625 0.555100 0.623958 0.555686 0.625000 0.555686 0.627083 0.556272 0.628125 0.556272 0.629167 0.557444 0.631250 0.557444 0.632292 0.558030 0.633333 0.558617 0.633333 0.560375 0.636458 0.560961 0.636458 0.561547 0.637500 0.562134 0.637500 0.563306 0.639583 0.563892 0.639583 0.564478 0.640625 0.565651 0.640625 0.566237 0.641667 0.566823 0.641667 0.567409 0.642708 0.569754 0.642708 0.570340 0.643750 0.580305 0.643750 0.580891 0.642708 0.581477 0.642708 0.582063 0.643750 0.583236 0.643750 0.583822 0.644792 0.584408 0.644792 0.585580 0.646875 0.586166 0.646875 0.586753 0.647917 0.586753 0.648958 0.587925 0.651042 0.587925 0.652083 0.589097 0.654167 0.589097 0.657292 0.589683 0.658333 0.589683 0.679167 0.590270 0.680208 0.590270 0.685417 0.590856 0.686458 0.590856 0.690625 0.591442 0.691667 0.591442 0.698958 0.592028 0.700000 0.592028 0.706250 0.592614 0.707292 0.592614 0.709375 0.594373 0.712500 0.594959 0.712500 0.595545 0.711458 0.595545 0.710417 0.596131 0.709375 0.596131 0.707292 0.596717 0.706250 0.596717 0.705208 0.597304 0.704167 0.597304 0.703125 0.597890 0.702083 0.597890 0.701042 0.598476 0.700000 0.598476 0.698958 0.599062 0.697917 0.599062 0.696875 0.600234 0.694792 0.600234 0.693750 0.601407 0.691667 0.601407 0.690625 0.601993 0.689583 0.601993 0.688542 0.602579 0.687500 0.602579 0.686458 0.603165 0.685417 0.603165 0.683333 0.603751 0.682292 0.603751 0.679167 0.604338 0.678125 0.604338 0.670833 0.603751 0.669792 0.603751 0.666667 0.603165 0.665625 0.603165 0.663542 0.602579 0.662500 0.602579 0.660417 0.601993 0.659375 0.601993 0.656250 0.602579 0.655208 0.602579 0.650000 0.603165 0.648958 0.603165 0.646875 0.603751 0.645833 0.603751 0.644792 0.604924 0.642708 0.604924 0.641667 0.606096 0.639583 0.606096 0.637500 0.606682 0.636458 0.606682 0.633333 0.607268 0.632292 0.607268 0.629167 0.607855 0.628125 0.607855 0.626042 0.608441 0.625000 0.608441 0.621875 0.609027 0.620833 0.609027 0.619792 0.609613 0.618750 0.609613 0.616667 0.610199 0.615625 0.610199 0.612500 0.610785 0.611458 0.610785 0.609375 0.611372 0.608333 0.611372 0.607292 0.612544 0.605208 0.612544 0.604167 0.613130 0.603125 0.613130 0.602083 0.614302 0.600000 0.614302 0.598958 0.617819 0.592708 0.618406 0.592708 0.622509 0.585417 0.623095 0.585417 0.625440 0.581250 0.626026 0.581250 0.630129 0.573958 0.630715 0.573958 0.633060 0.569792 0.633646 0.569792 0.634232 0.568750 0.634232 0.567708 0.643611 0.551042 0.644197 0.551042 0.644783 0.550000 0.644783 0.548958 0.645369 0.547917 0.645955 0.547917 0.647128 0.545833 0.647714 0.545833 0.648886 0.543750 0.649472 0.543750 0.650645 0.541667 0.651231 0.541667 0.651817 0.540625 0.652403 0.540625 0.652989 0.539583 0.653576 0.539583 0.654162 0.538542 0.654748 0.538542 0.655334 0.537500 0.655920 0.537500 0.656506 0.536458 0.657093 0.536458 0.657679 0.535417 0.658265 0.535417 0.658851 0.534375 0.660023 0.534375 0.660610 0.533333 0.662368 0.533333 0.662954 0.532292 0.664713 0.532292 0.665299 0.531250 0.667057 0.531250 0.667644 0.530208 0.679953 0.530208 0.680539 0.531250 0.681125 0.531250 0.681712 0.532292 0.682298 0.532292 0.682298 0.529167 0.680539 0.526042 0.680539 0.525000 0.678781 0.521875 0.678781 0.520833 0.676436 0.516667 0.676436 0.515625 0.675264 0.513542 0.675264 0.512500 0.674678 0.511458 0.674091 0.511458 0.673505 0.510417 0.673505 0.509375 0.671161 0.505208 0.669988 0.505208 0.669402 0.504167 0.665299 0.504167 0.664713 0.503125