0 0.000000 0.185417 0.000000 0.322917 0.001172 0.322917 0.001758 0.323958 0.001758 0.326042 0.002345 0.327083 0.002345 0.329167 0.002931 0.330208 0.003517 0.330208 0.004103 0.331250 0.006448 0.331250 0.007034 0.330208 0.008206 0.330208 0.008792 0.329167 0.009965 0.329167 0.010551 0.328125 0.011723 0.328125 0.012309 0.327083 0.012309 0.326042 0.012896 0.325000 0.012896 0.318750 0.012309 0.317708 0.012309 0.308333 0.011723 0.307292 0.011723 0.298958 0.011137 0.297917 0.011137 0.292708 0.010551 0.291667 0.010551 0.285417 0.009965 0.284375 0.009965 0.281250 0.009379 0.280208 0.009379 0.275000 0.008792 0.273958 0.008792 0.272917 0.006448 0.268750 0.006448 0.267708 0.005862 0.266667 0.005862 0.264583 0.005275 0.263542 0.005275 0.243750 0.005862 0.242708 0.005862 0.236458 0.006448 0.235417 0.006448 0.226042 0.007034 0.225000 0.007034 0.218750 0.007620 0.217708 0.007620 0.215625 0.010551 0.210417 0.010551 0.207292 0.011137 0.206250 0.010551 0.205208 0.010551 0.204167 0.005275 0.194792 0.005275 0.193750 0.004689 0.192708 0.004689 0.191667 0.004103 0.191667 0.002345 0.188542 0.002345 0.187500 0.001758 0.186458 0.001758 0.185417
0 0.645369 0.479167 0.644783 0.480208 0.643025 0.480208 0.641852 0.482292 0.641266 0.482292 0.640680 0.483333 0.640094 0.483333 0.638335 0.486458 0.638335 0.487500 0.637749 0.488542 0.637749 0.492708 0.637163 0.493750 0.637163 0.501042 0.636577 0.502083 0.636577 0.519792 0.635991 0.520833 0.635991 0.529167 0.635404 0.530208 0.635404 0.532292 0.629543 0.542708 0.629543 0.544792 0.628957 0.545833 0.628957 0.547917 0.628370 0.548958 0.628370 0.552083 0.628957 0.553125 0.628957 0.555208 0.627784 0.557292 0.627198 0.557292 0.626026 0.559375 0.626026 0.564583 0.625440 0.565625 0.625440 0.568750 0.624853 0.569792 0.624853 0.582292 0.625440 0.583333 0.625440 0.586458 0.626026 0.587500 0.626026 0.597917 0.626612 0.598958 0.626612 0.602083 0.627198 0.603125 0.627198 0.605208 0.628370 0.607292 0.628370 0.608333 0.628957 0.609375 0.628957 0.610417 0.629543 0.611458 0.629543 0.619792 0.628957 0.620833 0.628957 0.625000 0.628370 0.626042 0.628370 0.632292 0.628957 0.633333 0.628957 0.635417 0.629543 0.636458 0.629543 0.638542 0.631301 0.641667 0.631887 0.641667 0.634232 0.645833 0.634818 0.645833 0.635991 0.647917 0.635991 0.648958 0.637163 0.651042 0.638335 0.651042 0.638921 0.652083 0.640094 0.652083 0.641852 0.655208 0.642438 0.655208 0.643611 0.657292 0.644197 0.657292 0.645955 0.660417 0.645955 0.661458 0.646542 0.662500 0.646542 0.663542 0.649472 0.668750 0.650059 0.668750 0.650645 0.669792 0.655334 0.669792 0.658851 0.663542 0.658851 0.657292 0.659437 0.656250 0.659437 0.643750 0.660023 0.642708 0.660023 0.635417 0.661196 0.633333 0.662368 0.633333 0.662954 0.632292 0.664713 0.632292 0.665299 0.631250 0.667644 0.631250 0.668230 0.630208 0.668816 0.630208 0.669402 0.629167 0.669988 0.629167 0.671747 0.626042 0.671747 0.625000 0.671161 0.623958 0.671161 0.622917 0.669402 0.619792 0.669402 0.618750 0.664127 0.609375 0.664127 0.608333 0.663540 0.607292 0.663540 0.604167 0.662954 0.603125 0.662954 0.601042 0.662368 0.600000 0.662368 0.597917 0.661782 0.596875 0.661782 0.591667 0.661196 0.590625 0.661196 0.587500 0.660610 0.586458 0.660610 0.576042 0.661196 0.575000 0.661196 0.557292 0.660610 0.556250 0.660610 0.551042 0.660023 0.550000 0.660023 0.548958 0.659437 0.547917 0.659437 0.546875 0.658265 0.544792 0.658265 0.543750 0.657679 0.542708 0.657679 0.541667 0.657093 0.540625 0.657093 0.539583 0.656506 0.538542 0.656506 0.534375 0.655920 0.533333 0.655920 0.532292 0.656506 0.531250 0.656506 0.529167 0.658265 0.526042 0.658265 0.523958 0.658851 0.522917 0.658851 0.518750 0.659437 0.517708 0.659437 0.512500 0.660023 0.511458 0.660023 0.507292 0.660610 0.506250 0.660610 0.503125 0.661196 0.502083 0.661196 0.496875 0.660610 0.495833 0.660610 0.492708 0.660023 0.491667 0.660023 0.489583 0.659437 0.488542 0.659437 0.487500 0.657093 0.483333 0.656506 0.483333 0.655334 0.481250 0.654748 0.481250 0.654162 0.480208 0.652403 0.480208 0.651817 0.479167
0 0.457796 0.670833 0.457210 0.671875 0.456038 0.671875 0.455451 0.672917 0.454865 0.672917 0.454865 0.673958 0.453107 0.677083 0.452521 0.677083 0.449590 0.682292 0.449004 0.682292 0.449004 0.683333 0.448417 0.684375 0.448417 0.686458 0.449590 0.688542 0.450762 0.688542 0.451348 0.689583 0.453107 0.689583 0.453693 0.690625 0.454865 0.690625 0.455451 0.691667 0.456624 0.691667 0.457210 0.692708 0.457796 0.692708 0.458382 0.693750 0.458968 0.693750 0.459555 0.694792 0.460727 0.694792 0.461313 0.695833 0.462485 0.695833 0.463072 0.696875 0.468933 0.696875 0.469519 0.695833 0.470692 0.695833 0.471864 0.693750 0.471864 0.692708 0.472450 0.691667 0.472450 0.688542 0.471864 0.687500 0.471864 0.686458 0.469519 0.682292 0.468933 0.682292 0.467175 0.679167 0.466589 0.679167 0.463658 0.673958 0.463658 0.672917 0.463072 0.671875 0.462485 0.671875 0.461899 0.670833
0 0.494138 0.531250 0.493552 0.532292 0.493552 0.534375 0.492966 0.535417 0.492966 0.536458 0.493552 0.537500 0.493552 0.545833 0.494138 0.546875 0.494138 0.547917 0.494725 0.547917 0.495311 0.546875 0.495897 0.546875 0.496483 0.545833 0.496483 0.544792 0.497069 0.543750 0.497069 0.539583 0.496483 0.538542 0.496483 0.536458 0.495311 0.534375 0.495311 0.533333 0.494725 0.532292 0.494725 0.531250
0 0.469519 0.366667 0.468933 0.367708 0.466002 0.367708 0.465416 0.368750 0.464830 0.368750 0.463658 0.370833 0.463072 0.370833 0.459555 0.377083 0.459555 0.378125 0.458968 0.379167 0.458968 0.383333 0.461899 0.388542 0.463072 0.388542 0.464244 0.390625 0.464244 0.393750 0.463658 0.394792 0.462485 0.394792 0.461899 0.393750 0.461899 0.392708 0.461313 0.392708 0.460727 0.391667 0.457796 0.391667 0.457210 0.392708 0.456038 0.392708 0.456038 0.393750 0.453693 0.397917 0.453107 0.397917 0.452521 0.398958 0.452521 0.401042 0.451934 0.402083 0.451934 0.404167 0.452521 0.405208 0.452521 0.419792 0.451348 0.421875 0.451348 0.423958 0.449590 0.427083 0.449004 0.427083 0.448417 0.426042 0.446659 0.426042 0.446073 0.425000 0.445487 0.426042 0.444900 0.426042 0.444314 0.427083 0.443142 0.427083 0.442556 0.428125 0.442556 0.429167 0.441970 0.430208 0.441970 0.432292 0.441383 0.433333 0.441383 0.435417 0.440797 0.436458 0.440797 0.437500 0.438453 0.441667 0.435522 0.441667 0.434936 0.442708 0.434349 0.442708 0.434349 0.443750 0.432005 0.447917 0.432005 0.453125 0.431419 0.454167 0.431419 0.461458 0.430832 0.462500 0.430832 0.470833 0.430246 0.471875 0.430246 0.482292 0.429660 0.483333 0.429660 0.484375 0.430246 0.485417 0.430246 0.487500 0.429660 0.488542 0.429660 0.492708 0.429074 0.493750 0.429074 0.494792 0.428488 0.495833 0.428488 0.497917 0.427902 0.498958 0.427902 0.500000 0.427315 0.501042 0.427315 0.503125 0.426729 0.504167 0.426729 0.507292 0.426143 0.508333 0.426143 0.513542 0.425557 0.514583 0.425557 0.519792 0.424971 0.520833 0.424971 0.538542 0.425557 0.539583 0.425557 0.544792 0.426143 0.545833 0.426143 0.554167 0.426729 0.555208 0.426729 0.561458 0.427315 0.562500 0.427315 0.564583 0.427902 0.565625 0.427902 0.568750 0.428488 0.569792 0.428488 0.600000 0.427902 0.601042 0.427902 0.604167 0.427315 0.605208 0.427315 0.613542 0.426729 0.614583 0.426729 0.617708 0.426143 0.618750 0.426143 0.620833 0.426729 0.621875 0.426729 0.627083 0.427315 0.628125 0.427315 0.632292 0.427902 0.633333 0.427902 0.643750 0.428488 0.644792 0.428488 0.655208 0.429074 0.656250 0.429074 0.657292 0.429660 0.658333 0.429660 0.661458 0.430246 0.662500 0.430246 0.665625 0.430832 0.666667 0.430832 0.668750 0.431419 0.669792 0.431419 0.671875 0.432005 0.672917 0.432005 0.673958 0.433763 0.677083 0.434349 0.677083 0.434936 0.678125 0.437280 0.678125 0.437280 0.677083 0.437866 0.676042 0.437866 0.666667 0.438453 0.665625 0.438453 0.662500 0.439625 0.660417 0.439039 0.659375 0.439039 0.658333 0.438453 0.657292 0.439039 0.656250 0.439039 0.648958 0.439625 0.647917 0.439625 0.645833 0.440211 0.644792 0.440211 0.639583 0.440797 0.638542 0.440797 0.636458 0.439039 0.636458 0.438453 0.635417 0.438453 0.634375 0.437866 0.633333 0.437866 0.621875 0.437280 0.620833 0.437280 0.613542 0.437866 0.612500 0.437866 0.611458 0.437280 0.610417 0.437280 0.605208 0.437866 0.604167 0.437866 0.602083 0.438453 0.601042 0.438453 0.598958 0.439039 0.597917 0.442556 0.597917 0.442556 0.595833 0.441970 0.595833 0.441383 0.594792 0.439039 0.594792 0.437866 0.592708 0.437866 0.591667 0.437280 0.590625 0.437280 0.577083 0.436694 0.576042 0.436694 0.572917 0.435522 0.570833 0.435522 0.564583 0.436108 0.563542 0.435522 0.562500 0.435522 0.558333 0.434936 0.557292 0.434936 0.555208 0.436694 0.552083 0.439039 0.552083 0.439625 0.553125 0.439625 0.554167 0.440211 0.555208 0.440211 0.556250 0.441383 0.558333 0.441383 0.559375 0.441970 0.560417 0.441970 0.563542 0.442556 0.564583 0.442556 0.565625 0.443142 0.566667 0.443142 0.573958 0.443728 0.575000 0.443728 0.578125 0.444314 0.579167 0.444314 0.584375 0.444900 0.585417 0.444900 0.586458 0.446073 0.588542 0.446073 0.589583 0.447245 0.591667 0.447245 0.593750 0.447831 0.594792 0.447831 0.595833 0.448417 0.596875 0.448417 0.602083 0.447831 0.603125 0.447831 0.604167 0.447245 0.605208 0.447245 0.606250 0.445487 0.609375 0.445487 0.631250 0.446073 0.632292 0.446073 0.636458 0.446659 0.637500 0.446659 0.640625 0.444900 0.643750 0.445487 0.644792 0.445487 0.646875 0.446073 0.647917 0.446073 0.651042 0.446659 0.652083 0.446659 0.660417 0.447245 0.661458 0.447245 0.662500 0.448417 0.664583 0.448417 0.667708 0.449004 0.668750 0.449004 0.670833 0.449590 0.671875 0.450176 0.670833 0.450762 0.670833 0.451348 0.669792 0.454279 0.669792 0.456624 0.665625 0.456624 0.664583 0.457210 0.663542 0.457796 0.663542 0.460727 0.658333 0.460727 0.651042 0.460141 0.650000 0.460141 0.638542 0.460727 0.637500 0.460727 0.618750 0.461313 0.617708 0.461313 0.610417 0.461899 0.609375 0.461899 0.600000 0.462485 0.598958 0.462485 0.594792 0.463072 0.593750 0.463072 0.588542 0.463658 0.587500 0.463658 0.583333 0.464244 0.582292 0.464244 0.578125 0.464830 0.577083 0.464830 0.575000 0.465416 0.573958 0.465416 0.569792 0.466002 0.568750 0.466002 0.565625 0.466589 0.564583 0.466589 0.557292 0.467175 0.556250 0.467175 0.550000 0.467761 0.548958 0.467761 0.532292 0.468347 0.531250 0.468347 0.520833 0.467761 0.519792 0.467761 0.515625 0.467175 0.514583 0.467175 0.511458 0.467761 0.510417 0.467761 0.506250 0.468347 0.505208 0.468347 0.503125 0.468933 0.502083 0.468933 0.501042 0.469519 0.500000 0.469519 0.498958 0.470106 0.497917 0.470692 0.498958 0.471278 0.498958 0.472450 0.501042 0.473623 0.501042 0.474795 0.503125 0.474795 0.504167 0.475967 0.506250 0.475967 0.507292 0.476553 0.508333 0.476553 0.509375 0.483001 0.520833 0.483001 0.521875 0.483587 0.522917 0.484760 0.522917 0.485346 0.523958 0.486518 0.523958 0.487104 0.525000 0.489449 0.525000 0.490035 0.523958 0.491208 0.523958 0.492380 0.521875 0.492380 0.514583 0.491794 0.513542 0.491794 0.511458 0.490621 0.509375 0.490621 0.508333 0.490035 0.507292 0.490035 0.506250 0.489449 0.505208 0.489449 0.503125 0.488863 0.502083 0.488863 0.501042 0.488277 0.500000 0.488277 0.497917 0.487691 0.496875 0.487691 0.495833 0.487104 0.494792 0.487104 0.492708 0.486518 0.491667 0.486518 0.490625 0.485932 0.489583 0.485932 0.488542 0.485346 0.487500 0.485346 0.486458 0.484760 0.485417 0.484760 0.483333 0.484174 0.482292 0.484174 0.481250 0.483587 0.480208 0.483587 0.478125 0.483001 0.477083 0.483001 0.473958 0.482415 0.472917 0.482415 0.470833 0.481829 0.469792 0.481829 0.465625 0.481243 0.464583 0.481243 0.460417 0.480657 0.459375 0.480657 0.455208 0.480070 0.454167 0.480070 0.453125 0.479484 0.452083 0.479484 0.450000 0.478898 0.448958 0.478898 0.445833 0.478312 0.444792 0.478312 0.442708 0.477726 0.441667 0.477726 0.440625 0.477140 0.439583 0.477140 0.438542 0.475967 0.436458 0.475967 0.435417 0.474795 0.433333 0.474209 0.433333 0.473623 0.432292 0.473623 0.430208 0.473036 0.429167 0.473036 0.428125 0.474209 0.426042 0.474209 0.425000 0.475381 0.422917 0.475381 0.421875 0.477140 0.418750 0.477726 0.418750 0.481829 0.411458 0.481829 0.408333 0.481243 0.407292 0.481243 0.398958 0.481829 0.397917 0.481829 0.396875 0.481243 0.395833 0.481243 0.390625 0.480657 0.389583 0.480657 0.385417 0.480070 0.384375 0.480070 0.381250 0.479484 0.380208 0.479484 0.379167 0.478898 0.378125 0.478898 0.377083 0.475967 0.371875 0.475381 0.371875 0.473623 0.368750 0.473036 0.368750 0.472450 0.367708 0.471278 0.367708 0.470692 0.366667
0 0.393904 0.321875 0.393318 0.322917 0.391559 0.322917 0.390973 0.323958 0.390387 0.323958 0.389801 0.325000 0.389215 0.325000 0.388628 0.326042 0.388042 0.326042 0.386284 0.329167 0.386284 0.330208 0.385698 0.331250 0.385698 0.335417 0.385111 0.336458 0.385111 0.339583 0.384525 0.340625 0.384525 0.341667 0.383939 0.342708 0.383939 0.343750 0.383353 0.344792 0.383353 0.345833 0.382181 0.347917 0.382181 0.348958 0.381008 0.351042 0.381008 0.352083 0.379836 0.354167 0.379836 0.355208 0.379250 0.356250 0.379250 0.357292 0.378664 0.358333 0.378664 0.360417 0.378077 0.361458 0.378077 0.362500 0.376319 0.365625 0.372216 0.365625 0.370457 0.368750 0.370457 0.369792 0.368699 0.372917 0.368699 0.373958 0.368113 0.375000 0.368113 0.376042 0.367526 0.377083 0.367526 0.378125 0.361665 0.388542 0.361665 0.389583 0.359320 0.393750 0.358734 0.393750 0.353458 0.403125 0.353458 0.404167 0.352286 0.406250 0.352286 0.407292 0.350528 0.410417 0.350528 0.411458 0.349941 0.412500 0.349941 0.414583 0.349355 0.415625 0.349355 0.421875 0.348769 0.422917 0.348769 0.426042 0.349355 0.427083 0.349355 0.429167 0.348769 0.430208 0.348769 0.434375 0.348183 0.435417 0.348769 0.436458 0.348769 0.450000 0.349355 0.451042 0.349355 0.463542 0.349941 0.464583 0.349941 0.471875 0.350528 0.472917 0.350528 0.476042 0.351114 0.477083 0.351114 0.481250 0.351700 0.482292 0.351700 0.486458 0.352286 0.487500 0.352286 0.495833 0.352872 0.496875 0.352872 0.500000 0.353458 0.501042 0.353458 0.522917 0.354045 0.523958 0.354045 0.529167 0.354631 0.530208 0.354631 0.533333 0.355217 0.534375 0.355217 0.538542 0.355803 0.539583 0.355803 0.541667 0.356389 0.542708 0.356389 0.543750 0.356975 0.544792 0.356975 0.546875 0.357562 0.547917 0.357562 0.550000 0.358148 0.551042 0.358148 0.552083 0.359906 0.555208 0.360492 0.555208 0.361079 0.556250 0.361665 0.556250 0.369871 0.570833 0.369871 0.571875 0.370457 0.572917 0.370457 0.573958 0.371043 0.575000 0.371043 0.578125 0.371630 0.579167 0.371630 0.586458 0.372216 0.587500 0.372216 0.622917 0.371630 0.623958 0.371630 0.628125 0.371043 0.629167 0.371043 0.633333 0.370457 0.634375 0.370457 0.638542 0.369871 0.639583 0.369871 0.642708 0.369285 0.643750 0.369285 0.647917 0.368699 0.648958 0.368699 0.655208 0.368113 0.656250 0.368113 0.660417 0.367526 0.661458 0.367526 0.665625 0.366940 0.666667 0.366940 0.672917 0.366354 0.673958 0.366354 0.704167 0.366940 0.705208 0.366940 0.727083 0.367526 0.728125 0.367526 0.729167 0.368699 0.731250 0.369285 0.731250 0.369871 0.732292 0.370457 0.732292 0.371043 0.733333 0.371630 0.733333 0.372216 0.734375 0.373974 0.734375 0.374560 0.735417 0.375147 0.735417 0.375733 0.736458 0.376905 0.736458 0.377491 0.737500 0.379250 0.737500 0.379836 0.738542 0.387456 0.738542 0.388042 0.739583 0.388628 0.739583 0.389215 0.740625 0.389215 0.741667 0.390387 0.743750 0.390387 0.744792 0.393904 0.751042 0.394490 0.751042 0.397421 0.756250 0.398007 0.756250 0.400352 0.760417 0.400938 0.760417 0.401524 0.761458 0.402110 0.761458 0.403283 0.763542 0.403869 0.763542 0.404455 0.764583 0.406213 0.764583 0.406800 0.765625 0.415006 0.765625 0.415592 0.764583 0.417937 0.764583 0.418523 0.763542 0.419695 0.763542 0.420281 0.762500 0.421454 0.762500 0.423798 0.758333 0.423798 0.756250 0.424385 0.755208 0.424385 0.753125 0.423798 0.752083 0.423798 0.750000 0.421454 0.745833 0.420868 0.745833 0.419109 0.742708 0.418523 0.742708 0.414420 0.735417 0.413834 0.735417 0.412075 0.732292 0.412075 0.731250 0.410317 0.728125 0.410317 0.727083 0.409730 0.726042 0.409730 0.725000 0.408558 0.722917 0.408558 0.721875 0.407386 0.719792 0.407386 0.718750 0.406213 0.716667 0.406213 0.715625 0.405627 0.714583 0.405627 0.710417 0.406213 0.709375 0.406213 0.698958 0.405627 0.697917 0.405627 0.689583 0.405041 0.688542 0.405041 0.682292 0.405627 0.681250 0.405627 0.678125 0.406213 0.677083 0.406213 0.675000 0.406800 0.673958 0.406800 0.670833 0.407386 0.669792 0.407386 0.664583 0.407972 0.663542 0.407972 0.653125 0.408558 0.652083 0.408558 0.648958 0.409144 0.647917 0.409144 0.646875 0.409730 0.645833 0.409730 0.644792 0.410903 0.642708 0.410903 0.641667 0.412075 0.639583 0.412075 0.638542 0.412661 0.637500 0.412661 0.635417 0.413247 0.634375 0.413247 0.632292 0.413834 0.631250 0.413834 0.628125 0.414420 0.627083 0.414420 0.619792 0.415006 0.618750 0.415006 0.610417 0.414420 0.609375 0.414420 0.604167 0.413834 0.603125 0.413834 0.602083 0.413247 0.601042 0.413247 0.600000 0.412661 0.598958 0.412661 0.597917 0.411489 0.595833 0.411489 0.594792 0.409730 0.591667 0.409730 0.590625 0.409144 0.589583 0.409144 0.588542 0.408558 0.587500 0.408558 0.586458 0.407972 0.585417 0.407972 0.584375 0.407386 0.583333 0.407386 0.582292 0.406800 0.581250 0.406800 0.580208 0.405627 0.578125 0.405627 0.577083 0.404455 0.575000 0.404455 0.573958 0.403283 0.571875 0.403283 0.570833 0.402696 0.569792 0.402696 0.568750 0.402110 0.567708 0.402110 0.566667 0.403869 0.563542 0.405041 0.563542 0.405627 0.562500 0.407972 0.562500 0.408558 0.561458 0.410903 0.561458 0.411489 0.560417 0.412661 0.560417 0.413247 0.559375 0.414420 0.559375 0.416178 0.556250 0.416178 0.553125 0.415006 0.551042 0.414420 0.551042 0.413834 0.550000 0.413247 0.550000 0.412661 0.548958 0.412075 0.548958 0.409730 0.544792 0.409730 0.543750 0.409144 0.542708 0.409144 0.541667 0.408558 0.540625 0.408558 0.539583 0.407386 0.537500 0.406800 0.537500 0.403283 0.531250 0.403283 0.530208 0.402696 0.529167 0.402696 0.521875 0.403283 0.520833 0.403283 0.510417 0.403869 0.509375 0.403869 0.504167 0.404455 0.503125 0.404455 0.485417 0.403869 0.484375 0.403869 0.481250 0.403283 0.480208 0.403283 0.475000 0.402696 0.473958 0.402696 0.471875 0.402110 0.470833 0.402110 0.468750 0.401524 0.467708 0.401524 0.466667 0.400938 0.465625 0.400938 0.464583 0.400352 0.463542 0.400352 0.462500 0.399766 0.461458 0.399766 0.460417 0.399179 0.459375 0.399179 0.457292 0.398593 0.456250 0.398593 0.454167 0.398007 0.453125 0.398007 0.450000 0.397421 0.448958 0.397421 0.444792 0.396835 0.443750 0.396835 0.439583 0.396249 0.438542 0.396249 0.433333 0.395662 0.432292 0.395662 0.428125 0.395076 0.427083 0.395076 0.425000 0.394490 0.423958 0.394490 0.422917 0.393904 0.421875 0.393904 0.418750 0.393318 0.417708 0.393318 0.413542 0.392732 0.412500 0.392732 0.407292 0.393318 0.406250 0.393318 0.404167 0.395076 0.401042 0.396249 0.401042 0.396835 0.400000 0.398007 0.400000 0.399179 0.397917 0.400352 0.397917 0.401524 0.395833 0.402110 0.395833 0.405627 0.389583 0.405627 0.388542 0.406800 0.386458 0.406800 0.385417 0.407386 0.384375 0.412661 0.384375 0.412661 0.383333 0.413247 0.382292 0.413247 0.379167 0.414420 0.377083 0.414420 0.376042 0.415592 0.373958 0.415592 0.371875 0.416178 0.370833 0.416178 0.369792 0.416764 0.368750 0.416764 0.366667 0.417351 0.365625 0.417351 0.364583 0.417937 0.363542 0.417937 0.360417 0.418523 0.359375 0.418523 0.353125 0.419109 0.352083 0.419109 0.351042 0.418523 0.350000 0.418523 0.345833 0.417937 0.344792 0.417937 0.342708 0.417351 0.341667 0.417351 0.340625 0.416764 0.339583 0.416764 0.337500 0.416178 0.336458 0.416178 0.335417 0.415006 0.333333 0.415006 0.332292 0.414420 0.331250 0.413834 0.331250 0.411489 0.327083 0.410903 0.327083 0.410317 0.326042 0.409730 0.326042 0.409144 0.325000 0.408558 0.325000 0.407972 0.323958 0.406800 0.323958 0.406213 0.322917 0.404455 0.322917 0.403869 0.321875
1 0.647128 0.478125 0.646542 0.479167 0.644783 0.479167 0.644197 0.480208 0.643025 0.480208 0.642438 0.481250 0.641852 0.481250 0.641266 0.482292 0.640680 0.482292 0.637749 0.487500 0.637749 0.491667 0.637163 0.492708 0.637163 0.500000 0.637749 0.501042 0.638335 0.501042 0.638921 0.502083 0.641852 0.502083 0.642438 0.503125 0.650059 0.503125 0.650645 0.504167 0.654748 0.504167 0.655334 0.505208 0.657093 0.505208 0.657679 0.506250 0.658265 0.505208 0.658851 0.505208 0.659437 0.504167 0.660023 0.504167 0.660023 0.503125 0.661196 0.501042 0.661196 0.495833 0.660610 0.494792 0.660610 0.490625 0.660023 0.489583 0.660023 0.488542 0.656506 0.482292 0.655920 0.482292 0.654748 0.480208 0.653576 0.480208 0.652989 0.479167 0.651231 0.479167 0.650645 0.478125
1 0.456624 0.391667 0.455451 0.393750 0.455451 0.394792 0.454865 0.395833 0.454865 0.397917 0.455451 0.398958 0.460141 0.398958 0.460727 0.397917 0.462485 0.397917 0.463072 0.396875 0.461899 0.394792 0.461899 0.393750 0.460727 0.391667
1 0.467175 0.366667 0.466589 0.367708 0.465416 0.367708 0.464830 0.368750 0.464244 0.368750 0.463072 0.370833 0.462485 0.370833 0.461313 0.372917 0.461313 0.373958 0.459555 0.377083 0.459555 0.378125 0.458968 0.379167 0.458968 0.384375 0.459555 0.384375 0.460141 0.385417 0.460727 0.385417 0.461313 0.386458 0.461313 0.387500 0.461899 0.387500 0.462485 0.388542 0.463658 0.388542 0.464244 0.389583 0.464244 0.390625 0.464830 0.391667 0.464830 0.392708 0.465416 0.393750 0.465416 0.394792 0.466589 0.394792 0.467761 0.396875 0.467761 0.398958 0.468933 0.401042 0.470106 0.401042 0.470692 0.402083 0.471278 0.402083 0.471864 0.403125 0.472450 0.403125 0.473036 0.404167 0.473623 0.404167 0.474209 0.405208 0.474795 0.405208 0.475967 0.407292 0.476553 0.407292 0.477140 0.408333 0.477726 0.408333 0.480070 0.412500 0.481243 0.412500 0.482415 0.410417 0.481829 0.409375 0.481829 0.406250 0.481243 0.405208 0.481243 0.402083 0.481829 0.401042 0.481829 0.394792 0.481243 0.393750 0.481243 0.390625 0.480657 0.389583 0.480657 0.384375 0.480070 0.383333 0.480070 0.380208 0.479484 0.379167 0.479484 0.378125 0.474209 0.368750 0.473623 0.368750 0.473036 0.367708 0.471864 0.367708 0.471278 0.366667
1 0.647128 0.478125 0.646542 0.479167 0.644197 0.479167 0.643611 0.480208 0.643025 0.480208 0.642438 0.481250 0.641852 0.481250 0.641266 0.482292 0.640680 0.482292 0.638335 0.486458 0.638335 0.487500 0.637749 0.488542 0.637749 0.490625 0.637163 0.491667 0.637163 0.504167 0.636577 0.505208 0.636577 0.509375 0.635991 0.510417 0.635991 0.513542 0.636577 0.514583 0.636577 0.516667 0.635991 0.517708 0.635991 0.528125 0.636577 0.529167 0.636577 0.532292 0.637749 0.534375 0.638335 0.534375 0.639508 0.536458 0.640680 0.536458 0.641852 0.538542 0.642438 0.538542 0.643611 0.540625 0.644197 0.540625 0.644783 0.541667 0.645955 0.541667 0.646542 0.542708 0.648300 0.542708 0.648886 0.543750 0.651231 0.543750 0.651817 0.542708 0.653576 0.542708 0.654162 0.541667 0.654748 0.541667 0.655920 0.539583 0.655920 0.531250 0.656506 0.530208 0.656506 0.529167 0.657679 0.527083 0.657679 0.526042 0.658265 0.525000 0.658265 0.522917 0.658851 0.521875 0.658851 0.519792 0.659437 0.518750 0.659437 0.512500 0.660023 0.511458 0.660023 0.508333 0.659437 0.507292 0.659437 0.505208 0.660023 0.504167 0.660023 0.502083 0.660610 0.501042 0.660610 0.491667 0.660023 0.490625 0.660023 0.489583 0.659437 0.488542 0.659437 0.487500 0.656506 0.482292 0.655920 0.482292 0.655334 0.481250 0.654748 0.481250 0.654162 0.480208 0.652989 0.480208 0.652403 0.479167 0.650059 0.479167 0.649472 0.478125
1 0.396249 0.320833 0.395662 0.321875 0.393318 0.321875 0.392732 0.322917 0.391559 0.322917 0.390973 0.323958 0.389801 0.323958 0.388628 0.326042 0.388042 0.326042 0.386284 0.329167 0.386284 0.330208 0.385698 0.331250 0.385698 0.340625 0.385111 0.341667 0.385698 0.342708 0.385698 0.343750 0.386284 0.344792 0.387456 0.344792 0.388042 0.345833 0.388628 0.345833 0.389801 0.347917 0.390387 0.347917 0.390973 0.348958 0.391559 0.348958 0.392145 0.350000 0.392732 0.350000 0.393904 0.352083 0.394490 0.352083 0.398593 0.359375 0.398593 0.360417 0.399179 0.361458 0.399179 0.362500 0.399766 0.363542 0.399766 0.364583 0.402696 0.369792 0.402696 0.370833 0.403283 0.371875 0.403283 0.372917 0.406213 0.378125 0.406213 0.379167 0.406800 0.380208 0.406800 0.381250 0.407386 0.382292 0.407386 0.383333 0.410317 0.388542 0.410903 0.388542 0.411489 0.389583 0.414420 0.389583 0.414420 0.387500 0.415006 0.386458 0.414420 0.385417 0.414420 0.378125 0.415592 0.376042 0.415592 0.373958 0.416178 0.372917 0.416178 0.371875 0.416764 0.370833 0.416764 0.369792 0.417351 0.368750 0.417351 0.366667 0.417937 0.365625 0.417937 0.363542 0.418523 0.362500 0.418523 0.359375 0.419109 0.358333 0.419109 0.347917 0.418523 0.346875 0.418523 0.343750 0.417937 0.342708 0.417937 0.341667 0.417351 0.340625 0.417351 0.339583 0.416764 0.338542 0.416764 0.336458 0.416178 0.335417 0.416178 0.334375 0.412661 0.328125 0.412075 0.328125 0.410903 0.326042 0.410317 0.326042 0.409730 0.325000 0.409144 0.325000 0.408558 0.323958 0.407972 0.323958 0.407386 0.322917 0.405627 0.322917 0.405041 0.321875 0.402696 0.321875 0.402110 0.320833
1 0.467761 0.366667 0.467175 0.367708 0.466002 0.367708 0.465416 0.368750 0.464830 0.368750 0.464244 0.369792 0.463658 0.369792 0.460141 0.376042 0.460141 0.377083 0.458968 0.379167 0.458968 0.382292 0.458382 0.383333 0.458382 0.384375 0.457210 0.386458 0.456624 0.386458 0.456038 0.387500 0.456038 0.389583 0.454865 0.391667 0.454865 0.392708 0.453693 0.394792 0.453693 0.395833 0.452521 0.397917 0.452521 0.402083 0.451934 0.403125 0.451934 0.407292 0.452521 0.408333 0.452521 0.412500 0.453107 0.413542 0.453107 0.414583 0.453693 0.415625 0.453693 0.418750 0.454279 0.419792 0.454279 0.421875 0.454865 0.422917 0.454865 0.423958 0.455451 0.425000 0.454865 0.426042 0.454865 0.429167 0.454279 0.430208 0.453693 0.430208 0.453107 0.431250 0.453107 0.433333 0.453693 0.434375 0.453693 0.435417 0.454865 0.437500 0.454865 0.438542 0.455451 0.438542 0.456038 0.439583 0.457210 0.439583 0.457796 0.440625 0.459555 0.440625 0.460141 0.441667 0.463072 0.441667 0.464830 0.438542 0.466002 0.438542 0.467761 0.435417 0.467761 0.434375 0.468347 0.433333 0.468933 0.433333 0.469519 0.432292 0.470106 0.432292 0.474209 0.425000 0.474209 0.423958 0.477726 0.417708 0.478312 0.417708 0.478898 0.416667 0.479484 0.416667 0.480070 0.415625 0.480657 0.415625 0.483001 0.411458 0.483001 0.409375 0.482415 0.408333 0.482415 0.406250 0.481243 0.404167 0.481243 0.398958 0.481829 0.397917 0.481829 0.395833 0.481243 0.394792 0.481243 0.390625 0.480657 0.389583 0.480657 0.384375 0.480070 0.383333 0.480070 0.380208 0.478898 0.378125 0.478898 0.377083 0.474795 0.369792 0.474209 0.369792 0.473036 0.367708 0.471864 0.367708 0.471278 0.366667
2 0.911489 0.011458 0.910903 0.012500 0.906800 0.012500 0.906213 0.013542 0.903869 0.013542 0.903283 0.014583 0.901524 0.014583 0.900938 0.015625 0.899766 0.015625 0.899179 0.016667 0.898007 0.016667 0.897421 0.017708 0.895662 0.017708 0.895076 0.018750 0.893904 0.018750 0.893318 0.019792 0.892145 0.019792 0.891559 0.020833 0.889801 0.020833 0.889215 0.021875 0.888042 0.021875 0.886284 0.025000 0.886284 0.027083 0.885698 0.028125 0.885698 0.035417 0.886284 0.036458 0.886284 0.037500 0.886870 0.038542 0.886870 0.039583 0.888042 0.039583 0.888628 0.040625 0.893904 0.040625 0.894490 0.041667 0.909144 0.041667 0.909730 0.040625 0.911489 0.040625 0.912075 0.039583 0.912661 0.039583 0.913834 0.037500 0.915006 0.037500 0.915592 0.036458 0.917937 0.036458 0.918523 0.035417 0.919695 0.035417 0.920281 0.034375 0.920868 0.034375 0.921454 0.033333 0.922040 0.033333 0.922626 0.032292 0.922626 0.029167 0.923212 0.028125 0.923212 0.018750 0.922626 0.017708 0.922626 0.015625 0.920868 0.012500 0.919695 0.012500 0.919109 0.011458
2 0.466589 0.659375 0.465416 0.661458 0.464830 0.661458 0.463658 0.663542 0.463072 0.663542 0.461313 0.666667 0.461313 0.670833 0.461899 0.670833 0.462485 0.671875 0.463658 0.671875 0.464244 0.672917 0.468347 0.672917 0.469519 0.670833 0.469519 0.669792 0.470106 0.668750 0.470106 0.666667 0.469519 0.665625 0.469519 0.661458 0.468933 0.660417 0.468347 0.660417 0.467761 0.659375
2 0.004103 0.316667 0.003517 0.317708 0.002931 0.317708 0.002345 0.318750 0.002345 0.319792 0.001758 0.320833 0.001758 0.328125 0.002345 0.329167 0.002345 0.331250 0.002931 0.331250 0.003517 0.332292 0.007620 0.332292 0.008206 0.331250 0.009965 0.331250 0.010551 0.330208 0.011137 0.330208 0.012309 0.328125 0.012309 0.323958 0.011723 0.322917 0.011723 0.320833 0.011137 0.319792 0.009965 0.319792 0.009379 0.318750 0.008206 0.318750 0.007620 0.317708 0.006448 0.317708 0.005862 0.316667
2 0.403869 0.717708 0.402696 0.719792 0.402110 0.719792 0.400938 0.721875 0.400352 0.721875 0.398593 0.725000 0.398593 0.726042 0.395076 0.732292 0.394490 0.732292 0.393904 0.733333 0.392145 0.733333 0.391559 0.734375 0.390973 0.734375 0.390387 0.735417 0.390387 0.736458 0.389801 0.737500 0.389801 0.742708 0.390387 0.743750 0.390387 0.744792 0.394490 0.752083 0.395076 0.752083 0.398593 0.758333 0.399179 0.758333 0.400938 0.761458 0.401524 0.761458 0.402110 0.762500 0.402696 0.762500 0.403869 0.764583 0.404455 0.764583 0.405041 0.765625 0.416764 0.765625 0.417351 0.764583 0.419109 0.764583 0.419695 0.763542 0.420868 0.763542 0.421454 0.762500 0.422040 0.762500 0.423798 0.759375 0.423798 0.758333 0.424385 0.757292 0.424385 0.751042 0.423212 0.748958 0.423212 0.747917 0.422626 0.747917 0.420868 0.744792 0.420281 0.744792 0.419109 0.742708 0.418523 0.742708 0.414420 0.735417 0.413834 0.735417 0.411489 0.731250 0.411489 0.730208 0.410317 0.728125 0.410317 0.727083 0.409144 0.725000 0.409144 0.723958 0.407386 0.720833 0.407386 0.719792 0.406800 0.718750 0.405627 0.718750 0.405041 0.717708
2 0.430832 0.657292 0.430246 0.658333 0.429660 0.658333 0.429074 0.659375 0.429074 0.661458 0.429660 0.662500 0.429660 0.664583 0.430246 0.665625 0.430246 0.667708 0.430832 0.668750 0.430832 0.670833 0.431419 0.671875 0.431419 0.673958 0.433763 0.678125 0.434349 0.678125 0.434936 0.679167 0.436694 0.679167 0.437280 0.678125 0.437866 0.678125 0.437866 0.658333 0.437280 0.657292
2 0.383353 0.717708 0.382767 0.718750 0.382767 0.719792 0.382181 0.720833 0.382181 0.721875 0.380422 0.725000 0.379836 0.725000 0.379250 0.726042 0.378664 0.726042 0.378077 0.727083 0.376905 0.727083 0.376319 0.728125 0.369285 0.728125 0.368699 0.729167 0.367526 0.729167 0.366940 0.730208 0.366354 0.730208 0.366940 0.731250 0.366940 0.732292 0.367526 0.733333 0.368113 0.733333 0.368699 0.734375 0.369285 0.734375 0.369871 0.735417 0.371630 0.735417 0.372216 0.736458 0.373388 0.736458 0.373974 0.737500 0.375733 0.737500 0.376319 0.738542 0.378077 0.738542 0.378664 0.739583 0.382767 0.739583 0.383353 0.740625 0.383939 0.739583 0.386284 0.739583 0.386870 0.738542 0.389801 0.738542 0.389801 0.737500 0.391559 0.734375 0.391559 0.733333 0.390973 0.732292 0.390973 0.730208 0.390387 0.729167 0.390387 0.728125 0.388628 0.725000 0.388628 0.723958 0.386870 0.720833 0.386284 0.720833 0.385698 0.719792 0.385111 0.719792 0.384525 0.718750 0.383939 0.718750
2 0.458968 0.670833 0.458382 0.671875 0.457210 0.671875 0.456624 0.672917 0.456038 0.672917 0.453693 0.677083 0.453107 0.677083 0.449590 0.683333 0.449004 0.683333 0.448417 0.684375 0.448417 0.686458 0.449590 0.688542 0.450176 0.688542 0.450762 0.689583 0.452521 0.689583 0.453107 0.690625 0.454279 0.690625 0.454865 0.691667 0.456038 0.691667 0.456624 0.692708 0.457796 0.692708 0.458382 0.693750 0.458968 0.693750 0.459555 0.694792 0.460141 0.694792 0.460727 0.695833 0.461899 0.695833 0.462485 0.696875 0.466002 0.696875 0.466589 0.697917 0.467175 0.696875 0.470106 0.696875 0.470692 0.695833 0.471278 0.695833 0.471864 0.694792 0.471864 0.693750 0.472450 0.692708 0.472450 0.687500 0.471864 0.686458 0.471864 0.685417 0.471278 0.684375 0.470692 0.684375 0.468933 0.681250 0.468347 0.681250 0.467175 0.679167 0.466589 0.679167 0.463658 0.673958 0.463072 0.673958 0.462485 0.672917 0.461899 0.672917 0.460727 0.670833
2 0.000000 0.289583 0.000000 0.294792 0.001172 0.294792 0.001758 0.295833 0.001172 0.296875 0.000000 0.296875 0.000000 0.325000 0.001172 0.325000 0.001758 0.326042 0.001758 0.327083 0.002345 0.328125 0.002345 0.329167 0.003517 0.331250 0.007620 0.331250 0.008206 0.330208 0.009965 0.330208 0.010551 0.329167 0.011723 0.329167 0.012896 0.327083 0.012896 0.318750 0.012309 0.317708 0.012309 0.312500 0.011723 0.311458 0.011723 0.309375 0.011137 0.308333 0.011137 0.307292 0.010551 0.306250 0.010551 0.305208 0.009965 0.304167 0.009965 0.302083 0.009379 0.301042 0.009379 0.300000 0.008206 0.297917 0.007034 0.297917 0.006448 0.296875 0.005862 0.296875 0.001758 0.289583
2 0.004103 0.278125 0.003517 0.279167 0.002931 0.279167 0.003517 0.279167 0.004103 0.280208 0.004689 0.280208 0.005275 0.279167 0.005275 0.278125
2 0.000000 0.259375 0.000000 0.264583 0.001172 0.264583 0.001758 0.263542 0.001758 0.260417 0.001172 0.259375