0 0.671747 0.689583 0.671747 0.690625 0.671161 0.691667 0.671161 0.692708 0.671747 0.693750 0.671747 0.694792 0.672333 0.694792 0.672919 0.693750 0.672919 0.690625 0.672333 0.690625
0 0.625440 0.648958 0.624853 0.650000 0.623095 0.650000 0.623095 0.655208 0.624267 0.657292 0.624267 0.658333 0.624853 0.659375 0.624853 0.660417 0.626612 0.660417 0.626612 0.648958
0 0.614889 0.590625 0.613716 0.592708 0.613130 0.592708 0.610785 0.596875 0.610785 0.597917 0.610199 0.598958 0.610199 0.602083 0.610785 0.603125 0.610785 0.604167 0.612544 0.607292 0.613716 0.605208 0.614889 0.605208 0.616647 0.602083 0.617233 0.602083 0.617819 0.601042 0.618406 0.601042 0.618992 0.600000 0.619578 0.600000 0.620750 0.597917 0.621336 0.597917 0.623095 0.594792 0.625440 0.594792 0.624267 0.594792 0.623681 0.593750 0.623095 0.593750 0.622509 0.592708 0.622509 0.591667 0.621336 0.591667 0.620750 0.590625
0 0.658265 0.322917 0.657679 0.323958 0.654162 0.323958 0.653576 0.325000 0.651817 0.325000 0.651231 0.326042 0.650059 0.326042 0.649472 0.327083 0.648300 0.327083 0.647714 0.328125 0.646542 0.328125 0.645955 0.329167 0.644197 0.329167 0.643611 0.330208 0.643025 0.330208 0.642438 0.331250 0.641852 0.331250 0.641266 0.332292 0.640680 0.332292 0.640094 0.333333 0.639508 0.333333 0.638921 0.334375 0.638335 0.334375 0.637749 0.335417 0.637163 0.335417 0.636577 0.336458 0.635991 0.336458 0.633646 0.340625 0.633646 0.341667 0.633060 0.342708 0.633060 0.343750 0.632474 0.344792 0.632474 0.346875 0.631887 0.347917 0.631887 0.350000 0.631301 0.351042 0.631301 0.353125 0.630715 0.354167 0.630715 0.355208 0.629543 0.357292 0.629543 0.358333 0.628957 0.359375 0.628957 0.360417 0.628370 0.361458 0.628370 0.362500 0.627784 0.363542 0.627784 0.364583 0.627198 0.365625 0.627198 0.366667 0.626612 0.367708 0.626612 0.368750 0.626026 0.369792 0.626026 0.371875 0.625440 0.372917 0.625440 0.377083 0.624853 0.378125 0.624853 0.379167 0.625440 0.380208 0.625440 0.391667 0.626026 0.392708 0.626026 0.396875 0.626612 0.397917 0.626612 0.407292 0.626026 0.408333 0.626026 0.409375 0.625440 0.410417 0.625440 0.411458 0.624853 0.412500 0.624853 0.413542 0.624267 0.414583 0.624267 0.415625 0.623095 0.417708 0.623095 0.418750 0.621923 0.420833 0.621923 0.421875 0.621336 0.422917 0.621336 0.423958 0.618992 0.428125 0.618992 0.430208 0.618406 0.431250 0.618406 0.434375 0.617819 0.435417 0.617819 0.437500 0.617233 0.438542 0.617233 0.439583 0.616647 0.440625 0.616647 0.441667 0.616061 0.442708 0.616061 0.452083 0.617233 0.454167 0.617233 0.455208 0.617819 0.456250 0.617819 0.457292 0.618406 0.458333 0.618406 0.460417 0.619578 0.462500 0.619578 0.463542 0.620750 0.465625 0.620750 0.466667 0.621336 0.466667 0.623681 0.470833 0.624267 0.470833 0.624853 0.471875 0.625440 0.471875 0.626026 0.472917 0.626612 0.472917 0.627198 0.473958 0.627784 0.473958 0.628370 0.475000 0.628957 0.475000 0.630129 0.477083 0.630715 0.477083 0.631887 0.479167 0.632474 0.479167 0.633060 0.480208 0.634232 0.480208 0.635404 0.482292 0.635991 0.482292 0.637163 0.484375 0.640094 0.484375 0.640680 0.485417 0.641852 0.485417 0.642438 0.486458 0.643025 0.486458 0.643611 0.487500 0.644783 0.487500 0.645369 0.488542 0.646542 0.488542 0.647128 0.489583 0.647714 0.489583 0.648886 0.491667 0.648886 0.493750 0.649472 0.494792 0.649472 0.496875 0.650059 0.497917 0.650059 0.509375 0.649472 0.510417 0.649472 0.514583 0.648886 0.515625 0.648886 0.543750 0.648300 0.544792 0.648300 0.546875 0.647128 0.548958 0.643611 0.548958 0.643025 0.550000 0.642438 0.550000 0.641852 0.551042 0.640680 0.551042 0.640094 0.552083 0.639508 0.552083 0.637749 0.555208 0.637163 0.555208 0.635991 0.557292 0.635404 0.557292 0.634232 0.559375 0.633646 0.559375 0.633060 0.560417 0.632474 0.560417 0.631887 0.561458 0.630715 0.561458 0.630129 0.562500 0.626026 0.562500 0.625440 0.563542 0.612544 0.563542 0.611958 0.564583 0.611372 0.564583 0.610785 0.565625 0.610199 0.565625 0.609613 0.566667 0.609027 0.566667 0.607268 0.569792 0.606682 0.569792 0.606096 0.570833 0.605510 0.570833 0.603165 0.575000 0.602579 0.575000 0.600821 0.578125 0.600821 0.580208 0.600234 0.581250 0.600234 0.582292 0.600821 0.583333 0.600821 0.585417 0.600234 0.586458 0.600234 0.588542 0.600821 0.588542 0.601407 0.589583 0.606682 0.589583 0.607268 0.588542 0.607855 0.588542 0.608441 0.587500 0.608441 0.584375 0.609027 0.583333 0.610199 0.583333 0.610785 0.582292 0.611958 0.582292 0.612544 0.581250 0.617233 0.581250 0.617819 0.582292 0.629543 0.582292 0.630129 0.583333 0.631887 0.583333 0.632474 0.584375 0.633060 0.584375 0.635404 0.588542 0.635404 0.589583 0.636577 0.591667 0.637749 0.591667 0.638335 0.592708 0.644197 0.592708 0.644783 0.593750 0.654162 0.593750 0.654748 0.594792 0.655334 0.594792 0.655920 0.595833 0.656506 0.595833 0.657679 0.597917 0.658265 0.597917 0.659437 0.600000 0.659437 0.601042 0.660023 0.602083 0.660023 0.604167 0.660610 0.605208 0.660610 0.607292 0.661196 0.608333 0.661196 0.611458 0.662954 0.614583 0.662954 0.616667 0.663540 0.617708 0.663540 0.619792 0.664127 0.620833 0.664127 0.622917 0.664713 0.623958 0.664713 0.628125 0.665299 0.628125 0.666471 0.630208 0.667057 0.630208 0.667644 0.631250 0.667644 0.632292 0.668230 0.633333 0.668230 0.640625 0.671161 0.640625 0.671747 0.641667 0.671747 0.651042 0.671161 0.652083 0.671161 0.660417 0.671747 0.661458 0.671747 0.662500 0.672919 0.664583 0.672919 0.665625 0.671747 0.667708 0.671747 0.668750 0.671161 0.669792 0.671161 0.673958 0.671747 0.675000 0.671747 0.687500 0.672333 0.687500 0.672919 0.686458 0.674091 0.686458 0.674678 0.685417 0.675850 0.687500 0.675850 0.694792 0.674678 0.696875 0.672333 0.696875 0.671747 0.697917 0.671747 0.698958 0.672333 0.698958 0.672919 0.700000 0.673505 0.700000 0.674678 0.702083 0.673505 0.704167 0.672919 0.704167 0.672333 0.705208 0.671747 0.705208 0.671161 0.706250 0.671161 0.707292 0.671747 0.708333 0.671747 0.713542 0.672919 0.715625 0.672919 0.722917 0.671747 0.725000 0.670574 0.725000 0.669988 0.726042 0.668816 0.726042 0.668230 0.727083 0.664713 0.727083 0.664127 0.728125 0.661782 0.728125 0.661196 0.729167 0.650059 0.729167 0.649472 0.730208 0.645955 0.730208 0.645369 0.731250 0.643025 0.731250 0.642438 0.732292 0.638921 0.732292 0.638335 0.733333 0.635991 0.733333 0.635404 0.734375 0.634818 0.734375 0.634232 0.735417 0.633646 0.735417 0.629543 0.742708 0.626612 0.742708 0.626026 0.741667 0.625440 0.741667 0.624853 0.740625 0.623681 0.740625 0.623095 0.739583 0.620750 0.739583 0.620164 0.738542 0.617233 0.738542 0.616647 0.737500 0.606682 0.737500 0.606096 0.736458 0.605510 0.736458 0.604924 0.737500 0.601993 0.737500 0.601407 0.738542 0.601407 0.739583 0.600821 0.740625 0.600821 0.743750 0.601407 0.744792 0.601407 0.745833 0.602579 0.747917 0.603165 0.747917 0.603751 0.748958 0.604338 0.748958 0.605510 0.751042 0.606096 0.751042 0.606682 0.752083 0.606682 0.753125 0.607268 0.754167 0.607268 0.755208 0.606682 0.756250 0.606682 0.757292 0.604924 0.760417 0.604338 0.760417 0.603165 0.762500 0.601407 0.762500 0.600821 0.763542 0.597304 0.763542 0.596717 0.764583 0.594373 0.764583 0.593787 0.765625 0.591442 0.765625 0.589683 0.768750 0.590270 0.769792 0.590856 0.769792 0.592028 0.771875 0.592614 0.771875 0.593200 0.772917 0.594373 0.772917 0.594959 0.773958 0.596131 0.773958 0.596717 0.775000 0.597890 0.775000 0.598476 0.776042 0.599648 0.776042 0.600234 0.777083 0.601993 0.777083 0.602579 0.778125 0.603165 0.778125 0.603751 0.779167 0.604924 0.779167 0.605510 0.780208 0.607268 0.780208 0.607855 0.781250 0.608441 0.781250 0.609027 0.782292 0.617819 0.782292 0.618406 0.783333 0.618406 0.786458 0.615475 0.791667 0.615475 0.792708 0.614889 0.793750 0.614889 0.795833 0.614302 0.796875 0.614302 0.798958 0.613716 0.800000 0.613716 0.803125 0.613130 0.804167 0.613130 0.805208 0.612544 0.806250 0.612544 0.810417 0.611958 0.811458 0.611958 0.815625 0.612544 0.816667 0.612544 0.820833 0.613130 0.821875 0.613130 0.826042 0.613716 0.827083 0.613716 0.829167 0.614302 0.830208 0.614302 0.831250 0.614889 0.832292 0.614889 0.833333 0.616061 0.835417 0.616061 0.836458 0.618406 0.840625 0.618406 0.841667 0.624853 0.853125 0.625440 0.853125 0.626612 0.855208 0.627198 0.855208 0.627784 0.856250 0.628370 0.856250 0.629543 0.858333 0.630129 0.858333 0.630715 0.859375 0.631887 0.859375 0.633060 0.861458 0.634232 0.861458 0.634818 0.862500 0.635404 0.862500 0.635991 0.863542 0.637749 0.863542 0.638335 0.864583 0.640680 0.864583 0.641266 0.865625 0.644783 0.865625 0.645369 0.866667 0.658851 0.866667 0.659437 0.865625 0.665299 0.865625 0.665885 0.864583 0.669988 0.864583 0.670574 0.863542 0.673505 0.863542 0.674091 0.862500 0.676436 0.862500 0.677022 0.861458 0.678195 0.861458 0.678781 0.860417 0.679367 0.860417 0.679953 0.859375 0.681125 0.859375 0.681712 0.858333 0.682298 0.858333 0.682884 0.857292 0.683470 0.857292 0.684056 0.856250 0.685229 0.856250 0.685815 0.855208 0.686987 0.855208 0.687573 0.854167 0.688159 0.854167 0.688746 0.853125 0.689918 0.853125 0.690504 0.852083 0.691676 0.852083 0.692263 0.851042 0.692849 0.851042 0.693435 0.850000 0.694021 0.850000 0.694607 0.848958 0.695193 0.848958 0.695780 0.847917 0.698124 0.847917 0.698710 0.846875 0.699883 0.846875 0.700469 0.847917 0.700469 0.850000 0.699883 0.851042 0.699883 0.852083 0.699297 0.853125 0.699297 0.855208 0.698710 0.856250 0.698710 0.859375 0.698124 0.860417 0.698124 0.865625 0.698710 0.866667 0.698710 0.867708 0.699883 0.869792 0.700469 0.869792 0.701055 0.870833 0.701641 0.870833 0.702814 0.872917 0.703400 0.872917 0.703986 0.873958 0.705158 0.873958 0.705744 0.875000 0.706331 0.875000 0.706917 0.876042 0.708089 0.876042 0.708675 0.877083 0.710434 0.877083 0.711020 0.878125 0.713951 0.878125 0.714537 0.879167 0.723916 0.879167 0.724502 0.878125 0.726846 0.878125 0.727433 0.877083 0.728605 0.877083 0.729191 0.876042 0.730363 0.876042 0.730950 0.875000 0.731536 0.875000 0.732122 0.873958 0.732708 0.873958 0.733294 0.872917 0.733880 0.872917 0.735639 0.869792 0.736225 0.869792 0.738570 0.865625 0.738570 0.864583 0.739742 0.862500 0.739742 0.861458 0.740328 0.860417 0.740328 0.859375 0.742087 0.856250 0.742087 0.855208 0.742673 0.854167 0.742673 0.853125 0.743259 0.852083 0.743259 0.851042 0.744431 0.848958 0.744431 0.846875 0.745018 0.845833 0.745018 0.844792 0.745604 0.843750 0.745604 0.842708 0.746190 0.841667 0.746190 0.839583 0.746776 0.838542 0.746776 0.837500 0.747362 0.836458 0.747362 0.835417 0.747948 0.834375 0.747948 0.833333 0.749707 0.830208 0.750293 0.830208 0.750879 0.829167 0.751465 0.829167 0.752052 0.828125 0.752638 0.828125 0.753224 0.827083 0.754396 0.827083 0.754982 0.826042 0.755569 0.826042 0.756155 0.825000 0.756741 0.825000 0.757327 0.823958 0.757913 0.823958 0.758499 0.822917 0.759086 0.822917 0.759672 0.821875 0.760844 0.821875 0.761430 0.820833 0.762016 0.820833 0.762603 0.819792 0.763189 0.819792 0.764361 0.817708 0.764947 0.817708 0.766120 0.815625 0.766706 0.815625 0.767878 0.813542 0.768464 0.813542 0.769637 0.811458 0.770223 0.811458 0.771981 0.808333 0.772567 0.808333 0.776084 0.802083 0.776671 0.802083 0.777257 0.801042 0.777257 0.800000 0.780188 0.794792 0.780188 0.793750 0.781360 0.791667 0.781360 0.790625 0.782532 0.788542 0.782532 0.787500 0.783705 0.785417 0.783705 0.784375 0.784291 0.783333 0.784291 0.782292 0.784877 0.781250 0.784877 0.780208 0.785463 0.779167 0.785463 0.777083 0.786049 0.776042 0.786049 0.773958 0.786635 0.772917 0.786635 0.770833 0.787222 0.769792 0.787222 0.767708 0.787808 0.766667 0.787808 0.765625 0.788394 0.764583 0.788394 0.763542 0.788980 0.762500 0.788980 0.761458 0.789566 0.760417 0.789566 0.753125 0.790152 0.752083 0.790152 0.744792 0.790739 0.743750 0.790739 0.737500 0.791325 0.736458 0.791325 0.725000 0.791911 0.723958 0.791911 0.716667 0.791325 0.715625 0.791325 0.707292 0.790739 0.706250 0.790739 0.703125 0.790152 0.702083 0.790152 0.695833 0.789566 0.694792 0.789566 0.690625 0.788980 0.689583 0.788980 0.686458 0.788394 0.685417 0.788394 0.681250 0.787808 0.680208 0.787808 0.677083 0.787222 0.676042 0.787222 0.672917 0.786635 0.671875 0.786635 0.661458 0.786049 0.660417 0.786049 0.655208 0.785463 0.654167 0.785463 0.648958 0.784877 0.647917 0.784877 0.640625 0.784291 0.639583 0.784291 0.632292 0.783705 0.631250 0.783705 0.625000 0.783118 0.623958 0.783118 0.622917 0.782532 0.621875 0.782532 0.619792 0.781946 0.618750 0.781946 0.617708 0.781360 0.616667 0.781360 0.615625 0.780774 0.614583 0.780774 0.612500 0.780188 0.611458 0.780188 0.610417 0.779601 0.609375 0.779601 0.608333 0.779015 0.607292 0.779015 0.606250 0.778429 0.605208 0.778429 0.603125 0.777843 0.602083 0.777843 0.600000 0.777257 0.598958 0.777257 0.596875 0.776671 0.595833 0.776671 0.594792 0.776084 0.593750 0.776084 0.592708 0.775498 0.591667 0.775498 0.590625 0.774912 0.589583 0.774912 0.588542 0.774326 0.587500 0.774326 0.585417 0.773740 0.584375 0.773740 0.582292 0.773154 0.581250 0.773154 0.580208 0.772567 0.579167 0.772567 0.578125 0.771981 0.577083 0.771981 0.576042 0.771395 0.575000 0.771395 0.573958 0.770809 0.572917 0.770809 0.569792 0.770223 0.568750 0.770223 0.566667 0.769637 0.565625 0.769637 0.563542 0.769050 0.562500 0.769050 0.561458 0.768464 0.560417 0.768464 0.558333 0.767878 0.557292 0.767878 0.556250 0.766120 0.553125 0.766120 0.552083 0.765533 0.551042 0.765533 0.550000 0.763775 0.546875 0.763775 0.545833 0.763189 0.544792 0.763189 0.543750 0.762603 0.542708 0.762603 0.540625 0.762016 0.539583 0.762016 0.538542 0.761430 0.537500 0.761430 0.535417 0.760844 0.534375 0.760844 0.530208 0.760258 0.529167 0.760258 0.526042 0.759672 0.525000 0.759672 0.521875 0.759086 0.520833 0.759086 0.519792 0.758499 0.518750 0.758499 0.517708 0.757913 0.516667 0.757913 0.515625 0.757327 0.514583 0.757327 0.512500 0.756741 0.511458 0.756741 0.508333 0.756155 0.507292 0.756155 0.506250 0.755569 0.505208 0.755569 0.504167 0.754982 0.503125 0.754982 0.502083 0.754396 0.501042 0.754396 0.500000 0.753810 0.498958 0.753810 0.497917 0.753224 0.496875 0.753224 0.495833 0.752638 0.494792 0.752638 0.493750 0.752052 0.492708 0.752052 0.491667 0.751465 0.490625 0.751465 0.489583 0.750293 0.487500 0.750293 0.486458 0.749121 0.484375 0.749121 0.483333 0.746776 0.479167 0.746776 0.478125 0.745604 0.476042 0.745604 0.475000 0.743259 0.470833 0.743259 0.469792 0.738570 0.461458 0.738570 0.460417 0.737984 0.459375 0.737397 0.459375 0.734467 0.454167 0.733880 0.454167 0.731536 0.450000 0.730950 0.450000 0.729777 0.447917 0.729191 0.447917 0.728605 0.446875 0.728019 0.446875 0.724502 0.440625 0.724502 0.439583 0.723329 0.437500 0.723329 0.436458 0.722157 0.434375 0.722157 0.427083 0.722743 0.426042 0.722743 0.425000 0.723329 0.423958 0.723916 0.423958 0.725088 0.421875 0.725674 0.421875 0.726260 0.420833 0.726846 0.420833 0.727433 0.419792 0.728605 0.419792 0.729191 0.418750 0.730363 0.418750 0.730950 0.417708 0.731536 0.417708 0.730950 0.416667 0.730950 0.414583 0.729777 0.414583 0.729191 0.413542 0.727433 0.413542 0.726846 0.412500 0.724502 0.412500 0.723916 0.411458 0.722157 0.411458 0.721571 0.410417 0.719812 0.410417 0.719226 0.409375 0.717468 0.409375 0.716882 0.408333 0.714537 0.408333 0.713951 0.407292 0.712192 0.407292 0.711606 0.406250 0.709261 0.406250 0.708675 0.405208 0.707503 0.405208 0.706917 0.404167 0.706917 0.402083 0.706331 0.401042 0.706331 0.394792 0.706917 0.393750 0.706917 0.391667 0.707503 0.390625 0.707503 0.388542 0.708089 0.387500 0.708089 0.386458 0.708675 0.385417 0.708675 0.384375 0.709261 0.383333 0.709261 0.382292 0.709848 0.381250 0.709848 0.375000 0.706917 0.369792 0.706917 0.368750 0.706331 0.367708 0.705744 0.367708 0.702227 0.361458 0.701641 0.361458 0.701055 0.360417 0.700469 0.360417 0.698124 0.356250 0.698124 0.355208 0.696366 0.352083 0.696366 0.351042 0.688746 0.337500 0.688159 0.337500 0.686401 0.334375 0.685815 0.334375 0.685229 0.333333 0.684642 0.333333 0.683470 0.331250 0.682884 0.331250 0.682298 0.330208 0.681712 0.330208 0.681125 0.329167 0.680539 0.329167 0.679953 0.328125 0.679367 0.328125 0.678781 0.327083 0.678195 0.327083 0.677608 0.326042 0.676436 0.326042 0.675850 0.325000 0.675264 0.325000 0.674678 0.323958 0.672919 0.323958 0.672333 0.322917
0 0.424971 0.283333 0.424971 0.285417 0.424385 0.286458 0.424971 0.287500 0.424971 0.294792 0.424385 0.295833 0.424385 0.300000 0.423798 0.301042 0.423798 0.303125 0.423212 0.304167 0.423212 0.305208 0.420868 0.309375 0.420868 0.310417 0.420281 0.311458 0.420281 0.312500 0.419695 0.313542 0.419695 0.321875 0.420281 0.322917 0.420281 0.325000 0.420868 0.326042 0.421454 0.326042 0.422626 0.328125 0.422626 0.329167 0.423212 0.330208 0.423212 0.331250 0.423798 0.332292 0.423798 0.333333 0.424385 0.334375 0.424385 0.336458 0.424971 0.337500 0.424971 0.339583 0.425557 0.340625 0.425557 0.342708 0.426143 0.343750 0.426143 0.345833 0.426729 0.346875 0.426729 0.348958 0.427315 0.350000 0.427315 0.356250 0.427902 0.357292 0.427902 0.359375 0.427315 0.360417 0.427315 0.369792 0.426729 0.370833 0.426729 0.377083 0.427315 0.378125 0.427315 0.389583 0.427902 0.390625 0.427902 0.406250 0.428488 0.407292 0.428488 0.414583 0.429074 0.415625 0.429074 0.417708 0.429660 0.418750 0.429660 0.419792 0.430246 0.420833 0.430246 0.423958 0.430832 0.425000 0.430246 0.426042 0.430246 0.431250 0.430832 0.432292 0.430832 0.435417 0.431419 0.436458 0.431419 0.443750 0.432005 0.444792 0.432005 0.445833 0.431419 0.446875 0.431419 0.452083 0.432005 0.453125 0.432005 0.460417 0.433177 0.462500 0.433763 0.462500 0.434349 0.463542 0.439039 0.463542 0.439625 0.462500 0.441383 0.462500 0.441970 0.461458 0.443142 0.461458 0.443728 0.460417 0.444900 0.460417 0.445487 0.459375 0.450176 0.459375 0.450762 0.460417 0.452521 0.460417 0.453107 0.459375 0.453693 0.459375 0.454279 0.458333 0.454865 0.458333 0.455451 0.457292 0.456038 0.457292 0.458382 0.453125 0.458382 0.452083 0.460141 0.448958 0.460141 0.447917 0.460727 0.446875 0.460727 0.445833 0.461313 0.444792 0.461313 0.433333 0.460727 0.432292 0.460727 0.429167 0.460141 0.428125 0.460141 0.425000 0.459555 0.423958 0.459555 0.413542 0.460141 0.412500 0.460141 0.409375 0.460727 0.408333 0.460727 0.401042 0.460141 0.400000 0.460141 0.382292 0.459555 0.381250 0.459555 0.376042 0.458968 0.375000 0.458968 0.370833 0.458382 0.369792 0.458382 0.365625 0.457796 0.364583 0.457796 0.362500 0.457210 0.361458 0.457210 0.356250 0.456624 0.355208 0.456624 0.347917 0.456038 0.346875 0.456038 0.343750 0.455451 0.342708 0.455451 0.339583 0.454865 0.338542 0.454865 0.336458 0.454279 0.335417 0.454279 0.334375 0.453693 0.333333 0.453693 0.332292 0.453107 0.331250 0.453107 0.329167 0.452521 0.328125 0.452521 0.327083 0.451934 0.326042 0.451934 0.322917 0.452521 0.321875 0.452521 0.320833 0.453107 0.319792 0.453107 0.318750 0.453693 0.317708 0.453693 0.316667 0.454279 0.315625 0.454279 0.312500 0.452521 0.309375 0.451934 0.309375 0.451348 0.308333 0.450762 0.308333 0.449590 0.306250 0.449004 0.306250 0.448417 0.305208 0.447831 0.305208 0.446659 0.303125 0.446073 0.303125 0.445487 0.302083 0.444900 0.302083 0.443142 0.298958 0.442556 0.298958 0.441970 0.297917 0.441383 0.297917 0.439625 0.294792 0.439039 0.294792 0.438453 0.293750 0.437866 0.293750 0.437280 0.292708 0.436694 0.292708 0.435522 0.290625 0.432005 0.290625 0.430832 0.288542 0.430246 0.288542 0.429660 0.287500 0.429660 0.286458 0.428488 0.284375 0.427315 0.284375 0.426729 0.283333
0 0.559789 0.456250 0.559789 0.459375 0.562720 0.459375 0.562720 0.456250
0 0.612544 0.453125 0.611372 0.455208 0.610785 0.455208 0.609613 0.457292 0.609027 0.457292 0.608441 0.458333 0.607855 0.458333 0.606682 0.460417 0.606096 0.460417 0.605510 0.461458 0.604338 0.461458 0.603165 0.463542 0.602579 0.463542 0.601993 0.464583 0.601407 0.464583 0.599648 0.467708 0.599062 0.467708 0.598476 0.468750 0.597304 0.468750 0.596717 0.469792 0.596131 0.469792 0.594959 0.471875 0.594373 0.471875 0.594373 0.472917 0.591442 0.478125 0.590856 0.478125 0.587339 0.484375 0.586753 0.484375 0.584408 0.488542 0.583822 0.488542 0.579719 0.495833 0.579132 0.495833 0.577960 0.497917 0.577374 0.497917 0.574443 0.503125 0.573857 0.503125 0.570340 0.509375 0.570340 0.510417 0.569754 0.511458 0.569754 0.518750 0.570340 0.519792 0.570340 0.521875 0.571512 0.523958 0.571512 0.525000 0.572685 0.527083 0.572685 0.528125 0.576788 0.535417 0.577374 0.535417 0.577960 0.536458 0.578546 0.536458 0.579719 0.538542 0.580305 0.538542 0.580891 0.539583 0.582063 0.539583 0.582649 0.540625 0.585580 0.540625 0.586166 0.541667 0.601993 0.541667 0.602579 0.542708 0.606682 0.542708 0.607268 0.543750 0.611372 0.543750 0.611958 0.544792 0.634232 0.544792 0.634818 0.545833 0.635991 0.545833 0.636577 0.546875 0.637163 0.546875 0.637749 0.545833 0.638335 0.545833 0.638921 0.544792 0.640094 0.544792 0.640680 0.543750 0.641266 0.543750 0.641852 0.542708 0.643025 0.542708 0.644197 0.540625 0.644197 0.539583 0.644783 0.538542 0.644783 0.529167 0.645369 0.528125 0.645369 0.519792 0.645955 0.518750 0.645955 0.514583 0.646542 0.513542 0.646542 0.510417 0.647128 0.509375 0.647128 0.506250 0.647714 0.505208 0.647714 0.500000 0.647128 0.498958 0.647128 0.497917 0.645369 0.494792 0.645369 0.492708 0.644783 0.491667 0.644783 0.490625 0.644197 0.490625 0.643611 0.489583 0.643025 0.489583 0.642438 0.488542 0.641852 0.488542 0.641266 0.487500 0.640680 0.487500 0.640094 0.486458 0.637749 0.486458 0.637163 0.485417 0.636577 0.485417 0.635991 0.484375 0.635404 0.484375 0.634818 0.483333 0.634232 0.483333 0.633646 0.482292 0.632474 0.482292 0.631887 0.481250 0.631301 0.481250 0.630715 0.480208 0.630129 0.480208 0.629543 0.479167 0.628957 0.479167 0.627784 0.477083 0.627198 0.477083 0.626612 0.476042 0.625440 0.476042 0.624853 0.475000 0.624267 0.475000 0.623095 0.472917 0.622509 0.472917 0.618406 0.465625 0.618406 0.464583 0.617819 0.463542 0.617819 0.462500 0.616647 0.460417 0.616647 0.459375 0.613716 0.454167 0.613130 0.454167
0 0.540445 0.411458 0.539859 0.412500 0.535170 0.412500 0.534584 0.413542 0.533998 0.413542 0.533411 0.414583 0.532825 0.414583 0.528136 0.422917 0.528136 0.423958 0.525791 0.428125 0.525791 0.429167 0.525205 0.430208 0.525205 0.431250 0.524619 0.432292 0.524619 0.434375 0.524033 0.435417 0.524033 0.442708 0.525205 0.444792 0.525205 0.445833 0.529308 0.453125 0.529894 0.453125 0.530481 0.454167 0.531653 0.454167 0.532239 0.455208 0.535756 0.455208 0.536342 0.454167 0.538101 0.454167 0.538687 0.453125 0.539859 0.453125 0.541032 0.451042 0.541618 0.451042 0.542204 0.450000 0.542790 0.450000 0.543376 0.448958 0.543962 0.448958 0.544549 0.447917 0.546307 0.447917 0.546893 0.446875 0.548652 0.446875 0.549238 0.445833 0.550410 0.445833 0.550996 0.444792 0.551583 0.444792 0.552169 0.443750 0.552755 0.443750 0.553341 0.442708 0.553927 0.442708 0.555100 0.440625 0.555100 0.437500 0.555686 0.436458 0.555686 0.417708 0.555100 0.416667 0.555100 0.415625 0.553341 0.412500 0.551583 0.412500 0.550996 0.411458
0 0.617233 0.212500 0.616647 0.213542 0.611372 0.213542 0.610785 0.214583 0.601993 0.214583 0.601407 0.215625 0.597890 0.215625 0.597304 0.216667 0.585580 0.216667 0.584994 0.217708 0.580891 0.217708 0.579719 0.219792 0.579719 0.233333 0.580305 0.234375 0.580305 0.239583 0.580891 0.240625 0.580891 0.243750 0.582649 0.246875 0.582649 0.247917 0.583822 0.250000 0.583822 0.251042 0.584408 0.252083 0.584408 0.254167 0.584994 0.255208 0.584994 0.257292 0.586166 0.259375 0.586166 0.260417 0.586753 0.261458 0.586753 0.262500 0.587339 0.263542 0.587339 0.264583 0.591442 0.271875 0.592028 0.271875 0.593200 0.273958 0.593787 0.273958 0.594959 0.276042 0.596131 0.276042 0.597890 0.279167 0.599062 0.279167 0.599648 0.280208 0.600234 0.280208 0.600821 0.281250 0.601407 0.281250 0.601993 0.282292 0.602579 0.282292 0.604924 0.286458 0.605510 0.286458 0.606096 0.287500 0.606682 0.287500 0.607855 0.289583 0.608441 0.289583 0.609027 0.290625 0.609613 0.290625 0.610199 0.291667 0.610785 0.291667 0.613130 0.295833 0.613130 0.298958 0.612544 0.300000 0.612544 0.303125 0.611958 0.304167 0.611958 0.306250 0.611372 0.307292 0.611372 0.310417 0.610785 0.311458 0.610785 0.313542 0.610199 0.314583 0.610199 0.320833 0.609613 0.321875 0.609613 0.331250 0.609027 0.332292 0.609027 0.338542 0.608441 0.339583 0.608441 0.344792 0.607855 0.345833 0.607855 0.348958 0.607268 0.350000 0.607268 0.352083 0.606682 0.353125 0.606682 0.355208 0.604924 0.358333 0.604924 0.359375 0.604338 0.360417 0.604338 0.361458 0.603751 0.362500 0.603751 0.363542 0.603165 0.364583 0.603165 0.365625 0.601993 0.367708 0.601993 0.368750 0.600234 0.371875 0.600234 0.372917 0.599648 0.373958 0.599062 0.373958 0.597304 0.377083 0.596717 0.377083 0.596131 0.378125 0.595545 0.378125 0.594959 0.379167 0.594373 0.379167 0.592614 0.382292 0.592028 0.382292 0.590856 0.384375 0.590270 0.384375 0.589683 0.385417 0.589097 0.385417 0.588511 0.386458 0.587925 0.386458 0.586166 0.389583 0.585580 0.389583 0.584994 0.390625 0.584408 0.390625 0.583822 0.391667 0.583236 0.391667 0.582649 0.392708 0.581477 0.392708 0.580891 0.393750 0.580305 0.393750 0.579719 0.394792 0.579132 0.394792 0.578546 0.395833 0.577374 0.395833 0.576788 0.396875 0.576202 0.396875 0.575615 0.397917 0.575029 0.397917 0.574443 0.398958 0.573271 0.398958 0.572685 0.400000 0.572098 0.400000 0.571512 0.401042 0.570926 0.401042 0.569754 0.403125 0.569168 0.403125 0.568581 0.404167 0.568581 0.405208 0.567409 0.407292 0.567409 0.411458 0.566823 0.412500 0.566823 0.418750 0.567409 0.419792 0.567409 0.431250 0.567995 0.432292 0.567995 0.436458 0.569168 0.438542 0.568581 0.439583 0.568581 0.445833 0.567995 0.446875 0.567995 0.453125 0.566237 0.456250 0.565064 0.456250 0.565064 0.459375 0.566237 0.461458 0.566237 0.463542 0.566823 0.464583 0.566823 0.466667 0.567409 0.467708 0.567409 0.469792 0.567995 0.470833 0.567995 0.471875 0.568581 0.472917 0.568581 0.473958 0.569168 0.475000 0.569168 0.476042 0.569754 0.477083 0.570340 0.477083 0.570926 0.478125 0.572098 0.478125 0.572685 0.479167 0.573857 0.479167 0.574443 0.480208 0.576202 0.480208 0.576788 0.481250 0.579132 0.481250 0.579719 0.480208 0.581477 0.480208 0.582649 0.478125 0.583236 0.478125 0.583822 0.477083 0.584408 0.477083 0.586166 0.473958 0.586753 0.473958 0.587925 0.471875 0.588511 0.471875 0.589097 0.470833 0.589683 0.470833 0.590270 0.469792 0.590856 0.469792 0.593200 0.465625 0.593787 0.465625 0.594959 0.463542 0.595545 0.463542 0.596717 0.461458 0.597304 0.461458 0.597890 0.460417 0.597890 0.459375 0.598476 0.458333 0.599648 0.458333 0.602579 0.453125 0.603165 0.453125 0.610199 0.440625 0.611372 0.440625 0.611958 0.439583 0.612544 0.439583 0.613130 0.438542 0.613716 0.438542 0.613716 0.437500 0.616061 0.433333 0.616061 0.432292 0.616647 0.431250 0.616647 0.430208 0.617233 0.429167 0.617233 0.427083 0.617819 0.426042 0.617819 0.425000 0.618992 0.422917 0.618992 0.421875 0.620750 0.418750 0.620750 0.417708 0.621336 0.416667 0.621336 0.414583 0.623681 0.410417 0.623681 0.408333 0.624267 0.407292 0.624267 0.393750 0.623681 0.392708 0.623681 0.381250 0.623095 0.380208 0.623095 0.373958 0.623681 0.372917 0.623681 0.370833 0.624267 0.369792 0.624267 0.367708 0.624853 0.366667 0.624853 0.364583 0.626026 0.362500 0.626026 0.361458 0.627198 0.359375 0.627198 0.358333 0.627784 0.357292 0.627784 0.356250 0.628370 0.355208 0.628370 0.352083 0.628957 0.351042 0.628957 0.348958 0.629543 0.347917 0.629543 0.346875 0.630129 0.345833 0.630129 0.344792 0.630715 0.343750 0.630715 0.342708 0.631301 0.341667 0.631301 0.340625 0.631887 0.339583 0.631887 0.338542 0.633646 0.335417 0.634232 0.335417 0.635991 0.332292 0.636577 0.332292 0.637749 0.330208 0.638335 0.330208 0.638921 0.329167 0.639508 0.329167 0.640094 0.328125 0.641266 0.328125 0.641852 0.327083 0.642438 0.327083 0.643025 0.326042 0.644197 0.326042 0.644783 0.325000 0.645955 0.325000 0.646542 0.323958 0.647714 0.323958 0.648300 0.322917 0.649472 0.322917 0.650059 0.321875 0.652403 0.321875 0.652989 0.320833 0.655334 0.320833 0.655920 0.319792 0.656506 0.319792 0.657093 0.318750 0.660610 0.318750 0.661196 0.317708 0.668230 0.317708 0.668816 0.316667 0.668816 0.315625 0.669402 0.314583 0.669402 0.303125 0.668230 0.301042 0.668230 0.300000 0.667644 0.298958 0.667644 0.297917 0.667057 0.296875 0.667057 0.295833 0.665885 0.293750 0.665885 0.290625 0.665299 0.289583 0.665299 0.288542 0.664127 0.286458 0.664127 0.285417 0.663540 0.284375 0.663540 0.282292 0.662954 0.281250 0.662954 0.280208 0.662368 0.279167 0.662368 0.278125 0.661782 0.277083 0.661782 0.275000 0.660610 0.272917 0.660610 0.271875 0.658851 0.268750 0.658851 0.267708 0.658265 0.266667 0.658265 0.265625 0.656506 0.262500 0.656506 0.261458 0.654162 0.257292 0.654162 0.256250 0.652989 0.254167 0.652989 0.253125 0.652403 0.252083 0.652403 0.251042 0.651231 0.248958 0.650645 0.248958 0.648300 0.244792 0.648300 0.243750 0.647714 0.242708 0.647714 0.241667 0.645369 0.237500 0.645369 0.236458 0.644197 0.234375 0.644197 0.233333 0.643025 0.231250 0.643025 0.230208 0.642438 0.229167 0.642438 0.228125 0.641852 0.227083 0.641852 0.226042 0.641266 0.225000 0.641266 0.222917 0.640680 0.221875 0.640680 0.218750 0.640094 0.217708 0.640094 0.216667 0.639508 0.215625 0.638921 0.215625 0.638335 0.214583 0.628957 0.214583 0.628370 0.213542 0.623681 0.213542 0.623095 0.212500
0 0.616061 0.157292 0.615475 0.158333 0.612544 0.158333 0.611958 0.159375 0.610785 0.159375 0.610199 0.160417 0.609613 0.160417 0.609027 0.161458 0.608441 0.161458 0.607268 0.163542 0.606682 0.163542 0.605510 0.165625 0.604924 0.165625 0.602579 0.169792 0.601993 0.169792 0.601407 0.170833 0.601407 0.171875 0.600821 0.172917 0.600821 0.176042 0.600234 0.177083 0.600234 0.181250 0.599648 0.182292 0.599648 0.188542 0.600234 0.188542 0.601407 0.190625 0.608441 0.190625 0.609027 0.189583 0.629543 0.189583 0.630129 0.188542 0.636577 0.188542 0.637163 0.187500 0.638335 0.187500 0.639508 0.185417 0.639508 0.184375 0.638921 0.183333 0.638921 0.181250 0.638335 0.180208 0.638335 0.179167 0.637749 0.178125 0.637749 0.177083 0.635991 0.173958 0.635991 0.172917 0.633646 0.168750 0.633646 0.167708 0.633060 0.167708 0.631301 0.164583 0.630715 0.164583 0.630129 0.163542 0.629543 0.163542 0.628957 0.162500 0.628370 0.162500 0.627784 0.161458 0.627198 0.161458 0.626612 0.160417 0.625440 0.160417 0.624853 0.159375 0.623681 0.159375 0.623095 0.158333 0.620164 0.158333 0.619578 0.157292
0 0.577960 0.128125 0.577374 0.129167 0.577374 0.135417 0.576788 0.136458 0.576788 0.152083 0.577374 0.153125 0.577374 0.175000 0.577960 0.176042 0.577960 0.178125 0.578546 0.179167 0.578546 0.186458 0.579132 0.187500 0.579132 0.188542 0.580305 0.188542 0.580891 0.189583 0.592028 0.189583 0.592614 0.188542 0.593200 0.188542 0.593200 0.187500 0.593787 0.186458 0.593787 0.184375 0.593200 0.183333 0.593200 0.178125 0.592614 0.177083 0.592614 0.172917 0.592028 0.171875 0.592028 0.166667 0.591442 0.165625 0.591442 0.156250 0.590856 0.155208 0.590856 0.151042 0.590270 0.150000 0.590270 0.145833 0.589683 0.144792 0.589683 0.142708 0.589097 0.141667 0.589097 0.139583 0.588511 0.138542 0.588511 0.137500 0.587339 0.135417 0.587339 0.134375 0.586166 0.132292 0.586166 0.131250 0.585580 0.130208 0.584994 0.130208 0.584408 0.129167 0.582649 0.129167 0.582063 0.128125
0 0.695780 0.278125 0.694607 0.280208 0.694607 0.281250 0.694021 0.282292 0.694021 0.283333 0.693435 0.284375 0.693435 0.285417 0.692849 0.286458 0.692849 0.287500 0.692263 0.288542 0.692263 0.290625 0.691676 0.291667 0.691676 0.294792 0.691090 0.295833 0.691090 0.303125 0.691676 0.303125 0.692263 0.304167 0.695193 0.304167 0.695780 0.305208 0.699297 0.305208 0.699883 0.304167 0.700469 0.304167 0.701641 0.302083 0.701641 0.294792 0.701055 0.293750 0.701055 0.289583 0.700469 0.288542 0.700469 0.287500 0.699883 0.286458 0.699883 0.285417 0.699297 0.284375 0.699297 0.282292 0.698710 0.281250 0.698710 0.280208 0.698124 0.279167 0.697538 0.279167 0.696952 0.278125
1 0.659437 0.320833 0.658851 0.321875 0.655920 0.321875 0.655334 0.322917 0.653576 0.322917 0.652989 0.323958 0.650645 0.323958 0.650059 0.325000 0.648886 0.325000 0.648300 0.326042 0.646542 0.326042 0.645955 0.327083 0.644197 0.327083 0.643611 0.328125 0.643025 0.328125 0.642438 0.329167 0.641852 0.329167 0.641266 0.330208 0.640094 0.330208 0.639508 0.331250 0.638921 0.331250 0.637749 0.333333 0.637163 0.333333 0.636577 0.334375 0.635991 0.334375 0.632474 0.340625 0.632474 0.341667 0.631301 0.343750 0.631301 0.344792 0.630715 0.345833 0.630715 0.347917 0.630129 0.348958 0.630129 0.351042 0.629543 0.352083 0.629543 0.353125 0.628957 0.354167 0.628957 0.356250 0.628370 0.357292 0.628370 0.358333 0.627784 0.359375 0.627784 0.360417 0.626612 0.362500 0.626612 0.364583 0.626026 0.365625 0.626026 0.367708 0.625440 0.368750 0.625440 0.371875 0.624853 0.372917 0.624853 0.375000 0.624267 0.376042 0.624267 0.387500 0.624853 0.388542 0.624853 0.393750 0.625440 0.394792 0.625440 0.401042 0.626026 0.402083 0.626026 0.407292 0.625440 0.408333 0.625440 0.410417 0.624267 0.412500 0.624267 0.413542 0.623095 0.415625 0.623095 0.416667 0.622509 0.417708 0.622509 0.418750 0.620750 0.421875 0.620750 0.422917 0.618992 0.426042 0.618992 0.427083 0.617819 0.429167 0.617819 0.431250 0.617233 0.432292 0.617233 0.433333 0.617819 0.434375 0.617819 0.435417 0.618406 0.436458 0.618992 0.436458 0.619578 0.437500 0.627784 0.437500 0.628370 0.436458 0.628957 0.436458 0.629543 0.435417 0.630129 0.435417 0.630715 0.434375 0.631301 0.434375 0.631887 0.433333 0.632474 0.433333 0.633060 0.432292 0.633646 0.432292 0.634232 0.431250 0.634818 0.431250 0.635404 0.430208 0.635991 0.430208 0.636577 0.429167 0.638335 0.429167 0.638921 0.428125 0.640680 0.428125 0.641266 0.427083 0.641852 0.427083 0.642438 0.426042 0.644197 0.426042 0.644783 0.425000 0.647714 0.425000 0.648300 0.423958 0.650645 0.423958 0.651231 0.422917 0.660023 0.422917 0.660610 0.423958 0.663540 0.423958 0.664127 0.425000 0.665885 0.425000 0.666471 0.426042 0.670574 0.426042 0.671161 0.427083 0.677022 0.427083 0.677608 0.426042 0.680539 0.426042 0.681125 0.425000 0.683470 0.425000 0.684642 0.422917 0.684642 0.421875 0.685229 0.420833 0.686401 0.420833 0.686987 0.419792 0.688159 0.419792 0.688746 0.418750 0.689332 0.418750 0.689918 0.417708 0.691090 0.417708 0.691676 0.416667 0.692849 0.416667 0.693435 0.415625 0.695780 0.415625 0.696952 0.413542 0.697538 0.413542 0.698124 0.412500 0.698710 0.412500 0.699297 0.411458 0.699883 0.411458 0.702814 0.406250 0.702814 0.405208 0.705158 0.401042 0.705158 0.400000 0.705744 0.398958 0.705744 0.397917 0.706331 0.396875 0.706331 0.394792 0.706917 0.393750 0.706917 0.392708 0.707503 0.391667 0.707503 0.390625 0.708089 0.389583 0.708089 0.388542 0.708675 0.387500 0.708675 0.386458 0.709848 0.384375 0.709848 0.383333 0.710434 0.382292 0.710434 0.376042 0.709848 0.375000 0.709848 0.373958 0.705158 0.365625 0.704572 0.365625 0.703400 0.363542 0.702814 0.363542 0.697538 0.354167 0.697538 0.353125 0.696366 0.351042 0.696366 0.350000 0.689332 0.337500 0.688746 0.337500 0.686987 0.334375 0.686401 0.334375 0.685229 0.332292 0.684642 0.332292 0.684056 0.331250 0.683470 0.331250 0.682298 0.329167 0.681712 0.329167 0.681125 0.328125 0.680539 0.328125 0.679953 0.327083 0.679367 0.327083 0.678781 0.326042 0.677608 0.326042 0.677022 0.325000 0.676436 0.325000 0.675850 0.323958 0.674678 0.323958 0.674091 0.322917 0.672333 0.322917 0.671747 0.321875 0.668816 0.321875 0.668230 0.320833
1 0.989449 0.406250 0.988863 0.407292 0.987104 0.407292 0.987104 0.408333 0.985932 0.410417 0.985932 0.412500 0.985346 0.413542 0.985346 0.414583 0.985932 0.415625 0.986518 0.415625 0.987104 0.416667 0.990621 0.416667 0.991208 0.415625 0.991208 0.406250
1 0.614302 0.212500 0.613716 0.213542 0.610785 0.213542 0.610199 0.214583 0.599062 0.214583 0.598476 0.215625 0.596717 0.215625 0.596131 0.216667 0.595545 0.216667 0.594959 0.217708 0.594959 0.219792 0.594373 0.220833 0.594373 0.223958 0.593787 0.225000 0.593787 0.230208 0.594959 0.232292 0.596717 0.232292 0.597304 0.233333 0.600234 0.233333 0.600821 0.232292 0.603751 0.232292 0.604338 0.231250 0.606682 0.231250 0.607268 0.230208 0.608441 0.230208 0.609027 0.229167 0.610199 0.229167 0.610785 0.228125 0.613130 0.228125 0.613716 0.227083 0.614889 0.227083 0.615475 0.226042 0.616647 0.226042 0.617233 0.225000 0.618406 0.225000 0.618992 0.223958 0.620164 0.223958 0.621336 0.221875 0.621923 0.221875 0.622509 0.220833 0.623681 0.220833 0.624267 0.219792 0.625440 0.219792 0.626026 0.218750 0.627198 0.218750 0.628370 0.216667 0.628957 0.216667 0.628957 0.214583 0.629543 0.213542 0.628370 0.213542 0.627784 0.212500
1 0.614889 0.157292 0.614302 0.158333 0.612544 0.158333 0.611958 0.159375 0.610785 0.159375 0.610199 0.160417 0.609613 0.160417 0.609027 0.161458 0.608441 0.161458 0.607268 0.163542 0.606682 0.163542 0.605510 0.165625 0.604924 0.165625 0.603751 0.167708 0.603165 0.167708 0.601407 0.170833 0.601407 0.171875 0.600821 0.172917 0.600821 0.173958 0.600234 0.175000 0.600234 0.177083 0.599648 0.178125 0.599648 0.181250 0.599062 0.182292 0.599062 0.184375 0.598476 0.185417 0.598476 0.188542 0.599062 0.189583 0.599648 0.189583 0.600234 0.190625 0.607855 0.190625 0.608441 0.189583 0.627784 0.189583 0.628370 0.188542 0.637749 0.188542 0.638335 0.187500 0.638921 0.187500 0.639508 0.186458 0.640094 0.186458 0.640094 0.184375 0.639508 0.183333 0.639508 0.182292 0.638921 0.181250 0.638921 0.180208 0.638335 0.179167 0.638335 0.178125 0.637163 0.176042 0.637163 0.175000 0.635404 0.171875 0.635404 0.170833 0.632474 0.165625 0.631887 0.165625 0.630715 0.163542 0.630129 0.163542 0.629543 0.162500 0.628957 0.162500 0.628370 0.161458 0.627784 0.161458 0.627198 0.160417 0.626612 0.160417 0.626026 0.159375 0.624853 0.159375 0.624267 0.158333 0.622509 0.158333 0.621923 0.157292
2 0.744431 0.833333 0.743845 0.834375 0.741501 0.834375 0.740914 0.835417 0.737397 0.835417 0.736811 0.836458 0.730950 0.836458 0.730363 0.837500 0.724502 0.837500 0.723916 0.838542 0.716295 0.838542 0.715709 0.839583 0.710434 0.839583 0.709848 0.840625 0.707503 0.840625 0.706917 0.841667 0.705158 0.841667 0.704572 0.842708 0.703986 0.842708 0.703400 0.843750 0.702814 0.843750 0.702227 0.844792 0.701641 0.844792 0.699883 0.847917 0.699883 0.848958 0.699297 0.850000 0.699297 0.852083 0.698710 0.853125 0.698710 0.856250 0.698124 0.857292 0.698124 0.859375 0.697538 0.860417 0.697538 0.866667 0.698710 0.868750 0.698710 0.869792 0.699297 0.869792 0.699883 0.870833 0.700469 0.870833 0.701641 0.872917 0.702227 0.872917 0.702814 0.873958 0.703400 0.873958 0.703986 0.875000 0.704572 0.875000 0.705158 0.876042 0.706331 0.876042 0.706917 0.877083 0.708089 0.877083 0.708675 0.878125 0.710434 0.878125 0.711020 0.879167 0.713365 0.879167 0.713951 0.880208 0.723916 0.880208 0.724502 0.879167 0.726260 0.879167 0.726846 0.878125 0.728019 0.878125 0.728605 0.877083 0.730363 0.877083 0.730950 0.876042 0.731536 0.876042 0.732122 0.875000 0.732708 0.875000 0.733294 0.873958 0.733880 0.873958 0.734467 0.872917 0.735053 0.872917 0.737984 0.867708 0.737984 0.866667 0.740328 0.862500 0.740328 0.861458 0.740914 0.860417 0.740914 0.859375 0.741501 0.858333 0.741501 0.857292 0.742673 0.855208 0.742673 0.854167 0.743845 0.852083 0.743845 0.851042 0.744431 0.850000 0.744431 0.847917 0.745018 0.846875 0.745018 0.845833 0.745604 0.844792 0.745604 0.843750 0.746776 0.841667 0.746776 0.840625 0.747948 0.838542 0.747948 0.836458 0.748535 0.835417 0.748535 0.834375 0.747948 0.833333
2 0.635991 0.541667 0.635404 0.542708 0.631887 0.542708 0.631301 0.543750 0.630715 0.543750 0.629543 0.545833 0.629543 0.548958 0.628957 0.550000 0.628957 0.557292 0.630129 0.559375 0.633060 0.559375 0.633646 0.558333 0.634232 0.558333 0.634818 0.557292 0.635404 0.557292 0.637163 0.554167 0.637749 0.554167 0.637749 0.553125 0.639508 0.550000 0.640094 0.550000 0.640680 0.548958 0.640680 0.547917 0.641266 0.546875 0.641852 0.546875 0.641852 0.545833 0.641266 0.545833 0.640680 0.544792 0.639508 0.544792 0.638335 0.542708 0.637163 0.542708 0.636577 0.541667
2 0.643611 0.525000 0.643025 0.526042 0.643025 0.527083 0.640680 0.531250 0.640094 0.531250 0.638335 0.534375 0.637749 0.534375 0.637163 0.535417 0.636577 0.535417 0.635991 0.536458 0.635404 0.536458 0.634818 0.537500 0.634232 0.537500 0.631887 0.541667 0.631887 0.542708 0.631301 0.543750 0.630715 0.543750 0.629543 0.545833 0.629543 0.556250 0.630129 0.557292 0.631301 0.557292 0.631887 0.558333 0.633646 0.558333 0.634818 0.556250 0.635404 0.556250 0.635991 0.555208 0.636577 0.555208 0.639508 0.550000 0.640094 0.550000 0.640680 0.548958 0.641266 0.548958 0.641852 0.547917 0.643025 0.547917 0.643611 0.546875 0.647128 0.546875 0.647714 0.545833 0.647714 0.536458 0.647128 0.535417 0.647128 0.531250 0.645369 0.528125 0.645369 0.527083 0.644197 0.525000