0 0.688628 0.377793 0.686823 0.379147 0.685921 0.379147 0.685018 0.379824 0.685018 0.380501 0.681408 0.383209 0.681408 0.392011 0.682310 0.392688 0.682310 0.396750 0.683213 0.397427 0.682310 0.398104 0.682310 0.405552 0.681408 0.406229 0.681408 0.407583 0.678700 0.409614 0.670578 0.409614 0.669675 0.410291 0.666065 0.410291 0.665162 0.410968 0.663357 0.410968 0.661552 0.412322 0.660650 0.412322 0.657942 0.414353 0.657040 0.414353 0.657040 0.415030 0.654332 0.417062 0.654332 0.417739 0.653430 0.418416 0.653430 0.419093 0.652527 0.419770 0.652527 0.420447 0.651625 0.421124 0.651625 0.423832 0.650722 0.424509 0.650722 0.425186 0.651625 0.425863 0.651625 0.427894 0.652527 0.428571 0.652527 0.437373 0.653430 0.438050 0.653430 0.440758 0.654332 0.441435 0.654332 0.443466 0.655235 0.444144 0.655235 0.448883 0.653430 0.450237 0.647112 0.450237 0.643502 0.452945 0.642599 0.452945 0.641697 0.453622 0.640794 0.453622 0.639892 0.454299 0.638087 0.454299 0.637184 0.454976 0.633574 0.454976 0.632671 0.455653 0.630866 0.455653 0.629964 0.456330 0.616426 0.456330 0.615523 0.455653 0.614621 0.456330 0.612816 0.456330 0.611913 0.455653 0.610108 0.455653 0.609206 0.454976 0.608303 0.454976 0.607401 0.455653 0.602888 0.455653 0.601986 0.456330 0.593863 0.456330 0.591155 0.458362 0.591155 0.459039 0.590253 0.459716 0.590253 0.460393 0.591155 0.461070 0.591155 0.463101 0.592058 0.463778 0.592058 0.465132 0.592960 0.465809 0.592960 0.466486 0.594765 0.467840 0.594765 0.468517 0.595668 0.468517 0.596570 0.469194 0.597473 0.469194 0.599278 0.470548 0.600181 0.470548 0.601083 0.471225 0.601986 0.471225 0.602888 0.471903 0.605596 0.471903 0.606498 0.472580 0.612816 0.472580 0.613718 0.471903 0.614621 0.471903 0.615523 0.471225 0.616426 0.471225 0.617329 0.471903 0.618231 0.471903 0.619134 0.472580 0.620036 0.472580 0.620939 0.471903 0.628159 0.471903 0.629061 0.472580 0.630866 0.472580 0.632671 0.473934 0.634477 0.473934 0.635379 0.474611 0.636282 0.474611 0.637184 0.475288 0.638087 0.475288 0.638989 0.475965 0.639892 0.475965 0.640794 0.476642 0.640794 0.477319 0.641697 0.477996 0.641697 0.481381 0.640794 0.482058 0.640794 0.482735 0.639892 0.483412 0.639892 0.488152 0.638989 0.488829 0.638989 0.495599 0.638087 0.496276 0.638087 0.496953 0.637184 0.497630 0.637184 0.502370 0.636282 0.503047 0.636282 0.512525 0.635379 0.513202 0.635379 0.532160 0.636282 0.532837 0.636282 0.534191 0.637184 0.534868 0.637184 0.535545 0.638087 0.536222 0.638087 0.537576 0.638989 0.538253 0.638989 0.543670 0.639892 0.544347 0.639892 0.552471 0.640794 0.553148 0.640794 0.556534 0.641697 0.557211 0.641697 0.572783 0.642599 0.573460 0.642599 0.582938 0.643502 0.583615 0.643502 0.586324 0.644404 0.587001 0.644404 0.592417 0.645307 0.593094 0.645307 0.602573 0.646209 0.603250 0.646209 0.607312 0.645307 0.607989 0.645307 0.614083 0.644404 0.614760 0.644404 0.622207 0.645307 0.622884 0.644404 0.623561 0.644404 0.624915 0.641697 0.626947 0.640794 0.626947 0.639892 0.627624 0.638087 0.627624 0.637184 0.628301 0.634477 0.628301 0.633574 0.628978 0.630866 0.628978 0.629964 0.629655 0.624549 0.629655 0.623646 0.630332 0.622744 0.630332 0.622744 0.631686 0.621841 0.632363 0.621841 0.633717 0.625451 0.636425 0.626354 0.636425 0.627256 0.637102 0.629061 0.637102 0.629964 0.637779 0.647112 0.637779 0.648014 0.638456 0.661552 0.638456 0.662455 0.637779 0.663357 0.637779 0.664260 0.637102 0.664260 0.635748 0.665162 0.635071 0.665162 0.605281 0.666065 0.604604 0.666065 0.596479 0.665162 0.595802 0.665162 0.581584 0.664260 0.580907 0.664260 0.561273 0.665162 0.560596 0.665162 0.558565 0.666968 0.557211 0.667870 0.557211 0.668773 0.557888 0.668773 0.558565 0.669675 0.559242 0.669675 0.560596 0.670578 0.561273 0.670578 0.563981 0.671480 0.564658 0.671480 0.568043 0.672383 0.568720 0.672383 0.570074 0.673285 0.570752 0.673285 0.573460 0.674188 0.574137 0.674188 0.576168 0.675090 0.576845 0.675090 0.578199 0.675993 0.578876 0.675993 0.579553 0.676895 0.580230 0.676895 0.581584 0.677798 0.582261 0.677798 0.582938 0.678700 0.583615 0.678700 0.584970 0.679603 0.585647 0.679603 0.586324 0.680505 0.587001 0.680505 0.588355 0.681408 0.589032 0.681408 0.590386 0.682310 0.591063 0.682310 0.593771 0.683213 0.594448 0.683213 0.597156 0.684116 0.597833 0.684116 0.606635 0.685018 0.607312 0.685018 0.613406 0.685921 0.614083 0.685921 0.618145 0.686823 0.618822 0.686823 0.619499 0.685018 0.620853 0.685018 0.621530 0.683213 0.622884 0.683213 0.623561 0.682310 0.624238 0.682310 0.626269 0.684116 0.627624 0.685018 0.627624 0.685921 0.628301 0.686823 0.628301 0.688628 0.629655 0.689531 0.629655 0.690433 0.630332 0.692238 0.630332 0.693141 0.631009 0.694043 0.631009 0.694946 0.631686 0.697653 0.631686 0.698556 0.632363 0.700361 0.632363 0.701264 0.631686 0.703069 0.631686 0.703971 0.631009 0.703971 0.630332 0.704874 0.629655 0.704874 0.628978 0.705776 0.628301 0.705776 0.625592 0.706679 0.624915 0.706679 0.619499 0.705776 0.618822 0.705776 0.616791 0.704874 0.616114 0.704874 0.614760 0.703971 0.614083 0.703971 0.610020 0.703069 0.609343 0.703069 0.601219 0.702166 0.600542 0.702166 0.597156 0.701264 0.596479 0.701264 0.593094 0.700361 0.592417 0.700361 0.588355 0.699458 0.587678 0.699458 0.584970 0.698556 0.584292 0.698556 0.583615 0.697653 0.582938 0.697653 0.581584 0.696751 0.580907 0.696751 0.577522 0.695848 0.576845 0.695848 0.575491 0.694946 0.574814 0.694946 0.574137 0.694043 0.573460 0.694043 0.571429 0.693141 0.570752 0.693141 0.567366 0.692238 0.566689 0.692238 0.564658 0.691336 0.563981 0.691336 0.563304 0.690433 0.562627 0.690433 0.559242 0.689531 0.558565 0.689531 0.550440 0.688628 0.549763 0.688628 0.544347 0.687726 0.543670 0.687726 0.539607 0.686823 0.538930 0.686823 0.532160 0.687726 0.531483 0.687726 0.530806 0.688628 0.530129 0.688628 0.528775 0.689531 0.528097 0.689531 0.524712 0.690433 0.524035 0.690433 0.504401 0.691336 0.503724 0.691336 0.501016 0.690433 0.500339 0.690433 0.495599 0.691336 0.494922 0.691336 0.491537 0.692238 0.490860 0.692238 0.486121 0.693141 0.485443 0.693141 0.480704 0.694043 0.480027 0.694043 0.475288 0.694946 0.474611 0.694946 0.472580 0.695848 0.471903 0.695848 0.471225 0.696751 0.470548 0.696751 0.468517 0.697653 0.467840 0.697653 0.466486 0.698556 0.465809 0.698556 0.465132 0.699458 0.464455 0.699458 0.463778 0.700361 0.463101 0.700361 0.462424 0.701264 0.461747 0.701264 0.459716 0.702166 0.459039 0.702166 0.450237 0.701264 0.449560 0.701264 0.446852 0.702166 0.446175 0.701264 0.445498 0.701264 0.442112 0.700361 0.441435 0.700361 0.438727 0.699458 0.438050 0.699458 0.430603 0.698556 0.429926 0.698556 0.424509 0.697653 0.423832 0.697653 0.421801 0.696751 0.421124 0.696751 0.411645 0.695848 0.410968 0.695848 0.408937 0.694946 0.408260 0.694946 0.407583 0.694043 0.406906 0.694043 0.405552 0.693141 0.404875 0.693141 0.392688 0.694043 0.392011 0.694043 0.383209 0.693141 0.382532 0.693141 0.381855 0.690433 0.379824 0.690433 0.379147
0 0.546029 0.569397 0.545126 0.570074 0.545126 0.570752 0.544224 0.571429 0.544224 0.572783 0.543321 0.573460 0.543321 0.578876 0.542419 0.579553 0.542419 0.585647 0.543321 0.586324 0.543321 0.587001 0.544224 0.587001 0.545126 0.587678 0.547834 0.587678 0.548736 0.588355 0.549639 0.588355 0.549639 0.582261 0.548736 0.581584 0.548736 0.578199 0.547834 0.577522 0.547834 0.574137 0.546931 0.573460 0.546931 0.570752 0.546029 0.570074
0 0.504513 0.483412 0.504513 0.504401 0.503610 0.505078 0.503610 0.517942 0.504513 0.518619 0.504513 0.532837 0.505415 0.533514 0.505415 0.536899 0.506318 0.537576 0.506318 0.547055 0.505415 0.547732 0.505415 0.551794 0.504513 0.552471 0.504513 0.555179 0.503610 0.555856 0.503610 0.557888 0.502708 0.558565 0.502708 0.560596 0.501805 0.561273 0.501805 0.563981 0.500903 0.564658 0.500903 0.570074 0.500000 0.570752 0.500000 0.577522 0.500903 0.578199 0.500903 0.581584 0.500000 0.582261 0.500000 0.582938 0.499097 0.583615 0.499097 0.584292 0.498195 0.584970 0.498195 0.586324 0.499097 0.587001 0.499097 0.587678 0.500000 0.588355 0.503610 0.588355 0.504513 0.589032 0.509928 0.589032 0.510830 0.588355 0.513538 0.588355 0.514440 0.587678 0.514440 0.585647 0.515343 0.584970 0.515343 0.580907 0.514440 0.580230 0.514440 0.573460 0.513538 0.572783 0.513538 0.568043 0.512635 0.567366 0.512635 0.562627 0.511733 0.561950 0.511733 0.557888 0.510830 0.557211 0.510830 0.542993 0.509928 0.542316 0.509928 0.528775 0.510830 0.528097 0.510830 0.509140 0.511733 0.508463 0.511733 0.495599 0.512635 0.494922 0.512635 0.492891 0.511733 0.492214 0.511733 0.487475 0.510830 0.486798 0.510830 0.486121 0.509025 0.484766 0.509025 0.484089 0.508123 0.483412
0 0.521661 0.442112 0.521661 0.445498 0.520758 0.446175 0.520758 0.450237 0.521661 0.450914 0.522563 0.450914 0.522563 0.443466 0.521661 0.442789
0 0.497292 0.404198 0.497292 0.404875 0.495487 0.406229 0.494585 0.406229 0.491877 0.408260 0.491877 0.409614 0.490975 0.410291 0.490975 0.414353 0.491877 0.415030 0.491877 0.425186 0.490975 0.425863 0.490975 0.436696 0.491877 0.437373 0.491877 0.444821 0.492780 0.445498 0.492780 0.447529 0.493682 0.448206 0.493682 0.449560 0.494585 0.450237 0.494585 0.452268 0.495487 0.452945 0.495487 0.453622 0.496390 0.454299 0.496390 0.454976 0.497292 0.455653 0.497292 0.456330 0.498195 0.457007 0.498195 0.457684 0.500000 0.459039 0.500000 0.459716 0.500903 0.460393 0.500903 0.461070 0.501805 0.460393 0.502708 0.460393 0.505415 0.458362 0.506318 0.458362 0.507220 0.457684 0.508123 0.457684 0.509025 0.457007 0.509928 0.457007 0.510830 0.456330 0.510830 0.455653 0.511733 0.454976 0.511733 0.454299 0.516245 0.450914 0.516245 0.450237 0.517148 0.449560 0.517148 0.444821 0.516245 0.444144 0.516245 0.442789 0.515343 0.442112 0.515343 0.441435 0.515343 0.443466 0.514440 0.444144 0.514440 0.448206 0.515343 0.448883 0.515343 0.450914 0.513538 0.452268 0.511733 0.452268 0.509928 0.450914 0.509928 0.450237 0.509025 0.449560 0.509025 0.448883 0.507220 0.447529 0.507220 0.446175 0.506318 0.445498 0.506318 0.444821 0.505415 0.444144 0.505415 0.442789 0.504513 0.442112 0.504513 0.440081 0.503610 0.439404 0.503610 0.436696 0.502708 0.436019 0.502708 0.432634 0.501805 0.431957 0.501805 0.429926 0.500903 0.429248 0.500903 0.423155 0.501805 0.422478 0.501805 0.409614 0.500903 0.408937 0.500903 0.408260 0.499097 0.406906 0.499097 0.406229 0.498195 0.405552 0.498195 0.404198
0 0.299639 0.377116 0.299639 0.379147 0.298736 0.379824 0.298736 0.380501 0.295126 0.383209 0.295126 0.383886 0.294224 0.384563 0.294224 0.385240 0.293321 0.385917 0.293321 0.398104 0.292419 0.398781 0.292419 0.400135 0.291516 0.400812 0.291516 0.401490 0.290614 0.402167 0.290614 0.403521 0.289711 0.404198 0.289711 0.406906 0.288809 0.407583 0.288809 0.410968 0.287906 0.411645 0.287906 0.416385 0.287004 0.417062 0.287004 0.422478 0.286101 0.423155 0.286101 0.426540 0.285199 0.427217 0.285199 0.429248 0.284296 0.429926 0.284296 0.433311 0.283394 0.433988 0.283394 0.436019 0.282491 0.436696 0.282491 0.439404 0.283394 0.440081 0.284296 0.440081 0.285199 0.440758 0.287004 0.440758 0.287906 0.441435 0.291516 0.441435 0.292419 0.440758 0.304152 0.440758 0.305957 0.442112 0.305957 0.442789 0.306859 0.443466 0.306859 0.447529 0.307762 0.448206 0.307762 0.450237 0.306859 0.450914 0.306859 0.454976 0.305957 0.455653 0.305957 0.458362 0.305054 0.459039 0.305054 0.459716 0.303249 0.461070 0.302347 0.461070 0.301444 0.461747 0.297834 0.461747 0.296931 0.462424 0.289711 0.462424 0.287906 0.463778 0.287906 0.467840 0.287004 0.468517 0.287004 0.469871 0.287906 0.470548 0.287906 0.471903 0.288809 0.472580 0.288809 0.473934 0.289711 0.474611 0.289711 0.475965 0.290614 0.476642 0.290614 0.480704 0.291516 0.481381 0.291516 0.509140 0.290614 0.509817 0.290614 0.511171 0.289711 0.511848 0.289711 0.524035 0.290614 0.524712 0.290614 0.527420 0.291516 0.528097 0.291516 0.532160 0.292419 0.532837 0.292419 0.540284 0.291516 0.540961 0.291516 0.543670 0.290614 0.544347 0.290614 0.545701 0.289711 0.546378 0.289711 0.548409 0.288809 0.549086 0.288809 0.551794 0.287906 0.552471 0.287906 0.555179 0.287004 0.555856 0.287004 0.559242 0.286101 0.559919 0.286101 0.567366 0.285199 0.568043 0.285199 0.576845 0.286101 0.577522 0.286101 0.584970 0.287004 0.585647 0.287004 0.589032 0.287906 0.589709 0.287906 0.593094 0.287004 0.593771 0.287004 0.595802 0.287906 0.596479 0.287906 0.599188 0.289711 0.600542 0.298736 0.600542 0.299639 0.601219 0.300542 0.600542 0.304152 0.600542 0.305957 0.599188 0.306859 0.599188 0.306859 0.597833 0.305957 0.597156 0.305957 0.594448 0.305054 0.593771 0.305054 0.584292 0.304152 0.583615 0.304152 0.577522 0.305054 0.576845 0.305054 0.573460 0.305957 0.572783 0.305957 0.570074 0.306859 0.569397 0.306859 0.568720 0.310469 0.566012 0.311372 0.566689 0.311372 0.568720 0.312274 0.569397 0.312274 0.571429 0.313177 0.572106 0.313177 0.574137 0.314079 0.574814 0.314079 0.576845 0.314982 0.577522 0.314982 0.584292 0.315884 0.584970 0.315884 0.589032 0.316787 0.589709 0.316787 0.591063 0.317690 0.591740 0.317690 0.592417 0.318592 0.593094 0.318592 0.594448 0.320397 0.595802 0.322202 0.595802 0.323105 0.596479 0.330325 0.596479 0.331227 0.595802 0.332130 0.595802 0.333032 0.595125 0.333935 0.595125 0.333935 0.594448 0.334838 0.593771 0.334838 0.584970 0.335740 0.584292 0.335740 0.557888 0.336643 0.557211 0.336643 0.555179 0.337545 0.554502 0.337545 0.552471 0.338448 0.551794 0.338448 0.517942 0.337545 0.517265 0.337545 0.507109 0.338448 0.506432 0.338448 0.500339 0.337545 0.499661 0.337545 0.498307 0.336643 0.497630 0.336643 0.496276 0.335740 0.495599 0.335740 0.490860 0.334838 0.490183 0.334838 0.484766 0.333935 0.484089 0.333935 0.476642 0.333032 0.475965 0.333032 0.472580 0.332130 0.471903 0.332130 0.467840 0.331227 0.467163 0.331227 0.465132 0.328520 0.463101 0.328520 0.461747 0.327617 0.461070 0.327617 0.460393 0.326715 0.459716 0.326715 0.459039 0.325812 0.458362 0.325812 0.457684 0.324910 0.457007 0.324910 0.452268 0.323105 0.450914 0.323105 0.450237 0.321300 0.448883 0.320397 0.448883 0.319495 0.448206 0.318592 0.448206 0.315884 0.446175 0.315884 0.444821 0.316787 0.444144 0.316787 0.442789 0.318592 0.441435 0.319495 0.441435 0.320397 0.440758 0.323105 0.440758 0.324007 0.440081 0.324910 0.440081 0.325812 0.439404 0.325812 0.432634 0.324910 0.431957 0.324910 0.430603 0.325812 0.429926 0.325812 0.428571 0.324910 0.427894 0.324910 0.424509 0.324007 0.423832 0.324007 0.421801 0.320397 0.419093 0.320397 0.418416 0.318592 0.417062 0.317690 0.417062 0.316787 0.416385 0.315884 0.416385 0.314982 0.415708 0.314079 0.415708 0.313177 0.415030 0.307762 0.415030 0.306859 0.414353 0.303249 0.414353 0.302347 0.413676 0.302347 0.411645 0.301444 0.410968 0.302347 0.410291 0.302347 0.406229 0.301444 0.405552 0.301444 0.400135 0.302347 0.399458 0.302347 0.397427 0.303249 0.396750 0.303249 0.396073 0.304152 0.395396 0.304152 0.394719 0.305054 0.394042 0.305054 0.393365 0.306859 0.392011 0.306859 0.391334 0.307762 0.390657 0.307762 0.387271 0.308664 0.386594 0.307762 0.385917 0.307762 0.382532 0.306859 0.381855 0.305957 0.381855 0.300542 0.377793 0.300542 0.377116
0 0.386282 0.354096 0.385379 0.354773 0.385379 0.359513 0.386282 0.360190 0.386282 0.362898 0.387184 0.363575 0.387184 0.364929 0.388087 0.365606 0.388087 0.366960 0.388989 0.367637 0.388989 0.368991 0.389892 0.369668 0.389892 0.370345 0.390794 0.371022 0.390794 0.372376 0.391697 0.373053 0.391697 0.374408 0.392599 0.375085 0.392599 0.375762 0.393502 0.376439 0.393502 0.378470 0.394404 0.379147 0.394404 0.383209 0.395307 0.383886 0.395307 0.396750 0.396209 0.397427 0.396209 0.403521 0.395307 0.404198 0.395307 0.415708 0.394404 0.416385 0.394404 0.419770 0.393502 0.420447 0.393502 0.423155 0.392599 0.423832 0.392599 0.424509 0.391697 0.425186 0.391697 0.425863 0.389892 0.427217 0.388989 0.427217 0.387184 0.425863 0.387184 0.425186 0.386282 0.424509 0.386282 0.421801 0.385379 0.421124 0.385379 0.419093 0.384477 0.418416 0.384477 0.415030 0.383574 0.414353 0.383574 0.413676 0.382671 0.412999 0.382671 0.412322 0.381769 0.411645 0.381769 0.410968 0.378159 0.408260 0.378159 0.407583 0.377256 0.406906 0.376354 0.406906 0.375451 0.406229 0.374549 0.406229 0.373646 0.405552 0.371841 0.405552 0.370939 0.404875 0.368231 0.404875 0.367329 0.404198 0.361011 0.404198 0.360108 0.404875 0.358303 0.404875 0.357401 0.405552 0.355596 0.405552 0.354693 0.406229 0.353791 0.406229 0.352888 0.406906 0.351986 0.406906 0.351083 0.407583 0.351083 0.408260 0.348375 0.410291 0.348375 0.410968 0.347473 0.411645 0.347473 0.412322 0.346570 0.412999 0.346570 0.413676 0.345668 0.414353 0.345668 0.415030 0.344765 0.415708 0.344765 0.426540 0.345668 0.427217 0.345668 0.427894 0.346570 0.428571 0.346570 0.429248 0.347473 0.429926 0.347473 0.430603 0.348375 0.431280 0.348375 0.431957 0.350181 0.433311 0.350181 0.433988 0.351986 0.435342 0.351986 0.436019 0.352888 0.436696 0.352888 0.437373 0.353791 0.438050 0.353791 0.440081 0.354693 0.440758 0.354693 0.442789 0.353791 0.443466 0.353791 0.444144 0.351083 0.446175 0.350181 0.446175 0.349278 0.446852 0.348375 0.446852 0.347473 0.447529 0.345668 0.447529 0.344765 0.448206 0.342058 0.448206 0.341155 0.448883 0.335740 0.448883 0.334838 0.449560 0.333935 0.449560 0.333032 0.450237 0.332130 0.450237 0.331227 0.450914 0.330325 0.450914 0.329422 0.451591 0.328520 0.451591 0.327617 0.452268 0.327617 0.454976 0.326715 0.455653 0.326715 0.456330 0.327617 0.457007 0.327617 0.457684 0.328520 0.458362 0.328520 0.459039 0.329422 0.459716 0.329422 0.460393 0.330325 0.461070 0.330325 0.462424 0.331227 0.463101 0.331227 0.464455 0.332130 0.465132 0.332130 0.465809 0.333032 0.466486 0.333032 0.467163 0.333935 0.467840 0.333935 0.469194 0.334838 0.469871 0.334838 0.471225 0.335740 0.471903 0.335740 0.473257 0.336643 0.473934 0.336643 0.474611 0.337545 0.475288 0.337545 0.476642 0.339350 0.477996 0.339350 0.479350 0.340253 0.480027 0.340253 0.481381 0.341155 0.482058 0.341155 0.484089 0.342058 0.484766 0.342058 0.486121 0.342960 0.486798 0.342960 0.488829 0.343863 0.489506 0.343863 0.501693 0.342960 0.502370 0.342960 0.504401 0.342058 0.505078 0.342058 0.507786 0.341155 0.508463 0.341155 0.527420 0.340253 0.528097 0.340253 0.532837 0.341155 0.533514 0.341155 0.573460 0.340253 0.574137 0.340253 0.579553 0.339350 0.580230 0.339350 0.583615 0.338448 0.584292 0.338448 0.585647 0.337545 0.586324 0.337545 0.589709 0.336643 0.590386 0.336643 0.597156 0.335740 0.597833 0.335740 0.603927 0.334838 0.604604 0.334838 0.628978 0.335740 0.629655 0.335740 0.630332 0.334838 0.631009 0.334838 0.637102 0.333935 0.637779 0.333935 0.638456 0.333032 0.639133 0.333032 0.639810 0.332130 0.640487 0.332130 0.641165 0.331227 0.641842 0.331227 0.646581 0.332130 0.647258 0.332130 0.647935 0.333032 0.648612 0.333935 0.648612 0.334838 0.649289 0.337545 0.649289 0.338448 0.649966 0.342058 0.649966 0.342960 0.649289 0.345668 0.649289 0.346570 0.648612 0.347473 0.648612 0.350181 0.646581 0.350181 0.645904 0.351083 0.645227 0.351083 0.644550 0.351986 0.643873 0.351986 0.628301 0.352888 0.627624 0.352888 0.624238 0.351986 0.623561 0.351986 0.616791 0.352888 0.616114 0.352888 0.610697 0.353791 0.610020 0.353791 0.605958 0.354693 0.605281 0.354693 0.600542 0.355596 0.599865 0.355596 0.593094 0.356498 0.592417 0.356498 0.590386 0.357401 0.589709 0.357401 0.589032 0.358303 0.588355 0.358303 0.587678 0.359206 0.587001 0.359206 0.586324 0.360108 0.585647 0.360108 0.584970 0.361011 0.584292 0.361011 0.582261 0.361913 0.581584 0.361913 0.579553 0.362816 0.578876 0.362816 0.576168 0.363718 0.575491 0.363718 0.571429 0.364621 0.570752 0.364621 0.568043 0.365523 0.567366 0.365523 0.564658 0.366426 0.563981 0.366426 0.561273 0.367329 0.560596 0.367329 0.558565 0.368231 0.557888 0.368231 0.556534 0.369134 0.555856 0.369134 0.555179 0.370036 0.554502 0.370036 0.553148 0.370939 0.552471 0.370939 0.551117 0.371841 0.550440 0.371841 0.549086 0.372744 0.548409 0.373646 0.549086 0.373646 0.549763 0.374549 0.550440 0.374549 0.551794 0.375451 0.552471 0.375451 0.554502 0.376354 0.555179 0.376354 0.556534 0.377256 0.557211 0.377256 0.559242 0.378159 0.559919 0.378159 0.561950 0.379061 0.562627 0.379061 0.566689 0.379964 0.567366 0.379964 0.572783 0.380866 0.573460 0.380866 0.580907 0.381769 0.581584 0.381769 0.584970 0.382671 0.585647 0.382671 0.588355 0.383574 0.589032 0.383574 0.601896 0.384477 0.602573 0.384477 0.610697 0.385379 0.611374 0.385379 0.614760 0.386282 0.615437 0.386282 0.623561 0.385379 0.624238 0.385379 0.644550 0.384477 0.645227 0.384477 0.647935 0.386282 0.649289 0.386282 0.649966 0.388989 0.649966 0.389892 0.650643 0.391697 0.650643 0.392599 0.649966 0.397112 0.649966 0.398014 0.649289 0.400722 0.649289 0.401625 0.648612 0.402527 0.648612 0.403430 0.647935 0.404332 0.647935 0.408845 0.644550 0.409747 0.644550 0.410650 0.643873 0.411552 0.643873 0.411552 0.641842 0.410650 0.641165 0.410650 0.640487 0.409747 0.640487 0.408845 0.639810 0.407942 0.639810 0.406137 0.638456 0.406137 0.637102 0.405235 0.636425 0.405235 0.633717 0.404332 0.633040 0.405235 0.632363 0.405235 0.629655 0.404332 0.628978 0.404332 0.626947 0.403430 0.626269 0.403430 0.616791 0.404332 0.616114 0.404332 0.582938 0.403430 0.582261 0.403430 0.564658 0.404332 0.563981 0.404332 0.558565 0.405235 0.557888 0.405235 0.537576 0.406137 0.536899 0.406137 0.528775 0.405235 0.528097 0.405235 0.524035 0.406137 0.523358 0.406137 0.522004 0.407040 0.521327 0.407040 0.520650 0.407942 0.519973 0.407942 0.519296 0.408845 0.518619 0.408845 0.508463 0.407942 0.507786 0.407942 0.503724 0.407040 0.503047 0.407040 0.501693 0.406137 0.501016 0.406137 0.497630 0.405235 0.496953 0.405235 0.492214 0.404332 0.491537 0.404332 0.488829 0.403430 0.488152 0.403430 0.486798 0.402527 0.486121 0.402527 0.484766 0.401625 0.484089 0.401625 0.481381 0.400722 0.480704 0.400722 0.466486 0.401625 0.465809 0.401625 0.463778 0.402527 0.463101 0.402527 0.461747 0.403430 0.461070 0.403430 0.460393 0.404332 0.459716 0.404332 0.458362 0.405235 0.457684 0.405235 0.455653 0.406137 0.454976 0.406137 0.453622 0.407040 0.452945 0.407040 0.446175 0.407942 0.445498 0.407942 0.442789 0.408845 0.442112 0.408845 0.440758 0.409747 0.440081 0.409747 0.439404 0.410650 0.438727 0.410650 0.438050 0.411552 0.437373 0.411552 0.436696 0.412455 0.436019 0.412455 0.427217 0.413357 0.426540 0.413357 0.415708 0.414260 0.415030 0.414260 0.410291 0.413357 0.409614 0.413357 0.401490 0.412455 0.400812 0.412455 0.396073 0.411552 0.395396 0.411552 0.392011 0.410650 0.391334 0.410650 0.389303 0.409747 0.388626 0.409747 0.387271 0.408845 0.386594 0.408845 0.385240 0.407942 0.384563 0.407942 0.382532 0.407040 0.381855 0.407040 0.381178 0.406137 0.380501 0.406137 0.379147 0.405235 0.378470 0.405235 0.373053 0.404332 0.372376 0.404332 0.362221 0.402527 0.360867 0.402527 0.360190 0.400722 0.358835 0.399819 0.358835 0.398014 0.357481 0.397112 0.357481 0.396209 0.356804 0.395307 0.356804 0.394404 0.356127 0.392599 0.356127 0.391697 0.355450 0.389892 0.355450 0.388989 0.354773 0.388087 0.354773 0.387184 0.354096
0 0.417870 0.425863 0.416968 0.426540 0.416065 0.426540 0.415162 0.427217 0.415162 0.427894 0.414260 0.428571 0.414260 0.435342 0.413357 0.436019 0.413357 0.437373 0.411552 0.438727 0.411552 0.439404 0.410650 0.440081 0.410650 0.440758 0.409747 0.441435 0.409747 0.444144 0.408845 0.444821 0.408845 0.452268 0.407942 0.452945 0.407942 0.453622 0.407040 0.454299 0.407040 0.454976 0.406137 0.455653 0.406137 0.457007 0.405235 0.457684 0.405235 0.459716 0.404332 0.460393 0.404332 0.461747 0.403430 0.462424 0.403430 0.463778 0.402527 0.464455 0.402527 0.479350 0.403430 0.480027 0.403430 0.483412 0.404332 0.484089 0.404332 0.486121 0.405235 0.486798 0.405235 0.490183 0.406137 0.490860 0.406137 0.494245 0.407040 0.494922 0.407040 0.497630 0.407942 0.498307 0.407942 0.501693 0.408845 0.502370 0.408845 0.506432 0.409747 0.507109 0.409747 0.519973 0.408845 0.520650 0.408845 0.521327 0.407942 0.522004 0.407942 0.523358 0.407040 0.524035 0.407040 0.549086 0.406137 0.549763 0.406137 0.560596 0.405235 0.561273 0.405235 0.570074 0.404332 0.570752 0.404332 0.580230 0.405235 0.580907 0.405235 0.582261 0.406137 0.582938 0.406137 0.583615 0.407040 0.584292 0.407040 0.584970 0.407942 0.584970 0.411552 0.582261 0.411552 0.581584 0.412455 0.580907 0.412455 0.578199 0.411552 0.577522 0.411552 0.574814 0.410650 0.574137 0.410650 0.561950 0.411552 0.561273 0.411552 0.553825 0.412455 0.553148 0.412455 0.550440 0.413357 0.549763 0.413357 0.547732 0.414260 0.547055 0.414260 0.545701 0.415162 0.545024 0.415162 0.542993 0.416065 0.542316 0.416065 0.540961 0.416968 0.540284 0.416968 0.539607 0.421480 0.536222 0.422383 0.536899 0.422383 0.538253 0.423285 0.538930 0.423285 0.540961 0.424188 0.541638 0.424188 0.545701 0.425090 0.546378 0.425090 0.549086 0.425993 0.549763 0.425993 0.562627 0.425090 0.563304 0.425090 0.571429 0.424188 0.572106 0.424188 0.580230 0.425090 0.580907 0.425090 0.582938 0.425993 0.583615 0.425993 0.584970 0.428700 0.587001 0.429603 0.587001 0.430505 0.587678 0.432310 0.587678 0.433213 0.588355 0.436823 0.588355 0.437726 0.589032 0.444946 0.589032 0.445848 0.588355 0.447653 0.588355 0.447653 0.585647 0.448556 0.584970 0.446751 0.583615 0.446751 0.582938 0.445848 0.582261 0.445848 0.581584 0.444946 0.580907 0.444946 0.576845 0.445848 0.576168 0.445848 0.566689 0.444946 0.566012 0.444946 0.558565 0.444043 0.557888 0.444043 0.551117 0.443141 0.550440 0.443141 0.541638 0.444043 0.540961 0.444043 0.511171 0.443141 0.510494 0.443141 0.507786 0.444043 0.507109 0.444043 0.506432 0.448556 0.503047 0.448556 0.496953 0.447653 0.496276 0.447653 0.493568 0.446751 0.492891 0.446751 0.490183 0.445848 0.489506 0.445848 0.487475 0.444946 0.486798 0.444946 0.485443 0.444043 0.484766 0.444043 0.482735 0.443141 0.482058 0.443141 0.480704 0.442238 0.480027 0.442238 0.477319 0.441336 0.476642 0.441336 0.474611 0.440433 0.473934 0.441336 0.473257 0.441336 0.471903 0.443141 0.470548 0.444946 0.470548 0.445848 0.469871 0.450361 0.469871 0.451264 0.469194 0.453069 0.469194 0.453971 0.468517 0.454874 0.468517 0.455776 0.467840 0.456679 0.467840 0.457581 0.467163 0.458484 0.467163 0.461191 0.465132 0.461191 0.464455 0.462094 0.463778 0.462094 0.459716 0.460289 0.458362 0.458484 0.458362 0.457581 0.457684 0.455776 0.457684 0.454874 0.457007 0.453069 0.457007 0.452166 0.456330 0.450361 0.456330 0.449458 0.455653 0.447653 0.455653 0.446751 0.454976 0.444043 0.454976 0.443141 0.454299 0.441336 0.454299 0.439531 0.452945 0.437726 0.452945 0.436823 0.452268 0.435921 0.452268 0.435018 0.451591 0.434116 0.451591 0.433213 0.450914 0.432310 0.450914 0.431408 0.450237 0.431408 0.449560 0.430505 0.448883 0.430505 0.434665 0.429603 0.433988 0.429603 0.432634 0.428700 0.431957 0.428700 0.431280 0.426895 0.429926 0.426895 0.429248 0.425090 0.427894 0.424188 0.427894 0.422383 0.426540 0.420578 0.426540 0.419675 0.425863
0 0.748195 0.412322 0.747292 0.412999 0.743682 0.412999 0.742780 0.413676 0.740072 0.413676 0.739170 0.414353 0.738267 0.414353 0.737365 0.415030 0.736462 0.415030 0.735560 0.415708 0.733755 0.415708 0.729242 0.419093 0.729242 0.419770 0.728339 0.420447 0.728339 0.425863 0.727437 0.426540 0.727437 0.431957 0.728339 0.432634 0.728339 0.436019 0.729242 0.436696 0.729242 0.438050 0.730144 0.438727 0.730144 0.441435 0.731047 0.442112 0.731047 0.442789 0.731949 0.443466 0.731949 0.444821 0.733755 0.446175 0.733755 0.446852 0.735560 0.448206 0.735560 0.448883 0.736462 0.449560 0.736462 0.452268 0.735560 0.452945 0.735560 0.453622 0.733755 0.454976 0.732852 0.454976 0.731949 0.455653 0.731047 0.455653 0.729242 0.457007 0.728339 0.457007 0.727437 0.457684 0.722924 0.457684 0.722022 0.458362 0.721119 0.458362 0.720217 0.459039 0.719314 0.459039 0.718412 0.459716 0.714801 0.459716 0.713899 0.460393 0.712094 0.460393 0.711191 0.461070 0.710289 0.461070 0.709386 0.461747 0.708484 0.461747 0.707581 0.462424 0.706679 0.462424 0.705776 0.463101 0.705776 0.464455 0.704874 0.465132 0.704874 0.465809 0.703971 0.466486 0.703971 0.467163 0.701264 0.469194 0.700361 0.469194 0.699458 0.469871 0.699458 0.470548 0.698556 0.471225 0.698556 0.474611 0.699458 0.475288 0.702166 0.475288 0.703069 0.475965 0.704874 0.475965 0.705776 0.476642 0.706679 0.476642 0.712094 0.480704 0.712996 0.480704 0.713899 0.481381 0.714801 0.481381 0.715704 0.482058 0.716606 0.482058 0.719314 0.484089 0.719314 0.484766 0.720217 0.485443 0.720217 0.486798 0.721119 0.487475 0.721119 0.501693 0.720217 0.502370 0.720217 0.511848 0.721119 0.512525 0.721119 0.515911 0.722022 0.516588 0.722022 0.519973 0.722924 0.520650 0.722924 0.522004 0.724729 0.523358 0.724729 0.524712 0.725632 0.525389 0.725632 0.527420 0.726534 0.528097 0.726534 0.536222 0.727437 0.536899 0.727437 0.538253 0.728339 0.538930 0.728339 0.543670 0.729242 0.544347 0.729242 0.549086 0.730144 0.549763 0.730144 0.556534 0.731047 0.557211 0.731047 0.563304 0.731949 0.563981 0.731949 0.568043 0.732852 0.568720 0.732852 0.570074 0.733755 0.570752 0.733755 0.572106 0.734657 0.572783 0.734657 0.573460 0.735560 0.574137 0.735560 0.574814 0.736462 0.575491 0.736462 0.576845 0.737365 0.577522 0.737365 0.590386 0.738267 0.591063 0.738267 0.596479 0.739170 0.597156 0.739170 0.599865 0.740072 0.600542 0.740072 0.602573 0.740975 0.603250 0.740975 0.605281 0.741877 0.605958 0.741877 0.609343 0.737365 0.612729 0.736462 0.612729 0.734657 0.614083 0.733755 0.614083 0.731949 0.615437 0.731047 0.615437 0.727437 0.618145 0.726534 0.618145 0.724729 0.619499 0.725632 0.620176 0.725632 0.622884 0.726534 0.623561 0.729242 0.623561 0.730144 0.624238 0.743682 0.624238 0.744585 0.623561 0.746390 0.623561 0.747292 0.622884 0.748195 0.622884 0.749097 0.622207 0.752708 0.622207 0.753610 0.622884 0.765343 0.622884 0.767148 0.621530 0.768051 0.621530 0.768051 0.620853 0.768953 0.620176 0.768953 0.618822 0.769856 0.618145 0.769856 0.616791 0.770758 0.616114 0.770758 0.613406 0.771661 0.612729 0.771661 0.594448 0.770758 0.593771 0.770758 0.589709 0.769856 0.589032 0.769856 0.584970 0.768953 0.584292 0.768953 0.579553 0.768051 0.578876 0.768051 0.574814 0.767148 0.574137 0.767148 0.571429 0.766245 0.570752 0.766245 0.568043 0.765343 0.567366 0.765343 0.564658 0.764440 0.563981 0.764440 0.562627 0.763538 0.561950 0.763538 0.559242 0.762635 0.558565 0.762635 0.555856 0.761733 0.555179 0.761733 0.552471 0.760830 0.551794 0.760830 0.549086 0.759928 0.548409 0.759928 0.543670 0.759025 0.542993 0.759025 0.534191 0.758123 0.533514 0.758123 0.532837 0.759025 0.532160 0.759025 0.528775 0.759928 0.528097 0.759928 0.526743 0.760830 0.526066 0.760830 0.525389 0.761733 0.524712 0.761733 0.523358 0.762635 0.522681 0.762635 0.517942 0.763538 0.517265 0.763538 0.509140 0.762635 0.508463 0.762635 0.503724 0.761733 0.503047 0.761733 0.498984 0.760830 0.498307 0.760830 0.495599 0.759928 0.494922 0.759928 0.494245 0.760830 0.493568 0.760830 0.491537 0.761733 0.490860 0.761733 0.490183 0.762635 0.489506 0.762635 0.487475 0.763538 0.486798 0.763538 0.485443 0.764440 0.484766 0.764440 0.483412 0.765343 0.482735 0.765343 0.480704 0.766245 0.480027 0.766245 0.478673 0.767148 0.477996 0.767148 0.476642 0.768051 0.475965 0.768051 0.474611 0.768953 0.473934 0.768953 0.471903 0.769856 0.471225 0.769856 0.469194 0.770758 0.468517 0.770758 0.467840 0.771661 0.467163 0.771661 0.466486 0.772563 0.465809 0.772563 0.464455 0.773466 0.463778 0.773466 0.462424 0.774368 0.461747 0.774368 0.460393 0.775271 0.459716 0.775271 0.455653 0.774368 0.454976 0.774368 0.452268 0.773466 0.451591 0.773466 0.450914 0.772563 0.450237 0.772563 0.448883 0.771661 0.448206 0.771661 0.446852 0.770758 0.446175 0.770758 0.444821 0.769856 0.444144 0.769856 0.442112 0.768953 0.441435 0.768953 0.440758 0.768051 0.440081 0.768051 0.439404 0.767148 0.438727 0.767148 0.437373 0.766245 0.436696 0.766245 0.429926 0.767148 0.429248 0.767148 0.427894 0.766245 0.427217 0.766245 0.422478 0.765343 0.421801 0.765343 0.419770 0.764440 0.419093 0.764440 0.418416 0.763538 0.417739 0.763538 0.417062 0.759928 0.414353 0.759025 0.414353 0.758123 0.413676 0.756318 0.413676 0.755415 0.412999 0.752708 0.412999 0.751805 0.412322
0 0.321300 0.442112 0.320397 0.442789 0.319495 0.442789 0.319495 0.443466 0.318592 0.444144 0.318592 0.445498 0.319495 0.446175 0.323105 0.446175 0.324007 0.445498 0.327617 0.445498 0.327617 0.442789 0.326715 0.442789 0.325812 0.442112
0 0.230144 0.368991 0.230144 0.371022 0.231047 0.371699 0.231047 0.373053 0.231949 0.373731 0.231949 0.374408 0.232852 0.375085 0.232852 0.376439 0.236462 0.379147 0.236462 0.379824 0.237365 0.380501 0.238267 0.380501 0.239170 0.381178 0.239170 0.381855 0.240072 0.382532 0.240072 0.383209 0.240975 0.383886 0.240975 0.388626 0.240072 0.389303 0.240072 0.391334 0.239170 0.392011 0.239170 0.393365 0.238267 0.394042 0.238267 0.394719 0.237365 0.395396 0.237365 0.396750 0.236462 0.397427 0.236462 0.398781 0.233755 0.400812 0.231949 0.400812 0.231047 0.401490 0.230144 0.401490 0.229242 0.400812 0.222022 0.400812 0.221119 0.401490 0.220217 0.401490 0.218412 0.402844 0.216606 0.402844 0.214801 0.404198 0.213899 0.404198 0.213899 0.404875 0.212094 0.406229 0.212094 0.406906 0.211191 0.407583 0.210289 0.407583 0.210289 0.408260 0.209386 0.408937 0.209386 0.410291 0.208484 0.410968 0.208484 0.420447 0.209386 0.421124 0.209386 0.424509 0.208484 0.425186 0.209386 0.425863 0.209386 0.427217 0.210289 0.427894 0.210289 0.429248 0.209386 0.429926 0.209386 0.431957 0.208484 0.432634 0.208484 0.436019 0.207581 0.436696 0.207581 0.446175 0.206679 0.446852 0.206679 0.447529 0.205776 0.448206 0.205776 0.448883 0.204874 0.449560 0.204874 0.450237 0.203971 0.450914 0.203971 0.451591 0.203069 0.452268 0.203069 0.453622 0.202166 0.454299 0.202166 0.461070 0.203069 0.461747 0.203069 0.463778 0.203971 0.464455 0.203971 0.465132 0.204874 0.465809 0.204874 0.468517 0.205776 0.469194 0.205776 0.472580 0.206679 0.473257 0.206679 0.475965 0.207581 0.476642 0.207581 0.480704 0.208484 0.481381 0.208484 0.484089 0.209386 0.484766 0.209386 0.486798 0.210289 0.487475 0.210289 0.488829 0.211191 0.489506 0.211191 0.503724 0.210289 0.504401 0.210289 0.507786 0.209386 0.508463 0.209386 0.511171 0.208484 0.511848 0.208484 0.513879 0.207581 0.514557 0.207581 0.518619 0.211191 0.521327 0.211191 0.522004 0.212094 0.522681 0.212094 0.525389 0.212996 0.526066 0.212996 0.527420 0.213899 0.528097 0.213899 0.530129 0.214801 0.530806 0.214801 0.532160 0.215704 0.532837 0.215704 0.534191 0.216606 0.534868 0.216606 0.535545 0.217509 0.536222 0.217509 0.536899 0.218412 0.537576 0.218412 0.538253 0.219314 0.538930 0.219314 0.540284 0.220217 0.540961 0.220217 0.546378 0.221119 0.547055 0.221119 0.555856 0.222022 0.556534 0.222022 0.566689 0.221119 0.567366 0.221119 0.569397 0.220217 0.570074 0.220217 0.572106 0.219314 0.572783 0.219314 0.576845 0.218412 0.577522 0.218412 0.584292 0.217509 0.584970 0.217509 0.594448 0.216606 0.595125 0.216606 0.597156 0.215704 0.597833 0.215704 0.601219 0.216606 0.601896 0.216606 0.623561 0.215704 0.624238 0.215704 0.628301 0.216606 0.628978 0.216606 0.629655 0.217509 0.630332 0.222924 0.630332 0.223827 0.631009 0.227437 0.631009 0.228339 0.630332 0.231047 0.630332 0.231949 0.631009 0.250000 0.631009 0.250903 0.630332 0.256318 0.630332 0.257220 0.629655 0.259025 0.629655 0.259928 0.628978 0.260830 0.628978 0.262635 0.627624 0.263538 0.627624 0.264440 0.626947 0.265343 0.626947 0.265343 0.622884 0.264440 0.622207 0.263538 0.622207 0.259928 0.619499 0.259025 0.619499 0.258123 0.618822 0.256318 0.618822 0.255415 0.618145 0.253610 0.618145 0.252708 0.617468 0.251805 0.617468 0.249097 0.615437 0.248195 0.615437 0.246390 0.614083 0.246390 0.613406 0.245487 0.612729 0.245487 0.611374 0.244585 0.610697 0.244585 0.609343 0.243682 0.608666 0.243682 0.601896 0.244585 0.601219 0.244585 0.597833 0.245487 0.597156 0.245487 0.595802 0.246390 0.595125 0.246390 0.594448 0.247292 0.593771 0.247292 0.592417 0.248195 0.591740 0.248195 0.590386 0.249097 0.589709 0.249097 0.589032 0.250000 0.588355 0.250000 0.587001 0.250903 0.586324 0.250903 0.584970 0.251805 0.584292 0.251805 0.582261 0.252708 0.581584 0.252708 0.578876 0.253610 0.578199 0.253610 0.574814 0.254513 0.574137 0.254513 0.570752 0.255415 0.570074 0.255415 0.566012 0.256318 0.565335 0.256318 0.559242 0.257220 0.558565 0.257220 0.534191 0.258123 0.533514 0.258123 0.519973 0.259025 0.519296 0.259025 0.507786 0.258123 0.507109 0.258123 0.501693 0.257220 0.501016 0.257220 0.495599 0.256318 0.494922 0.256318 0.491537 0.255415 0.490860 0.255415 0.487475 0.254513 0.486798 0.254513 0.475965 0.255415 0.475288 0.255415 0.474611 0.256318 0.473934 0.257220 0.473934 0.258123 0.473257 0.261733 0.473257 0.262635 0.472580 0.263538 0.472580 0.264440 0.471903 0.265343 0.471903 0.266245 0.471225 0.271661 0.471225 0.272563 0.470548 0.273466 0.470548 0.273466 0.467840 0.272563 0.467163 0.272563 0.465809 0.271661 0.465132 0.271661 0.464455 0.270758 0.464455 0.269856 0.463778 0.269856 0.463101 0.270758 0.462424 0.274368 0.462424 0.275271 0.461747 0.277076 0.461747 0.277978 0.461070 0.278881 0.461070 0.279783 0.460393 0.280686 0.460393 0.282491 0.459039 0.287004 0.459039 0.287906 0.459716 0.291516 0.459716 0.292419 0.460393 0.300542 0.460393 0.301444 0.459716 0.303249 0.459716 0.304152 0.459039 0.304152 0.457684 0.305054 0.457007 0.305054 0.450237 0.305957 0.449560 0.305957 0.448206 0.305054 0.447529 0.305054 0.444821 0.300542 0.441435 0.295126 0.441435 0.294224 0.442112 0.290614 0.442112 0.289711 0.441435 0.268953 0.441435 0.268051 0.442112 0.265343 0.442112 0.264440 0.442789 0.255415 0.442789 0.254513 0.443466 0.250903 0.443466 0.250000 0.444144 0.246390 0.444144 0.243682 0.442112 0.244585 0.441435 0.244585 0.438050 0.245487 0.437373 0.245487 0.436019 0.246390 0.435342 0.246390 0.425863 0.247292 0.425186 0.247292 0.423155 0.248195 0.422478 0.248195 0.420447 0.249097 0.419770 0.249097 0.417739 0.250000 0.417062 0.250000 0.415030 0.250903 0.414353 0.250903 0.412999 0.251805 0.412322 0.251805 0.409614 0.252708 0.408937 0.252708 0.402844 0.253610 0.402167 0.253610 0.400812 0.254513 0.400135 0.254513 0.398781 0.255415 0.398104 0.255415 0.396073 0.256318 0.395396 0.256318 0.394042 0.257220 0.393365 0.256318 0.392688 0.256318 0.390657 0.254513 0.389303 0.253610 0.389303 0.250903 0.387271 0.250903 0.386594 0.250000 0.385917 0.250000 0.381178 0.249097 0.380501 0.249097 0.378470 0.248195 0.377793 0.248195 0.376439 0.246390 0.375085 0.246390 0.374408 0.245487 0.373731 0.245487 0.372376 0.241877 0.369668 0.239170 0.369668 0.238267 0.370345 0.237365 0.370345 0.236462 0.371022 0.234657 0.371022 0.233755 0.371699 0.232852 0.371699 0.231949 0.371022 0.231949 0.370345 0.231047 0.369668 0.231047 0.368991
0 0.567690 0.371022 0.566787 0.371699 0.566787 0.372376 0.565884 0.373053 0.565884 0.377116 0.564982 0.377793 0.564982 0.379824 0.564079 0.380501 0.564079 0.383209 0.563177 0.383886 0.563177 0.395396 0.564079 0.396073 0.564079 0.397427 0.563177 0.398104 0.563177 0.398781 0.562274 0.399458 0.562274 0.408260 0.563177 0.408937 0.563177 0.413676 0.562274 0.414353 0.562274 0.419770 0.561372 0.420447 0.561372 0.421801 0.560469 0.422478 0.559567 0.421801 0.559567 0.421124 0.554152 0.417062 0.553249 0.417062 0.552347 0.416385 0.551444 0.416385 0.550542 0.415708 0.548736 0.415708 0.547834 0.415030 0.545126 0.415030 0.544224 0.414353 0.539711 0.414353 0.538809 0.415030 0.536101 0.415030 0.535199 0.415708 0.534296 0.415708 0.533394 0.416385 0.532491 0.416385 0.531588 0.417062 0.530686 0.417062 0.527076 0.419770 0.526173 0.419770 0.525271 0.420447 0.525271 0.421124 0.524368 0.421801 0.524368 0.423155 0.523466 0.423832 0.523466 0.424509 0.522563 0.425186 0.522563 0.425863 0.520758 0.427217 0.520758 0.427894 0.519856 0.428571 0.519856 0.430603 0.518953 0.431280 0.518953 0.433311 0.518051 0.433988 0.518051 0.440081 0.518953 0.440758 0.518953 0.441435 0.519856 0.441435 0.520758 0.440758 0.521661 0.440758 0.523466 0.442112 0.523466 0.443466 0.522563 0.444144 0.522563 0.444821 0.521661 0.445498 0.521661 0.446175 0.518953 0.448206 0.518953 0.451591 0.521661 0.451591 0.522563 0.452268 0.522563 0.452945 0.521661 0.453622 0.517148 0.453622 0.516245 0.454299 0.515343 0.454299 0.514440 0.454976 0.513538 0.454976 0.512635 0.455653 0.511733 0.455653 0.509928 0.457007 0.509025 0.457007 0.507220 0.458362 0.506318 0.458362 0.501805 0.461747 0.501805 0.462424 0.500903 0.463101 0.500903 0.463778 0.500000 0.464455 0.500000 0.465809 0.499097 0.466486 0.499097 0.474611 0.500000 0.475288 0.500000 0.476642 0.500903 0.477319 0.500903 0.477996 0.501805 0.478673 0.501805 0.479350 0.503610 0.480704 0.503610 0.481381 0.505415 0.482735 0.506318 0.482735 0.507220 0.483412 0.508123 0.483412 0.509025 0.484089 0.509025 0.484766 0.511733 0.486798 0.511733 0.488152 0.512635 0.488829 0.512635 0.495599 0.511733 0.496276 0.511733 0.509817 0.510830 0.510494 0.510830 0.514557 0.511733 0.515234 0.511733 0.515911 0.510830 0.516588 0.510830 0.528775 0.509928 0.529452 0.509928 0.536222 0.510830 0.536899 0.510830 0.543670 0.511733 0.544347 0.511733 0.548409 0.510830 0.549086 0.510830 0.551794 0.511733 0.552471 0.511733 0.559242 0.512635 0.559919 0.512635 0.563304 0.513538 0.563981 0.513538 0.568043 0.514440 0.568720 0.514440 0.572783 0.515343 0.573460 0.515343 0.579553 0.516245 0.580230 0.516245 0.587001 0.517148 0.587678 0.517148 0.615437 0.516245 0.616114 0.516245 0.630332 0.515343 0.631009 0.515343 0.633040 0.510830 0.636425 0.509928 0.636425 0.509025 0.637102 0.508123 0.637102 0.506318 0.638456 0.505415 0.638456 0.502708 0.640487 0.502708 0.643873 0.504513 0.645227 0.505415 0.645227 0.506318 0.645904 0.508123 0.645904 0.509025 0.646581 0.511733 0.646581 0.512635 0.647258 0.514440 0.647258 0.515343 0.647935 0.519856 0.647935 0.520758 0.648612 0.532491 0.648612 0.535199 0.646581 0.535199 0.645904 0.536101 0.645227 0.536101 0.643196 0.537004 0.642519 0.537004 0.641842 0.537906 0.641165 0.537906 0.639810 0.538809 0.639133 0.538809 0.638456 0.539711 0.637779 0.539711 0.635748 0.540614 0.635071 0.540614 0.631686 0.541516 0.631009 0.541516 0.619499 0.540614 0.618822 0.540614 0.605281 0.539711 0.604604 0.539711 0.590386 0.540614 0.589709 0.540614 0.587001 0.541516 0.586324 0.541516 0.578199 0.542419 0.577522 0.542419 0.572783 0.543321 0.572106 0.543321 0.571429 0.544224 0.570752 0.544224 0.570074 0.546029 0.568720 0.547834 0.570074 0.547834 0.572106 0.548736 0.572783 0.548736 0.576168 0.549639 0.576845 0.549639 0.580907 0.550542 0.581584 0.550542 0.585647 0.551444 0.586324 0.551444 0.589032 0.552347 0.589709 0.552347 0.590386 0.553249 0.591063 0.553249 0.596479 0.554152 0.597156 0.554152 0.616114 0.555054 0.616791 0.555054 0.620853 0.555957 0.621530 0.555957 0.625592 0.556859 0.626269 0.556859 0.640487 0.558664 0.641842 0.558664 0.642519 0.563177 0.645904 0.564982 0.645904 0.565884 0.646581 0.574007 0.646581 0.574910 0.645904 0.575812 0.645904 0.576715 0.645227 0.577617 0.645227 0.578520 0.644550 0.578520 0.643873 0.579422 0.643196 0.579422 0.642519 0.580325 0.641842 0.580325 0.641165 0.581227 0.640487 0.581227 0.612051 0.580325 0.611374 0.580325 0.608666 0.579422 0.607989 0.579422 0.603927 0.578520 0.603250 0.578520 0.599188 0.577617 0.598510 0.577617 0.594448 0.576715 0.593771 0.576715 0.591740 0.575812 0.591063 0.575812 0.588355 0.574910 0.587678 0.574910 0.575491 0.575812 0.574814 0.575812 0.570752 0.576715 0.570074 0.576715 0.563304 0.577617 0.562627 0.577617 0.545024 0.578520 0.544347 0.578520 0.537576 0.577617 0.536899 0.577617 0.532837 0.578520 0.532160 0.578520 0.531483 0.579422 0.530806 0.579422 0.529452 0.580325 0.528775 0.580325 0.524712 0.579422 0.524035 0.579422 0.520650 0.578520 0.519973 0.578520 0.517265 0.577617 0.516588 0.577617 0.513879 0.576715 0.513202 0.576715 0.511171 0.575812 0.510494 0.575812 0.508463 0.574910 0.507786 0.574910 0.505078 0.574007 0.504401 0.574007 0.496953 0.573105 0.496276 0.573105 0.492214 0.574007 0.491537 0.574007 0.475965 0.574910 0.475288 0.574910 0.470548 0.575812 0.469871 0.575812 0.467840 0.576715 0.467163 0.576715 0.465809 0.577617 0.465132 0.577617 0.463778 0.578520 0.463101 0.578520 0.459039 0.579422 0.458362 0.579422 0.454299 0.580325 0.453622 0.580325 0.441435 0.579422 0.440758 0.579422 0.438050 0.578520 0.437373 0.578520 0.435342 0.577617 0.434665 0.577617 0.410291 0.576715 0.409614 0.576715 0.404198 0.575812 0.403521 0.575812 0.401490 0.574910 0.400812 0.574910 0.399458 0.574007 0.398781 0.574007 0.392011 0.574910 0.391334 0.574910 0.387271 0.575812 0.386594 0.574910 0.385917 0.574910 0.383209 0.574007 0.382532 0.574007 0.381855 0.572202 0.380501 0.572202 0.379824 0.570397 0.378470 0.570397 0.377793 0.568592 0.376439 0.568592 0.372376 0.567690 0.371699
0 0.615523 0.471225 0.614621 0.471903 0.613718 0.471903 0.612816 0.472580 0.610108 0.472580 0.609206 0.473257 0.607401 0.473257 0.606498 0.472580 0.605596 0.472580 0.604693 0.473257 0.602888 0.473257 0.601986 0.473934 0.601986 0.475288 0.601083 0.475965 0.601083 0.481381 0.600181 0.482058 0.600181 0.482735 0.598375 0.484089 0.598375 0.485443 0.597473 0.486121 0.597473 0.488829 0.598375 0.489506 0.598375 0.490183 0.601083 0.492214 0.601083 0.498984 0.600181 0.499661 0.600181 0.506432 0.599278 0.507109 0.599278 0.511848 0.598375 0.512525 0.598375 0.530129 0.599278 0.530806 0.599278 0.534868 0.598375 0.535545 0.598375 0.539607 0.599278 0.540284 0.599278 0.551117 0.600181 0.551794 0.600181 0.554502 0.601083 0.555179 0.601083 0.557211 0.601986 0.557888 0.601986 0.559242 0.602888 0.559919 0.602888 0.560596 0.603791 0.561273 0.603791 0.561950 0.604693 0.562627 0.604693 0.563981 0.605596 0.564658 0.605596 0.566012 0.606498 0.566689 0.606498 0.567366 0.607401 0.568043 0.607401 0.569397 0.608303 0.570074 0.608303 0.572106 0.609206 0.572783 0.609206 0.574137 0.610108 0.574814 0.610108 0.576168 0.611011 0.576845 0.611011 0.578199 0.611913 0.578876 0.611913 0.583615 0.611011 0.584292 0.611011 0.584970 0.606498 0.588355 0.605596 0.588355 0.601083 0.591740 0.602888 0.593094 0.603791 0.593094 0.604693 0.593771 0.607401 0.593771 0.608303 0.594448 0.611913 0.594448 0.612816 0.595125 0.626354 0.595125 0.627256 0.594448 0.628159 0.594448 0.629061 0.593771 0.629964 0.593771 0.631769 0.592417 0.632671 0.592417 0.633574 0.591740 0.634477 0.591740 0.635379 0.591063 0.636282 0.591063 0.637184 0.590386 0.638087 0.590386 0.638989 0.589709 0.639892 0.589709 0.639892 0.589032 0.640794 0.588355 0.640794 0.568720 0.639892 0.568043 0.639892 0.555179 0.638989 0.554502 0.638989 0.551794 0.638087 0.551117 0.638087 0.545024 0.637184 0.544347 0.637184 0.540284 0.636282 0.539607 0.636282 0.537576 0.635379 0.536899 0.635379 0.535545 0.634477 0.534868 0.634477 0.532837 0.633574 0.532160 0.633574 0.518619 0.634477 0.517942 0.634477 0.507786 0.635379 0.507109 0.635379 0.501693 0.636282 0.501016 0.636282 0.495599 0.637184 0.494922 0.637184 0.489506 0.638087 0.488829 0.638087 0.485443 0.638989 0.484766 0.638989 0.482735 0.639892 0.482058 0.639892 0.477319 0.638989 0.476642 0.638087 0.476642 0.637184 0.475965 0.636282 0.475965 0.635379 0.475288 0.634477 0.475288 0.633574 0.474611 0.632671 0.474611 0.631769 0.473934 0.630866 0.473934 0.629964 0.473257 0.628159 0.473257 0.627256 0.472580 0.618231 0.472580 0.617329 0.471903 0.616426 0.471903
0 0.587545 0.416385 0.586643 0.417062 0.584838 0.417062 0.583935 0.417739 0.583935 0.424509 0.584838 0.425186 0.584838 0.427217 0.585740 0.427894 0.585740 0.429248 0.586643 0.429926 0.586643 0.432634 0.587545 0.433311 0.587545 0.436019 0.588448 0.436696 0.588448 0.439404 0.589350 0.440081 0.589350 0.442112 0.590253 0.442789 0.590253 0.444144 0.591155 0.444821 0.591155 0.446852 0.592058 0.447529 0.592058 0.450237 0.592960 0.450914 0.592960 0.453622 0.593863 0.454299 0.596570 0.454299 0.597473 0.454976 0.600181 0.454976 0.601083 0.454299 0.605596 0.454299 0.606498 0.453622 0.607401 0.453622 0.609206 0.452268 0.610108 0.452268 0.611011 0.451591 0.611011 0.450914 0.611913 0.450237 0.612816 0.450914 0.612816 0.452268 0.613718 0.452945 0.613718 0.453622 0.615523 0.454976 0.629964 0.454976 0.630866 0.454299 0.632671 0.454299 0.633574 0.453622 0.636282 0.453622 0.637184 0.452945 0.639892 0.452945 0.640794 0.452268 0.641697 0.452268 0.644404 0.450237 0.644404 0.443466 0.643502 0.442789 0.643502 0.442112 0.642599 0.441435 0.642599 0.440758 0.640794 0.439404 0.640794 0.438727 0.639892 0.438727 0.636282 0.436019 0.634477 0.436019 0.633574 0.435342 0.624549 0.435342 0.623646 0.436019 0.622744 0.436019 0.621841 0.436696 0.620939 0.436696 0.615523 0.440758 0.615523 0.441435 0.614621 0.442112 0.614621 0.444144 0.613718 0.444821 0.613718 0.446852 0.612816 0.447529 0.612816 0.448206 0.611913 0.448883 0.609206 0.448883 0.608303 0.448206 0.608303 0.447529 0.607401 0.446852 0.607401 0.446175 0.606498 0.445498 0.606498 0.444821 0.605596 0.444144 0.605596 0.443466 0.603791 0.442112 0.603791 0.441435 0.602888 0.440758 0.602888 0.440081 0.601083 0.438727 0.601083 0.438050 0.600181 0.437373 0.600181 0.436696 0.599278 0.436019 0.599278 0.434665 0.597473 0.433311 0.597473 0.432634 0.596570 0.431957 0.596570 0.431280 0.595668 0.430603 0.595668 0.429926 0.594765 0.429248 0.594765 0.428571 0.592960 0.427217 0.592960 0.425863 0.592058 0.425186 0.592058 0.420447 0.591155 0.419770 0.591155 0.418416 0.590253 0.417739 0.590253 0.417062 0.589350 0.417062 0.588448 0.416385
0 0.674188 0.598510 0.675090 0.599188 0.675993 0.598510
0 0.701264 0.475288 0.700361 0.475965 0.699458 0.475965 0.698556 0.476642 0.697653 0.476642 0.695848 0.477996 0.695848 0.481381 0.694946 0.482058 0.694946 0.486798 0.694043 0.487475 0.694043 0.491537 0.693141 0.492214 0.693141 0.497630 0.692238 0.498307 0.692238 0.498984 0.693141 0.499661 0.693141 0.504401 0.692238 0.505078 0.692238 0.522681 0.691336 0.523358 0.691336 0.528775 0.690433 0.529452 0.690433 0.531483 0.689531 0.532160 0.689531 0.534191 0.688628 0.534868 0.688628 0.536899 0.689531 0.537576 0.689531 0.543670 0.690433 0.544347 0.690433 0.550440 0.691336 0.551117 0.691336 0.556534 0.692238 0.557211 0.692238 0.560596 0.693141 0.561273 0.693141 0.563981 0.694043 0.564658 0.694043 0.567366 0.694946 0.568043 0.694946 0.570074 0.695848 0.570752 0.695848 0.572783 0.696751 0.573460 0.696751 0.574814 0.697653 0.575491 0.697653 0.577522 0.698556 0.578199 0.698556 0.580907 0.699458 0.581584 0.699458 0.583615 0.700361 0.584292 0.700361 0.585647 0.701264 0.586324 0.701264 0.589032 0.702166 0.589709 0.702166 0.592417 0.703069 0.593094 0.703069 0.594448 0.703971 0.595125 0.703971 0.598510 0.704874 0.599188 0.704874 0.601896 0.705776 0.602573 0.705776 0.603927 0.706679 0.603927 0.707581 0.604604 0.710289 0.604604 0.711191 0.605281 0.713899 0.605281 0.714801 0.605958 0.716606 0.605958 0.717509 0.606635 0.723827 0.606635 0.725632 0.605281 0.725632 0.574137 0.724729 0.573460 0.724729 0.566012 0.723827 0.565335 0.723827 0.560596 0.722924 0.559919 0.722924 0.557211 0.722022 0.556534 0.722022 0.551117 0.721119 0.550440 0.721119 0.520650 0.720217 0.519973 0.720217 0.513879 0.719314 0.513202 0.719314 0.503047 0.720217 0.502370 0.720217 0.496276 0.721119 0.495599 0.721119 0.489506 0.720217 0.488829 0.720217 0.485443 0.719314 0.484766 0.719314 0.483412 0.715704 0.480704 0.713899 0.480704 0.712996 0.480027 0.712094 0.480027 0.710289 0.478673 0.710289 0.477996 0.709386 0.477319 0.709386 0.476642 0.708484 0.476642 0.706679 0.475288
0 0.730144 0.385917 0.727437 0.387949 0.727437 0.388626 0.726534 0.389303 0.726534 0.390657 0.725632 0.391334 0.725632 0.394042 0.724729 0.394719 0.724729 0.397427 0.725632 0.398104 0.725632 0.404198 0.726534 0.404875 0.726534 0.409614 0.727437 0.410291 0.727437 0.415708 0.725632 0.417062 0.723827 0.417062 0.722924 0.416385 0.722022 0.416385 0.720217 0.415030 0.719314 0.415030 0.718412 0.414353 0.717509 0.414353 0.716606 0.413676 0.701264 0.413676 0.700361 0.414353 0.699458 0.414353 0.699458 0.423832 0.700361 0.424509 0.700361 0.427894 0.701264 0.428571 0.701264 0.435342 0.702166 0.436019 0.702166 0.440081 0.703069 0.440758 0.703069 0.445498 0.703971 0.446175 0.703971 0.454976 0.704874 0.455653 0.704874 0.457684 0.703971 0.458362 0.703971 0.460393 0.704874 0.461070 0.704874 0.461747 0.705776 0.462424 0.707581 0.462424 0.708484 0.461747 0.709386 0.461747 0.710289 0.461070 0.711191 0.461070 0.712094 0.460393 0.714801 0.460393 0.715704 0.459716 0.721119 0.459716 0.722022 0.459039 0.723827 0.459039 0.725632 0.457684 0.726534 0.457684 0.727437 0.457007 0.728339 0.457007 0.729242 0.456330 0.729242 0.455653 0.730144 0.454976 0.730144 0.453622 0.731047 0.452945 0.731047 0.452268 0.730144 0.451591 0.730144 0.449560 0.729242 0.448883 0.729242 0.444821 0.728339 0.444144 0.728339 0.440758 0.727437 0.440081 0.727437 0.438050 0.726534 0.437373 0.726534 0.436696 0.725632 0.436019 0.725632 0.427217 0.726534 0.426540 0.726534 0.417739 0.727437 0.417062 0.730144 0.417062 0.731949 0.415708 0.732852 0.415708 0.733755 0.415030 0.734657 0.415030 0.735560 0.414353 0.735560 0.413676 0.737365 0.412322 0.737365 0.409614 0.736462 0.408937 0.736462 0.408260 0.735560 0.407583 0.735560 0.404198 0.734657 0.403521 0.734657 0.396073 0.735560 0.395396 0.735560 0.393365 0.734657 0.392688 0.734657 0.390657 0.733755 0.389980 0.733755 0.389303 0.731047 0.387271 0.731047 0.386594
1 0.746390 0.412322 0.745487 0.412999 0.742780 0.412999 0.741877 0.413676 0.740072 0.413676 0.739170 0.414353 0.738267 0.414353 0.736462 0.415708 0.735560 0.415708 0.734657 0.416385 0.733755 0.416385 0.729242 0.419770 0.729242 0.420447 0.728339 0.421124 0.728339 0.428571 0.730144 0.429926 0.731949 0.429926 0.732852 0.430603 0.735560 0.430603 0.736462 0.431280 0.738267 0.431280 0.739170 0.431957 0.740975 0.431957 0.741877 0.432634 0.753610 0.432634 0.754513 0.431957 0.759928 0.431957 0.760830 0.431280 0.765343 0.431280 0.767148 0.429926 0.767148 0.424509 0.766245 0.423832 0.766245 0.421124 0.765343 0.420447 0.765343 0.419093 0.764440 0.418416 0.764440 0.417739 0.762635 0.416385 0.762635 0.415708 0.760830 0.414353 0.759928 0.414353 0.759025 0.413676 0.758123 0.413676 0.757220 0.412999 0.754513 0.412999 0.753610 0.412322
1 0.304152 0.415030 0.301444 0.417062 0.301444 0.417739 0.300542 0.418416 0.300542 0.421124 0.299639 0.421801 0.299639 0.429248 0.300542 0.429926 0.300542 0.430603 0.302347 0.430603 0.303249 0.431280 0.305054 0.429926 0.305957 0.429926 0.306859 0.429248 0.308664 0.429248 0.309567 0.428571 0.315884 0.428571 0.316787 0.427894 0.321300 0.427894 0.322202 0.428571 0.324910 0.428571 0.325812 0.427894 0.325812 0.425186 0.324910 0.424509 0.324910 0.423832 0.324007 0.423155 0.324007 0.421801 0.321300 0.419770 0.321300 0.419093 0.317690 0.416385 0.316787 0.416385 0.315884 0.415708 0.314982 0.415708 0.314079 0.415030
1 0.208484 0.422478 0.206679 0.423832 0.206679 0.425863 0.205776 0.426540 0.205776 0.432634 0.207581 0.433988 0.210289 0.433988 0.211191 0.433311 0.212996 0.433311 0.213899 0.432634 0.214801 0.432634 0.215704 0.431957 0.215704 0.427217 0.214801 0.426540 0.214801 0.424509 0.212996 0.423155 0.212094 0.423155 0.211191 0.422478
1 0.417870 0.425186 0.416968 0.425863 0.415162 0.425863 0.415162 0.426540 0.414260 0.427217 0.414260 0.430603 0.413357 0.431280 0.413357 0.431957 0.414260 0.432634 0.414260 0.436019 0.424188 0.436019 0.425090 0.436696 0.425993 0.436696 0.427798 0.438050 0.429603 0.438050 0.429603 0.437373 0.430505 0.436696 0.430505 0.433988 0.429603 0.433311 0.429603 0.431957 0.428700 0.431280 0.428700 0.430603 0.426895 0.429248 0.426895 0.428571 0.425090 0.427217 0.424188 0.427217 0.423285 0.426540 0.422383 0.426540 0.421480 0.425863 0.419675 0.425863 0.418773 0.425186
1 0.667870 0.409614 0.666968 0.410291 0.664260 0.410291 0.663357 0.410968 0.662455 0.410968 0.660650 0.412322 0.659747 0.412322 0.655235 0.415708 0.655235 0.416385 0.653430 0.417739 0.653430 0.419093 0.651625 0.420447 0.651625 0.421124 0.650722 0.421801 0.650722 0.425863 0.652527 0.427217 0.652527 0.427894 0.654332 0.429248 0.655235 0.429248 0.656137 0.429926 0.657942 0.429926 0.658845 0.430603 0.659747 0.430603 0.661552 0.431957 0.662455 0.431957 0.663357 0.432634 0.664260 0.432634 0.665162 0.433311 0.676895 0.433311 0.677798 0.433988 0.684116 0.433988 0.685018 0.433311 0.688628 0.433311 0.691336 0.431280 0.691336 0.429248 0.692238 0.428571 0.692238 0.419770 0.691336 0.419093 0.691336 0.417739 0.690433 0.417062 0.690433 0.416385 0.689531 0.415708 0.689531 0.415030 0.687726 0.413676 0.686823 0.413676 0.682310 0.410291 0.680505 0.410291 0.679603 0.409614
1 0.222924 0.400135 0.222022 0.400812 0.219314 0.400812 0.218412 0.401490 0.216606 0.401490 0.208484 0.407583 0.208484 0.408937 0.207581 0.409614 0.207581 0.410968 0.206679 0.411645 0.206679 0.419093 0.207581 0.419770 0.207581 0.424509 0.206679 0.425186 0.206679 0.431957 0.207581 0.432634 0.211191 0.432634 0.212094 0.431957 0.212996 0.431957 0.213899 0.431280 0.213899 0.429926 0.214801 0.429248 0.214801 0.426540 0.213899 0.425863 0.213899 0.424509 0.217509 0.421801 0.219314 0.421801 0.220217 0.421124 0.221119 0.421124 0.222022 0.420447 0.223827 0.420447 0.224729 0.419770 0.225632 0.419770 0.228339 0.417739 0.228339 0.417062 0.229242 0.416385 0.230144 0.416385 0.231047 0.415708 0.231047 0.415030 0.231949 0.414353 0.231949 0.413676 0.232852 0.412999 0.232852 0.412322 0.233755 0.411645 0.233755 0.404875 0.234657 0.404198 0.233755 0.403521 0.233755 0.400812 0.232852 0.400812 0.231949 0.400135
1 0.622744 0.435342 0.620939 0.436696 0.620036 0.436696 0.616426 0.439404 0.616426 0.440081 0.615523 0.440758 0.615523 0.442112 0.614621 0.442789 0.614621 0.444821 0.613718 0.445498 0.614621 0.446175 0.614621 0.446852 0.629061 0.446852 0.629964 0.447529 0.630866 0.447529 0.632671 0.448883 0.633574 0.448883 0.634477 0.449560 0.637184 0.449560 0.638087 0.450237 0.643502 0.450237 0.643502 0.449560 0.644404 0.448883 0.644404 0.442789 0.643502 0.442112 0.643502 0.441435 0.640794 0.439404 0.640794 0.438727 0.639892 0.438727 0.636282 0.436019 0.635379 0.436019 0.634477 0.435342
1 0.536101 0.414353 0.535199 0.415030 0.534296 0.415030 0.533394 0.415708 0.532491 0.415708 0.530686 0.417062 0.529783 0.417062 0.527978 0.418416 0.527978 0.419093 0.527076 0.419770 0.526173 0.419770 0.525271 0.420447 0.525271 0.421124 0.524368 0.421801 0.524368 0.423155 0.523466 0.423832 0.523466 0.424509 0.522563 0.425186 0.522563 0.425863 0.521661 0.426540 0.521661 0.427894 0.520758 0.428571 0.520758 0.429248 0.519856 0.429926 0.519856 0.431280 0.518953 0.431957 0.518953 0.432634 0.518051 0.433311 0.518051 0.433988 0.517148 0.434665 0.517148 0.436019 0.519856 0.438050 0.521661 0.438050 0.522563 0.438727 0.524368 0.438727 0.525271 0.439404 0.527076 0.439404 0.527978 0.440081 0.530686 0.440081 0.531588 0.439404 0.535199 0.439404 0.536101 0.440081 0.537004 0.439404 0.557762 0.439404 0.558664 0.438727 0.559567 0.438727 0.560469 0.438050 0.560469 0.437373 0.561372 0.436696 0.561372 0.429248 0.560469 0.428571 0.560469 0.423155 0.559567 0.422478 0.559567 0.421124 0.554152 0.417062 0.553249 0.417062 0.552347 0.416385 0.551444 0.416385 0.550542 0.415708 0.549639 0.415708 0.548736 0.415030 0.546029 0.415030 0.545126 0.414353
1 0.359206 0.404198 0.358303 0.404875 0.356498 0.404875 0.355596 0.405552 0.354693 0.405552 0.353791 0.406229 0.352888 0.406229 0.349278 0.408937 0.349278 0.409614 0.347473 0.410968 0.347473 0.411645 0.346570 0.412322 0.346570 0.412999 0.345668 0.413676 0.345668 0.414353 0.344765 0.415030 0.344765 0.417739 0.343863 0.418416 0.343863 0.423832 0.342960 0.424509 0.343863 0.425186 0.343863 0.425863 0.344765 0.426540 0.344765 0.427217 0.345668 0.427217 0.348375 0.429248 0.351986 0.429248 0.352888 0.428571 0.362816 0.428571 0.363718 0.429248 0.368231 0.429248 0.369134 0.429926 0.385379 0.429926 0.387184 0.428571 0.387184 0.427217 0.386282 0.426540 0.386282 0.421801 0.385379 0.421124 0.385379 0.417739 0.384477 0.417062 0.384477 0.415030 0.383574 0.414353 0.383574 0.412999 0.382671 0.412322 0.382671 0.411645 0.379964 0.409614 0.379964 0.408937 0.377256 0.406906 0.376354 0.406906 0.375451 0.406229 0.374549 0.406229 0.373646 0.405552 0.372744 0.405552 0.371841 0.404875 0.370939 0.404875 0.370036 0.404198
1 0.703971 0.413676 0.703069 0.414353 0.699458 0.414353 0.699458 0.417062 0.698556 0.417739 0.698556 0.418416 0.699458 0.419093 0.699458 0.424509 0.700361 0.425186 0.700361 0.426540 0.701264 0.427217 0.701264 0.427894 0.703069 0.429248 0.711191 0.429248 0.712094 0.429926 0.723827 0.429926 0.724729 0.429248 0.725632 0.429248 0.726534 0.428571 0.726534 0.421124 0.725632 0.420447 0.725632 0.417739 0.723827 0.416385 0.722924 0.416385 0.721119 0.415030 0.720217 0.415030 0.719314 0.414353 0.717509 0.414353 0.716606 0.413676
2 0.678700 0.594448 0.677798 0.595125 0.674188 0.595125 0.673285 0.595802 0.672383 0.595802 0.671480 0.596479 0.670578 0.596479 0.669675 0.597156 0.669675 0.597833 0.668773 0.598510 0.668773 0.600542 0.669675 0.601219 0.669675 0.601896 0.670578 0.601896 0.671480 0.602573 0.674188 0.602573 0.675090 0.603250 0.681408 0.603250 0.683213 0.601896 0.683213 0.600542 0.684116 0.599865 0.684116 0.597833 0.683213 0.597156 0.683213 0.596479 0.682310 0.595802 0.682310 0.595125 0.681408 0.594448
2 0.404332 0.635748 0.403430 0.636425 0.400722 0.636425 0.399819 0.637102 0.398014 0.637102 0.397112 0.637779 0.395307 0.637779 0.394404 0.638456 0.390794 0.638456 0.389892 0.639133 0.388989 0.639133 0.388087 0.638456 0.387184 0.638456 0.386282 0.639133 0.386282 0.641165 0.385379 0.641842 0.385379 0.643196 0.384477 0.643873 0.384477 0.645904 0.383574 0.646581 0.383574 0.647935 0.384477 0.648612 0.384477 0.649966 0.385379 0.650643 0.398917 0.650643 0.399819 0.649966 0.401625 0.649966 0.402527 0.649289 0.403430 0.649289 0.404332 0.648612 0.405235 0.648612 0.406137 0.647935 0.407942 0.647935 0.408845 0.647258 0.410650 0.647258 0.411552 0.646581 0.412455 0.646581 0.413357 0.645904 0.414260 0.645904 0.416065 0.644550 0.416065 0.642519 0.415162 0.641842 0.415162 0.640487 0.414260 0.639810 0.413357 0.639810 0.412455 0.639133 0.411552 0.639133 0.410650 0.638456 0.408845 0.638456 0.407040 0.637102 0.406137 0.637102
2 0.625451 0.584970 0.621841 0.587678 0.621841 0.589709 0.620939 0.590386 0.620939 0.593094 0.620036 0.593771 0.620036 0.595125 0.620939 0.595125 0.621841 0.595802 0.627256 0.595802 0.628159 0.595125 0.630866 0.595125 0.632671 0.593771 0.632671 0.593094 0.633574 0.592417 0.633574 0.591063 0.632671 0.590386 0.632671 0.589709 0.631769 0.589032 0.631769 0.588355 0.630866 0.587678 0.630866 0.587001 0.629964 0.586324 0.629964 0.585647 0.629061 0.584970
2 0.212094 0.606635 0.212094 0.607312 0.211191 0.607989 0.211191 0.612051 0.212996 0.613406 0.216606 0.613406 0.216606 0.607989 0.214801 0.606635
2 0.632671 0.585647 0.631769 0.586324 0.631769 0.587001 0.630866 0.587678 0.630866 0.589032 0.629964 0.589709 0.629964 0.593094 0.629061 0.593771 0.629061 0.594448 0.628159 0.595125 0.630866 0.595125 0.631769 0.595802 0.638087 0.595802 0.638989 0.596479 0.640794 0.596479 0.641697 0.595802 0.642599 0.595802 0.642599 0.595125 0.643502 0.594448 0.643502 0.591063 0.642599 0.590386 0.642599 0.589032 0.641697 0.588355 0.641697 0.587678 0.640794 0.587001 0.640794 0.586324 0.635379 0.586324 0.634477 0.585647
2 0.632671 0.581584 0.631769 0.582261 0.631769 0.582938 0.630866 0.583615 0.630866 0.588355 0.631769 0.589032 0.631769 0.590386 0.632671 0.591063 0.632671 0.591740 0.633574 0.592417 0.635379 0.592417 0.636282 0.593094 0.637184 0.593094 0.638087 0.592417 0.640794 0.592417 0.640794 0.591740 0.641697 0.591063 0.641697 0.583615 0.640794 0.582938 0.640794 0.582261 0.639892 0.581584
2 0.334838 0.585647 0.333935 0.586324 0.333032 0.586324 0.332130 0.587001 0.331227 0.587001 0.330325 0.587678 0.328520 0.587678 0.326715 0.589032 0.325812 0.589032 0.324910 0.589709 0.324007 0.589709 0.323105 0.590386 0.321300 0.590386 0.320397 0.591063 0.318592 0.591063 0.317690 0.591740 0.317690 0.595125 0.318592 0.595802 0.319495 0.595802 0.320397 0.596479 0.321300 0.596479 0.322202 0.597156 0.332130 0.597156 0.333032 0.596479 0.334838 0.596479 0.334838 0.595802 0.335740 0.595125 0.335740 0.593094 0.336643 0.592417 0.336643 0.587678 0.335740 0.587001 0.335740 0.586324
2 0.248195 0.613406 0.247292 0.614083 0.245487 0.614083 0.243682 0.615437 0.243682 0.617468 0.242780 0.618145 0.242780 0.619499 0.244585 0.619499 0.245487 0.620176 0.248195 0.620176 0.249097 0.620853 0.255415 0.620853 0.257220 0.622207 0.259025 0.622207 0.259928 0.622884 0.260830 0.622884 0.261733 0.623561 0.262635 0.622884 0.265343 0.622884 0.265343 0.619499 0.262635 0.617468 0.261733 0.617468 0.260830 0.616791 0.259025 0.616791 0.258123 0.616114 0.257220 0.616114 0.256318 0.615437 0.255415 0.615437 0.253610 0.614083 0.252708 0.614083 0.251805 0.613406
2 0.740072 0.612051 0.739170 0.612729 0.738267 0.612729 0.737365 0.613406 0.736462 0.613406 0.735560 0.614083 0.734657 0.614083 0.733755 0.614760 0.732852 0.614760 0.731949 0.615437 0.731047 0.615437 0.728339 0.617468 0.727437 0.617468 0.724729 0.619499 0.723827 0.619499 0.723827 0.621530 0.724729 0.622207 0.724729 0.622884 0.726534 0.624238 0.729242 0.624238 0.730144 0.624915 0.742780 0.624915 0.743682 0.625592 0.746390 0.625592 0.747292 0.624915 0.748195 0.624915 0.749097 0.625592 0.762635 0.625592 0.763538 0.624915 0.766245 0.624915 0.767148 0.624238 0.768953 0.624238 0.768953 0.623561 0.769856 0.622884 0.769856 0.618822 0.768051 0.617468 0.767148 0.618145 0.764440 0.618145 0.763538 0.618822 0.753610 0.618822 0.752708 0.618145 0.751805 0.618145 0.745487 0.613406 0.745487 0.612729 0.744585 0.612051
2 0.612816 0.583615 0.609206 0.586324 0.608303 0.586324 0.606498 0.587678 0.605596 0.587678 0.601986 0.590386 0.601083 0.590386 0.600181 0.591063 0.600181 0.592417 0.601986 0.593771 0.602888 0.593771 0.603791 0.594448 0.605596 0.594448 0.606498 0.595125 0.621841 0.595125 0.622744 0.595802 0.623646 0.595125 0.627256 0.595125 0.629964 0.593094 0.629964 0.592417 0.630866 0.591740 0.630866 0.591063 0.629964 0.590386 0.629964 0.588355 0.629061 0.587678 0.629061 0.587001 0.627256 0.585647 0.620939 0.585647 0.620036 0.584970 0.617329 0.584970 0.616426 0.584292 0.613718 0.584292
2 0.212996 0.608666 0.212996 0.610020 0.213899 0.609343
2 0.244585 0.602573 0.244585 0.603250 0.243682 0.603927 0.243682 0.604604 0.242780 0.605281 0.242780 0.608666 0.243682 0.609343 0.243682 0.610697 0.244585 0.611374 0.244585 0.612051 0.250000 0.616114 0.253610 0.616114 0.250903 0.614083 0.250903 0.612051 0.253610 0.610020 0.254513 0.610020 0.255415 0.609343 0.257220 0.609343 0.258123 0.608666 0.259025 0.608666 0.260830 0.607312 0.260830 0.606635 0.261733 0.605958 0.261733 0.605281 0.260830 0.604604 0.259025 0.604604 0.258123 0.603927 0.249097 0.603927 0.248195 0.603250 0.245487 0.603250
2 0.767148 0.617468 0.766245 0.618145 0.764440 0.618145 0.763538 0.618822 0.750000 0.618822 0.749097 0.619499 0.750000 0.620176 0.750000 0.620853 0.750903 0.621530 0.750903 0.622207 0.752708 0.623561 0.752708 0.624238 0.753610 0.624915 0.755415 0.624915 0.756318 0.625592 0.763538 0.625592 0.764440 0.624915 0.768051 0.624915 0.769856 0.623561 0.769856 0.622884 0.770758 0.622207 0.770758 0.619499 0.769856 0.618822 0.769856 0.618145 0.768953 0.617468
2 0.708484 0.595125 0.707581 0.595802 0.705776 0.595802 0.705776 0.596479 0.704874 0.597156 0.704874 0.597833 0.703971 0.598510 0.703971 0.601896 0.704874 0.602573 0.704874 0.603927 0.705776 0.604604 0.705776 0.605281 0.706679 0.605958 0.712094 0.605958 0.712996 0.606635 0.714801 0.606635 0.715704 0.607312 0.718412 0.607312 0.719314 0.607989 0.724729 0.607989 0.725632 0.607312 0.726534 0.607312 0.727437 0.606635 0.727437 0.603250 0.726534 0.602573 0.726534 0.600542 0.725632 0.599865 0.725632 0.598510 0.723827 0.597156 0.722022 0.597156 0.721119 0.597833 0.720217 0.597833 0.719314 0.597156 0.717509 0.597156 0.716606 0.596479 0.715704 0.596479 0.714801 0.595802 0.712094 0.595802 0.711191 0.595125
2 0.579422 0.637102 0.578520 0.637779 0.576715 0.637779 0.575812 0.638456 0.574910 0.638456 0.574007 0.639133 0.573105 0.639133 0.572202 0.639810 0.569495 0.639810 0.568592 0.640487 0.566787 0.640487 0.565884 0.641165 0.562274 0.641165 0.561372 0.640487 0.559567 0.640487 0.559567 0.641842 0.558664 0.642519 0.558664 0.643196 0.563177 0.646581 0.564079 0.646581 0.564982 0.647258 0.574910 0.647258 0.576715 0.645904 0.577617 0.645904 0.580325 0.643873 0.580325 0.642519 0.581227 0.641842 0.581227 0.637102
2 0.243682 0.617468 0.242780 0.618145 0.241877 0.618145 0.240975 0.618822 0.240072 0.618822 0.238267 0.620176 0.237365 0.620176 0.235560 0.621530 0.233755 0.621530 0.232852 0.622207 0.231047 0.622207 0.230144 0.622884 0.228339 0.622884 0.227437 0.623561 0.226534 0.623561 0.225632 0.624238 0.223827 0.624238 0.222924 0.624915 0.221119 0.624915 0.220217 0.625592 0.219314 0.625592 0.218412 0.624915 0.216606 0.624915 0.215704 0.625592 0.215704 0.626269 0.214801 0.626947 0.214801 0.628301 0.215704 0.628978 0.215704 0.630332 0.216606 0.631009 0.219314 0.631009 0.220217 0.631686 0.224729 0.631686 0.225632 0.631009 0.232852 0.631009 0.233755 0.631686 0.248195 0.631686 0.249097 0.631009 0.254513 0.631009 0.255415 0.630332 0.258123 0.630332 0.259025 0.629655 0.261733 0.629655 0.262635 0.628978 0.263538 0.628978 0.266245 0.626947 0.266245 0.624238 0.265343 0.623561 0.265343 0.622884 0.264440 0.622207 0.263538 0.622207 0.262635 0.621530 0.261733 0.621530 0.260830 0.620853 0.259928 0.620853 0.258123 0.619499 0.256318 0.619499 0.255415 0.618822 0.250000 0.618822 0.249097 0.618145 0.248195 0.618145 0.247292 0.617468
2 0.436823 0.579553 0.435921 0.580230 0.434116 0.580230 0.433213 0.580907 0.432310 0.580907 0.430505 0.582261 0.429603 0.582261 0.427798 0.583615 0.426895 0.583615 0.426895 0.584292 0.425993 0.584970 0.429603 0.587678 0.430505 0.587678 0.431408 0.588355 0.434116 0.588355 0.435018 0.589032 0.438628 0.589032 0.439531 0.589709 0.444043 0.589709 0.444946 0.589032 0.447653 0.589032 0.448556 0.588355 0.449458 0.588355 0.449458 0.586324 0.448556 0.585647 0.448556 0.584292 0.445848 0.582261 0.445848 0.581584 0.443141 0.579553
2 0.293321 0.589709 0.292419 0.590386 0.289711 0.590386 0.288809 0.591063 0.288809 0.591740 0.287906 0.592417 0.287906 0.593094 0.287004 0.593771 0.287004 0.599188 0.289711 0.601219 0.291516 0.601219 0.292419 0.601896 0.302347 0.601896 0.303249 0.601219 0.305054 0.601219 0.306859 0.599865 0.306859 0.595802 0.305957 0.595125 0.305957 0.593771 0.305054 0.593094 0.305054 0.592417 0.304152 0.591740 0.304152 0.591063 0.303249 0.590386 0.298736 0.590386 0.297834 0.589709
2 0.408845 0.581584 0.407942 0.582261 0.404332 0.582261 0.404332 0.589032 0.405235 0.589709 0.406137 0.589709 0.407040 0.590386 0.407942 0.590386 0.407942 0.589709 0.409747 0.588355 0.409747 0.583615 0.410650 0.582938 0.410650 0.581584
2 0.687726 0.620176 0.686823 0.620853 0.685018 0.620853 0.682310 0.622884 0.682310 0.623561 0.681408 0.624238 0.681408 0.625592 0.680505 0.626269 0.683213 0.628301 0.684116 0.628301 0.685018 0.628978 0.685921 0.628978 0.686823 0.629655 0.687726 0.629655 0.688628 0.630332 0.689531 0.630332 0.690433 0.631009 0.691336 0.631009 0.692238 0.631686 0.694043 0.631686 0.694946 0.632363 0.695848 0.632363 0.696751 0.633040 0.703971 0.633040 0.705776 0.631686 0.705776 0.630332 0.706679 0.629655 0.705776 0.628978 0.705776 0.628301 0.703971 0.626947 0.698556 0.626947 0.696751 0.625592 0.695848 0.625592 0.688628 0.620176
2 0.642599 0.626269 0.641697 0.626947 0.638989 0.626947 0.638087 0.627624 0.635379 0.627624 0.634477 0.628301 0.632671 0.628301 0.631769 0.628978 0.629061 0.628978 0.628159 0.629655 0.622744 0.629655 0.621841 0.630332 0.621841 0.631009 0.620939 0.631686 0.620939 0.634394 0.624549 0.637102 0.625451 0.637102 0.626354 0.637779 0.629061 0.637779 0.629964 0.638456 0.647112 0.638456 0.648014 0.639133 0.662455 0.639133 0.663357 0.638456 0.664260 0.638456 0.664260 0.637779 0.665162 0.637102 0.665162 0.632363 0.664260 0.631686 0.657040 0.631686 0.656137 0.631009 0.654332 0.631009 0.653430 0.630332 0.651625 0.630332 0.650722 0.629655 0.649819 0.629655 0.646209 0.626947 0.645307 0.626947 0.644404 0.626269
2 0.500903 0.582261 0.497292 0.584970 0.497292 0.587678 0.498195 0.588355 0.500903 0.588355 0.501805 0.589032 0.509928 0.589032 0.510830 0.588355 0.514440 0.588355 0.514440 0.584292 0.513538 0.584292 0.512635 0.583615 0.510830 0.583615 0.509928 0.582938 0.507220 0.582938 0.506318 0.582261
2 0.510830 0.636425 0.509928 0.637102 0.508123 0.637102 0.507220 0.637779 0.506318 0.637779 0.505415 0.638456 0.504513 0.638456 0.501805 0.640487 0.501805 0.644550 0.502708 0.645227 0.503610 0.645227 0.504513 0.645904 0.505415 0.645904 0.506318 0.646581 0.507220 0.646581 0.508123 0.647258 0.512635 0.647258 0.513538 0.647935 0.516245 0.647935 0.517148 0.648612 0.523466 0.648612 0.524368 0.649289 0.530686 0.649289 0.531588 0.648612 0.534296 0.648612 0.535199 0.647935 0.535199 0.643196 0.534296 0.642519 0.533394 0.642519 0.532491 0.641842 0.529783 0.641842 0.528881 0.641165 0.527978 0.641165 0.527076 0.640487 0.526173 0.640487 0.525271 0.639810 0.524368 0.639810 0.523466 0.639133 0.522563 0.639133 0.521661 0.638456 0.519856 0.638456 0.518953 0.637779 0.518051 0.637779 0.516245 0.636425
2 0.544224 0.582261 0.542419 0.583615 0.542419 0.587678 0.543321 0.588355 0.545126 0.588355 0.546029 0.589032 0.548736 0.589032 0.549639 0.589709 0.550542 0.589709 0.551444 0.589032 0.552347 0.589032 0.553249 0.588355 0.552347 0.587678 0.552347 0.584970 0.551444 0.584292 0.551444 0.583615 0.549639 0.582261
2 0.334838 0.636425 0.334838 0.637102 0.333935 0.637779 0.333935 0.638456 0.332130 0.639810 0.332130 0.640487 0.331227 0.641165 0.331227 0.641842 0.330325 0.642519 0.330325 0.647258 0.331227 0.647935 0.331227 0.648612 0.332130 0.649289 0.333032 0.649289 0.333935 0.649966 0.336643 0.649966 0.337545 0.650643 0.343863 0.650643 0.344765 0.649966 0.345668 0.649966 0.346570 0.649289 0.347473 0.649289 0.348375 0.648612 0.349278 0.648612 0.350181 0.647935 0.350181 0.647258 0.351083 0.646581 0.351083 0.645904 0.351986 0.645227 0.351986 0.640487 0.351083 0.639810 0.351083 0.639133 0.350181 0.638456 0.348375 0.638456 0.347473 0.637779 0.345668 0.637779 0.344765 0.637102 0.342058 0.637102 0.341155 0.636425