0 0.000000 0.371216 0.000000 0.441317 0.001149 0.441317 0.002299 0.440786 0.005747 0.440786 0.011494 0.438131 0.014943 0.438131 0.019540 0.440255 0.019540 0.440786 0.021839 0.441848 0.022989 0.441848 0.024138 0.442379 0.025287 0.442379 0.026437 0.442910 0.032184 0.442910 0.033333 0.442379 0.034483 0.442379 0.036782 0.441317 0.036782 0.440786 0.037931 0.440255 0.037931 0.439193 0.039080 0.438662 0.039080 0.438131 0.040230 0.437600 0.040230 0.437069 0.041379 0.436537 0.041379 0.436006 0.042529 0.435475 0.042529 0.434944 0.047126 0.432820 0.047126 0.432289 0.049425 0.431227 0.049425 0.430696 0.050575 0.430165 0.050575 0.429102 0.051724 0.428571 0.051724 0.425916 0.052874 0.425385 0.052874 0.423792 0.051724 0.423261 0.051724 0.409984 0.050575 0.409453 0.050575 0.405736 0.049425 0.405204 0.049425 0.402018 0.048276 0.401487 0.048276 0.398832 0.047126 0.398301 0.047126 0.396707 0.045977 0.396176 0.045977 0.395645 0.043678 0.394583 0.043678 0.394052 0.042529 0.393521 0.041379 0.393521 0.040230 0.392990 0.037931 0.392990 0.036782 0.392459 0.033333 0.392459 0.032184 0.391928 0.027586 0.391928 0.026437 0.391397 0.024138 0.391397 0.021839 0.390335 0.021839 0.389804 0.020690 0.389272 0.020690 0.385555 0.021839 0.385024 0.021839 0.383962 0.022989 0.383431 0.022989 0.380244 0.018391 0.378120 0.017241 0.378120 0.016092 0.377589 0.016092 0.377058 0.008046 0.373340 0.008046 0.372809 0.006897 0.372809 0.005747 0.372278 0.004598 0.372278 0.003448 0.371747 0.002299 0.371747 0.001149 0.371216
0 0.111494 0.374934 0.110345 0.375465 0.109195 0.375465 0.106897 0.376527 0.105747 0.376527 0.105747 0.377058 0.100000 0.379713 0.100000 0.381306 0.098851 0.381837 0.098851 0.382900 0.097701 0.383431 0.098851 0.383962 0.098851 0.386617 0.100000 0.387148 0.100000 0.388210 0.101149 0.388741 0.101149 0.392990 0.100000 0.393521 0.100000 0.394052 0.098851 0.394583 0.091954 0.394583 0.090805 0.395114 0.088506 0.395114 0.086207 0.396176 0.085057 0.396176 0.081609 0.397770 0.081609 0.398301 0.080460 0.398832 0.080460 0.399363 0.079310 0.399894 0.079310 0.400956 0.078161 0.401487 0.078161 0.403611 0.077011 0.404142 0.077011 0.411577 0.075862 0.412108 0.075862 0.413170 0.074713 0.413702 0.074713 0.414233 0.073563 0.414764 0.073563 0.415295 0.072414 0.415826 0.072414 0.416357 0.071264 0.416888 0.071264 0.417950 0.070115 0.418481 0.070115 0.422199 0.071264 0.422730 0.071264 0.423792 0.072414 0.424323 0.072414 0.425385 0.073563 0.425916 0.073563 0.426978 0.074713 0.427509 0.074713 0.428571 0.075862 0.429102 0.075862 0.430165 0.077011 0.430696 0.077011 0.432289 0.078161 0.432820 0.078161 0.433882 0.079310 0.434413 0.079310 0.436006 0.080460 0.436537 0.080460 0.438662 0.081609 0.439193 0.081609 0.440786 0.082759 0.441317 0.082759 0.442379 0.086207 0.443972 0.094253 0.443972 0.095402 0.444503 0.098851 0.444503 0.100000 0.443972 0.103448 0.443972 0.104598 0.444503 0.105747 0.444503 0.106897 0.443972 0.112644 0.443972 0.113793 0.444503 0.116092 0.444503 0.117241 0.445035 0.120690 0.445035 0.121839 0.445566 0.122989 0.445566 0.125287 0.446628 0.125287 0.447159 0.126437 0.447690 0.127586 0.447690 0.129885 0.448752 0.136782 0.448752 0.136782 0.448221 0.139080 0.447159 0.140230 0.447159 0.141379 0.446628 0.142529 0.446628 0.143678 0.446097 0.143678 0.439193 0.144828 0.438662 0.144828 0.437069 0.145977 0.436537 0.145977 0.434944 0.147126 0.434413 0.147126 0.426978 0.145977 0.426447 0.145977 0.424854 0.144828 0.424323 0.144828 0.416357 0.145977 0.415826 0.145977 0.413702 0.147126 0.413170 0.147126 0.409984 0.148276 0.409453 0.148276 0.403611 0.147126 0.403080 0.147126 0.402018 0.145977 0.401487 0.145977 0.400956 0.137931 0.397238 0.137931 0.396707 0.136782 0.396176 0.136782 0.390335 0.137931 0.389804 0.137931 0.387679 0.139080 0.387148 0.139080 0.385024 0.140230 0.384493 0.140230 0.382900 0.139080 0.382369 0.139080 0.381306 0.137931 0.380775 0.137931 0.380244 0.135632 0.379182 0.135632 0.378651 0.134483 0.378651 0.129885 0.376527 0.129885 0.375996 0.128736 0.375996 0.127586 0.375465 0.125287 0.375465 0.124138 0.374934
0 0.610345 0.316516 0.609195 0.317047 0.606897 0.317047 0.604598 0.318109 0.603448 0.318109 0.597701 0.320765 0.597701 0.321296 0.596552 0.321827 0.596552 0.322358 0.594253 0.323420 0.594253 0.324482 0.593103 0.325013 0.593103 0.325544 0.590805 0.326606 0.590805 0.327138 0.588506 0.328200 0.588506 0.331386 0.590805 0.331386 0.591954 0.331917 0.593103 0.331917 0.596552 0.333510 0.596552 0.334041 0.597701 0.334572 0.597701 0.341476 0.594253 0.343070 0.593103 0.343070 0.591954 0.343601 0.589655 0.343601 0.588506 0.344132 0.587356 0.344132 0.586207 0.344663 0.583908 0.344663 0.582759 0.345194 0.581609 0.345194 0.579310 0.346256 0.578161 0.346256 0.574713 0.347849 0.573563 0.347849 0.572414 0.348380 0.572414 0.348911 0.568966 0.350505 0.568966 0.351036 0.566667 0.352098 0.566667 0.352629 0.563218 0.354222 0.563218 0.354753 0.562069 0.355284 0.562069 0.355815 0.560920 0.356346 0.560920 0.356877 0.558621 0.357939 0.558621 0.358471 0.557471 0.359002 0.557471 0.359533 0.556322 0.360064 0.556322 0.360595 0.555172 0.361126 0.555172 0.362188 0.554023 0.362719 0.554023 0.363781 0.552874 0.364312 0.552874 0.367499 0.551724 0.368030 0.551724 0.371216 0.552874 0.371747 0.552874 0.373340 0.554023 0.373340 0.556322 0.374403 0.560920 0.374403 0.562069 0.374934 0.567816 0.374934 0.568966 0.375465 0.573563 0.375465 0.573563 0.374403 0.574713 0.373871 0.574713 0.372809 0.575862 0.372278 0.577011 0.372278 0.580460 0.370685 0.581609 0.370685 0.583908 0.369623 0.583908 0.369092 0.585057 0.368561 0.585057 0.366968 0.586207 0.366437 0.586207 0.365374 0.585057 0.364843 0.585057 0.362188 0.586207 0.361657 0.586207 0.361126 0.588506 0.360064 0.589655 0.360064 0.590805 0.359533 0.590805 0.359002 0.593103 0.357939 0.594253 0.357939 0.596552 0.356877 0.603448 0.356877 0.604598 0.357408 0.605747 0.357408 0.610345 0.359533 0.610345 0.360595 0.611494 0.361126 0.611494 0.361657 0.612644 0.362188 0.612644 0.362719 0.613793 0.363250 0.613793 0.364312 0.614943 0.364843 0.614943 0.368030 0.616092 0.368561 0.616092 0.369623 0.617241 0.370154 0.617241 0.370685 0.621839 0.372809 0.621839 0.374934 0.620690 0.375465 0.620690 0.376527 0.619540 0.377058 0.619540 0.377589 0.616092 0.379182 0.614943 0.379182 0.613793 0.379713 0.613793 0.383431 0.619540 0.386086 0.619540 0.386617 0.620690 0.387148 0.620690 0.390866 0.619540 0.391397 0.609195 0.391397 0.608046 0.390866 0.605747 0.390866 0.602299 0.389272 0.601149 0.389272 0.600000 0.388741 0.598851 0.388741 0.587356 0.383431 0.587356 0.382900 0.583908 0.381306 0.582759 0.381306 0.579310 0.379713 0.579310 0.379182 0.574713 0.377058 0.572414 0.377058 0.571264 0.377589 0.571264 0.379713 0.570115 0.380244 0.570115 0.382369 0.568966 0.382900 0.568966 0.385024 0.567816 0.385555 0.567816 0.387679 0.566667 0.388210 0.566667 0.395114 0.565517 0.395645 0.565517 0.399363 0.564368 0.399894 0.564368 0.407329 0.563218 0.407860 0.563218 0.434413 0.564368 0.434944 0.564368 0.444503 0.565517 0.445035 0.565517 0.454063 0.564368 0.454594 0.564368 0.455125 0.556322 0.458842 0.555172 0.458842 0.554023 0.459373 0.552874 0.459373 0.552874 0.459904 0.554023 0.460435 0.555172 0.460435 0.556322 0.460967 0.559770 0.460967 0.560920 0.461498 0.568966 0.461498 0.570115 0.462029 0.574713 0.462029 0.575862 0.461498 0.578161 0.461498 0.579310 0.462029 0.581609 0.462029 0.582759 0.461498 0.583908 0.461498 0.585057 0.460967 0.585057 0.455125 0.586207 0.454594 0.586207 0.449814 0.587356 0.449283 0.587356 0.448221 0.588506 0.447690 0.588506 0.446628 0.589655 0.446097 0.589655 0.441848 0.590805 0.441317 0.590805 0.437069 0.589655 0.436537 0.589655 0.421668 0.590805 0.421136 0.590805 0.419543 0.591954 0.419012 0.591954 0.417950 0.593103 0.417419 0.593103 0.416357 0.595402 0.415295 0.596552 0.415826 0.596552 0.416357 0.597701 0.416888 0.597701 0.419012 0.598851 0.419543 0.598851 0.423261 0.600000 0.423792 0.600000 0.428571 0.601149 0.429102 0.601149 0.435475 0.600000 0.436006 0.600000 0.441317 0.598851 0.441848 0.598851 0.448221 0.600000 0.448752 0.600000 0.462029 0.601149 0.462560 0.601149 0.466808 0.602299 0.467339 0.602299 0.467870 0.603448 0.468401 0.604598 0.468401 0.605747 0.468933 0.606897 0.468933 0.608046 0.468401 0.609195 0.468401 0.612644 0.466808 0.612644 0.463091 0.613793 0.462560 0.613793 0.461498 0.614943 0.460967 0.614943 0.460435 0.616092 0.459904 0.616092 0.459373 0.617241 0.458842 0.617241 0.458311 0.618391 0.457780 0.618391 0.457249 0.619540 0.456718 0.619540 0.450876 0.620690 0.450345 0.620690 0.446628 0.621839 0.446097 0.621839 0.443972 0.622989 0.443441 0.622989 0.440786 0.624138 0.440255 0.624138 0.436006 0.625287 0.435475 0.625287 0.430696 0.624138 0.430165 0.624138 0.428040 0.625287 0.427509 0.625287 0.424323 0.626437 0.423792 0.626437 0.421136 0.627586 0.420605 0.627586 0.416357 0.628736 0.415826 0.628736 0.407860 0.629885 0.407329 0.629885 0.404673 0.631034 0.404142 0.631034 0.402018 0.632184 0.401487 0.632184 0.399363 0.633333 0.398832 0.633333 0.394052 0.634483 0.393521 0.634483 0.389804 0.635632 0.389272 0.635632 0.388741 0.636782 0.388210 0.636782 0.387679 0.641379 0.385555 0.642529 0.385555 0.643678 0.385024 0.648276 0.385024 0.649425 0.384493 0.652874 0.384493 0.656322 0.382900 0.656322 0.382369 0.657471 0.381837 0.657471 0.379182 0.658621 0.378651 0.658621 0.372278 0.657471 0.371747 0.657471 0.369092 0.656322 0.368561 0.656322 0.362188 0.655172 0.361657 0.655172 0.357939 0.654023 0.357408 0.654023 0.355284 0.652874 0.354753 0.652874 0.353160 0.651724 0.352629 0.651724 0.351567 0.650575 0.351036 0.650575 0.350505 0.647126 0.348911 0.647126 0.348380 0.645977 0.348380 0.643678 0.347318 0.642529 0.347318 0.640230 0.346256 0.639080 0.346256 0.631034 0.342539 0.631034 0.341476 0.629885 0.340945 0.629885 0.339352 0.628736 0.338821 0.628736 0.336166 0.629885 0.335635 0.629885 0.334041 0.631034 0.333510 0.631034 0.332979 0.632184 0.332448 0.632184 0.331917 0.633333 0.331386 0.633333 0.326075 0.632184 0.325544 0.632184 0.323951 0.631034 0.323420 0.631034 0.322889 0.629885 0.322358 0.629885 0.321827 0.628736 0.321296 0.628736 0.320765 0.621839 0.317578 0.620690 0.317578 0.619540 0.317047 0.617241 0.317047 0.616092 0.316516
0 0.429885 0.325544 0.428736 0.326075 0.425287 0.326075 0.424138 0.326606 0.422989 0.326606 0.419540 0.328200 0.419540 0.328731 0.417241 0.329793 0.417241 0.330324 0.416092 0.330855 0.416092 0.331917 0.414943 0.332448 0.414943 0.333510 0.413793 0.334041 0.413793 0.335635 0.414943 0.336166 0.414943 0.337228 0.417241 0.338290 0.417241 0.338821 0.418391 0.339352 0.418391 0.339883 0.419540 0.340414 0.419540 0.346256 0.418391 0.346787 0.418391 0.347318 0.416092 0.348380 0.413793 0.348380 0.412644 0.348911 0.410345 0.348911 0.409195 0.349442 0.408046 0.349442 0.406897 0.349973 0.405747 0.349973 0.404598 0.350505 0.403448 0.350505 0.401149 0.351567 0.400000 0.351567 0.400000 0.352098 0.397701 0.353160 0.397701 0.353691 0.396552 0.354222 0.396552 0.354753 0.395402 0.355284 0.395402 0.355815 0.394253 0.356346 0.394253 0.356877 0.393103 0.357408 0.393103 0.358471 0.391954 0.359002 0.391954 0.360064 0.390805 0.360595 0.390805 0.361126 0.389655 0.361657 0.389655 0.362719 0.388506 0.363250 0.388506 0.364843 0.387356 0.365374 0.387356 0.366968 0.386207 0.367499 0.386207 0.370154 0.385057 0.370685 0.385057 0.378651 0.383908 0.379182 0.383908 0.383431 0.385057 0.383962 0.385057 0.390335 0.386207 0.390866 0.386207 0.391928 0.387356 0.392459 0.387356 0.393521 0.389655 0.394583 0.389655 0.395114 0.393103 0.396707 0.393103 0.397238 0.394253 0.397770 0.394253 0.406267 0.393103 0.406798 0.393103 0.424854 0.394253 0.425385 0.394253 0.428571 0.395402 0.429102 0.395402 0.433351 0.396552 0.433882 0.396552 0.436006 0.395402 0.436537 0.395402 0.437600 0.394253 0.438131 0.394253 0.438662 0.393103 0.439193 0.393103 0.439724 0.391954 0.440255 0.391954 0.441848 0.390805 0.442379 0.391954 0.442910 0.397701 0.442910 0.398851 0.443441 0.402299 0.443441 0.403448 0.442910 0.405747 0.442910 0.410345 0.440786 0.410345 0.440255 0.411494 0.439724 0.411494 0.416357 0.412644 0.415826 0.412644 0.413170 0.413793 0.412639 0.413793 0.411046 0.414943 0.410515 0.414943 0.409453 0.416092 0.408922 0.416092 0.407329 0.417241 0.406798 0.417241 0.399894 0.418391 0.399363 0.418391 0.398832 0.421839 0.397238 0.424138 0.397238 0.425287 0.396707 0.431034 0.396707 0.433333 0.397770 0.434483 0.397770 0.435632 0.398301 0.436782 0.397770 0.439080 0.397770 0.440230 0.398301 0.440230 0.398832 0.441379 0.399363 0.441379 0.399894 0.442529 0.400425 0.442529 0.401487 0.441379 0.402018 0.441379 0.402549 0.436782 0.404673 0.431034 0.404673 0.429885 0.405204 0.427586 0.405204 0.425287 0.406267 0.425287 0.407329 0.424138 0.407860 0.424138 0.408922 0.425287 0.409453 0.425287 0.412639 0.426437 0.413170 0.426437 0.417419 0.427586 0.417950 0.427586 0.424323 0.428736 0.424854 0.428736 0.428571 0.427586 0.429102 0.427586 0.438131 0.426437 0.438662 0.426437 0.442910 0.428736 0.443972 0.435632 0.443972 0.436782 0.443441 0.439080 0.443441 0.440230 0.442910 0.440230 0.442379 0.441379 0.441848 0.441379 0.435475 0.442529 0.434944 0.442529 0.432820 0.443678 0.432289 0.443678 0.428040 0.444828 0.427509 0.444828 0.412639 0.445977 0.412108 0.445977 0.408391 0.447126 0.407860 0.447126 0.403611 0.448276 0.403080 0.448276 0.400956 0.449425 0.400425 0.449425 0.399894 0.452874 0.398301 0.452874 0.397770 0.454023 0.397238 0.454023 0.396176 0.455172 0.395645 0.455172 0.394583 0.456322 0.394052 0.456322 0.391928 0.457471 0.391397 0.457471 0.388210 0.458621 0.387679 0.458621 0.385555 0.459770 0.385024 0.459770 0.382369 0.460920 0.381837 0.460920 0.379713 0.462069 0.379182 0.462069 0.377058 0.463218 0.376527 0.463218 0.372278 0.464368 0.371747 0.464368 0.359533 0.463218 0.359002 0.463218 0.357408 0.462069 0.356877 0.462069 0.355815 0.460920 0.355284 0.460920 0.354753 0.456322 0.352629 0.456322 0.352098 0.452874 0.350505 0.451724 0.350505 0.445977 0.347849 0.445977 0.346787 0.444828 0.346256 0.444828 0.343601 0.445977 0.343070 0.445977 0.336697 0.447126 0.336166 0.447126 0.333510 0.445977 0.332979 0.445977 0.331386 0.444828 0.330855 0.444828 0.330324 0.443678 0.329793 0.443678 0.329262 0.442529 0.328731 0.442529 0.328200 0.439080 0.326606 0.437931 0.326606 0.436782 0.326075 0.433333 0.326075 0.432184 0.325544
1 0.000000 0.371216 0.000000 0.385555 0.002299 0.385555 0.003448 0.385024 0.012644 0.385024 0.013793 0.384493 0.016092 0.384493 0.017241 0.383962 0.019540 0.383962 0.020690 0.383431 0.021839 0.383431 0.022989 0.382900 0.022989 0.380775 0.024138 0.380244 0.020690 0.378651 0.019540 0.378651 0.011494 0.374934 0.011494 0.374403 0.006897 0.372278 0.005747 0.372278 0.004598 0.371747 0.002299 0.371747 0.001149 0.371216
1 0.609195 0.316516 0.608046 0.317047 0.606897 0.317047 0.605747 0.317578 0.604598 0.317578 0.596552 0.321296 0.596552 0.321827 0.595402 0.322358 0.595402 0.322889 0.593103 0.323951 0.593103 0.324482 0.591954 0.325013 0.591954 0.326075 0.587356 0.328200 0.587356 0.328731 0.588506 0.329262 0.588506 0.330855 0.595402 0.330855 0.596552 0.331386 0.600000 0.331386 0.601149 0.330855 0.610345 0.330855 0.611494 0.330324 0.620690 0.330324 0.621839 0.330855 0.626437 0.330855 0.627586 0.331386 0.633333 0.331386 0.633333 0.330324 0.634483 0.329793 0.634483 0.327138 0.633333 0.326606 0.633333 0.324482 0.632184 0.323951 0.632184 0.323420 0.631034 0.322889 0.631034 0.322358 0.629885 0.321827 0.629885 0.321296 0.626437 0.319703 0.626437 0.319172 0.625287 0.318640 0.624138 0.318640 0.621839 0.317578 0.620690 0.317578 0.618391 0.316516
1 0.427586 0.325544 0.426437 0.326075 0.425287 0.326075 0.424138 0.326606 0.422989 0.326606 0.418391 0.328731 0.418391 0.329262 0.417241 0.329793 0.417241 0.330324 0.416092 0.330855 0.416092 0.331386 0.414943 0.331917 0.414943 0.332979 0.413793 0.333510 0.413793 0.336697 0.417241 0.338290 0.418391 0.338290 0.419540 0.337759 0.420690 0.337759 0.424138 0.336166 0.425287 0.336166 0.426437 0.335635 0.431034 0.335635 0.432184 0.335104 0.434483 0.335104 0.435632 0.335635 0.440230 0.335635 0.441379 0.336166 0.442529 0.336166 0.443678 0.336697 0.445977 0.336697 0.447126 0.336166 0.447126 0.335635 0.448276 0.335104 0.448276 0.334572 0.447126 0.334041 0.447126 0.331917 0.445977 0.331386 0.445977 0.330324 0.443678 0.329262 0.443678 0.328731 0.442529 0.328200 0.442529 0.327669 0.441379 0.327669 0.437931 0.326075 0.436782 0.326075 0.435632 0.325544
1 0.083908 0.409453 0.082759 0.409984 0.080460 0.409984 0.077011 0.411577 0.077011 0.412108 0.075862 0.412639 0.075862 0.413170 0.073563 0.414233 0.073563 0.416357 0.072414 0.416888 0.072414 0.417950 0.075862 0.419543 0.077011 0.419543 0.078161 0.420074 0.079310 0.420074 0.080460 0.420605 0.081609 0.420605 0.083908 0.421668 0.091954 0.421668 0.093103 0.421136 0.097701 0.421136 0.098851 0.420605 0.101149 0.420605 0.103448 0.419543 0.103448 0.419012 0.104598 0.418481 0.104598 0.417419 0.103448 0.416888 0.103448 0.414764 0.102299 0.414233 0.102299 0.413702 0.096552 0.411046 0.095402 0.411046 0.094253 0.410515 0.093103 0.410515 0.091954 0.409984 0.090805 0.409984 0.089655 0.409453
1 0.113793 0.374403 0.112644 0.374934 0.110345 0.374934 0.108046 0.375996 0.106897 0.375996 0.101149 0.378651 0.101149 0.379182 0.100000 0.379713 0.100000 0.380244 0.098851 0.380775 0.098851 0.382369 0.097701 0.382900 0.097701 0.383962 0.098851 0.384493 0.098851 0.386086 0.100000 0.386617 0.100000 0.387679 0.101149 0.388210 0.101149 0.388741 0.102299 0.389272 0.102299 0.389804 0.103448 0.389804 0.104598 0.390335 0.105747 0.390335 0.105747 0.389804 0.106897 0.389272 0.108046 0.389272 0.109195 0.388741 0.110345 0.388741 0.111494 0.388210 0.112644 0.388210 0.113793 0.387679 0.114943 0.387679 0.116092 0.387148 0.120690 0.387148 0.121839 0.386617 0.124138 0.386617 0.125287 0.386086 0.127586 0.386086 0.128736 0.385555 0.131034 0.385555 0.132184 0.385024 0.137931 0.385024 0.140230 0.383962 0.140230 0.382900 0.139080 0.382369 0.139080 0.381306 0.137931 0.380775 0.137931 0.380244 0.131034 0.377058 0.131034 0.376527 0.128736 0.375465 0.127586 0.375465 0.126437 0.374934 0.124138 0.374934 0.122989 0.374403
2 0.564368 0.447159 0.563218 0.447690 0.563218 0.453532 0.564368 0.454063 0.565517 0.454063 0.566667 0.454594 0.577011 0.454594 0.580460 0.453001 0.581609 0.453001 0.580460 0.453001 0.578161 0.451938 0.577011 0.451938 0.575862 0.451407 0.574713 0.451407 0.573563 0.450876 0.573563 0.450345 0.572414 0.449814 0.572414 0.449283 0.567816 0.447159
2 0.011494 0.434944 0.008046 0.436537 0.003448 0.436537 0.002299 0.437069 0.000000 0.437069 0.000000 0.445566 0.002299 0.445566 0.003448 0.445035 0.006897 0.445035 0.008046 0.444503 0.014943 0.444503 0.014943 0.443972 0.016092 0.443441 0.016092 0.442910 0.017241 0.442379 0.017241 0.440786 0.018391 0.440255 0.018391 0.438131 0.017241 0.437600 0.017241 0.437069 0.014943 0.436006 0.014943 0.435475 0.013793 0.435475 0.012644 0.434944
2 0.000000 0.438662 0.000000 0.447690 0.002299 0.447690 0.003448 0.447159 0.004598 0.447159 0.005747 0.446628 0.006897 0.446628 0.008046 0.446097 0.009195 0.446097 0.010345 0.445566 0.010345 0.444503 0.012644 0.443441 0.012644 0.442379 0.011494 0.442379 0.010345 0.441848 0.010345 0.441317 0.005747 0.439193 0.003448 0.439193 0.002299 0.438662
2 0.028736 0.438131 0.027586 0.438662 0.024138 0.438662 0.022989 0.439193 0.021839 0.439193 0.019540 0.440255 0.019540 0.440786 0.018391 0.441317 0.018391 0.442379 0.017241 0.442910 0.017241 0.447159 0.018391 0.447690 0.018391 0.448221 0.020690 0.449283 0.020690 0.450876 0.021839 0.451407 0.021839 0.453001 0.022989 0.453532 0.024138 0.453532 0.025287 0.454063 0.028736 0.452469 0.028736 0.451938 0.032184 0.450345 0.039080 0.450345 0.040230 0.449814 0.040230 0.449283 0.042529 0.448221 0.042529 0.447690 0.043678 0.447159 0.043678 0.445035 0.041379 0.443972 0.041379 0.443441 0.040230 0.442910 0.040230 0.442379 0.039080 0.441848 0.039080 0.439724 0.036782 0.438662 0.029885 0.438662
2 0.427586 0.437600 0.427586 0.438131 0.426437 0.438662 0.426437 0.441848 0.425287 0.442379 0.426437 0.442910 0.426437 0.443972 0.427586 0.444503 0.439080 0.444503 0.441379 0.443441 0.441379 0.438662 0.439080 0.437600
2 0.080460 0.441317 0.080460 0.441848 0.079310 0.442379 0.079310 0.443441 0.080460 0.443972 0.080460 0.445566 0.081609 0.446097 0.081609 0.446628 0.085057 0.448221 0.086207 0.448221 0.087356 0.448752 0.094253 0.448752 0.095402 0.449283 0.096552 0.448752 0.098851 0.448752 0.100000 0.449283 0.104598 0.449283 0.105747 0.448752 0.109195 0.448752 0.113793 0.446628 0.113793 0.446097 0.111494 0.445035 0.111494 0.444503 0.109195 0.443441 0.109195 0.442379 0.108046 0.442379 0.106897 0.441848 0.086207 0.441848 0.085057 0.441317
2 0.021839 0.437600 0.019540 0.438662 0.019540 0.442379 0.020690 0.442910 0.020690 0.443441 0.021839 0.443972 0.027586 0.443972 0.028736 0.444503 0.035632 0.444503 0.037931 0.443441 0.037931 0.442910 0.039080 0.442379 0.039080 0.438662 0.036782 0.437600
2 0.133333 0.441317 0.132184 0.441848 0.131034 0.441848 0.129885 0.442379 0.128736 0.442379 0.128736 0.442910 0.125287 0.444503 0.125287 0.445035 0.124138 0.445566 0.124138 0.448221 0.122989 0.448752 0.122989 0.449283 0.125287 0.450345 0.125287 0.450876 0.126437 0.451407 0.126437 0.451938 0.127586 0.451938 0.128736 0.452469 0.128736 0.453001 0.129885 0.453532 0.131034 0.453532 0.132184 0.454063 0.143678 0.454063 0.145977 0.453001 0.145977 0.452469 0.147126 0.451938 0.147126 0.449283 0.148276 0.448752 0.148276 0.445566 0.147126 0.445035 0.147126 0.442910 0.145977 0.442379 0.145977 0.441848 0.144828 0.441848 0.143678 0.441317
2 0.990805 0.457780 0.989655 0.458311 0.986207 0.458311 0.985057 0.458842 0.983908 0.458842 0.982759 0.459373 0.981609 0.459373 0.981609 0.459904 0.980460 0.460435 0.980460 0.464153 0.985057 0.466277 0.986207 0.466277 0.988506 0.467339 0.989655 0.467339 0.990805 0.467870 0.993103 0.467870 0.994253 0.467339 0.995402 0.467339 0.997701 0.466277 0.998851 0.466277 0.998851 0.457780
2 0.567816 0.453001 0.563218 0.455125 0.562069 0.455125 0.560920 0.455656 0.557471 0.455656 0.556322 0.456187 0.554023 0.456187 0.552874 0.456718 0.551724 0.456718 0.548276 0.458311 0.548276 0.458842 0.547126 0.459373 0.547126 0.460435 0.548276 0.460967 0.548276 0.461498 0.549425 0.462029 0.549425 0.462560 0.550575 0.462560 0.551724 0.463091 0.564368 0.463091 0.565517 0.463622 0.585057 0.463622 0.585057 0.463091 0.586207 0.462560 0.586207 0.460435 0.587356 0.459904 0.586207 0.459373 0.586207 0.455656 0.585057 0.455125 0.585057 0.454594 0.583908 0.454063 0.579310 0.454063 0.578161 0.453532 0.572414 0.453532 0.571264 0.453001
2 0.396552 0.435475 0.396552 0.436537 0.393103 0.438131 0.393103 0.438662 0.390805 0.439724 0.390805 0.440255 0.389655 0.440786 0.389655 0.441848 0.388506 0.442379 0.389655 0.442910 0.390805 0.442910 0.391954 0.443441 0.397701 0.443441 0.398851 0.443972 0.401149 0.443972 0.402299 0.443441 0.405747 0.443441 0.406897 0.442910 0.408046 0.442910 0.409195 0.442379 0.409195 0.441848 0.410345 0.441317 0.410345 0.440786 0.411494 0.440255 0.411494 0.437069 0.410345 0.436537 0.410345 0.436006 0.404598 0.436006 0.403448 0.435475
2 0.601149 0.454594 0.601149 0.455656 0.600000 0.456187 0.600000 0.458842 0.598851 0.459373 0.598851 0.463622 0.600000 0.464153 0.600000 0.468401 0.601149 0.468933 0.601149 0.469464 0.602299 0.469995 0.609195 0.469995 0.612644 0.468401 0.612644 0.466808 0.613793 0.466277 0.613793 0.462029 0.614943 0.461498 0.614943 0.459373 0.613793 0.458842 0.613793 0.458311 0.610345 0.456718 0.610345 0.456187 0.609195 0.456187 0.608046 0.455656 0.606897 0.455656 0.605747 0.455125 0.604598 0.455125 0.603448 0.454594