0 0.409453 0.440230 0.408922 0.441379 0.407860 0.441379 0.405736 0.445977 0.405736 0.447126 0.404142 0.450575 0.404142 0.452874 0.403611 0.454023 0.403611 0.455172 0.402549 0.457471 0.402018 0.457471 0.401487 0.458621 0.400425 0.458621 0.397770 0.464368 0.397238 0.464368 0.392990 0.473563 0.392990 0.474713 0.391928 0.477011 0.391928 0.479310 0.391397 0.480460 0.391397 0.486207 0.390866 0.487356 0.391397 0.488506 0.391397 0.493103 0.391928 0.494253 0.391928 0.496552 0.392459 0.497701 0.392459 0.498851 0.392990 0.500000 0.392990 0.501149 0.395114 0.505747 0.395645 0.505747 0.396176 0.506897 0.396707 0.506897 0.397238 0.508046 0.397770 0.508046 0.398301 0.506897 0.398832 0.506897 0.398832 0.505747 0.399894 0.503448 0.399894 0.502299 0.400425 0.501149 0.400425 0.498851 0.400956 0.497701 0.401487 0.497701 0.402018 0.496552 0.403611 0.496552 0.404142 0.495402 0.404673 0.496552 0.406798 0.496552 0.407329 0.497701 0.409984 0.497701 0.410515 0.498851 0.419543 0.498851 0.420074 0.500000 0.422199 0.500000 0.422730 0.498851 0.423792 0.498851 0.424854 0.496552 0.424854 0.489655 0.424323 0.488506 0.424323 0.486207 0.423792 0.485057 0.423792 0.482759 0.423261 0.481609 0.423261 0.478161 0.422730 0.477011 0.422730 0.474713 0.422199 0.473563 0.422199 0.471264 0.421668 0.470115 0.421668 0.468966 0.421136 0.467816 0.421136 0.466667 0.420605 0.465517 0.420605 0.464368 0.420074 0.463218 0.420074 0.460920 0.419543 0.459770 0.419543 0.449425 0.419012 0.448276 0.419012 0.445977 0.418481 0.444828 0.418481 0.443678 0.417950 0.442529 0.417419 0.442529 0.416888 0.441379 0.415826 0.441379 0.415295 0.440230
0 0.351036 0.433333 0.350505 0.434483 0.348911 0.434483 0.345194 0.442529 0.345194 0.443678 0.344663 0.444828 0.344663 0.447126 0.344132 0.448276 0.344132 0.454023 0.344663 0.455172 0.344663 0.456322 0.344132 0.457471 0.344132 0.458621 0.338821 0.470115 0.338290 0.470115 0.338290 0.471264 0.337228 0.473563 0.337228 0.474713 0.335104 0.479310 0.335104 0.480460 0.334572 0.481609 0.334572 0.482759 0.334041 0.483908 0.334041 0.485057 0.333510 0.486207 0.333510 0.487356 0.332979 0.488506 0.332979 0.490805 0.332448 0.491954 0.332448 0.494253 0.331917 0.495402 0.331917 0.497701 0.331386 0.498851 0.331386 0.514943 0.331917 0.516092 0.331917 0.520690 0.332448 0.521839 0.332448 0.524138 0.332979 0.525287 0.332979 0.527586 0.333510 0.528736 0.333510 0.529885 0.334572 0.532184 0.335104 0.532184 0.335635 0.533333 0.336166 0.533333 0.336697 0.534483 0.337228 0.534483 0.338290 0.536782 0.338821 0.536782 0.340414 0.540230 0.340945 0.540230 0.341476 0.541379 0.342539 0.541379 0.343070 0.542529 0.346256 0.542529 0.346787 0.541379 0.347849 0.541379 0.348380 0.540230 0.348911 0.540230 0.349442 0.539080 0.349973 0.539080 0.351567 0.535632 0.351567 0.534483 0.352098 0.533333 0.352629 0.533333 0.353691 0.535632 0.354222 0.535632 0.354753 0.536782 0.355284 0.536782 0.355815 0.537931 0.356877 0.537931 0.357408 0.539080 0.360595 0.539080 0.361126 0.537931 0.361657 0.537931 0.362188 0.536782 0.362188 0.534483 0.361657 0.533333 0.361657 0.532184 0.361126 0.531034 0.361126 0.529885 0.360595 0.528736 0.360595 0.526437 0.360064 0.525287 0.360064 0.522989 0.359533 0.521839 0.359533 0.518391 0.361657 0.513793 0.362188 0.513793 0.362719 0.512644 0.363250 0.512644 0.363781 0.511494 0.363781 0.508046 0.363250 0.506897 0.363250 0.504598 0.362719 0.504598 0.361657 0.502299 0.361657 0.501149 0.360064 0.497701 0.360064 0.496552 0.359533 0.495402 0.359533 0.493103 0.359002 0.491954 0.359002 0.488506 0.358471 0.487356 0.358471 0.483908 0.357939 0.482759 0.357939 0.480460 0.357408 0.479310 0.357408 0.478161 0.356877 0.477011 0.356877 0.474713 0.356346 0.473563 0.356346 0.472414 0.355815 0.471264 0.355815 0.470115 0.355284 0.468966 0.355284 0.465517 0.355815 0.464368 0.355815 0.463218 0.356877 0.460920 0.357408 0.460920 0.358471 0.458621 0.359002 0.458621 0.360064 0.456322 0.360064 0.455172 0.360595 0.454023 0.360595 0.445977 0.359533 0.443678 0.359002 0.443678 0.357939 0.441379 0.357939 0.440230 0.355815 0.435632 0.355284 0.435632 0.354753 0.434483 0.353691 0.434483 0.353160 0.433333
0 0.997876 0.547126 0.995220 0.552874 0.994689 0.552874 0.993096 0.556322 0.993096 0.557471 0.992565 0.558621 0.992565 0.568966 0.993096 0.570115 0.991503 0.573563 0.989910 0.573563 0.989379 0.574713 0.984599 0.574713 0.984068 0.575862 0.975571 0.575862 0.975040 0.577011 0.973447 0.577011 0.972916 0.578161 0.972384 0.578161 0.971853 0.579310 0.971322 0.579310 0.970791 0.580460 0.970260 0.580460 0.969729 0.581609 0.969198 0.581609 0.968667 0.582759 0.968136 0.582759 0.967605 0.583908 0.966543 0.583908 0.965481 0.586207 0.964950 0.586207 0.961232 0.594253 0.961232 0.595402 0.960170 0.597701 0.960170 0.598851 0.959639 0.600000 0.959639 0.601149 0.959108 0.602299 0.959108 0.603448 0.958577 0.604598 0.958577 0.605747 0.958046 0.606897 0.958046 0.608046 0.957515 0.609195 0.957515 0.610345 0.956452 0.612644 0.956452 0.618391 0.956984 0.619540 0.957515 0.619540 0.958046 0.620690 0.958577 0.620690 0.959108 0.621839 0.960170 0.621839 0.960701 0.622989 0.961763 0.622989 0.962294 0.624138 0.965481 0.624138 0.966012 0.625287 0.973978 0.625287 0.974509 0.626437 0.979819 0.626437 0.980351 0.627586 0.984599 0.627586 0.985130 0.628736 0.987254 0.628736 0.987785 0.629885 0.989910 0.629885 0.990441 0.631034 0.994689 0.631034 0.995220 0.632184 0.999469 0.632184 0.999469 0.547126
0 0.044079 0.578161 0.044079 0.579310 0.043548 0.580460 0.043548 0.588506 0.042485 0.590805 0.041954 0.590805 0.041954 0.591954 0.044079 0.591954 0.044610 0.593103 0.046734 0.593103 0.046734 0.591954 0.047265 0.590805 0.047265 0.588506 0.047796 0.587356 0.047796 0.586207 0.048327 0.585057 0.048327 0.582759 0.047796 0.581609 0.047796 0.580460 0.046734 0.578161
0 0.014339 0.511494 0.013808 0.512644 0.012215 0.512644 0.011152 0.514943 0.011152 0.516092 0.010090 0.518391 0.010090 0.519540 0.009559 0.520690 0.009559 0.521839 0.008497 0.524138 0.008497 0.525287 0.007966 0.526437 0.007966 0.528736 0.007435 0.529885 0.007435 0.532184 0.006904 0.533333 0.006904 0.535632 0.006373 0.536782 0.006373 0.542529 0.005842 0.543678 0.005842 0.544828 0.005311 0.545977 0.005311 0.550575 0.004780 0.551724 0.004780 0.556322 0.003186 0.559770 0.003186 0.564368 0.002655 0.565517 0.002655 0.566667 0.001062 0.570115 0.000000 0.570115 0.000000 0.583908 0.001062 0.583908 0.002124 0.586207 0.002124 0.588506 0.002655 0.589655 0.002655 0.590805 0.003186 0.591954 0.003186 0.593103 0.003717 0.594253 0.003717 0.595402 0.004249 0.596552 0.004249 0.598851 0.004780 0.600000 0.004780 0.602299 0.005311 0.603448 0.005311 0.604598 0.005842 0.605747 0.005842 0.614943 0.007435 0.618391 0.007966 0.618391 0.008497 0.619540 0.009028 0.618391 0.010090 0.618391 0.010621 0.617241 0.011683 0.617241 0.013808 0.612644 0.014339 0.612644 0.015401 0.610345 0.015401 0.609195 0.015932 0.608046 0.015932 0.606897 0.016463 0.605747 0.016463 0.604598 0.016994 0.603448 0.016994 0.601149 0.018056 0.598851 0.018587 0.598851 0.019649 0.596552 0.019649 0.595402 0.020181 0.594253 0.020181 0.590805 0.019118 0.588506 0.019118 0.587356 0.018056 0.585057 0.018056 0.583908 0.016994 0.581609 0.016994 0.575862 0.017525 0.574713 0.017525 0.573563 0.016463 0.571264 0.016463 0.567816 0.016994 0.566667 0.016994 0.565517 0.017525 0.564368 0.017525 0.563218 0.016994 0.562069 0.016994 0.552874 0.016463 0.551724 0.016463 0.548276 0.016994 0.547126 0.016994 0.544828 0.016463 0.543678 0.016463 0.524138 0.015932 0.522989 0.015932 0.520690 0.015401 0.519540 0.015401 0.517241 0.015932 0.516092 0.015932 0.513793 0.015401 0.512644 0.015401 0.511494
0 0.033988 0.490805 0.033457 0.491954 0.031864 0.491954 0.031333 0.493103 0.030271 0.493103 0.029740 0.494253 0.029209 0.494253 0.028678 0.495402 0.028147 0.495402 0.027084 0.497701 0.026553 0.497701 0.025491 0.500000 0.025491 0.501149 0.024429 0.503448 0.024429 0.504598 0.023898 0.505747 0.023898 0.506897 0.023367 0.508046 0.023367 0.509195 0.022836 0.510345 0.022836 0.512644 0.022305 0.513793 0.022305 0.516092 0.022836 0.517241 0.022836 0.521839 0.023367 0.522989 0.023367 0.529885 0.023898 0.531034 0.023898 0.564368 0.022836 0.566667 0.021774 0.566667 0.021774 0.571264 0.021243 0.572414 0.021243 0.574713 0.021774 0.575862 0.022305 0.575862 0.022836 0.577011 0.022836 0.578161 0.023367 0.579310 0.023367 0.585057 0.023898 0.586207 0.023898 0.589655 0.023367 0.590805 0.023367 0.594253 0.023898 0.595402 0.023898 0.597701 0.024960 0.600000 0.024960 0.601149 0.025491 0.602299 0.025491 0.605747 0.026553 0.608046 0.027084 0.608046 0.027616 0.609195 0.038237 0.609195 0.038768 0.608046 0.038768 0.606897 0.039299 0.605747 0.038768 0.604598 0.038768 0.603448 0.038237 0.602299 0.038237 0.601149 0.037175 0.598851 0.037175 0.596552 0.036644 0.595402 0.036644 0.593103 0.037175 0.591954 0.036113 0.589655 0.036113 0.588506 0.035582 0.587356 0.035582 0.585057 0.035050 0.583908 0.035050 0.582759 0.034519 0.581609 0.034519 0.578161 0.035050 0.577011 0.036113 0.577011 0.036644 0.575862 0.044079 0.575862 0.044079 0.573563 0.045141 0.571264 0.045141 0.568966 0.045672 0.567816 0.045672 0.566667 0.046734 0.564368 0.046734 0.560920 0.047265 0.559770 0.047265 0.540230 0.046734 0.539080 0.046734 0.524138 0.046203 0.522989 0.046203 0.509195 0.045672 0.508046 0.045672 0.504598 0.045141 0.503448 0.045141 0.501149 0.044079 0.498851 0.044079 0.497701 0.043016 0.495402 0.042485 0.495402 0.041423 0.493103 0.040892 0.493103 0.040361 0.491954 0.038237 0.491954 0.037706 0.490805
0 0.945300 0.282759 0.944769 0.283908 0.942114 0.283908 0.941583 0.285057 0.940520 0.285057 0.939989 0.286207 0.939458 0.286207 0.938927 0.287356 0.938396 0.287356 0.937865 0.288506 0.937334 0.288506 0.935741 0.291954 0.935741 0.293103 0.935210 0.294253 0.935210 0.295402 0.934679 0.296552 0.934679 0.298851 0.934148 0.300000 0.934148 0.301149 0.933617 0.302299 0.933617 0.303448 0.933086 0.304598 0.933086 0.305747 0.932554 0.306897 0.932554 0.309195 0.932023 0.310345 0.932023 0.313793 0.931492 0.314943 0.931492 0.316092 0.930961 0.317241 0.930961 0.319540 0.928837 0.324138 0.928306 0.324138 0.924588 0.332184 0.924588 0.333333 0.924057 0.334483 0.924057 0.335632 0.923526 0.336782 0.923526 0.337931 0.921402 0.342529 0.920871 0.342529 0.920340 0.343678 0.919809 0.343678 0.919278 0.344828 0.918747 0.344828 0.917685 0.347126 0.917153 0.347126 0.916091 0.349425 0.915560 0.349425 0.915029 0.350575 0.914498 0.350575 0.913967 0.351724 0.913436 0.351724 0.912905 0.352874 0.912374 0.352874 0.911843 0.354023 0.911312 0.354023 0.910781 0.355172 0.910250 0.355172 0.909719 0.356322 0.909187 0.356322 0.908656 0.357471 0.908125 0.357471 0.907594 0.358621 0.907063 0.358621 0.906532 0.359770 0.906001 0.359770 0.905470 0.360920 0.904939 0.360920 0.904408 0.362069 0.903877 0.362069 0.903346 0.363218 0.902815 0.363218 0.902284 0.364368 0.901753 0.364368 0.901221 0.365517 0.900690 0.365517 0.899628 0.367816 0.899097 0.367816 0.897504 0.371264 0.897504 0.372414 0.896973 0.373563 0.896973 0.379310 0.899628 0.385057 0.900159 0.385057 0.901221 0.387356 0.901753 0.387356 0.904408 0.393103 0.904939 0.393103 0.908656 0.401149 0.909187 0.401149 0.911312 0.405747 0.911843 0.405747 0.917153 0.417241 0.917153 0.418391 0.917685 0.419540 0.917685 0.421839 0.918216 0.422989 0.918216 0.428736 0.917685 0.429885 0.917685 0.433333 0.917153 0.434483 0.917153 0.449425 0.916622 0.450575 0.916622 0.454023 0.916091 0.455172 0.916091 0.460920 0.915560 0.462069 0.915560 0.466667 0.915029 0.467816 0.915029 0.479310 0.915560 0.480460 0.915560 0.483908 0.915029 0.485057 0.915029 0.489655 0.914498 0.490805 0.914498 0.522989 0.913967 0.524138 0.913967 0.525287 0.913436 0.526437 0.913436 0.527586 0.912905 0.528736 0.912905 0.529885 0.912374 0.531034 0.912374 0.533333 0.911843 0.534483 0.911843 0.535632 0.911312 0.536782 0.911312 0.540230 0.911843 0.541379 0.911843 0.548276 0.911312 0.549425 0.911843 0.550575 0.911843 0.589655 0.911312 0.590805 0.911312 0.594253 0.913436 0.598851 0.914498 0.598851 0.915029 0.600000 0.917153 0.600000 0.917685 0.601149 0.919809 0.601149 0.920340 0.602299 0.922464 0.602299 0.922995 0.601149 0.923526 0.601149 0.924057 0.600000 0.925119 0.600000 0.928306 0.593103 0.928837 0.593103 0.930430 0.596552 0.930961 0.596552 0.931492 0.597701 0.932554 0.597701 0.933086 0.598851 0.933617 0.598851 0.934148 0.600000 0.941052 0.600000 0.941583 0.598851 0.942645 0.598851 0.943707 0.596552 0.943707 0.594253 0.942114 0.590805 0.941583 0.590805 0.940520 0.588506 0.940520 0.585057 0.939989 0.583908 0.939989 0.573563 0.940520 0.572414 0.940520 0.567816 0.941052 0.566667 0.941052 0.565517 0.941583 0.564368 0.941583 0.562069 0.942114 0.560920 0.942114 0.559770 0.942645 0.558621 0.942645 0.556322 0.943176 0.555172 0.943176 0.552874 0.943707 0.551724 0.943707 0.550575 0.944238 0.549425 0.944238 0.547126 0.945831 0.543678 0.945831 0.542529 0.947955 0.537931 0.947955 0.536782 0.948486 0.535632 0.948486 0.534483 0.949018 0.533333 0.949018 0.531034 0.949549 0.529885 0.949549 0.526437 0.950080 0.525287 0.950080 0.517241 0.950611 0.516092 0.950611 0.493103 0.951142 0.491954 0.951142 0.485057 0.950611 0.483908 0.952735 0.479310 0.953266 0.479310 0.953797 0.478161 0.954859 0.478161 0.955390 0.477011 0.956452 0.477011 0.956452 0.475862 0.956984 0.474713 0.956984 0.472414 0.957515 0.471264 0.957515 0.458621 0.956984 0.457471 0.956984 0.449425 0.956452 0.448276 0.956452 0.428736 0.955921 0.427586 0.955921 0.422989 0.955390 0.421839 0.955390 0.418391 0.955921 0.417241 0.955390 0.416092 0.955390 0.409195 0.955921 0.408046 0.955921 0.405747 0.956452 0.404598 0.956452 0.378161 0.955921 0.377011 0.955921 0.374713 0.955390 0.373563 0.955390 0.371264 0.954859 0.370115 0.954859 0.366667 0.954328 0.365517 0.954328 0.350575 0.953797 0.349425 0.953797 0.345977 0.952735 0.343678 0.952735 0.342529 0.952204 0.341379 0.952204 0.333333 0.955390 0.326437 0.955921 0.326437 0.957515 0.322989 0.957515 0.321839 0.958046 0.320690 0.958046 0.304598 0.957515 0.303448 0.957515 0.300000 0.956984 0.298851 0.956984 0.297701 0.956452 0.296552 0.956452 0.295402 0.955921 0.294253 0.955921 0.293103 0.954859 0.290805 0.954859 0.289655 0.954328 0.289655 0.952735 0.286207 0.952204 0.286207 0.951673 0.285057 0.950611 0.285057 0.950080 0.283908 0.947424 0.283908 0.946893 0.282759
0 0.360595 0.385057 0.360064 0.386207 0.359002 0.386207 0.359002 0.387356 0.358471 0.388506 0.358471 0.389655 0.357939 0.390805 0.357939 0.395402 0.357408 0.396552 0.357408 0.404598 0.355284 0.409195 0.355284 0.410345 0.353691 0.413793 0.353691 0.417241 0.353160 0.418391 0.353160 0.426437 0.353691 0.427586 0.353691 0.431034 0.355284 0.434483 0.355815 0.434483 0.356346 0.435632 0.357408 0.435632 0.358471 0.437931 0.360064 0.437931 0.360595 0.439080 0.362719 0.439080 0.364312 0.442529 0.369092 0.442529 0.369623 0.441379 0.370154 0.441379 0.370685 0.440230 0.371216 0.440230 0.371747 0.439080 0.372809 0.439080 0.374403 0.435632 0.374403 0.434483 0.374934 0.433333 0.374934 0.432184 0.375465 0.431034 0.375465 0.426437 0.375996 0.425287 0.375996 0.417241 0.376527 0.416092 0.376527 0.413793 0.375996 0.412644 0.375996 0.409195 0.375465 0.408046 0.375465 0.404598 0.374934 0.403448 0.374934 0.402299 0.374403 0.401149 0.374403 0.400000 0.372278 0.395402 0.371747 0.395402 0.371216 0.394253 0.370685 0.394253 0.370154 0.393103 0.368561 0.393103 0.368030 0.391954 0.366968 0.391954 0.366437 0.390805 0.365374 0.390805 0.362719 0.385057
1 0.943176 0.282759 0.942645 0.283908 0.941583 0.283908 0.941052 0.285057 0.939989 0.285057 0.939458 0.286207 0.938927 0.286207 0.938396 0.287356 0.937865 0.287356 0.936803 0.289655 0.936272 0.289655 0.936272 0.290805 0.935210 0.293103 0.935210 0.294253 0.934679 0.295402 0.934679 0.297701 0.934148 0.298851 0.934148 0.301149 0.933617 0.302299 0.933617 0.305747 0.933086 0.306897 0.933086 0.311494 0.933617 0.312644 0.933617 0.313793 0.934148 0.314943 0.934148 0.316092 0.935210 0.318391 0.935741 0.318391 0.936272 0.319540 0.937334 0.319540 0.937865 0.320690 0.939458 0.320690 0.939989 0.321839 0.941052 0.321839 0.941583 0.322989 0.942645 0.322989 0.943176 0.324138 0.944238 0.324138 0.944769 0.325287 0.946362 0.325287 0.946893 0.326437 0.947955 0.326437 0.948486 0.327586 0.953797 0.327586 0.954328 0.326437 0.954859 0.326437 0.955390 0.325287 0.956452 0.325287 0.956984 0.324138 0.957515 0.324138 0.958046 0.322989 0.958046 0.320690 0.958577 0.319540 0.958577 0.316092 0.958046 0.314943 0.958046 0.303448 0.957515 0.302299 0.957515 0.298851 0.956984 0.297701 0.956984 0.296552 0.956452 0.295402 0.956452 0.294253 0.955921 0.293103 0.955921 0.291954 0.953266 0.286207 0.952735 0.286207 0.952204 0.285057 0.951142 0.285057 0.950611 0.283908 0.949549 0.283908 0.949018 0.282759
1 0.989379 0.574713 0.988848 0.575862 0.976102 0.575862 0.975571 0.577011 0.973447 0.577011 0.972384 0.579310 0.971853 0.579310 0.970791 0.581609 0.970260 0.581609 0.970791 0.582759 0.970791 0.586207 0.971322 0.587356 0.971322 0.588506 0.972384 0.590805 0.972384 0.591954 0.972916 0.593103 0.972916 0.595402 0.973978 0.597701 0.973978 0.598851 0.975040 0.601149 0.975040 0.602299 0.976102 0.604598 0.976102 0.605747 0.976633 0.606897 0.976633 0.608046 0.977164 0.609195 0.977164 0.610345 0.980882 0.618391 0.981944 0.618391 0.982475 0.619540 0.983537 0.619540 0.984068 0.620690 0.984599 0.619540 0.988317 0.619540 0.988848 0.618391 0.989379 0.618391 0.989910 0.617241 0.990972 0.617241 0.991503 0.616092 0.992565 0.616092 0.993096 0.614943 0.993627 0.614943 0.994158 0.613793 0.994689 0.613793 0.995220 0.612644 0.996283 0.612644 0.997876 0.609195 0.999469 0.609195 0.999469 0.580460 0.997876 0.580460 0.997345 0.579310 0.997345 0.578161 0.996814 0.577011 0.996283 0.577011 0.995751 0.575862 0.994689 0.575862 0.994158 0.574713
1 0.350505 0.433333 0.349973 0.434483 0.348911 0.434483 0.348380 0.435632 0.347849 0.435632 0.345194 0.441379 0.345194 0.443678 0.344132 0.445977 0.344132 0.449425 0.345194 0.451724 0.345194 0.452874 0.345725 0.452874 0.346256 0.451724 0.350505 0.451724 0.351036 0.452874 0.353160 0.452874 0.353691 0.454023 0.354753 0.454023 0.355284 0.455172 0.356346 0.455172 0.356877 0.456322 0.357939 0.456322 0.358471 0.457471 0.359533 0.457471 0.360595 0.455172 0.360595 0.454023 0.361126 0.452874 0.361126 0.445977 0.360595 0.444828 0.360064 0.444828 0.355815 0.435632 0.355284 0.435632 0.354753 0.434483 0.354222 0.434483 0.353691 0.433333
1 0.286776 0.362069 0.286245 0.363218 0.285714 0.363218 0.285183 0.364368 0.284652 0.364368 0.283590 0.366667 0.283590 0.367816 0.283059 0.368966 0.283059 0.373563 0.283590 0.374713 0.283590 0.375862 0.284121 0.377011 0.284652 0.377011 0.285183 0.378161 0.286245 0.378161 0.286776 0.379310 0.291556 0.379310 0.292087 0.378161 0.292618 0.378161 0.293680 0.375862 0.293680 0.365517 0.292618 0.363218 0.292087 0.363218 0.291556 0.362069
1 0.998407 0.544828 0.995220 0.551724 0.994689 0.551724 0.994689 0.552874 0.992034 0.558621 0.992034 0.565517 0.993096 0.567816 0.993096 0.568966 0.993627 0.570115 0.993627 0.571264 0.994158 0.572414 0.994689 0.572414 0.995220 0.573563 0.996814 0.573563 0.997345 0.574713 0.997876 0.574713 0.998407 0.575862 0.999469 0.575862 0.999469 0.544828
1 0.410515 0.439080 0.409984 0.440230 0.409453 0.440230 0.408922 0.441379 0.408391 0.441379 0.407860 0.442529 0.407329 0.442529 0.405736 0.445977 0.405736 0.447126 0.404673 0.449425 0.404673 0.455172 0.404142 0.456322 0.404142 0.462069 0.403611 0.463218 0.403611 0.471264 0.404142 0.472414 0.404142 0.478161 0.405204 0.480460 0.405204 0.482759 0.405736 0.483908 0.405736 0.486207 0.406267 0.487356 0.406267 0.488506 0.406798 0.489655 0.407329 0.489655 0.407860 0.490805 0.408391 0.489655 0.409984 0.489655 0.410515 0.488506 0.411577 0.488506 0.412108 0.487356 0.412108 0.482759 0.412639 0.481609 0.412639 0.480460 0.413702 0.478161 0.414233 0.478161 0.415295 0.475862 0.415826 0.475862 0.418481 0.470115 0.418481 0.466667 0.419012 0.465517 0.419012 0.458621 0.419543 0.457471 0.419543 0.448276 0.419012 0.447126 0.419012 0.445977 0.418481 0.444828 0.418481 0.443678 0.417950 0.442529 0.417419 0.442529 0.416888 0.441379 0.416357 0.441379 0.415826 0.440230 0.414764 0.440230 0.414233 0.439080
1 0.034519 0.490805 0.033988 0.491954 0.031864 0.491954 0.031333 0.493103 0.030802 0.493103 0.030271 0.494253 0.029209 0.494253 0.028678 0.495402 0.028147 0.495402 0.027084 0.497701 0.026553 0.497701 0.026553 0.498851 0.025491 0.501149 0.025491 0.502299 0.024960 0.503448 0.024960 0.505747 0.024429 0.506897 0.024429 0.512644 0.024960 0.513793 0.024960 0.516092 0.025491 0.517241 0.025491 0.519540 0.028147 0.525287 0.028678 0.525287 0.032395 0.533333 0.032926 0.533333 0.033988 0.535632 0.034519 0.535632 0.035050 0.536782 0.036113 0.536782 0.036644 0.537931 0.044079 0.537931 0.044610 0.536782 0.045141 0.536782 0.046203 0.534483 0.046203 0.531034 0.046734 0.529885 0.046734 0.528736 0.046203 0.527586 0.046203 0.511494 0.045672 0.510345 0.045672 0.504598 0.045141 0.503448 0.045141 0.502299 0.044610 0.501149 0.044610 0.500000 0.043548 0.497701 0.043548 0.496552 0.043016 0.495402 0.042485 0.495402 0.041423 0.493103 0.040892 0.493103 0.040361 0.491954 0.038237 0.491954 0.037706 0.490805
1 0.361126 0.382759 0.360595 0.383908 0.359533 0.383908 0.358471 0.386207 0.358471 0.387356 0.357939 0.388506 0.357939 0.394253 0.359002 0.396552 0.360064 0.396552 0.360595 0.395402 0.361657 0.395402 0.362188 0.394253 0.362719 0.394253 0.364312 0.390805 0.364312 0.387356 0.363781 0.386207 0.363781 0.385057 0.362719 0.382759
2 0.912905 0.543678 0.912374 0.544828 0.911843 0.544828 0.911843 0.547126 0.911312 0.548276 0.911312 0.557471 0.911843 0.558621 0.911843 0.570115 0.911312 0.571264 0.911312 0.574713 0.911843 0.575862 0.911843 0.579310 0.911312 0.580460 0.911312 0.581609 0.911843 0.582759 0.911843 0.583908 0.911312 0.585057 0.911312 0.589655 0.910781 0.590805 0.910781 0.596552 0.911843 0.598851 0.912905 0.598851 0.913436 0.600000 0.913967 0.600000 0.914498 0.601149 0.916091 0.601149 0.916622 0.602299 0.918747 0.602299 0.919278 0.603448 0.923526 0.603448 0.924057 0.602299 0.924588 0.602299 0.926182 0.598851 0.926182 0.597701 0.926713 0.596552 0.926713 0.594253 0.926182 0.593103 0.926182 0.591954 0.924057 0.587356 0.924057 0.586207 0.923526 0.585057 0.923526 0.583908 0.922464 0.581609 0.922464 0.566667 0.922995 0.565517 0.922995 0.562069 0.923526 0.560920 0.923526 0.557471 0.924057 0.556322 0.924057 0.551724 0.924588 0.550575 0.924588 0.547126 0.924057 0.545977 0.923526 0.545977 0.922995 0.544828 0.917153 0.544828 0.916622 0.543678
2 0.007966 0.601149 0.007435 0.602299 0.006373 0.602299 0.005311 0.604598 0.005311 0.605747 0.004780 0.606897 0.004780 0.608046 0.004249 0.609195 0.004249 0.611494 0.003717 0.612644 0.003717 0.617241 0.004249 0.618391 0.004249 0.619540 0.005842 0.619540 0.006373 0.620690 0.009559 0.620690 0.010090 0.619540 0.011152 0.619540 0.011683 0.618391 0.012215 0.618391 0.012746 0.617241 0.013277 0.617241 0.015401 0.612644 0.015401 0.611494 0.015932 0.610345 0.015932 0.606897 0.015401 0.605747 0.015401 0.603448 0.014339 0.603448 0.013808 0.602299 0.010621 0.602299 0.010090 0.601149
2 0.934679 0.542529 0.934148 0.543678 0.930961 0.543678 0.930430 0.544828 0.929899 0.544828 0.929368 0.545977 0.928837 0.545977 0.928837 0.547126 0.928306 0.548276 0.928306 0.556322 0.927775 0.557471 0.927775 0.583908 0.927244 0.585057 0.927244 0.589655 0.927775 0.590805 0.927775 0.591954 0.929899 0.596552 0.930430 0.596552 0.930961 0.597701 0.931492 0.597701 0.932023 0.598851 0.932554 0.598851 0.933086 0.600000 0.933617 0.600000 0.934148 0.601149 0.934679 0.601149 0.935210 0.602299 0.937865 0.602299 0.938396 0.601149 0.941583 0.601149 0.942114 0.600000 0.943707 0.600000 0.944769 0.597701 0.944769 0.595402 0.941052 0.587356 0.941052 0.586207 0.940520 0.585057 0.940520 0.571264 0.941052 0.570115 0.941052 0.567816 0.941583 0.566667 0.941583 0.565517 0.942114 0.564368 0.942114 0.562069 0.942645 0.560920 0.942645 0.556322 0.943176 0.555172 0.943176 0.554023 0.943707 0.552874 0.943707 0.550575 0.944238 0.549425 0.944238 0.544828 0.943707 0.543678 0.941583 0.543678 0.941052 0.542529
2 0.007435 0.564368 0.006904 0.565517 0.004249 0.565517 0.003717 0.566667 0.003186 0.566667 0.001593 0.570115 0.000000 0.570115 0.000000 0.583908 0.001062 0.583908 0.002124 0.586207 0.002124 0.588506 0.002655 0.589655 0.002655 0.591954 0.003186 0.593103 0.003186 0.595402 0.003717 0.596552 0.003717 0.598851 0.004249 0.600000 0.004249 0.603448 0.004780 0.604598 0.004249 0.605747 0.004249 0.609195 0.003717 0.610345 0.003717 0.617241 0.004780 0.619540 0.006904 0.619540 0.007435 0.620690 0.009028 0.620690 0.009559 0.619540 0.011152 0.619540 0.011683 0.618391 0.012746 0.618391 0.013808 0.616092 0.014339 0.616092 0.014870 0.614943 0.015401 0.614943 0.015932 0.613793 0.015932 0.612644 0.016463 0.611494 0.016463 0.610345 0.016994 0.609195 0.016994 0.603448 0.017525 0.602299 0.017525 0.601149 0.019118 0.597701 0.019649 0.597701 0.020181 0.596552 0.020712 0.596552 0.021774 0.594253 0.021774 0.593103 0.022305 0.591954 0.022305 0.590805 0.021774 0.589655 0.021774 0.588506 0.019649 0.583908 0.019118 0.583908 0.017525 0.580460 0.016994 0.580460 0.016463 0.579310 0.016463 0.578161 0.015932 0.577011 0.015932 0.575862 0.015401 0.574713 0.015401 0.573563 0.012215 0.566667 0.011683 0.566667 0.011152 0.565517 0.009559 0.565517 0.009028 0.564368