0 0.727827 0.257220 0.727150 0.258123 0.724441 0.258123 0.723764 0.259025 0.723087 0.259025 0.722410 0.259928 0.721733 0.259928 0.721056 0.260830 0.720379 0.260830 0.718348 0.263538 0.718348 0.264440 0.716317 0.267148 0.716317 0.268051 0.715640 0.268953 0.715640 0.269856 0.714963 0.270758 0.714963 0.272563 0.714286 0.273466 0.714286 0.277978 0.713609 0.278881 0.713609 0.280686 0.712932 0.281588 0.712932 0.282491 0.712255 0.283394 0.712255 0.285199 0.710900 0.287004 0.710900 0.287906 0.710223 0.288809 0.710223 0.289711 0.710900 0.290614 0.712932 0.290614 0.713609 0.291516 0.714963 0.291516 0.715640 0.292419 0.716317 0.292419 0.716994 0.293321 0.716994 0.294224 0.717671 0.295126 0.717671 0.296931 0.718348 0.297834 0.718348 0.300542 0.719025 0.301444 0.719025 0.303249 0.719702 0.304152 0.719702 0.306859 0.720379 0.307762 0.720379 0.308664 0.721056 0.309567 0.721056 0.310469 0.723764 0.314079 0.723764 0.314982 0.724441 0.315884 0.724441 0.328520 0.725118 0.329422 0.725118 0.331227 0.725796 0.332130 0.725796 0.333935 0.726473 0.334838 0.726473 0.336643 0.727150 0.337545 0.727150 0.340253 0.726473 0.341155 0.726473 0.344765 0.725796 0.345668 0.725796 0.348375 0.725118 0.349278 0.725118 0.376354 0.725796 0.377256 0.725796 0.398917 0.725118 0.399819 0.725118 0.407040 0.724441 0.407942 0.724441 0.410650 0.723764 0.411552 0.723764 0.412455 0.723087 0.413357 0.723087 0.416065 0.722410 0.416968 0.722410 0.419675 0.721733 0.420578 0.721733 0.425090 0.719702 0.427798 0.719702 0.428700 0.719025 0.429603 0.719025 0.431408 0.717671 0.433213 0.717671 0.434116 0.716994 0.435018 0.716994 0.437726 0.716317 0.438628 0.716317 0.450361 0.716994 0.451264 0.716994 0.454874 0.717671 0.455776 0.717671 0.457581 0.718348 0.458484 0.718348 0.460289 0.719025 0.461191 0.719025 0.462094 0.719702 0.462996 0.719702 0.464801 0.721056 0.466606 0.721056 0.467509 0.722410 0.469314 0.722410 0.470217 0.723764 0.472022 0.723764 0.472924 0.725796 0.475632 0.725796 0.476534 0.726473 0.477437 0.726473 0.478339 0.728504 0.481047 0.728504 0.481949 0.729858 0.483755 0.729858 0.484657 0.731889 0.487365 0.731889 0.488267 0.732566 0.489170 0.732566 0.490072 0.733243 0.490975 0.733243 0.492780 0.733920 0.493682 0.733920 0.495487 0.733243 0.496390 0.733243 0.498195 0.732566 0.499097 0.732566 0.500000 0.731889 0.500903 0.731889 0.501805 0.729858 0.504513 0.729858 0.505415 0.729181 0.506318 0.729181 0.507220 0.727827 0.509025 0.727150 0.509025 0.725796 0.510830 0.724441 0.510830 0.723764 0.511733 0.723087 0.511733 0.722410 0.512635 0.722410 0.514440 0.721733 0.515343 0.723764 0.518051 0.725796 0.518051 0.726473 0.518953 0.727827 0.518953 0.728504 0.519856 0.729181 0.519856 0.729858 0.520758 0.729858 0.522563 0.728504 0.524368 0.727827 0.524368 0.727150 0.525271 0.725118 0.525271 0.724441 0.526173 0.723087 0.526173 0.722410 0.527076 0.720379 0.527076 0.719025 0.528881 0.719025 0.532491 0.719702 0.533394 0.721056 0.533394 0.721733 0.534296 0.722410 0.534296 0.723087 0.535199 0.725796 0.535199 0.726473 0.536101 0.744753 0.536101 0.745430 0.535199 0.751523 0.535199 0.752200 0.534296 0.752877 0.534296 0.753555 0.533394 0.753555 0.520758 0.752877 0.519856 0.752877 0.518953 0.753555 0.518051 0.753555 0.514440 0.754232 0.513538 0.754232 0.510830 0.754909 0.509928 0.754909 0.505415 0.755586 0.504513 0.755586 0.490975 0.756263 0.490072 0.756263 0.478339 0.756940 0.477437 0.756940 0.465704 0.757617 0.464801 0.757617 0.454874 0.756940 0.453971 0.756940 0.446751 0.757617 0.445848 0.757617 0.438628 0.758294 0.437726 0.758294 0.435921 0.758971 0.435018 0.758971 0.433213 0.759648 0.432310 0.759648 0.431408 0.761679 0.428700 0.762356 0.428700 0.763033 0.427798 0.765064 0.427798 0.765741 0.426895 0.767773 0.426895 0.768450 0.425993 0.768450 0.425090 0.769127 0.424188 0.769127 0.412455 0.769804 0.411552 0.769804 0.400722 0.770481 0.399819 0.770481 0.384477 0.769804 0.383574 0.769804 0.372744 0.769127 0.371841 0.769127 0.366426 0.768450 0.365523 0.768450 0.363718 0.767773 0.362816 0.767773 0.361011 0.767095 0.360108 0.767095 0.358303 0.766418 0.357401 0.766418 0.354693 0.765741 0.353791 0.765741 0.350181 0.765064 0.349278 0.765064 0.346570 0.764387 0.345668 0.764387 0.344765 0.763710 0.343863 0.763710 0.342058 0.763033 0.341155 0.763033 0.340253 0.762356 0.339350 0.762356 0.338448 0.761679 0.337545 0.761679 0.336643 0.761002 0.335740 0.761002 0.334838 0.760325 0.333935 0.760325 0.333032 0.759648 0.332130 0.759648 0.331227 0.758971 0.330325 0.758971 0.327617 0.758294 0.326715 0.758294 0.324910 0.757617 0.324007 0.757617 0.323105 0.756940 0.322202 0.756940 0.321300 0.756263 0.320397 0.756263 0.319495 0.755586 0.318592 0.755586 0.317690 0.753555 0.314982 0.753555 0.314079 0.752877 0.313177 0.752877 0.312274 0.752200 0.311372 0.752200 0.309567 0.751523 0.308664 0.751523 0.303249 0.752200 0.302347 0.752200 0.292419 0.751523 0.291516 0.751523 0.288809 0.750846 0.287906 0.750846 0.287004 0.750169 0.286101 0.750169 0.285199 0.749492 0.284296 0.749492 0.283394 0.748815 0.282491 0.748815 0.281588 0.748138 0.280686 0.748138 0.279783 0.747461 0.278881 0.747461 0.277076 0.746784 0.276173 0.746784 0.274368 0.745430 0.272563 0.745430 0.271661 0.744753 0.270758 0.744753 0.268953 0.743399 0.267148 0.743399 0.266245 0.742722 0.265343 0.742722 0.264440 0.740014 0.260830 0.739336 0.260830 0.737982 0.259025 0.737305 0.259025 0.736628 0.258123 0.733920 0.258123 0.733243 0.257220
0 0.459039 0.537004 0.458362 0.537906 0.454976 0.537906 0.454299 0.538809 0.448883 0.538809 0.448206 0.539711 0.444144 0.539711 0.443466 0.540614 0.440758 0.540614 0.440081 0.541516 0.438727 0.541516 0.436019 0.545126 0.435342 0.545126 0.431957 0.549639 0.431280 0.549639 0.431280 0.550542 0.429926 0.552347 0.429926 0.554152 0.429248 0.555054 0.429248 0.573105 0.429926 0.574007 0.429926 0.574910 0.430603 0.574910 0.433988 0.579422 0.434665 0.579422 0.435342 0.580325 0.436019 0.580325 0.437373 0.582130 0.438050 0.582130 0.438727 0.583032 0.439404 0.583032 0.441435 0.585740 0.441435 0.586643 0.442112 0.586643 0.442789 0.587545 0.442789 0.589350 0.443466 0.590253 0.443466 0.592058 0.438727 0.598375 0.438727 0.601083 0.438050 0.601986 0.438050 0.618231 0.437373 0.619134 0.437373 0.648917 0.438050 0.649819 0.438050 0.652527 0.438727 0.653430 0.438727 0.656137 0.439404 0.657040 0.439404 0.661552 0.440081 0.662455 0.440081 0.664260 0.440758 0.665162 0.440758 0.667870 0.441435 0.668773 0.441435 0.670578 0.442112 0.671480 0.442112 0.672383 0.444144 0.675090 0.444144 0.676895 0.444821 0.677798 0.444821 0.679603 0.445498 0.680505 0.445498 0.681408 0.446852 0.683213 0.446852 0.684116 0.447529 0.685018 0.447529 0.685921 0.448206 0.686823 0.448206 0.688628 0.448883 0.689531 0.448883 0.690433 0.450237 0.692238 0.450237 0.693141 0.450914 0.694043 0.450914 0.694946 0.451591 0.695848 0.451591 0.696751 0.452268 0.697653 0.452268 0.698556 0.454299 0.701264 0.454299 0.702166 0.455653 0.703971 0.455653 0.704874 0.456330 0.705776 0.456330 0.706679 0.457007 0.707581 0.457007 0.709386 0.458362 0.711191 0.458362 0.712094 0.459716 0.713899 0.459716 0.714801 0.461070 0.716606 0.461747 0.716606 0.463101 0.718412 0.464455 0.718412 0.465132 0.719314 0.465809 0.719314 0.466486 0.720217 0.477319 0.720217 0.477996 0.719314 0.478673 0.719314 0.479350 0.718412 0.480027 0.718412 0.482058 0.715704 0.482058 0.713899 0.482735 0.712996 0.482735 0.708484 0.482058 0.707581 0.482058 0.704874 0.481381 0.703971 0.481381 0.703069 0.480704 0.702166 0.480704 0.701264 0.480027 0.700361 0.480027 0.699458 0.477319 0.695848 0.477319 0.694946 0.475965 0.693141 0.475965 0.692238 0.474611 0.690433 0.474611 0.689531 0.473934 0.688628 0.473934 0.687726 0.473257 0.686823 0.473257 0.685921 0.471225 0.683213 0.470548 0.683213 0.469871 0.682310 0.468517 0.682310 0.466486 0.679603 0.466486 0.674188 0.467840 0.672383 0.467840 0.671480 0.469871 0.668773 0.470548 0.668773 0.470548 0.667870 0.471225 0.666968 0.471225 0.661552 0.470548 0.660650 0.470548 0.654332 0.469871 0.653430 0.469871 0.650722 0.469194 0.649819 0.469194 0.648014 0.468517 0.647112 0.468517 0.643502 0.467840 0.642599 0.467840 0.634477 0.468517 0.633574 0.468517 0.625451 0.469194 0.624549 0.469194 0.613718 0.468517 0.612816 0.468517 0.609206 0.467840 0.608303 0.467840 0.606498 0.467163 0.605596 0.467163 0.604693 0.466486 0.603791 0.466486 0.601986 0.465809 0.601083 0.465809 0.599278 0.465132 0.598375 0.465132 0.595668 0.464455 0.594765 0.464455 0.582130 0.463778 0.581227 0.463778 0.577617 0.463101 0.576715 0.463101 0.572202 0.462424 0.571300 0.462424 0.565884 0.463101 0.564982 0.463101 0.539711 0.461747 0.537906 0.461070 0.537906 0.460393 0.537004
0 0.383886 0.250903 0.383209 0.251805 0.381178 0.251805 0.380501 0.252708 0.379824 0.252708 0.379147 0.253610 0.378470 0.253610 0.377116 0.255415 0.376439 0.255415 0.373053 0.259928 0.372376 0.259928 0.371022 0.261733 0.371022 0.262635 0.370345 0.263538 0.370345 0.265343 0.369668 0.266245 0.369668 0.269856 0.368991 0.270758 0.368991 0.274368 0.368314 0.275271 0.368314 0.292419 0.368991 0.293321 0.368991 0.296931 0.369668 0.297834 0.369668 0.299639 0.371022 0.301444 0.371022 0.302347 0.371699 0.303249 0.371699 0.304152 0.371022 0.305054 0.371022 0.305957 0.369668 0.307762 0.368991 0.307762 0.367637 0.309567 0.366960 0.309567 0.366283 0.310469 0.365606 0.310469 0.364252 0.312274 0.363575 0.312274 0.362898 0.313177 0.362221 0.313177 0.360190 0.315884 0.359513 0.315884 0.356127 0.320397 0.356127 0.321300 0.354096 0.324007 0.354096 0.324910 0.353419 0.325812 0.353419 0.327617 0.352742 0.328520 0.352742 0.330325 0.352065 0.331227 0.352065 0.333032 0.351388 0.333935 0.351388 0.341155 0.350711 0.342058 0.351388 0.342960 0.351388 0.352888 0.352065 0.353791 0.352065 0.356498 0.352742 0.357401 0.352742 0.371841 0.353419 0.372744 0.353419 0.379964 0.354096 0.380866 0.354096 0.394404 0.354773 0.395307 0.354773 0.399819 0.355450 0.400722 0.355450 0.407942 0.356127 0.408845 0.356127 0.409747 0.356804 0.410650 0.356804 0.411552 0.360190 0.416065 0.360190 0.416968 0.360867 0.417870 0.360867 0.418773 0.361544 0.419675 0.361544 0.420578 0.362221 0.421480 0.362221 0.422383 0.362898 0.423285 0.362898 0.424188 0.363575 0.425090 0.363575 0.425993 0.364252 0.426895 0.364252 0.427798 0.364929 0.428700 0.364929 0.429603 0.366283 0.431408 0.366283 0.432310 0.366960 0.433213 0.366960 0.434116 0.367637 0.435018 0.367637 0.435921 0.368314 0.436823 0.368314 0.438628 0.375085 0.447653 0.375085 0.448556 0.375762 0.449458 0.375762 0.451264 0.376439 0.452166 0.376439 0.453069 0.377116 0.453971 0.377116 0.454874 0.377793 0.455776 0.377793 0.458484 0.378470 0.459386 0.378470 0.460289 0.377793 0.461191 0.377793 0.466606 0.377116 0.467509 0.377116 0.471119 0.376439 0.472022 0.376439 0.474729 0.375762 0.475632 0.375762 0.479242 0.375085 0.480144 0.375085 0.484657 0.374408 0.485560 0.374408 0.494585 0.373731 0.495487 0.373731 0.511733 0.374408 0.512635 0.374408 0.518051 0.375085 0.518953 0.375085 0.523466 0.375762 0.524368 0.375762 0.531588 0.375085 0.532491 0.375762 0.533394 0.375762 0.550542 0.375085 0.551444 0.375085 0.553249 0.375762 0.554152 0.375762 0.563177 0.376439 0.564079 0.376439 0.569495 0.377116 0.570397 0.377116 0.590253 0.376439 0.591155 0.376439 0.592058 0.377116 0.592960 0.377116 0.602888 0.377793 0.603791 0.377793 0.606498 0.378470 0.607401 0.378470 0.610108 0.379147 0.611011 0.379147 0.612816 0.379824 0.613718 0.379824 0.632671 0.380501 0.633574 0.380501 0.638989 0.381178 0.639892 0.381178 0.643502 0.381855 0.644404 0.381855 0.646209 0.382532 0.647112 0.382532 0.649819 0.383209 0.650722 0.383209 0.654332 0.383886 0.655235 0.383886 0.667870 0.383209 0.668773 0.383209 0.670578 0.382532 0.671480 0.382532 0.673285 0.381855 0.674188 0.381855 0.683213 0.382532 0.684116 0.382532 0.687726 0.383209 0.688628 0.383209 0.690433 0.383886 0.691336 0.383886 0.695848 0.382532 0.697653 0.382532 0.698556 0.381178 0.700361 0.381178 0.701264 0.378470 0.704874 0.378470 0.705776 0.375762 0.709386 0.375085 0.709386 0.370345 0.715704 0.370345 0.716606 0.368991 0.718412 0.368991 0.719314 0.368314 0.720217 0.368314 0.721119 0.367637 0.722022 0.367637 0.729242 0.368314 0.730144 0.368314 0.731047 0.369668 0.732852 0.370345 0.732852 0.371022 0.733755 0.371699 0.733755 0.372376 0.734657 0.380501 0.734657 0.381178 0.733755 0.383209 0.733755 0.383886 0.732852 0.385240 0.732852 0.385917 0.731949 0.387271 0.731949 0.387949 0.731047 0.388626 0.731047 0.389980 0.729242 0.390657 0.729242 0.391334 0.728339 0.392011 0.728339 0.396073 0.722924 0.396073 0.722022 0.396750 0.721119 0.397427 0.721119 0.400135 0.717509 0.401490 0.717509 0.402167 0.716606 0.402844 0.716606 0.403521 0.715704 0.404198 0.715704 0.404875 0.714801 0.405552 0.714801 0.407583 0.712094 0.408260 0.712094 0.408937 0.711191 0.408937 0.710289 0.409614 0.709386 0.409614 0.708484 0.410291 0.707581 0.410291 0.704874 0.410968 0.703971 0.410968 0.698556 0.411645 0.697653 0.411645 0.685921 0.410968 0.685018 0.410968 0.681408 0.410291 0.680505 0.410291 0.676895 0.409614 0.675993 0.409614 0.666065 0.410291 0.665162 0.410291 0.661552 0.410968 0.660650 0.410968 0.657040 0.411645 0.656137 0.411645 0.651625 0.412322 0.650722 0.412322 0.644404 0.411645 0.643502 0.411645 0.635379 0.410968 0.634477 0.410968 0.631769 0.410291 0.630866 0.410291 0.625451 0.409614 0.624549 0.409614 0.621841 0.408937 0.620939 0.408937 0.620036 0.408260 0.619134 0.408260 0.617329 0.407583 0.616426 0.407583 0.612816 0.406906 0.611913 0.406906 0.586643 0.406229 0.585740 0.406229 0.575812 0.405552 0.574910 0.405552 0.571300 0.404875 0.570397 0.404875 0.563177 0.404198 0.562274 0.404198 0.555054 0.403521 0.554152 0.403521 0.539711 0.404198 0.538809 0.404198 0.532491 0.404875 0.531588 0.404875 0.530686 0.405552 0.529783 0.405552 0.527076 0.406229 0.526173 0.406229 0.524368 0.408260 0.521661 0.408260 0.520758 0.408937 0.519856 0.408937 0.517148 0.409614 0.516245 0.409614 0.514440 0.408937 0.513538 0.408937 0.511733 0.410291 0.509928 0.411645 0.509928 0.412322 0.509025 0.413676 0.509025 0.414353 0.508123 0.415708 0.508123 0.416385 0.507220 0.418416 0.507220 0.419093 0.506318 0.419770 0.506318 0.420447 0.505415 0.421124 0.505415 0.422478 0.503610 0.422478 0.502708 0.423155 0.501805 0.423155 0.500903 0.425186 0.498195 0.427217 0.498195 0.427894 0.497292 0.430603 0.497292 0.431280 0.496390 0.433311 0.496390 0.433988 0.495487 0.434665 0.495487 0.435342 0.494585 0.436019 0.494585 0.438050 0.491877 0.438050 0.490975 0.440081 0.488267 0.440081 0.487365 0.440758 0.486462 0.440758 0.485560 0.441435 0.484657 0.441435 0.483755 0.442112 0.482852 0.442112 0.481047 0.442789 0.480144 0.442789 0.477437 0.443466 0.476534 0.443466 0.475632 0.444144 0.474729 0.444144 0.473827 0.445498 0.472022 0.446175 0.472022 0.448206 0.474729 0.448883 0.474729 0.450237 0.476534 0.450914 0.476534 0.454299 0.481047 0.454299 0.481949 0.455653 0.483755 0.455653 0.486462 0.456330 0.487365 0.456330 0.488267 0.457007 0.489170 0.457007 0.490975 0.457684 0.491877 0.457684 0.492780 0.458362 0.493682 0.458362 0.494585 0.457684 0.495487 0.457684 0.498195 0.458362 0.499097 0.458362 0.500000 0.459039 0.500903 0.459716 0.500903 0.460393 0.501805 0.461747 0.501805 0.462424 0.502708 0.463101 0.502708 0.463778 0.501805 0.465132 0.501805 0.465809 0.500903 0.466486 0.500903 0.467163 0.500000 0.467163 0.499097 0.467840 0.498195 0.467840 0.492780 0.467163 0.491877 0.467163 0.490072 0.466486 0.489170 0.466486 0.487365 0.465809 0.486462 0.465809 0.485560 0.465132 0.484657 0.465132 0.475632 0.464455 0.474729 0.464455 0.471119 0.463778 0.470217 0.463778 0.466606 0.463101 0.465704 0.463101 0.463899 0.462424 0.462996 0.462424 0.458484 0.461747 0.457581 0.461747 0.454874 0.461070 0.453971 0.461070 0.452166 0.460393 0.451264 0.460393 0.450361 0.459716 0.449458 0.459716 0.447653 0.459039 0.446751 0.459039 0.444946 0.458362 0.444043 0.458362 0.440433 0.459039 0.439531 0.459039 0.435921 0.459716 0.435018 0.459716 0.433213 0.460393 0.432310 0.460393 0.431408 0.461747 0.429603 0.461747 0.428700 0.462424 0.427798 0.462424 0.426895 0.463778 0.425090 0.463778 0.424188 0.465809 0.421480 0.465809 0.419675 0.466486 0.418773 0.466486 0.417870 0.467163 0.416968 0.467163 0.416065 0.467840 0.415162 0.467840 0.413357 0.468517 0.412455 0.468517 0.411552 0.469194 0.410650 0.469194 0.409747 0.470548 0.407942 0.470548 0.406137 0.471225 0.405235 0.471225 0.404332 0.471903 0.403430 0.471903 0.401625 0.472580 0.400722 0.472580 0.396209 0.473257 0.395307 0.473257 0.390794 0.473934 0.389892 0.473934 0.366426 0.473257 0.365523 0.473257 0.363718 0.472580 0.362816 0.472580 0.361011 0.471903 0.360108 0.471903 0.359206 0.471225 0.358303 0.471225 0.356498 0.470548 0.355596 0.470548 0.345668 0.469871 0.344765 0.469871 0.342058 0.469194 0.341155 0.469194 0.338448 0.468517 0.337545 0.468517 0.333935 0.467840 0.333032 0.467840 0.330325 0.467163 0.329422 0.467163 0.326715 0.466486 0.325812 0.466486 0.324007 0.465809 0.323105 0.465809 0.322202 0.465132 0.321300 0.465132 0.320397 0.464455 0.319495 0.464455 0.318592 0.463101 0.316787 0.463101 0.315884 0.461747 0.314079 0.461747 0.313177 0.461070 0.312274 0.461070 0.311372 0.459716 0.309567 0.459716 0.308664 0.456330 0.304152 0.455653 0.304152 0.454299 0.302347 0.453622 0.302347 0.452945 0.301444 0.452268 0.301444 0.451591 0.300542 0.450914 0.300542 0.450237 0.299639 0.449560 0.299639 0.448883 0.298736 0.447529 0.298736 0.446852 0.297834 0.445498 0.297834 0.444821 0.296931 0.442789 0.296931 0.442112 0.296029 0.441435 0.296029 0.440758 0.295126 0.438727 0.295126 0.438050 0.294224 0.434665 0.294224 0.433988 0.293321 0.431280 0.293321 0.430603 0.292419 0.426540 0.292419 0.425863 0.293321 0.424509 0.293321 0.423832 0.292419 0.423155 0.292419 0.422478 0.291516 0.421801 0.291516 0.420447 0.289711 0.419093 0.289711 0.417739 0.287906 0.417739 0.287004 0.417062 0.286101 0.417062 0.282491 0.416385 0.281588 0.416385 0.277978 0.415708 0.277076 0.415708 0.275271 0.415030 0.274368 0.415030 0.271661 0.414353 0.270758 0.414353 0.268051 0.413676 0.267148 0.413676 0.266245 0.412999 0.265343 0.412999 0.264440 0.412322 0.263538 0.412322 0.262635 0.407583 0.256318 0.406906 0.256318 0.405552 0.254513 0.404875 0.254513 0.404198 0.253610 0.403521 0.253610 0.402844 0.252708 0.401490 0.252708 0.400812 0.251805 0.398104 0.251805 0.397427 0.250903
0 0.518619 0.347473 0.517942 0.348375 0.516588 0.348375 0.515911 0.349278 0.515234 0.349278 0.514557 0.350181 0.513879 0.350181 0.512525 0.351986 0.511848 0.351986 0.511848 0.352888 0.511171 0.353791 0.511171 0.354693 0.510494 0.355596 0.510494 0.356498 0.509817 0.357401 0.509817 0.359206 0.509140 0.360108 0.509140 0.361913 0.508463 0.362816 0.508463 0.372744 0.507786 0.373646 0.507786 0.375451 0.507109 0.376354 0.507109 0.383574 0.505078 0.386282 0.504401 0.386282 0.503724 0.387184 0.501693 0.387184 0.501016 0.388087 0.500339 0.388087 0.499661 0.388989 0.498984 0.388989 0.494922 0.394404 0.494922 0.395307 0.494245 0.396209 0.494245 0.397112 0.493568 0.398014 0.493568 0.399819 0.492891 0.400722 0.492891 0.402527 0.492214 0.403430 0.492214 0.406137 0.491537 0.407040 0.491537 0.407942 0.490860 0.408845 0.490860 0.410650 0.490183 0.411552 0.490183 0.412455 0.488829 0.414260 0.488829 0.415162 0.487475 0.416968 0.487475 0.417870 0.486798 0.418773 0.486798 0.420578 0.486121 0.421480 0.486121 0.422383 0.485443 0.423285 0.485443 0.426895 0.484766 0.427798 0.484766 0.429603 0.484089 0.430505 0.484089 0.438628 0.485443 0.440433 0.485443 0.441336 0.486121 0.442238 0.486798 0.442238 0.487475 0.443141 0.489506 0.443141 0.490183 0.444043 0.492891 0.444043 0.493568 0.444946 0.494245 0.444946 0.496953 0.448556 0.496953 0.450361 0.497630 0.451264 0.497630 0.459386 0.494922 0.462996 0.494245 0.462996 0.493568 0.463899 0.492214 0.463899 0.491537 0.464801 0.485443 0.464801 0.484766 0.465704 0.482058 0.465704 0.481381 0.466606 0.479350 0.466606 0.478673 0.467509 0.477319 0.467509 0.476642 0.468412 0.475288 0.468412 0.474611 0.469314 0.473934 0.469314 0.472580 0.471119 0.471903 0.471119 0.470548 0.472924 0.469871 0.472924 0.469194 0.473827 0.469194 0.474729 0.468517 0.475632 0.468517 0.476534 0.467840 0.477437 0.467840 0.480144 0.468517 0.481047 0.468517 0.487365 0.469871 0.489170 0.469871 0.490072 0.471225 0.491877 0.472580 0.491877 0.473257 0.492780 0.475965 0.492780 0.476642 0.493682 0.477996 0.493682 0.478673 0.494585 0.480027 0.494585 0.481381 0.496390 0.482058 0.496390 0.484089 0.499097 0.485443 0.499097 0.486121 0.500000 0.487475 0.500000 0.488152 0.500903 0.490183 0.500903 0.490860 0.501805 0.493568 0.501805 0.494245 0.502708 0.497630 0.502708 0.498307 0.503610 0.498984 0.503610 0.499661 0.504513 0.499661 0.508123 0.498307 0.509928 0.498307 0.510830 0.497630 0.511733 0.497630 0.516245 0.498984 0.518051 0.499661 0.518051 0.500339 0.518953 0.505755 0.518953 0.506432 0.518051 0.509140 0.518051 0.509817 0.517148 0.511171 0.517148 0.511848 0.516245 0.512525 0.516245 0.515234 0.512635 0.515911 0.512635 0.517265 0.514440 0.517265 0.515343 0.518619 0.517148 0.518619 0.518051 0.519973 0.519856 0.520650 0.519856 0.521327 0.520758 0.522004 0.520758 0.522681 0.521661 0.527420 0.521661 0.528097 0.520758 0.530129 0.520758 0.532160 0.518051 0.532160 0.516245 0.532837 0.515343 0.532837 0.509928 0.532160 0.509025 0.532160 0.508123 0.532837 0.507220 0.532837 0.500903 0.533514 0.500000 0.533514 0.491877 0.534191 0.490975 0.534191 0.488267 0.534868 0.487365 0.534868 0.485560 0.535545 0.484657 0.535545 0.481949 0.536222 0.481047 0.536222 0.478339 0.536899 0.477437 0.536899 0.469314 0.536222 0.468412 0.536222 0.462094 0.536899 0.461191 0.536899 0.460289 0.538253 0.458484 0.538253 0.457581 0.539607 0.455776 0.539607 0.454874 0.540284 0.453971 0.540284 0.450361 0.540961 0.449458 0.540961 0.448556 0.540284 0.447653 0.540284 0.444043 0.539607 0.443141 0.539607 0.429603 0.540284 0.428700 0.540284 0.425090 0.540961 0.424188 0.540961 0.411552 0.540284 0.410650 0.540284 0.406137 0.539607 0.405235 0.539607 0.402527 0.535545 0.397112 0.534868 0.397112 0.532160 0.393502 0.531483 0.393502 0.528775 0.389892 0.528775 0.385379 0.529452 0.384477 0.529452 0.383574 0.530129 0.382671 0.530129 0.379061 0.530806 0.378159 0.530806 0.376354 0.532837 0.373646 0.532837 0.360108 0.532160 0.359206 0.532160 0.357401 0.531483 0.356498 0.531483 0.355596 0.528097 0.351083 0.527420 0.351083 0.526066 0.349278 0.525389 0.349278 0.524712 0.348375 0.523358 0.348375 0.522681 0.347473
1 0.726473 0.257220 0.725796 0.258123 0.723764 0.258123 0.723087 0.259025 0.722410 0.259025 0.721733 0.259928 0.721056 0.259928 0.719702 0.261733 0.719025 0.261733 0.719025 0.262635 0.716317 0.266245 0.716317 0.267148 0.715640 0.268051 0.715640 0.268953 0.714963 0.269856 0.714963 0.270758 0.714286 0.271661 0.714286 0.274368 0.713609 0.275271 0.713609 0.278881 0.712932 0.279783 0.712932 0.282491 0.712255 0.283394 0.712255 0.284296 0.711578 0.285199 0.711578 0.286101 0.708869 0.289711 0.709546 0.290614 0.710223 0.290614 0.710900 0.291516 0.716994 0.291516 0.717671 0.290614 0.718348 0.290614 0.719025 0.289711 0.720379 0.289711 0.721056 0.288809 0.721733 0.288809 0.722410 0.287906 0.723087 0.287906 0.723764 0.287004 0.724441 0.287004 0.725118 0.286101 0.725796 0.286101 0.726473 0.285199 0.727150 0.285199 0.727827 0.284296 0.728504 0.284296 0.729181 0.283394 0.730535 0.283394 0.731212 0.282491 0.732566 0.282491 0.733243 0.281588 0.735951 0.281588 0.736628 0.280686 0.738659 0.280686 0.739336 0.281588 0.745430 0.281588 0.746107 0.280686 0.746784 0.280686 0.747461 0.279783 0.747461 0.276173 0.746784 0.275271 0.746784 0.274368 0.746107 0.273466 0.746107 0.272563 0.745430 0.271661 0.745430 0.270758 0.744753 0.269856 0.744753 0.268953 0.743399 0.267148 0.743399 0.266245 0.742722 0.265343 0.742722 0.264440 0.738659 0.259025 0.737982 0.259025 0.737305 0.258123 0.735274 0.258123 0.734597 0.257220
1 0.517942 0.347473 0.517265 0.348375 0.515911 0.348375 0.515234 0.349278 0.514557 0.349278 0.513879 0.350181 0.513202 0.350181 0.511848 0.351986 0.511848 0.352888 0.510494 0.354693 0.510494 0.355596 0.509817 0.356498 0.509817 0.358303 0.509140 0.359206 0.509140 0.361913 0.508463 0.362816 0.508463 0.368231 0.509140 0.369134 0.509140 0.370036 0.509817 0.370939 0.510494 0.370939 0.511171 0.371841 0.512525 0.371841 0.513202 0.372744 0.514557 0.372744 0.515234 0.373646 0.517265 0.373646 0.517942 0.374549 0.522004 0.374549 0.522681 0.375451 0.525389 0.375451 0.526066 0.376354 0.530129 0.376354 0.530806 0.375451 0.531483 0.375451 0.532160 0.374549 0.532837 0.374549 0.532837 0.373646 0.533514 0.372744 0.533514 0.369134 0.532837 0.368231 0.532837 0.359206 0.532160 0.358303 0.532160 0.356498 0.530806 0.354693 0.530806 0.353791 0.528775 0.351083 0.528097 0.351083 0.526743 0.349278 0.526066 0.349278 0.525389 0.348375 0.524035 0.348375 0.523358 0.347473
2 0.521327 0.509025 0.520650 0.509928 0.519973 0.509928 0.517942 0.512635 0.517942 0.513538 0.517265 0.514440 0.517265 0.516245 0.517942 0.517148 0.517942 0.518953 0.519296 0.520758 0.519973 0.520758 0.520650 0.521661 0.522004 0.521661 0.522681 0.522563 0.527420 0.522563 0.528097 0.521661 0.529452 0.521661 0.530129 0.520758 0.530806 0.520758 0.532160 0.518953 0.532160 0.517148 0.532837 0.516245 0.532837 0.513538 0.532160 0.512635 0.532160 0.509928 0.531483 0.509928 0.530806 0.509025 0.526743 0.509025 0.526066 0.509928 0.525389 0.509928 0.524712 0.509025
2 0.733920 0.499097 0.729858 0.504513 0.729858 0.505415 0.727827 0.508123 0.727150 0.508123 0.725796 0.509928 0.725118 0.509928 0.724441 0.510830 0.723087 0.510830 0.722410 0.511733 0.721733 0.511733 0.721733 0.512635 0.721056 0.513538 0.721056 0.516245 0.721733 0.517148 0.721733 0.518051 0.723087 0.518051 0.723764 0.518953 0.728504 0.518953 0.729181 0.519856 0.731212 0.519856 0.731889 0.518953 0.732566 0.518953 0.733243 0.518051 0.734597 0.518051 0.735274 0.517148 0.735951 0.517148 0.736628 0.516245 0.737305 0.516245 0.737982 0.515343 0.737982 0.514440 0.738659 0.513538 0.738659 0.511733 0.737982 0.510830 0.737982 0.509025 0.737305 0.508123 0.737305 0.507220 0.736628 0.506318 0.736628 0.504513 0.735951 0.503610 0.735951 0.500903 0.735274 0.500000 0.734597 0.500000
2 0.735951 0.518051 0.735274 0.518953 0.734597 0.518953 0.733920 0.519856 0.733243 0.519856 0.732566 0.520758 0.731889 0.520758 0.729858 0.523466 0.729181 0.523466 0.728504 0.524368 0.727150 0.524368 0.726473 0.525271 0.724441 0.525271 0.723764 0.526173 0.721733 0.526173 0.721056 0.527076 0.719702 0.527076 0.718348 0.528881 0.718348 0.532491 0.719702 0.534296 0.721056 0.534296 0.721733 0.535199 0.722410 0.535199 0.723087 0.536101 0.750169 0.536101 0.750846 0.535199 0.752877 0.535199 0.753555 0.534296 0.753555 0.533394 0.754232 0.532491 0.754232 0.528881 0.753555 0.527978 0.753555 0.526173 0.752200 0.524368 0.748815 0.524368 0.748138 0.525271 0.747461 0.525271 0.746784 0.524368 0.745430 0.524368 0.744753 0.523466 0.744076 0.523466 0.742045 0.520758 0.741368 0.520758 0.740014 0.518953 0.739336 0.518953 0.738659 0.518051
2 0.385240 0.695848 0.384563 0.696751 0.383886 0.696751 0.381178 0.700361 0.381178 0.701264 0.379147 0.703971 0.379147 0.704874 0.377116 0.707581 0.376439 0.707581 0.373053 0.712094 0.372376 0.712094 0.371699 0.712996 0.371699 0.713899 0.370345 0.715704 0.369668 0.715704 0.369668 0.716606 0.368991 0.717509 0.368991 0.718412 0.368314 0.719314 0.368314 0.720217 0.367637 0.721119 0.367637 0.722924 0.366960 0.723827 0.367637 0.724729 0.367637 0.731047 0.368991 0.732852 0.368991 0.733755 0.369668 0.733755 0.370345 0.734657 0.371699 0.734657 0.372376 0.735560 0.380501 0.735560 0.381178 0.734657 0.383209 0.734657 0.383886 0.733755 0.385240 0.733755 0.385917 0.732852 0.386594 0.732852 0.387271 0.731949 0.387949 0.731949 0.388626 0.731047 0.389303 0.731047 0.389980 0.730144 0.390657 0.730144 0.392688 0.727437 0.393365 0.727437 0.396073 0.723827 0.396073 0.722924 0.397427 0.721119 0.398104 0.721119 0.400135 0.718412 0.400812 0.718412 0.401490 0.717509 0.402844 0.717509 0.403521 0.716606 0.404198 0.716606 0.404875 0.715704 0.405552 0.715704 0.406906 0.713899 0.407583 0.713899 0.408937 0.712094 0.408937 0.711191 0.409614 0.710289 0.409614 0.705776 0.408260 0.703971 0.407583 0.703971 0.406229 0.702166 0.405552 0.702166 0.404198 0.700361 0.403521 0.700361 0.402844 0.699458 0.402167 0.699458 0.401490 0.698556 0.400135 0.698556 0.399458 0.697653 0.397427 0.697653 0.396750 0.696751 0.393365 0.696751 0.392688 0.695848
2 0.507786 0.503610 0.507109 0.504513 0.503724 0.504513 0.503047 0.505415 0.501693 0.505415 0.501016 0.506318 0.500339 0.506318 0.498307 0.509025 0.498307 0.509928 0.497630 0.510830 0.497630 0.512635 0.496953 0.513538 0.496953 0.516245 0.497630 0.517148 0.497630 0.518051 0.498307 0.518953 0.500339 0.518953 0.501016 0.519856 0.503724 0.519856 0.504401 0.518953 0.509140 0.518953 0.509817 0.518051 0.511171 0.518051 0.511848 0.517148 0.512525 0.517148 0.514557 0.514440 0.514557 0.513538 0.515911 0.511733 0.515911 0.510830 0.516588 0.509928 0.516588 0.504513 0.515911 0.503610 0.512525 0.503610 0.511848 0.504513 0.510494 0.504513 0.509817 0.503610
2 0.464455 0.681408 0.463778 0.682310 0.461747 0.682310 0.461070 0.683213 0.459039 0.683213 0.458362 0.684116 0.454976 0.684116 0.454299 0.685018 0.449560 0.685018 0.448883 0.685921 0.448883 0.686823 0.448206 0.687726 0.448206 0.688628 0.448883 0.689531 0.448883 0.690433 0.449560 0.691336 0.449560 0.692238 0.450237 0.693141 0.450237 0.694043 0.450914 0.694946 0.450914 0.695848 0.451591 0.696751 0.451591 0.697653 0.452945 0.699458 0.452945 0.700361 0.454299 0.702166 0.454299 0.703069 0.454976 0.703971 0.454976 0.704874 0.455653 0.705776 0.455653 0.706679 0.456330 0.707581 0.456330 0.708484 0.457007 0.709386 0.457007 0.710289 0.457684 0.711191 0.457684 0.712094 0.459716 0.714801 0.459716 0.715704 0.460393 0.716606 0.461070 0.716606 0.462424 0.718412 0.463101 0.718412 0.463778 0.719314 0.464455 0.719314 0.465132 0.720217 0.465809 0.720217 0.466486 0.721119 0.477319 0.721119 0.477996 0.720217 0.479350 0.720217 0.480027 0.719314 0.480704 0.719314 0.482058 0.717509 0.482058 0.716606 0.482735 0.715704 0.482735 0.705776 0.482058 0.704874 0.482058 0.703069 0.481381 0.702166 0.481381 0.701264 0.478673 0.697653 0.478673 0.696751 0.476642 0.694043 0.476642 0.693141 0.475288 0.691336 0.475288 0.690433 0.474611 0.689531 0.474611 0.688628 0.473934 0.687726 0.473934 0.686823 0.473257 0.685921 0.473257 0.685018 0.471903 0.683213 0.471225 0.683213 0.470548 0.682310 0.468517 0.682310 0.467840 0.681408