0 0.653351 0.508123 0.652674 0.509025 0.649966 0.509025 0.649289 0.509928 0.648612 0.509928 0.647935 0.510830 0.647258 0.510830 0.641842 0.518051 0.641842 0.524368 0.642519 0.525271 0.641842 0.526173 0.641842 0.527076 0.640487 0.528881 0.626947 0.528881 0.626269 0.529783 0.621530 0.529783 0.620853 0.530686 0.617468 0.530686 0.616791 0.531588 0.615437 0.531588 0.614760 0.532491 0.613406 0.532491 0.612729 0.533394 0.612051 0.533394 0.611374 0.534296 0.610697 0.534296 0.610020 0.535199 0.609343 0.535199 0.604604 0.541516 0.603927 0.541516 0.602573 0.543321 0.601896 0.543321 0.601219 0.544224 0.600542 0.544224 0.599865 0.545126 0.599188 0.545126 0.595802 0.549639 0.595802 0.550542 0.593771 0.553249 0.593771 0.554152 0.589709 0.559567 0.589709 0.560469 0.588355 0.562274 0.588355 0.563177 0.587001 0.564982 0.587001 0.565884 0.584970 0.568592 0.584970 0.569495 0.584292 0.570397 0.584292 0.572202 0.583615 0.573105 0.583615 0.574910 0.582938 0.575812 0.582938 0.578520 0.582261 0.579422 0.582261 0.583032 0.581584 0.583935 0.581584 0.586643 0.580907 0.587545 0.580907 0.592960 0.580230 0.593863 0.580230 0.601986 0.580907 0.602888 0.580907 0.604693 0.581584 0.605596 0.581584 0.606498 0.582261 0.607401 0.582261 0.608303 0.583615 0.610108 0.583615 0.611011 0.584292 0.611913 0.584292 0.612816 0.584970 0.613718 0.584970 0.614621 0.585647 0.615523 0.585647 0.618231 0.586324 0.619134 0.585647 0.620036 0.585647 0.620939 0.583615 0.623646 0.583615 0.624549 0.582261 0.626354 0.582261 0.627256 0.581584 0.628159 0.581584 0.629061 0.580907 0.629964 0.580907 0.632671 0.580230 0.633574 0.580907 0.634477 0.580907 0.638087 0.581584 0.638989 0.581584 0.639892 0.582261 0.639892 0.582938 0.640794 0.583615 0.640794 0.584292 0.641697 0.584970 0.641697 0.585647 0.642599 0.591740 0.642599 0.592417 0.643502 0.595125 0.643502 0.595802 0.644404 0.596479 0.644404 0.597156 0.645307 0.597833 0.645307 0.599188 0.647112 0.599865 0.647112 0.600542 0.648014 0.601219 0.648014 0.601896 0.648917 0.603927 0.648917 0.604604 0.649819 0.609343 0.649819 0.610020 0.650722 0.610697 0.650722 0.611374 0.651625 0.612729 0.651625 0.613406 0.652527 0.616791 0.652527 0.617468 0.653430 0.623561 0.653430 0.624238 0.654332 0.636425 0.654332 0.637102 0.655235 0.647258 0.655235 0.647935 0.654332 0.649289 0.654332 0.650643 0.652527 0.650643 0.647112 0.648612 0.644404 0.647935 0.644404 0.647258 0.643502 0.646581 0.643502 0.645904 0.642599 0.644550 0.642599 0.643873 0.641697 0.642519 0.641697 0.641842 0.640794 0.641165 0.640794 0.640487 0.639892 0.639810 0.639892 0.639133 0.638989 0.638456 0.638989 0.637102 0.637184 0.636425 0.637184 0.635748 0.636282 0.635748 0.635379 0.635071 0.634477 0.635071 0.626354 0.636425 0.624549 0.637102 0.624549 0.639810 0.620939 0.641165 0.620939 0.642519 0.622744 0.643196 0.622744 0.643873 0.623646 0.644550 0.623646 0.645904 0.625451 0.645904 0.626354 0.646581 0.627256 0.647258 0.627256 0.655383 0.638087 0.655383 0.638989 0.658091 0.642599 0.658768 0.642599 0.659445 0.643502 0.660799 0.643502 0.661476 0.644404 0.662153 0.643502 0.663507 0.643502 0.664184 0.642599 0.664861 0.642599 0.665538 0.641697 0.666215 0.641697 0.666892 0.640794 0.667569 0.640794 0.668246 0.639892 0.670955 0.639892 0.671632 0.638989 0.672309 0.638989 0.672309 0.638087 0.672986 0.637184 0.672986 0.633574 0.672309 0.632671 0.672309 0.631769 0.671632 0.630866 0.671632 0.629964 0.670955 0.629964 0.668923 0.627256 0.668923 0.626354 0.661476 0.616426 0.661476 0.615523 0.660122 0.613718 0.660122 0.612816 0.659445 0.611913 0.659445 0.611011 0.658768 0.610108 0.658768 0.609206 0.658091 0.608303 0.658091 0.607401 0.657414 0.606498 0.657414 0.605596 0.656737 0.604693 0.656737 0.603791 0.656060 0.602888 0.656060 0.601986 0.655383 0.601083 0.655383 0.600181 0.654705 0.599278 0.654705 0.598375 0.654028 0.597473 0.654028 0.596570 0.651997 0.593863 0.651997 0.592960 0.651320 0.592058 0.651320 0.582130 0.651997 0.581227 0.651997 0.577617 0.652674 0.576715 0.652674 0.567690 0.651997 0.566787 0.651997 0.561372 0.651320 0.560469 0.652674 0.558664 0.653351 0.558664 0.656060 0.555054 0.656737 0.555054 0.658091 0.553249 0.658091 0.552347 0.664184 0.544224 0.664861 0.544224 0.668923 0.538809 0.668923 0.537906 0.670955 0.535199 0.670955 0.533394 0.671632 0.532491 0.671632 0.523466 0.670955 0.522563 0.670955 0.520758 0.670278 0.519856 0.670278 0.518051 0.668923 0.516245 0.668923 0.515343 0.668246 0.514440 0.667569 0.514440 0.664861 0.510830 0.664184 0.510830 0.663507 0.509928 0.662830 0.509928 0.662153 0.509025 0.661476 0.509025 0.660799 0.508123
0 0.360867 0.351986 0.360190 0.352888 0.358835 0.352888 0.358158 0.353791 0.357481 0.353791 0.356804 0.354693 0.356127 0.354693 0.355450 0.355596 0.354773 0.355596 0.352742 0.358303 0.352065 0.358303 0.352065 0.359206 0.350034 0.361913 0.350034 0.362816 0.348680 0.364621 0.348680 0.365523 0.348003 0.366426 0.348003 0.367329 0.347326 0.368231 0.347326 0.370036 0.346649 0.370939 0.346649 0.377256 0.348003 0.379061 0.348003 0.379964 0.350711 0.383574 0.350711 0.384477 0.355450 0.390794 0.356127 0.390794 0.358158 0.393502 0.358158 0.394404 0.362898 0.400722 0.363575 0.400722 0.364929 0.402527 0.366283 0.402527 0.368991 0.406137 0.368991 0.413357 0.368314 0.414260 0.368314 0.431408 0.368991 0.432310 0.368991 0.434116 0.369668 0.435018 0.369668 0.436823 0.370345 0.437726 0.370345 0.439531 0.371022 0.440433 0.371022 0.442238 0.371699 0.443141 0.371699 0.444043 0.372376 0.444946 0.372376 0.447653 0.373053 0.448556 0.373053 0.453971 0.373731 0.454874 0.373731 0.457581 0.373053 0.458484 0.373053 0.461191 0.372376 0.462094 0.372376 0.466606 0.371699 0.467509 0.371699 0.469314 0.371022 0.470217 0.371022 0.472924 0.370345 0.473827 0.370345 0.475632 0.369668 0.476534 0.369668 0.478339 0.368991 0.479242 0.368991 0.481047 0.366960 0.483755 0.366960 0.487365 0.366283 0.488267 0.366283 0.490072 0.365606 0.490975 0.365606 0.492780 0.364929 0.493682 0.364929 0.494585 0.364252 0.495487 0.364252 0.496390 0.363575 0.497292 0.363575 0.499097 0.362898 0.500000 0.362898 0.500903 0.362221 0.501805 0.362221 0.502708 0.361544 0.503610 0.361544 0.506318 0.360867 0.507220 0.360867 0.514440 0.361544 0.515343 0.361544 0.517148 0.362221 0.518051 0.362221 0.518953 0.364929 0.522563 0.366283 0.522563 0.366960 0.523466 0.367637 0.523466 0.368314 0.524368 0.368991 0.524368 0.369668 0.525271 0.369668 0.536101 0.368991 0.537004 0.368991 0.539711 0.368314 0.540614 0.368314 0.547834 0.367637 0.548736 0.367637 0.564079 0.368314 0.564982 0.368314 0.565884 0.368991 0.566787 0.368991 0.568592 0.369668 0.569495 0.369668 0.575812 0.370345 0.576715 0.370345 0.581227 0.371022 0.582130 0.371022 0.584838 0.371699 0.585740 0.371699 0.586643 0.372376 0.587545 0.372376 0.589350 0.373053 0.590253 0.373053 0.591155 0.373731 0.592058 0.373731 0.594765 0.374408 0.595668 0.374408 0.598375 0.375085 0.599278 0.375085 0.601986 0.375762 0.602888 0.375762 0.604693 0.376439 0.605596 0.376439 0.608303 0.377116 0.609206 0.377116 0.611913 0.377793 0.612816 0.377793 0.620939 0.377116 0.621841 0.377116 0.624549 0.376439 0.625451 0.376439 0.626354 0.374408 0.629061 0.373731 0.629061 0.372376 0.630866 0.371699 0.630866 0.370345 0.632671 0.369668 0.632671 0.368991 0.633574 0.368314 0.633574 0.367637 0.634477 0.366960 0.634477 0.366283 0.635379 0.364252 0.635379 0.363575 0.636282 0.359513 0.636282 0.358835 0.637184 0.358158 0.637184 0.357481 0.638087 0.357481 0.638989 0.356804 0.639892 0.356804 0.640794 0.357481 0.641697 0.357481 0.642599 0.358835 0.644404 0.360867 0.644404 0.361544 0.645307 0.381855 0.645307 0.382532 0.644404 0.385917 0.644404 0.386594 0.645307 0.389980 0.645307 0.390657 0.644404 0.393365 0.644404 0.394042 0.643502 0.394719 0.643502 0.394719 0.642599 0.395396 0.641697 0.395396 0.638989 0.396073 0.638087 0.396073 0.632671 0.395396 0.631769 0.395396 0.623646 0.396073 0.622744 0.395396 0.621841 0.395396 0.608303 0.394719 0.607401 0.394719 0.601986 0.394042 0.601083 0.394042 0.599278 0.393365 0.598375 0.393365 0.595668 0.392688 0.594765 0.392688 0.590253 0.392011 0.589350 0.392011 0.583935 0.391334 0.583032 0.391334 0.579422 0.390657 0.578520 0.390657 0.574910 0.389980 0.574007 0.389980 0.567690 0.390657 0.566787 0.394042 0.566787 0.394719 0.567690 0.394719 0.568592 0.395396 0.569495 0.395396 0.570397 0.396750 0.572202 0.396750 0.573105 0.399458 0.576715 0.399458 0.577617 0.402844 0.582130 0.402844 0.583032 0.404198 0.584838 0.404198 0.585740 0.404875 0.586643 0.404875 0.587545 0.406229 0.589350 0.406229 0.590253 0.406906 0.591155 0.406906 0.592058 0.407583 0.592960 0.407583 0.593863 0.408260 0.594765 0.408260 0.595668 0.408937 0.596570 0.408937 0.599278 0.409614 0.600181 0.409614 0.601986 0.410291 0.602888 0.410291 0.606498 0.410968 0.607401 0.410968 0.609206 0.411645 0.610108 0.411645 0.611011 0.412322 0.611913 0.412322 0.612816 0.414353 0.615523 0.414353 0.616426 0.415030 0.616426 0.416385 0.618231 0.416385 0.619134 0.417739 0.620939 0.417739 0.621841 0.418416 0.622744 0.418416 0.623646 0.419093 0.624549 0.419093 0.625451 0.419770 0.626354 0.419770 0.628159 0.420447 0.629061 0.420447 0.634477 0.421124 0.635379 0.421124 0.643502 0.421801 0.644404 0.421801 0.646209 0.423155 0.648014 0.423832 0.648014 0.424509 0.648917 0.427217 0.648917 0.427894 0.648014 0.429248 0.648014 0.429926 0.647112 0.430603 0.647112 0.431280 0.646209 0.431957 0.646209 0.435342 0.641697 0.435342 0.640794 0.436019 0.639892 0.436019 0.631769 0.435342 0.630866 0.435342 0.629061 0.434665 0.628159 0.434665 0.626354 0.433988 0.625451 0.433988 0.623646 0.433311 0.622744 0.433311 0.620939 0.432634 0.620036 0.432634 0.617329 0.431957 0.616426 0.431957 0.612816 0.431280 0.611913 0.431280 0.610108 0.430603 0.609206 0.430603 0.607401 0.429926 0.606498 0.429926 0.605596 0.429248 0.604693 0.429248 0.602888 0.428571 0.601986 0.428571 0.601083 0.427894 0.600181 0.427894 0.599278 0.427217 0.598375 0.427217 0.596570 0.426540 0.595668 0.426540 0.592960 0.425863 0.592058 0.425863 0.590253 0.425186 0.589350 0.425186 0.587545 0.424509 0.586643 0.424509 0.585740 0.423832 0.584838 0.423832 0.583032 0.423155 0.582130 0.423155 0.580325 0.422478 0.579422 0.422478 0.578520 0.421801 0.577617 0.421801 0.576715 0.421124 0.575812 0.421124 0.574007 0.420447 0.573105 0.420447 0.572202 0.419770 0.571300 0.419770 0.570397 0.419093 0.569495 0.419093 0.568592 0.418416 0.567690 0.418416 0.566787 0.417739 0.565884 0.417739 0.564982 0.417062 0.564079 0.417062 0.563177 0.416385 0.562274 0.416385 0.560469 0.415708 0.559567 0.415708 0.557762 0.415030 0.556859 0.415030 0.554152 0.414353 0.553249 0.414353 0.551444 0.413676 0.550542 0.413676 0.542419 0.414353 0.541516 0.414353 0.537906 0.415030 0.537004 0.415030 0.533394 0.415708 0.532491 0.415708 0.529783 0.416385 0.528881 0.416385 0.526173 0.417062 0.525271 0.417062 0.522563 0.417739 0.521661 0.417739 0.520758 0.418416 0.519856 0.418416 0.518051 0.419093 0.517148 0.419093 0.515343 0.419770 0.514440 0.419770 0.512635 0.420447 0.511733 0.420447 0.509928 0.421124 0.509025 0.421124 0.507220 0.421801 0.506318 0.421801 0.504513 0.423155 0.502708 0.423155 0.501805 0.423832 0.500903 0.423832 0.500000 0.424509 0.499097 0.424509 0.488267 0.423832 0.487365 0.423832 0.486462 0.423155 0.485560 0.423155 0.483755 0.422478 0.482852 0.422478 0.479242 0.421801 0.478339 0.421801 0.476534 0.422478 0.475632 0.422478 0.472022 0.423155 0.471119 0.423155 0.470217 0.423832 0.469314 0.423832 0.468412 0.425186 0.466606 0.425186 0.465704 0.425863 0.464801 0.425863 0.462996 0.426540 0.462094 0.426540 0.460289 0.427217 0.459386 0.427217 0.457581 0.427894 0.456679 0.427894 0.455776 0.428571 0.454874 0.428571 0.452166 0.429248 0.451264 0.429248 0.447653 0.429926 0.446751 0.429926 0.436823 0.429248 0.435921 0.429248 0.432310 0.428571 0.431408 0.428571 0.427798 0.427894 0.426895 0.427894 0.425993 0.427217 0.425090 0.427217 0.417870 0.426540 0.416968 0.426540 0.416065 0.425863 0.415162 0.425863 0.414260 0.423155 0.410650 0.423155 0.409747 0.422478 0.408845 0.422478 0.407942 0.421801 0.407040 0.421801 0.406137 0.420447 0.404332 0.420447 0.403430 0.419093 0.401625 0.419093 0.400722 0.417062 0.398014 0.417062 0.397112 0.411645 0.389892 0.410968 0.389892 0.409614 0.388087 0.408937 0.388087 0.408260 0.387184 0.407583 0.387184 0.406906 0.386282 0.406229 0.386282 0.405552 0.385379 0.404875 0.385379 0.404198 0.384477 0.402844 0.384477 0.402167 0.383574 0.401490 0.383574 0.400812 0.382671 0.398104 0.382671 0.397427 0.381769 0.394719 0.381769 0.394042 0.380866 0.390657 0.380866 0.389980 0.379964 0.387271 0.379964 0.385917 0.378159 0.385240 0.378159 0.384563 0.377256 0.383886 0.377256 0.381855 0.374549 0.381855 0.373646 0.381178 0.372744 0.381178 0.371841 0.380501 0.370939 0.380501 0.370036 0.379824 0.369134 0.379824 0.368231 0.379147 0.367329 0.379147 0.366426 0.378470 0.365523 0.378470 0.364621 0.377116 0.362816 0.377116 0.361913 0.375085 0.359206 0.375085 0.358303 0.374408 0.357401 0.373731 0.357401 0.373053 0.356498 0.372376 0.356498 0.371022 0.354693 0.370345 0.354693 0.369668 0.353791 0.368314 0.353791 0.367637 0.352888 0.366960 0.352888 0.366283 0.351986
0 0.129993 0.402527 0.129316 0.403430 0.127285 0.403430 0.126608 0.404332 0.125931 0.404332 0.125254 0.405235 0.124577 0.405235 0.121192 0.409747 0.121192 0.410650 0.120515 0.411552 0.120515 0.414260 0.119838 0.415162 0.119838 0.417870 0.119160 0.418773 0.119160 0.420578 0.118483 0.421480 0.118483 0.425090 0.117806 0.425993 0.117806 0.435018 0.118483 0.435921 0.118483 0.438628 0.121192 0.442238 0.121869 0.442238 0.122546 0.443141 0.124577 0.443141 0.126608 0.445848 0.126608 0.461191 0.127962 0.462996 0.127962 0.469314 0.127285 0.470217 0.127285 0.472022 0.126608 0.472924 0.126608 0.477437 0.125931 0.478339 0.125931 0.495487 0.126608 0.496390 0.126608 0.556859 0.127962 0.556859 0.128639 0.557762 0.129316 0.557762 0.129316 0.555957 0.127962 0.554152 0.127962 0.553249 0.128639 0.552347 0.128639 0.551444 0.129316 0.550542 0.129316 0.545126 0.129993 0.544224 0.129993 0.537906 0.130670 0.537004 0.130670 0.534296 0.129993 0.533394 0.129993 0.530686 0.128639 0.528881 0.128639 0.527978 0.127962 0.527076 0.127962 0.523466 0.128639 0.522563 0.128639 0.520758 0.129316 0.519856 0.129316 0.517148 0.129993 0.516245 0.129993 0.513538 0.129316 0.512635 0.129316 0.511733 0.129993 0.510830 0.129993 0.507220 0.129316 0.506318 0.129316 0.505415 0.127962 0.503610 0.127962 0.499097 0.127285 0.498195 0.127962 0.497292 0.127962 0.496390 0.128639 0.495487 0.128639 0.494585 0.129316 0.493682 0.129316 0.492780 0.129993 0.491877 0.129993 0.490072 0.132024 0.487365 0.132701 0.487365 0.133378 0.486462 0.133378 0.485560 0.134056 0.484657 0.134056 0.483755 0.133378 0.483755 0.132024 0.481949 0.132024 0.464801 0.132701 0.463899 0.132701 0.462996 0.132024 0.462094 0.132024 0.456679 0.132701 0.455776 0.132024 0.454874 0.132024 0.453069 0.131347 0.452166 0.131347 0.442238 0.129993 0.440433 0.129993 0.439531 0.129316 0.438628 0.129316 0.435921 0.129993 0.435018 0.129993 0.432310 0.130670 0.431408 0.130670 0.423285 0.131347 0.422383 0.131347 0.409747 0.132024 0.408845 0.132024 0.406137 0.131347 0.405235 0.131347 0.404332
0 0.146919 0.370939 0.146919 0.371841 0.146242 0.372744 0.146242 0.395307 0.146919 0.396209 0.146919 0.398014 0.146242 0.398917 0.146242 0.401625 0.145565 0.402527 0.145565 0.416968 0.146242 0.417870 0.145565 0.418773 0.145565 0.426895 0.144888 0.427798 0.144888 0.434116 0.144211 0.435018 0.144211 0.440433 0.143534 0.441336 0.143534 0.443141 0.142857 0.444043 0.142857 0.446751 0.143534 0.447653 0.143534 0.449458 0.142857 0.450361 0.142857 0.452166 0.142180 0.453069 0.142180 0.453971 0.140826 0.455776 0.139472 0.455776 0.138795 0.456679 0.136087 0.456679 0.136087 0.457581 0.135410 0.458484 0.135410 0.462094 0.134733 0.462996 0.134733 0.463899 0.135410 0.464801 0.135410 0.465704 0.136087 0.466606 0.136087 0.468412 0.136764 0.469314 0.136764 0.470217 0.136087 0.471119 0.136087 0.472022 0.135410 0.472924 0.135410 0.473827 0.136087 0.474729 0.136087 0.475632 0.136764 0.476534 0.136764 0.481047 0.138795 0.481047 0.139472 0.480144 0.140149 0.480144 0.141503 0.481949 0.141503 0.482852 0.142180 0.483755 0.142180 0.485560 0.141503 0.486462 0.141503 0.487365 0.142857 0.489170 0.142857 0.495487 0.143534 0.496390 0.143534 0.505415 0.144211 0.506318 0.144211 0.509025 0.144888 0.509928 0.144888 0.513538 0.145565 0.514440 0.145565 0.517148 0.146242 0.518051 0.146242 0.519856 0.146919 0.520758 0.146919 0.521661 0.147596 0.522563 0.147596 0.524368 0.148274 0.525271 0.148274 0.533394 0.147596 0.534296 0.147596 0.537906 0.146919 0.538809 0.146919 0.539711 0.146242 0.540614 0.146242 0.542419 0.145565 0.543321 0.145565 0.545126 0.144888 0.546029 0.144888 0.548736 0.144211 0.549639 0.144211 0.551444 0.143534 0.552347 0.143534 0.555054 0.142857 0.555957 0.142857 0.559567 0.142180 0.560469 0.142180 0.568592 0.141503 0.569495 0.141503 0.571300 0.142180 0.572202 0.142180 0.574910 0.142857 0.575812 0.142857 0.576715 0.143534 0.577617 0.143534 0.578520 0.144888 0.580325 0.144888 0.581227 0.145565 0.582130 0.145565 0.584838 0.146242 0.585740 0.146242 0.586643 0.146919 0.587545 0.146919 0.588448 0.148951 0.591155 0.150305 0.591155 0.150982 0.592058 0.155044 0.592058 0.155721 0.591155 0.157075 0.591155 0.157752 0.590253 0.157752 0.584838 0.157075 0.583935 0.157075 0.583032 0.156398 0.582130 0.156398 0.580325 0.155721 0.579422 0.155721 0.576715 0.155044 0.575812 0.155044 0.567690 0.155721 0.566787 0.155721 0.565884 0.157075 0.564079 0.157075 0.562274 0.157752 0.561372 0.157752 0.560469 0.158429 0.559567 0.158429 0.556859 0.159106 0.555957 0.159106 0.553249 0.159783 0.552347 0.159783 0.549639 0.160460 0.548736 0.160460 0.546029 0.161137 0.545126 0.161137 0.540614 0.161814 0.539711 0.161814 0.527076 0.162492 0.526173 0.162492 0.524368 0.163169 0.523466 0.163169 0.520758 0.163846 0.519856 0.163846 0.517148 0.164523 0.516245 0.164523 0.502708 0.165200 0.501805 0.165200 0.490975 0.165877 0.490072 0.165877 0.485560 0.166554 0.484657 0.166554 0.483755 0.169262 0.480144 0.169262 0.478339 0.169939 0.477437 0.169939 0.470217 0.167231 0.466606 0.167231 0.464801 0.166554 0.463899 0.166554 0.462094 0.167231 0.461191 0.167231 0.457581 0.167908 0.456679 0.168585 0.457581 0.168585 0.458484 0.169262 0.459386 0.169262 0.461191 0.169939 0.462094 0.169939 0.462996 0.170616 0.462996 0.172647 0.465704 0.172647 0.467509 0.173324 0.468412 0.173324 0.479242 0.174001 0.480144 0.174001 0.481949 0.174678 0.482852 0.174678 0.484657 0.175355 0.485560 0.175355 0.487365 0.177387 0.490072 0.179418 0.490072 0.180095 0.489170 0.180772 0.489170 0.182126 0.487365 0.182126 0.475632 0.181449 0.474729 0.181449 0.468412 0.180772 0.467509 0.180772 0.462996 0.180095 0.462094 0.180095 0.459386 0.179418 0.458484 0.179418 0.455776 0.178741 0.454874 0.178741 0.452166 0.178064 0.451264 0.178064 0.449458 0.177387 0.448556 0.177387 0.447653 0.176710 0.446751 0.176710 0.444946 0.176032 0.444043 0.176032 0.440433 0.175355 0.439531 0.175355 0.434116 0.174001 0.432310 0.174001 0.431408 0.173324 0.430505 0.173324 0.428700 0.172647 0.427798 0.172647 0.426895 0.171970 0.425993 0.171970 0.425090 0.171293 0.424188 0.171293 0.422383 0.170616 0.421480 0.170616 0.419675 0.169939 0.418773 0.169939 0.416968 0.169262 0.416065 0.169262 0.415162 0.168585 0.414260 0.168585 0.412455 0.165877 0.408845 0.165877 0.407942 0.165200 0.407040 0.164523 0.407040 0.163169 0.405235 0.162492 0.405235 0.161137 0.403430 0.160460 0.403430 0.159783 0.402527 0.159106 0.402527 0.158429 0.401625 0.157075 0.401625 0.156398 0.400722 0.155721 0.400722 0.155044 0.399819 0.153690 0.399819 0.153013 0.398917 0.152336 0.398917 0.151659 0.398014 0.150982 0.398014 0.150305 0.397112 0.150982 0.396209 0.150982 0.394404 0.151659 0.393502 0.151659 0.391697 0.152336 0.390794 0.152336 0.381769 0.151659 0.380866 0.151659 0.378159 0.150982 0.377256 0.150982 0.375451 0.150305 0.374549 0.150305 0.373646 0.148274 0.370939
1 0.651997 0.508123 0.651320 0.509025 0.649289 0.509025 0.648612 0.509928 0.647935 0.509928 0.641165 0.518953 0.641842 0.519856 0.641842 0.522563 0.642519 0.523466 0.643196 0.523466 0.643873 0.524368 0.644550 0.524368 0.645227 0.525271 0.645904 0.525271 0.646581 0.526173 0.647258 0.526173 0.647935 0.527076 0.649289 0.527076 0.649966 0.527978 0.651320 0.527978 0.651997 0.528881 0.652674 0.528881 0.653351 0.529783 0.654705 0.529783 0.655383 0.530686 0.656060 0.530686 0.656737 0.531588 0.657414 0.531588 0.658091 0.532491 0.658768 0.532491 0.659445 0.533394 0.660122 0.533394 0.660799 0.534296 0.661476 0.534296 0.664184 0.537906 0.664861 0.537906 0.665538 0.538809 0.666215 0.538809 0.666892 0.539711 0.668923 0.539711 0.670955 0.537004 0.670955 0.536101 0.671632 0.535199 0.671632 0.521661 0.670955 0.520758 0.670955 0.518953 0.670278 0.518051 0.670278 0.517148 0.665538 0.510830 0.664861 0.510830 0.663507 0.509025 0.662153 0.509025 0.661476 0.508123
2 0.431957 0.620036 0.431280 0.620939 0.429926 0.620939 0.429248 0.621841 0.428571 0.621841 0.427894 0.622744 0.427217 0.622744 0.426540 0.623646 0.425863 0.623646 0.425186 0.624549 0.423832 0.624549 0.423155 0.625451 0.421124 0.625451 0.420447 0.626354 0.420447 0.633574 0.421124 0.634477 0.421124 0.645307 0.421801 0.646209 0.421801 0.647112 0.423155 0.648917 0.423832 0.648917 0.424509 0.649819 0.425186 0.649819 0.425863 0.648917 0.429248 0.648917 0.429926 0.648014 0.430603 0.648014 0.431957 0.646209 0.432634 0.646209 0.435342 0.642599 0.435342 0.641697 0.436696 0.639892 0.436696 0.632671 0.436019 0.631769 0.436019 0.630866 0.435342 0.629964 0.435342 0.627256 0.434665 0.626354 0.434665 0.625451 0.433988 0.624549 0.433988 0.623646 0.433311 0.622744 0.433311 0.621841
2 0.615437 0.631769 0.614760 0.632671 0.614083 0.632671 0.611374 0.636282 0.611374 0.637184 0.610697 0.638087 0.610697 0.641697 0.610020 0.642599 0.610020 0.646209 0.609343 0.647112 0.610020 0.648014 0.610020 0.650722 0.610697 0.651625 0.611374 0.651625 0.612051 0.652527 0.612729 0.652527 0.613406 0.653430 0.618145 0.653430 0.618822 0.654332 0.628978 0.654332 0.629655 0.655235 0.643196 0.655235 0.643873 0.656137 0.647258 0.656137 0.647935 0.655235 0.649289 0.655235 0.649966 0.654332 0.650643 0.654332 0.650643 0.651625 0.651320 0.650722 0.651320 0.648014 0.650643 0.647112 0.650643 0.646209 0.649966 0.645307 0.649289 0.645307 0.648612 0.644404 0.647935 0.644404 0.647258 0.643502 0.645904 0.643502 0.645227 0.642599 0.644550 0.642599 0.643873 0.641697 0.642519 0.641697 0.641842 0.640794 0.641165 0.640794 0.640487 0.639892 0.639133 0.639892 0.638456 0.638989 0.637779 0.638989 0.637102 0.638087 0.636425 0.638087 0.635071 0.636282 0.634394 0.636282 0.633717 0.635379 0.623561 0.635379 0.622884 0.634477 0.621530 0.634477 0.620853 0.633574 0.620176 0.633574 0.619499 0.632671 0.617468 0.632671 0.616791 0.631769
2 0.126608 0.576715 0.125931 0.577617 0.125931 0.579422 0.125254 0.580325 0.125254 0.581227 0.125931 0.582130 0.125931 0.583032 0.126608 0.583935 0.126608 0.584838 0.127962 0.583032 0.127962 0.582130 0.128639 0.581227 0.128639 0.577617 0.127962 0.576715
2 0.376439 0.628159 0.375762 0.629061 0.374408 0.629061 0.373731 0.629964 0.373053 0.629964 0.372376 0.630866 0.371699 0.630866 0.371022 0.631769 0.370345 0.631769 0.369668 0.632671 0.368991 0.632671 0.368314 0.633574 0.367637 0.633574 0.366960 0.634477 0.366283 0.634477 0.365606 0.635379 0.362221 0.635379 0.361544 0.636282 0.358835 0.636282 0.358158 0.637184 0.357481 0.637184 0.356804 0.638087 0.356804 0.638989 0.356127 0.639892 0.356127 0.640794 0.356804 0.641697 0.356804 0.643502 0.357481 0.644404 0.358158 0.644404 0.358835 0.645307 0.362898 0.645307 0.363575 0.646209 0.368991 0.646209 0.369668 0.645307 0.393365 0.645307 0.394042 0.644404 0.394719 0.644404 0.395396 0.643502 0.395396 0.640794 0.394719 0.639892 0.394719 0.638989 0.394042 0.638087 0.392688 0.638087 0.392011 0.637184 0.390657 0.637184 0.389980 0.636282 0.389303 0.636282 0.388626 0.635379 0.387271 0.635379 0.385240 0.632671 0.384563 0.632671 0.383886 0.631769 0.382532 0.631769 0.381855 0.630866 0.381178 0.630866 0.380501 0.629964 0.379824 0.629964 0.379147 0.629061 0.377793 0.629061 0.377116 0.628159
2 0.144888 0.565884 0.144211 0.566787 0.143534 0.566787 0.142857 0.567690 0.142857 0.568592 0.142180 0.569495 0.142180 0.574910 0.142857 0.575812 0.142857 0.577617 0.144211 0.579422 0.144211 0.580325 0.144888 0.581227 0.144888 0.582130 0.145565 0.583032 0.145565 0.584838 0.146242 0.585740 0.146242 0.587545 0.146919 0.588448 0.146919 0.589350 0.148274 0.591155 0.148951 0.591155 0.149628 0.592058 0.157075 0.592058 0.157752 0.591155 0.157752 0.590253 0.158429 0.589350 0.158429 0.587545 0.157752 0.586643 0.157752 0.584838 0.157075 0.583935 0.157075 0.582130 0.156398 0.581227 0.156398 0.580325 0.155721 0.579422 0.155721 0.577617 0.155044 0.576715 0.155044 0.574007 0.154367 0.573105 0.154367 0.571300 0.153690 0.570397 0.153690 0.569495 0.151659 0.566787 0.149628 0.566787 0.148951 0.565884
2 0.580907 0.635379 0.580230 0.636282 0.579553 0.636282 0.578876 0.637184 0.578199 0.637184 0.577522 0.638087 0.577522 0.638989 0.576845 0.639892 0.576845 0.640794 0.577522 0.641697 0.577522 0.642599 0.578199 0.643502 0.579553 0.643502 0.580230 0.644404 0.580907 0.644404 0.581584 0.645307 0.582261 0.645307 0.582938 0.646209 0.583615 0.646209 0.584292 0.647112 0.590386 0.647112 0.591063 0.646209 0.592417 0.646209 0.592417 0.645307 0.593094 0.644404 0.593094 0.643502 0.592417 0.642599 0.591740 0.642599 0.591063 0.641697 0.590386 0.641697 0.589709 0.640794 0.588355 0.640794 0.587678 0.639892 0.587001 0.639892 0.586324 0.638989 0.585647 0.638989 0.584970 0.638087 0.584292 0.638087 0.583615 0.637184 0.582938 0.637184 0.581584 0.635379
2 0.596479 0.620036 0.595802 0.620939 0.587678 0.620939 0.587001 0.621841 0.586324 0.621841 0.585647 0.622744 0.584970 0.622744 0.582938 0.625451 0.582261 0.625451 0.581584 0.626354 0.581584 0.627256 0.580907 0.628159 0.580907 0.629964 0.580230 0.630866 0.580230 0.638087 0.580907 0.638989 0.580907 0.639892 0.581584 0.640794 0.582261 0.639892 0.584970 0.639892 0.585647 0.640794 0.585647 0.641697 0.586324 0.642599 0.589032 0.642599 0.589709 0.643502 0.592417 0.643502 0.593094 0.644404 0.595802 0.644404 0.596479 0.645307 0.597156 0.645307 0.598510 0.647112 0.599188 0.647112 0.599865 0.648014 0.600542 0.648014 0.601219 0.648917 0.601896 0.648917 0.602573 0.649819 0.604604 0.649819 0.605281 0.650722 0.606635 0.650722 0.607312 0.649819 0.608666 0.649819 0.609343 0.648917 0.609343 0.648014 0.610020 0.647112 0.610020 0.644404 0.610697 0.643502 0.610697 0.635379 0.610020 0.634477 0.610020 0.633574 0.609343 0.632671 0.609343 0.631769 0.607989 0.629964 0.607989 0.629061 0.603250 0.622744 0.602573 0.622744 0.601896 0.621841 0.601219 0.621841 0.600542 0.620939 0.599865 0.620939 0.599188 0.620036