0 0.316181 0.171480 0.315504 0.172383 0.313473 0.172383 0.312796 0.173285 0.311442 0.173285 0.310765 0.174188 0.310088 0.174188 0.309411 0.175090 0.308734 0.175090 0.307380 0.176895 0.306703 0.176895 0.303318 0.181408 0.303318 0.182310 0.302640 0.183213 0.302640 0.184116 0.301963 0.185018 0.301963 0.186823 0.301286 0.187726 0.301286 0.188628 0.300609 0.189531 0.300609 0.190433 0.299932 0.191336 0.299932 0.194043 0.299255 0.194946 0.299255 0.204874 0.298578 0.205776 0.299255 0.206679 0.299255 0.212094 0.299932 0.212996 0.299932 0.217509 0.300609 0.218412 0.300609 0.222022 0.301286 0.222924 0.301286 0.224729 0.300609 0.225632 0.300609 0.228339 0.301286 0.229242 0.301286 0.231949 0.300609 0.232852 0.300609 0.233755 0.299932 0.234657 0.299932 0.235560 0.298578 0.237365 0.298578 0.246390 0.297901 0.247292 0.297901 0.250903 0.297224 0.251805 0.297224 0.252708 0.296547 0.253610 0.296547 0.255415 0.295870 0.256318 0.295870 0.257220 0.295193 0.258123 0.295193 0.261733 0.294516 0.262635 0.294516 0.264440 0.293839 0.265343 0.293839 0.266245 0.293162 0.267148 0.293162 0.268953 0.292485 0.269856 0.292485 0.270758 0.290454 0.273466 0.290454 0.274368 0.287745 0.277978 0.287745 0.278881 0.287068 0.279783 0.287068 0.280686 0.286391 0.281588 0.286391 0.283394 0.285714 0.284296 0.285714 0.285199 0.285037 0.286101 0.285037 0.287004 0.283683 0.288809 0.283006 0.288809 0.283006 0.290614 0.282329 0.291516 0.282329 0.296029 0.281652 0.296931 0.281652 0.303249 0.280975 0.304152 0.280975 0.311372 0.281652 0.312274 0.281652 0.313177 0.282329 0.314079 0.282329 0.315884 0.283006 0.316787 0.283006 0.317690 0.283683 0.318592 0.283683 0.324007 0.283006 0.324910 0.283006 0.327617 0.282329 0.328520 0.282329 0.330325 0.281652 0.331227 0.281652 0.333032 0.280298 0.334838 0.280298 0.336643 0.279621 0.337545 0.279621 0.340253 0.278944 0.341155 0.278944 0.360108 0.279621 0.361011 0.279621 0.364621 0.280298 0.365523 0.280298 0.368231 0.280975 0.369134 0.280975 0.370036 0.281652 0.370939 0.281652 0.372744 0.282329 0.373646 0.282329 0.374549 0.283006 0.375451 0.283006 0.376354 0.285037 0.379061 0.285037 0.379964 0.287745 0.383574 0.288422 0.383574 0.289777 0.385379 0.290454 0.385379 0.292485 0.388087 0.293839 0.388087 0.294516 0.388989 0.295193 0.388989 0.296547 0.390794 0.299255 0.390794 0.299932 0.391697 0.301963 0.391697 0.303318 0.393502 0.303995 0.393502 0.306703 0.397112 0.309411 0.397112 0.310088 0.398014 0.318890 0.398014 0.319567 0.397112 0.320921 0.397112 0.320921 0.396209 0.322275 0.394404 0.322275 0.393502 0.327014 0.387184 0.327691 0.387184 0.329722 0.384477 0.330399 0.384477 0.332431 0.381769 0.333108 0.381769 0.333785 0.380866 0.334462 0.380866 0.335139 0.379964 0.335139 0.379061 0.341909 0.370036 0.342586 0.370036 0.343263 0.369134 0.343263 0.368231 0.345295 0.365523 0.345295 0.364621 0.346649 0.362816 0.346649 0.361913 0.347326 0.361011 0.347326 0.360108 0.348680 0.358303 0.348680 0.357401 0.349357 0.356498 0.349357 0.355596 0.351388 0.352888 0.352065 0.352888 0.358158 0.344765 0.358835 0.344765 0.359513 0.343863 0.360190 0.343863 0.360867 0.342960 0.361544 0.342960 0.362221 0.342058 0.364252 0.342058 0.364929 0.341155 0.366283 0.341155 0.366283 0.340253 0.367637 0.338448 0.368314 0.338448 0.369668 0.336643 0.369668 0.335740 0.370345 0.334838 0.370345 0.333032 0.371699 0.331227 0.372376 0.331227 0.373053 0.330325 0.373731 0.330325 0.374408 0.329422 0.375085 0.329422 0.375762 0.328520 0.376439 0.328520 0.377116 0.327617 0.379147 0.327617 0.379824 0.326715 0.383209 0.326715 0.383886 0.325812 0.386594 0.325812 0.387271 0.324910 0.394042 0.324910 0.394719 0.324007 0.395396 0.324007 0.395396 0.323105 0.394719 0.322202 0.394719 0.321300 0.394042 0.320397 0.393365 0.320397 0.391334 0.317690 0.390657 0.317690 0.389980 0.316787 0.389303 0.316787 0.388626 0.315884 0.387949 0.315884 0.386594 0.314079 0.385917 0.314079 0.383209 0.310469 0.383209 0.309567 0.381855 0.307762 0.381855 0.305957 0.380501 0.304152 0.380501 0.302347 0.378470 0.299639 0.379147 0.298736 0.383209 0.298736 0.383886 0.297834 0.383886 0.296931 0.384563 0.296029 0.384563 0.293321 0.385240 0.292419 0.385240 0.287906 0.385917 0.287004 0.385917 0.285199 0.386594 0.284296 0.386594 0.281588 0.387271 0.280686 0.387271 0.277978 0.387949 0.277076 0.387949 0.275271 0.388626 0.274368 0.388626 0.273466 0.389303 0.272563 0.389303 0.268051 0.387949 0.266245 0.387949 0.265343 0.387271 0.265343 0.386594 0.264440 0.385917 0.264440 0.385240 0.263538 0.384563 0.263538 0.383886 0.262635 0.383209 0.262635 0.381855 0.260830 0.381178 0.260830 0.380501 0.259928 0.379824 0.259928 0.378470 0.258123 0.377793 0.258123 0.377116 0.257220 0.376439 0.257220 0.375762 0.256318 0.375085 0.256318 0.374408 0.255415 0.373731 0.255415 0.373053 0.254513 0.372376 0.254513 0.371699 0.253610 0.370345 0.253610 0.368991 0.251805 0.368314 0.251805 0.367637 0.250903 0.366960 0.250903 0.366283 0.250000 0.364929 0.250000 0.364252 0.249097 0.363575 0.249097 0.362898 0.248195 0.362221 0.248195 0.361544 0.247292 0.359513 0.247292 0.358835 0.246390 0.356804 0.246390 0.356127 0.245487 0.355450 0.245487 0.354773 0.244585 0.354773 0.243682 0.354096 0.242780 0.354096 0.240975 0.353419 0.240072 0.353419 0.239170 0.352742 0.238267 0.352742 0.234657 0.352065 0.233755 0.352065 0.226534 0.352742 0.225632 0.352742 0.224729 0.353419 0.223827 0.353419 0.222924 0.356127 0.219314 0.356127 0.218412 0.356804 0.217509 0.356804 0.216606 0.357481 0.215704 0.357481 0.213899 0.358158 0.212996 0.358158 0.209386 0.357481 0.208484 0.357481 0.207581 0.356804 0.206679 0.356804 0.205776 0.356127 0.204874 0.356127 0.203971 0.354773 0.202166 0.354096 0.202166 0.350711 0.197653 0.350034 0.197653 0.348680 0.195848 0.348680 0.194946 0.346649 0.192238 0.346649 0.191336 0.345295 0.189531 0.345295 0.188628 0.343940 0.186823 0.343940 0.185921 0.341909 0.183213 0.341232 0.183213 0.337170 0.177798 0.336493 0.177798 0.335139 0.175993 0.334462 0.175993 0.333785 0.175090 0.333108 0.175090 0.332431 0.174188 0.331077 0.174188 0.330399 0.173285 0.328368 0.173285 0.327691 0.172383 0.324983 0.172383 0.324306 0.171480
0 0.314150 0.431408 0.314150 0.434116 0.313473 0.435018 0.314150 0.435921 0.314827 0.435018 0.314827 0.433213 0.315504 0.432310 0.314827 0.431408
0 0.331077 0.427798 0.331077 0.430505 0.331754 0.430505 0.332431 0.429603 0.333108 0.429603 0.333785 0.428700 0.333108 0.428700 0.332431 0.427798
0 0.416385 0.245487 0.415708 0.246390 0.413676 0.246390 0.412999 0.247292 0.410968 0.247292 0.410291 0.248195 0.409614 0.248195 0.408937 0.249097 0.408260 0.249097 0.407583 0.250000 0.406906 0.250000 0.406229 0.250903 0.405552 0.250903 0.404198 0.252708 0.403521 0.252708 0.402167 0.254513 0.401490 0.254513 0.394042 0.264440 0.394042 0.265343 0.392688 0.267148 0.392688 0.268051 0.392011 0.268953 0.392011 0.269856 0.391334 0.270758 0.391334 0.272563 0.390657 0.273466 0.390657 0.274368 0.389980 0.275271 0.389980 0.276173 0.389303 0.277076 0.389303 0.278881 0.388626 0.279783 0.388626 0.283394 0.387949 0.284296 0.387949 0.294224 0.387271 0.295126 0.387271 0.297834 0.386594 0.298736 0.386594 0.301444 0.385917 0.302347 0.385917 0.305957 0.385240 0.306859 0.385917 0.307762 0.385917 0.308664 0.386594 0.309567 0.386594 0.310469 0.387271 0.311372 0.387949 0.311372 0.388626 0.312274 0.389303 0.312274 0.390657 0.314079 0.392011 0.314079 0.392688 0.314982 0.393365 0.314982 0.394042 0.315884 0.396073 0.315884 0.396750 0.316787 0.398104 0.316787 0.399458 0.318592 0.399458 0.319495 0.400812 0.321300 0.400812 0.324910 0.400135 0.325812 0.400135 0.326715 0.398104 0.329422 0.397427 0.329422 0.396750 0.330325 0.394719 0.330325 0.394042 0.331227 0.391334 0.331227 0.389980 0.333032 0.385917 0.333032 0.385240 0.333935 0.383886 0.333935 0.383209 0.334838 0.382532 0.334838 0.379824 0.338448 0.379824 0.339350 0.379147 0.340253 0.379147 0.341155 0.378470 0.342058 0.378470 0.342960 0.377793 0.343863 0.377793 0.347473 0.377116 0.348375 0.377116 0.349278 0.376439 0.350181 0.375085 0.350181 0.374408 0.351083 0.373053 0.351083 0.370345 0.354693 0.369668 0.354693 0.366960 0.358303 0.366960 0.359206 0.366283 0.360108 0.365606 0.360108 0.364252 0.361913 0.364252 0.362816 0.360867 0.367329 0.360867 0.368231 0.360190 0.369134 0.360190 0.370036 0.358158 0.372744 0.358158 0.373646 0.357481 0.374549 0.357481 0.375451 0.356127 0.377256 0.355450 0.377256 0.352065 0.381769 0.351388 0.381769 0.350711 0.382671 0.350711 0.384477 0.350034 0.385379 0.350034 0.386282 0.348680 0.388087 0.348003 0.388087 0.346649 0.389892 0.346649 0.390794 0.345972 0.391697 0.345972 0.393502 0.344617 0.395307 0.344617 0.396209 0.343940 0.397112 0.343940 0.398014 0.343263 0.398917 0.343263 0.400722 0.340555 0.404332 0.339878 0.404332 0.338524 0.406137 0.337170 0.406137 0.334462 0.409747 0.331077 0.409747 0.330399 0.410650 0.328368 0.410650 0.328368 0.413357 0.329045 0.414260 0.329045 0.416968 0.330399 0.418773 0.331077 0.418773 0.331754 0.419675 0.332431 0.419675 0.333108 0.420578 0.333785 0.420578 0.336493 0.424188 0.336493 0.425993 0.335816 0.426895 0.335816 0.427798 0.335139 0.428700 0.335139 0.429603 0.336493 0.431408 0.335139 0.433213 0.332431 0.433213 0.331754 0.432310 0.331077 0.433213 0.331077 0.435921 0.331754 0.436823 0.331754 0.437726 0.332431 0.438628 0.331077 0.440433 0.330399 0.440433 0.329722 0.441336 0.329045 0.441336 0.327691 0.443141 0.315504 0.443141 0.314827 0.444043 0.312119 0.444043 0.311442 0.444946 0.310765 0.444946 0.309411 0.446751 0.308057 0.446751 0.307380 0.447653 0.307380 0.448556 0.306703 0.449458 0.306703 0.451264 0.306026 0.452166 0.306026 0.453069 0.305349 0.453971 0.305349 0.455776 0.304672 0.456679 0.304672 0.457581 0.303995 0.458484 0.303995 0.459386 0.302640 0.461191 0.302640 0.462094 0.301963 0.462996 0.301963 0.464801 0.301286 0.465704 0.301286 0.468412 0.300609 0.469314 0.300609 0.473827 0.299932 0.474729 0.299932 0.475632 0.299255 0.476534 0.299255 0.477437 0.298578 0.478339 0.298578 0.481047 0.297901 0.481949 0.297901 0.490975 0.297224 0.491877 0.297224 0.500000 0.297901 0.500903 0.297901 0.505415 0.298578 0.506318 0.298578 0.507220 0.299255 0.508123 0.299255 0.509928 0.300609 0.511733 0.300609 0.514440 0.301286 0.515343 0.301286 0.516245 0.301963 0.517148 0.302640 0.517148 0.303995 0.518953 0.303995 0.519856 0.304672 0.520758 0.304672 0.522563 0.305349 0.523466 0.305349 0.524368 0.307380 0.527076 0.307380 0.527978 0.308057 0.528881 0.308057 0.530686 0.308734 0.531588 0.308734 0.532491 0.310088 0.534296 0.310765 0.534296 0.313473 0.537906 0.313473 0.538809 0.314150 0.539711 0.314827 0.539711 0.315504 0.540614 0.316181 0.540614 0.318213 0.543321 0.318890 0.543321 0.321598 0.546931 0.322275 0.546931 0.323629 0.548736 0.324306 0.548736 0.324983 0.549639 0.325660 0.549639 0.326337 0.550542 0.327014 0.550542 0.327691 0.551444 0.328368 0.551444 0.329045 0.552347 0.329722 0.552347 0.330399 0.553249 0.331077 0.553249 0.331754 0.554152 0.332431 0.554152 0.333108 0.555054 0.333785 0.555054 0.334462 0.555957 0.335139 0.555957 0.335816 0.556859 0.336493 0.556859 0.337170 0.557762 0.338524 0.557762 0.339201 0.558664 0.339878 0.558664 0.340555 0.559567 0.341232 0.559567 0.341909 0.560469 0.343263 0.560469 0.343940 0.561372 0.344617 0.561372 0.345295 0.562274 0.357481 0.562274 0.358158 0.563177 0.360867 0.563177 0.361544 0.564079 0.362221 0.564079 0.364929 0.567690 0.364929 0.570397 0.364252 0.571300 0.364252 0.574007 0.364929 0.574910 0.364929 0.575812 0.365606 0.576715 0.365606 0.577617 0.366283 0.577617 0.367637 0.575812 0.367637 0.574910 0.368991 0.573105 0.368991 0.571300 0.369668 0.570397 0.369668 0.568592 0.370345 0.567690 0.370345 0.566787 0.371022 0.565884 0.371699 0.565884 0.372376 0.564982 0.373731 0.564982 0.374408 0.564079 0.376439 0.564079 0.377116 0.563177 0.388626 0.563177 0.389303 0.562274 0.392011 0.562274 0.392688 0.561372 0.395396 0.561372 0.396073 0.560469 0.398104 0.560469 0.398781 0.559567 0.400812 0.559567 0.401490 0.558664 0.404875 0.558664 0.405552 0.557762 0.408260 0.557762 0.408937 0.556859 0.410968 0.556859 0.411645 0.555957 0.412999 0.555957 0.413676 0.555054 0.415030 0.555054 0.415708 0.554152 0.416385 0.554152 0.417062 0.553249 0.417739 0.553249 0.418416 0.552347 0.419093 0.552347 0.419770 0.551444 0.420447 0.551444 0.421124 0.550542 0.422478 0.550542 0.423155 0.549639 0.423832 0.549639 0.424509 0.548736 0.426540 0.548736 0.428571 0.551444 0.428571 0.555054 0.427894 0.555957 0.427894 0.561372 0.427217 0.562274 0.427217 0.564982 0.426540 0.565884 0.426540 0.567690 0.425863 0.568592 0.425863 0.570397 0.425186 0.571300 0.425186 0.572202 0.424509 0.573105 0.424509 0.574007 0.423832 0.574910 0.423832 0.575812 0.423155 0.576715 0.423155 0.578520 0.422478 0.579422 0.422478 0.582130 0.421801 0.583032 0.421801 0.584838 0.421124 0.585740 0.421124 0.587545 0.420447 0.588448 0.420447 0.589350 0.419770 0.590253 0.419770 0.591155 0.419093 0.592058 0.419093 0.592960 0.418416 0.593863 0.418416 0.594765 0.416385 0.597473 0.415708 0.597473 0.415030 0.598375 0.414353 0.598375 0.413676 0.599278 0.412999 0.599278 0.412322 0.600181 0.410968 0.600181 0.410291 0.601083 0.410291 0.601986 0.409614 0.602888 0.409614 0.603791 0.408937 0.604693 0.408937 0.605596 0.408260 0.606498 0.408260 0.608303 0.407583 0.609206 0.407583 0.611011 0.406906 0.611913 0.406906 0.616426 0.406229 0.617329 0.406229 0.620939 0.405552 0.621841 0.405552 0.633574 0.406229 0.634477 0.406229 0.635379 0.407583 0.637184 0.408260 0.637184 0.408937 0.638087 0.409614 0.638087 0.410291 0.638989 0.412322 0.638989 0.412999 0.639892 0.417062 0.639892 0.417739 0.640794 0.421801 0.640794 0.422478 0.639892 0.429248 0.639892 0.429926 0.638989 0.433988 0.638989 0.434665 0.638087 0.437373 0.638087 0.438050 0.637184 0.439404 0.637184 0.440081 0.636282 0.442112 0.636282 0.442789 0.635379 0.444144 0.635379 0.444821 0.634477 0.448206 0.634477 0.448883 0.633574 0.452945 0.633574 0.453622 0.632671 0.457684 0.632671 0.458362 0.631769 0.463101 0.631769 0.463778 0.630866 0.465809 0.630866 0.466486 0.629964 0.468517 0.629964 0.469194 0.629061 0.470548 0.629061 0.471225 0.628159 0.472580 0.628159 0.473257 0.627256 0.473934 0.627256 0.474611 0.626354 0.475965 0.626354 0.476642 0.625451 0.477319 0.625451 0.477996 0.624549 0.478673 0.624549 0.479350 0.623646 0.480027 0.623646 0.480704 0.622744 0.481381 0.622744 0.483412 0.620036 0.484089 0.620036 0.486798 0.616426 0.486798 0.615523 0.487475 0.614621 0.487475 0.613718 0.488152 0.612816 0.488152 0.610108 0.488829 0.609206 0.488829 0.605596 0.488152 0.604693 0.488152 0.601986 0.487475 0.601083 0.487475 0.600181 0.484766 0.596570 0.484089 0.596570 0.483412 0.595668 0.482735 0.595668 0.482058 0.594765 0.481381 0.594765 0.480704 0.593863 0.477996 0.593863 0.477319 0.592960 0.473257 0.592960 0.472580 0.592058 0.471903 0.592058 0.469871 0.589350 0.467163 0.589350 0.466486 0.588448 0.460393 0.588448 0.459716 0.587545 0.457684 0.587545 0.457007 0.586643 0.455653 0.586643 0.454299 0.584838 0.455653 0.583032 0.455653 0.582130 0.465809 0.568592 0.466486 0.568592 0.467840 0.566787 0.468517 0.566787 0.469194 0.565884 0.469871 0.565884 0.470548 0.564982 0.471903 0.564982 0.472580 0.564079 0.473934 0.564079 0.474611 0.563177 0.475965 0.563177 0.476642 0.562274 0.477319 0.562274 0.477996 0.561372 0.479350 0.561372 0.480027 0.560469 0.482058 0.560469 0.482735 0.559567 0.484089 0.559567 0.484766 0.558664 0.486121 0.558664 0.486798 0.557762 0.488152 0.557762 0.488829 0.556859 0.490860 0.556859 0.491537 0.555957 0.492214 0.555957 0.492891 0.555054 0.494245 0.555054 0.496953 0.551444 0.496953 0.550542 0.497630 0.549639 0.497630 0.548736 0.496953 0.547834 0.496953 0.539711 0.496276 0.538809 0.496276 0.531588 0.495599 0.530686 0.495599 0.523466 0.494922 0.522563 0.494922 0.515343 0.494245 0.514440 0.494245 0.495487 0.494922 0.494585 0.494922 0.486462 0.495599 0.485560 0.495599 0.484657 0.497630 0.481949 0.505078 0.481949 0.505755 0.481047 0.507109 0.481047 0.507786 0.480144 0.508463 0.480144 0.510494 0.477437 0.510494 0.476534 0.511171 0.475632 0.511848 0.475632 0.511848 0.474729 0.512525 0.473827 0.512525 0.472924 0.513202 0.472022 0.513202 0.471119 0.513879 0.470217 0.513879 0.468412 0.514557 0.467509 0.514557 0.462094 0.513879 0.461191 0.513879 0.459386 0.511848 0.456679 0.511171 0.456679 0.508463 0.453069 0.507786 0.453069 0.501693 0.444946 0.501016 0.444946 0.500339 0.444043 0.499661 0.444043 0.498307 0.442238 0.496953 0.442238 0.496276 0.441336 0.491537 0.441336 0.490860 0.440433 0.490183 0.440433 0.488829 0.438628 0.488152 0.438628 0.482735 0.431408 0.482735 0.430505 0.482058 0.429603 0.482058 0.427798 0.481381 0.426895 0.481381 0.425090 0.480704 0.424188 0.480704 0.422383 0.480027 0.421480 0.480027 0.419675 0.479350 0.418773 0.479350 0.417870 0.478673 0.416968 0.478673 0.415162 0.477996 0.414260 0.477996 0.412455 0.477319 0.411552 0.477319 0.409747 0.476642 0.408845 0.476642 0.407942 0.475965 0.407040 0.475965 0.404332 0.475288 0.403430 0.475288 0.401625 0.474611 0.400722 0.474611 0.399819 0.473934 0.398917 0.473934 0.398014 0.473257 0.397112 0.473257 0.396209 0.472580 0.395307 0.472580 0.392599 0.471903 0.391697 0.471903 0.389892 0.471225 0.388989 0.471225 0.386282 0.470548 0.385379 0.470548 0.383574 0.469871 0.382671 0.469871 0.381769 0.469194 0.380866 0.469194 0.379061 0.468517 0.378159 0.468517 0.376354 0.467840 0.375451 0.467840 0.374549 0.467163 0.373646 0.467163 0.371841 0.465809 0.370036 0.465809 0.369134 0.465132 0.368231 0.465132 0.367329 0.464455 0.366426 0.464455 0.365523 0.463778 0.364621 0.463778 0.363718 0.462424 0.361913 0.462424 0.361011 0.461747 0.360108 0.461747 0.359206 0.459716 0.356498 0.459716 0.355596 0.453622 0.347473 0.453622 0.346570 0.452945 0.345668 0.452945 0.341155 0.453622 0.340253 0.453622 0.336643 0.454299 0.335740 0.454299 0.333032 0.454976 0.332130 0.454976 0.329422 0.455653 0.328520 0.455653 0.324007 0.456330 0.323105 0.456330 0.319495 0.457007 0.318592 0.457007 0.315884 0.459716 0.312274 0.460393 0.312274 0.461070 0.311372 0.461747 0.311372 0.462424 0.310469 0.463101 0.310469 0.463778 0.309567 0.464455 0.309567 0.465132 0.308664 0.465809 0.308664 0.466486 0.307762 0.467163 0.307762 0.467840 0.306859 0.468517 0.306859 0.471225 0.303249 0.471225 0.298736 0.469871 0.296931 0.469871 0.296029 0.469194 0.296029 0.466486 0.292419 0.465809 0.292419 0.462424 0.287906 0.462424 0.287004 0.461747 0.286101 0.461747 0.284296 0.461070 0.283394 0.461070 0.280686 0.460393 0.279783 0.460393 0.277076 0.459716 0.276173 0.459716 0.274368 0.458362 0.272563 0.458362 0.271661 0.457684 0.270758 0.457684 0.268953 0.457007 0.268051 0.457007 0.267148 0.454976 0.264440 0.454976 0.263538 0.446175 0.251805 0.445498 0.251805 0.444821 0.250903 0.444144 0.250903 0.443466 0.250000 0.442789 0.250000 0.442112 0.249097 0.440758 0.249097 0.440081 0.248195 0.439404 0.248195 0.438727 0.247292 0.436019 0.247292 0.435342 0.246390 0.430603 0.246390 0.429926 0.245487
1 0.315504 0.171480 0.314827 0.172383 0.312796 0.172383 0.312119 0.173285 0.311442 0.173285 0.310765 0.174188 0.310088 0.174188 0.309411 0.175090 0.308734 0.175090 0.308057 0.175993 0.307380 0.175993 0.303318 0.181408 0.303318 0.182310 0.302640 0.183213 0.302640 0.184116 0.301963 0.185018 0.301963 0.187726 0.301286 0.188628 0.301286 0.189531 0.300609 0.190433 0.300609 0.191336 0.299932 0.192238 0.299932 0.194946 0.299255 0.195848 0.299255 0.212094 0.299932 0.212996 0.299932 0.217509 0.300609 0.218412 0.300609 0.221119 0.301286 0.222022 0.301286 0.225632 0.300609 0.226534 0.300609 0.227437 0.301286 0.228339 0.301286 0.230144 0.303318 0.232852 0.303995 0.232852 0.304672 0.233755 0.305349 0.233755 0.306026 0.234657 0.306703 0.234657 0.307380 0.235560 0.309411 0.235560 0.310088 0.236462 0.311442 0.236462 0.312119 0.237365 0.314150 0.237365 0.314827 0.238267 0.321598 0.238267 0.322275 0.237365 0.326337 0.237365 0.327014 0.236462 0.331077 0.236462 0.331754 0.235560 0.335139 0.235560 0.335816 0.234657 0.337170 0.234657 0.337847 0.233755 0.338524 0.233755 0.339201 0.232852 0.339878 0.232852 0.340555 0.231949 0.341909 0.231949 0.342586 0.231047 0.343940 0.231047 0.344617 0.230144 0.345295 0.230144 0.345972 0.229242 0.346649 0.229242 0.347326 0.228339 0.348003 0.228339 0.350711 0.224729 0.351388 0.224729 0.356804 0.217509 0.356804 0.216606 0.357481 0.215704 0.357481 0.213899 0.358158 0.212996 0.358158 0.209386 0.357481 0.208484 0.357481 0.206679 0.356804 0.205776 0.356804 0.204874 0.354096 0.201264 0.353419 0.201264 0.349357 0.195848 0.348680 0.195848 0.347326 0.194043 0.347326 0.193141 0.345972 0.191336 0.345972 0.190433 0.345295 0.189531 0.345295 0.188628 0.343940 0.186823 0.343940 0.185921 0.340555 0.181408 0.339878 0.181408 0.337847 0.178700 0.337170 0.178700 0.335816 0.176895 0.335139 0.176895 0.333785 0.175090 0.333108 0.175090 0.332431 0.174188 0.331077 0.174188 0.330399 0.173285 0.329045 0.173285 0.328368 0.172383 0.325660 0.172383 0.324983 0.171480
1 0.421801 0.244585 0.421124 0.245487 0.415030 0.245487 0.414353 0.246390 0.412322 0.246390 0.411645 0.247292 0.410291 0.247292 0.409614 0.248195 0.408937 0.248195 0.408260 0.249097 0.407583 0.249097 0.406906 0.250000 0.406229 0.250000 0.404875 0.251805 0.404198 0.251805 0.402844 0.253610 0.402167 0.253610 0.400135 0.256318 0.399458 0.256318 0.398104 0.258123 0.398104 0.259025 0.397427 0.259928 0.396750 0.259928 0.392688 0.265343 0.392688 0.266245 0.392011 0.267148 0.392011 0.268051 0.391334 0.268953 0.391334 0.269856 0.390657 0.270758 0.390657 0.271661 0.389980 0.272563 0.389980 0.273466 0.389303 0.274368 0.389303 0.276173 0.388626 0.277076 0.388626 0.278881 0.387949 0.279783 0.387949 0.282491 0.387271 0.283394 0.387271 0.287004 0.386594 0.287906 0.386594 0.297834 0.385917 0.298736 0.385917 0.301444 0.385240 0.302347 0.385240 0.305054 0.384563 0.305957 0.384563 0.307762 0.385240 0.308664 0.385240 0.309567 0.386594 0.311372 0.387271 0.311372 0.387949 0.312274 0.389303 0.312274 0.389980 0.313177 0.390657 0.313177 0.391334 0.314079 0.392688 0.314079 0.393365 0.314982 0.395396 0.314982 0.396073 0.315884 0.398781 0.315884 0.399458 0.316787 0.400135 0.316787 0.400812 0.317690 0.429248 0.317690 0.429926 0.316787 0.433988 0.316787 0.434665 0.315884 0.441435 0.315884 0.442112 0.314982 0.446175 0.314982 0.446852 0.314079 0.450237 0.314079 0.450914 0.313177 0.453622 0.313177 0.454299 0.312274 0.457007 0.312274 0.457684 0.311372 0.459716 0.311372 0.460393 0.310469 0.463101 0.310469 0.463778 0.309567 0.464455 0.309567 0.465132 0.308664 0.467163 0.308664 0.468517 0.306859 0.469194 0.306859 0.471903 0.303249 0.471903 0.298736 0.471225 0.297834 0.471225 0.296931 0.469871 0.295126 0.469194 0.295126 0.467840 0.293321 0.467163 0.293321 0.466486 0.292419 0.465809 0.292419 0.462424 0.287906 0.462424 0.286101 0.461747 0.285199 0.461747 0.282491 0.461070 0.281588 0.461070 0.278881 0.460393 0.277978 0.460393 0.276173 0.459716 0.275271 0.459716 0.274368 0.459039 0.273466 0.459039 0.272563 0.458362 0.271661 0.458362 0.270758 0.457684 0.269856 0.457684 0.268051 0.456330 0.266245 0.456330 0.265343 0.454299 0.262635 0.454299 0.261733 0.447529 0.252708 0.446852 0.252708 0.445498 0.250903 0.444821 0.250903 0.444144 0.250000 0.443466 0.250000 0.442789 0.249097 0.441435 0.249097 0.440758 0.248195 0.440081 0.248195 0.439404 0.247292 0.438050 0.247292 0.437373 0.246390 0.435342 0.246390 0.434665 0.245487 0.424509 0.245487 0.423832 0.244585
2 0.452268 0.587545 0.451591 0.588448 0.450914 0.588448 0.449560 0.590253 0.448883 0.590253 0.448883 0.591155 0.448206 0.592058 0.448206 0.592960 0.444144 0.598375 0.444144 0.599278 0.443466 0.600181 0.443466 0.601083 0.441435 0.603791 0.441435 0.604693 0.439404 0.607401 0.438727 0.607401 0.436696 0.610108 0.436019 0.610108 0.435342 0.611011 0.433988 0.611011 0.433311 0.611913 0.432634 0.611913 0.431957 0.612816 0.430603 0.612816 0.429926 0.611913 0.424509 0.611913 0.423832 0.611011 0.421801 0.611011 0.421124 0.610108 0.420447 0.610108 0.417062 0.605596 0.417062 0.604693 0.415708 0.602888 0.415708 0.601986 0.414353 0.600181 0.410968 0.600181 0.410291 0.601083 0.410291 0.602888 0.409614 0.603791 0.409614 0.604693 0.408937 0.605596 0.408937 0.607401 0.408260 0.608303 0.408260 0.609206 0.407583 0.610108 0.407583 0.612816 0.406906 0.613718 0.406906 0.617329 0.406229 0.618231 0.406229 0.624549 0.405552 0.625451 0.405552 0.634477 0.406229 0.635379 0.406229 0.636282 0.407583 0.638087 0.408937 0.638087 0.409614 0.638989 0.410291 0.638989 0.410968 0.639892 0.412999 0.639892 0.413676 0.640794 0.427894 0.640794 0.428571 0.639892 0.432634 0.639892 0.433311 0.638989 0.435342 0.638989 0.436019 0.638087 0.438050 0.638087 0.438727 0.637184 0.440758 0.637184 0.441435 0.636282 0.443466 0.636282 0.444144 0.635379 0.446175 0.635379 0.446852 0.634477 0.450237 0.634477 0.450914 0.633574 0.457007 0.633574 0.457684 0.632671 0.460393 0.632671 0.461070 0.631769 0.464455 0.631769 0.465132 0.630866 0.467163 0.630866 0.467840 0.629964 0.469871 0.629964 0.470548 0.629061 0.471225 0.629061 0.471903 0.628159 0.473257 0.628159 0.473934 0.627256 0.475288 0.627256 0.475965 0.626354 0.476642 0.626354 0.477319 0.625451 0.477996 0.625451 0.478673 0.624549 0.479350 0.624549 0.480027 0.623646 0.480704 0.623646 0.481381 0.622744 0.482058 0.622744 0.483412 0.620939 0.484089 0.620939 0.487475 0.616426 0.487475 0.615523 0.488152 0.614621 0.488152 0.612816 0.488829 0.611913 0.488829 0.603791 0.488152 0.602888 0.488152 0.601083 0.487475 0.600181 0.487475 0.599278 0.484089 0.594765 0.482735 0.594765 0.482058 0.593863 0.479350 0.593863 0.478673 0.592960 0.475965 0.592960 0.475288 0.593863 0.473257 0.593863 0.472580 0.592960 0.472580 0.592058 0.470548 0.589350 0.469194 0.589350 0.468517 0.588448 0.457007 0.588448 0.456330 0.587545
2 0.375762 0.563177 0.375085 0.564079 0.372376 0.564079 0.370345 0.566787 0.370345 0.574007 0.371022 0.574910 0.373053 0.574910 0.373053 0.574007 0.374408 0.572202 0.375085 0.572202 0.376439 0.570397 0.377116 0.570397 0.377793 0.569495 0.378470 0.569495 0.379147 0.568592 0.381178 0.568592 0.381855 0.567690 0.383886 0.567690 0.384563 0.566787 0.385917 0.566787 0.386594 0.565884 0.387271 0.565884 0.387949 0.564982 0.389303 0.564982 0.389980 0.564079 0.392011 0.564079 0.391334 0.563177 0.384563 0.563177 0.383886 0.564079 0.377793 0.564079 0.377116 0.563177
2 0.343940 0.563177 0.343263 0.564079 0.342586 0.564079 0.342586 0.564982 0.341909 0.565884 0.341909 0.568592 0.341232 0.569495 0.341232 0.576715 0.341909 0.577617 0.341909 0.578520 0.343940 0.581227 0.344617 0.581227 0.345295 0.582130 0.345972 0.582130 0.346649 0.583032 0.348003 0.583032 0.348680 0.583935 0.356127 0.583935 0.356804 0.583032 0.359513 0.583032 0.360190 0.582130 0.360867 0.582130 0.361544 0.581227 0.362221 0.581227 0.362898 0.580325 0.362898 0.574910 0.362221 0.574007 0.362221 0.569495 0.361544 0.568592 0.361544 0.566787 0.359513 0.564079 0.351388 0.564079 0.350711 0.563177
3 0.379147 0.330325 0.378470 0.331227 0.376439 0.331227 0.375085 0.333032 0.375085 0.333935 0.372376 0.337545 0.372376 0.338448 0.371022 0.340253 0.371022 0.341155 0.369668 0.342960 0.368991 0.342960 0.368314 0.343863 0.367637 0.343863 0.366960 0.344765 0.364929 0.344765 0.364252 0.345668 0.362221 0.345668 0.361544 0.346570 0.360867 0.346570 0.360190 0.347473 0.359513 0.347473 0.356804 0.351083 0.356127 0.351083 0.354773 0.352888 0.354773 0.353791 0.352742 0.356498 0.352065 0.356498 0.352065 0.357401 0.351388 0.358303 0.351388 0.359206 0.350711 0.360108 0.350711 0.361011 0.348680 0.363718 0.348680 0.364621 0.347326 0.366426 0.347326 0.367329 0.345972 0.369134 0.345295 0.369134 0.344617 0.370036 0.344617 0.370939 0.341909 0.374549 0.341232 0.374549 0.341232 0.375451 0.337170 0.380866 0.337170 0.381769 0.331754 0.388989 0.331754 0.389892 0.329722 0.392599 0.329722 0.396209 0.329045 0.397112 0.329045 0.401625 0.328368 0.402527 0.328368 0.403430 0.327691 0.404332 0.327014 0.404332 0.326337 0.405235 0.324306 0.405235 0.322952 0.407040 0.322275 0.407040 0.321598 0.407942 0.320921 0.407942 0.320921 0.409747 0.320244 0.410650 0.320244 0.411552 0.319567 0.412455 0.319567 0.413357 0.317536 0.416065 0.317536 0.416968 0.316858 0.417870 0.316858 0.418773 0.316181 0.419675 0.316181 0.420578 0.315504 0.421480 0.315504 0.422383 0.314827 0.423285 0.314827 0.424188 0.314150 0.425090 0.314150 0.425993 0.313473 0.426895 0.313473 0.427798 0.312796 0.428700 0.312796 0.429603 0.311442 0.431408 0.311442 0.432310 0.310088 0.434116 0.310088 0.435018 0.300609 0.447653 0.299932 0.447653 0.299255 0.448556 0.298578 0.448556 0.297224 0.450361 0.296547 0.450361 0.294516 0.453069 0.293839 0.453069 0.291808 0.455776 0.291131 0.455776 0.288422 0.459386 0.288422 0.461191 0.287745 0.462094 0.287745 0.462996 0.287068 0.463899 0.287068 0.465704 0.286391 0.466606 0.286391 0.470217 0.285714 0.471119 0.285714 0.474729 0.285037 0.475632 0.285037 0.481047 0.284360 0.481949 0.284360 0.486462 0.283683 0.487365 0.283683 0.491877 0.283006 0.492780 0.283006 0.502708 0.282329 0.503610 0.282329 0.505415 0.283006 0.506318 0.283006 0.509025 0.284360 0.510830 0.284360 0.511733 0.285714 0.513538 0.287068 0.513538 0.287745 0.514440 0.288422 0.514440 0.289100 0.515343 0.291131 0.515343 0.291808 0.516245 0.293839 0.516245 0.294516 0.517148 0.295193 0.517148 0.296547 0.518953 0.296547 0.522563 0.295870 0.523466 0.295870 0.527076 0.295193 0.527978 0.295193 0.532491 0.294516 0.533394 0.294516 0.536101 0.293839 0.537004 0.293839 0.538809 0.293162 0.539711 0.293162 0.543321 0.292485 0.544224 0.292485 0.558664 0.291808 0.559567 0.291808 0.569495 0.292485 0.570397 0.292485 0.573105 0.293162 0.574007 0.293162 0.575812 0.293839 0.576715 0.293839 0.577617 0.294516 0.578520 0.294516 0.579422 0.295193 0.580325 0.295193 0.582130 0.295870 0.583032 0.295870 0.583935 0.296547 0.584838 0.296547 0.585740 0.297224 0.585740 0.297901 0.586643 0.298578 0.586643 0.299255 0.587545 0.303995 0.587545 0.304672 0.586643 0.306703 0.586643 0.307380 0.585740 0.309411 0.585740 0.310088 0.584838 0.311442 0.584838 0.312119 0.583935 0.313473 0.583935 0.314150 0.583032 0.314827 0.583032 0.315504 0.582130 0.317536 0.582130 0.318213 0.581227 0.319567 0.581227 0.320921 0.579422 0.321598 0.579422 0.322275 0.578520 0.322952 0.578520 0.323629 0.577617 0.324306 0.577617 0.327014 0.574007 0.327014 0.573105 0.327691 0.572202 0.327691 0.569495 0.327014 0.569495 0.326337 0.568592 0.324983 0.568592 0.324306 0.567690 0.323629 0.568592 0.322952 0.568592 0.322275 0.569495 0.321598 0.569495 0.320921 0.570397 0.319567 0.570397 0.318890 0.571300 0.318213 0.571300 0.317536 0.572202 0.316858 0.572202 0.316181 0.573105 0.315504 0.573105 0.314827 0.574007 0.312796 0.574007 0.312119 0.574910 0.311442 0.574910 0.310765 0.575812 0.310088 0.575812 0.309411 0.576715 0.308057 0.576715 0.307380 0.577617 0.306026 0.577617 0.305349 0.578520 0.304672 0.578520 0.303995 0.579422 0.299932 0.579422 0.299255 0.578520 0.299255 0.575812 0.298578 0.574910 0.298578 0.574007 0.299255 0.573105 0.299255 0.570397 0.299932 0.569495 0.299932 0.565884 0.300609 0.564982 0.300609 0.560469 0.301286 0.559567 0.301286 0.556859 0.301963 0.555957 0.301963 0.554152 0.302640 0.553249 0.302640 0.550542 0.303318 0.549639 0.303318 0.546931 0.303995 0.546029 0.303995 0.543321 0.304672 0.542419 0.304672 0.540614 0.305349 0.539711 0.305349 0.538809 0.306703 0.537004 0.306703 0.534296 0.307380 0.533394 0.307380 0.532491 0.306703 0.531588 0.306703 0.528881 0.306026 0.527978 0.306026 0.527076 0.305349 0.526173 0.305349 0.525271 0.304672 0.524368 0.304672 0.523466 0.303995 0.522563 0.303995 0.520758 0.301963 0.518051 0.301963 0.517148 0.301286 0.516245 0.301286 0.514440 0.300609 0.513538 0.300609 0.511733 0.299932 0.510830 0.299932 0.509025 0.298578 0.507220 0.298578 0.506318 0.297901 0.505415 0.297901 0.503610 0.297224 0.502708 0.297224 0.487365 0.297901 0.486462 0.297901 0.481949 0.298578 0.481047 0.298578 0.478339 0.299255 0.477437 0.299255 0.476534 0.299932 0.475632 0.299932 0.472924 0.300609 0.472022 0.300609 0.469314 0.301286 0.468412 0.301286 0.466606 0.301963 0.465704 0.301963 0.463899 0.302640 0.462996 0.302640 0.462094 0.303318 0.461191 0.303318 0.460289 0.303995 0.459386 0.303995 0.457581 0.304672 0.456679 0.304672 0.455776 0.306703 0.453069 0.306703 0.452166 0.307380 0.451264 0.307380 0.450361 0.310765 0.445848 0.311442 0.445848 0.312796 0.444043 0.313473 0.444043 0.314150 0.443141 0.316858 0.443141 0.317536 0.442238 0.332431 0.442238 0.333108 0.443141 0.333785 0.443141 0.334462 0.444043 0.335139 0.444043 0.339878 0.450361 0.340555 0.450361 0.342586 0.453069 0.343263 0.453069 0.343940 0.453971 0.344617 0.453971 0.345972 0.455776 0.346649 0.455776 0.347326 0.456679 0.348680 0.456679 0.349357 0.457581 0.350711 0.457581 0.351388 0.458484 0.352065 0.458484 0.352742 0.459386 0.354773 0.459386 0.355450 0.460289 0.357481 0.460289 0.358158 0.461191 0.358835 0.461191 0.360867 0.463899 0.360867 0.466606 0.360190 0.467509 0.360190 0.468412 0.358835 0.470217 0.358835 0.472924 0.358158 0.473827 0.358158 0.475632 0.357481 0.476534 0.357481 0.479242 0.356804 0.480144 0.356804 0.482852 0.356127 0.483755 0.356127 0.484657 0.355450 0.485560 0.355450 0.490072 0.354773 0.490975 0.354773 0.500903 0.355450 0.501805 0.355450 0.504513 0.356127 0.505415 0.356127 0.507220 0.357481 0.509025 0.357481 0.509928 0.358835 0.511733 0.358835 0.512635 0.360190 0.514440 0.360190 0.516245 0.360867 0.517148 0.360867 0.526173 0.360190 0.527076 0.360190 0.529783 0.359513 0.530686 0.359513 0.533394 0.358835 0.534296 0.358835 0.546029 0.359513 0.546931 0.359513 0.549639 0.360190 0.550542 0.360190 0.555054 0.360867 0.555957 0.360867 0.563177 0.361544 0.564079 0.361544 0.565884 0.362221 0.566787 0.362221 0.571300 0.362898 0.572202 0.362898 0.576715 0.363575 0.577617 0.363575 0.578520 0.364252 0.579422 0.364252 0.580325 0.364929 0.581227 0.364929 0.582130 0.366283 0.583935 0.367637 0.583935 0.368314 0.584838 0.368991 0.584838 0.368991 0.583935 0.369668 0.583032 0.369668 0.562274 0.368991 0.561372 0.368991 0.555054 0.368314 0.554152 0.368314 0.546931 0.368991 0.546029 0.368991 0.530686 0.369668 0.529783 0.369668 0.524368 0.370345 0.523466 0.370345 0.520758 0.371022 0.519856 0.371022 0.518953 0.373731 0.515343 0.374408 0.515343 0.377116 0.511733 0.377793 0.511733 0.379147 0.509928 0.379824 0.509928 0.380501 0.509025 0.381178 0.509025 0.382532 0.507220 0.383209 0.507220 0.385240 0.504513 0.385240 0.503610 0.385917 0.502708 0.385917 0.501805 0.386594 0.500903 0.386594 0.499097 0.387271 0.498195 0.387271 0.496390 0.387949 0.495487 0.387949 0.493682 0.388626 0.492780 0.388626 0.491877 0.389303 0.490975 0.389303 0.490072 0.389980 0.489170 0.389980 0.488267 0.390657 0.487365 0.390657 0.484657 0.391334 0.483755 0.391334 0.481949 0.392011 0.481047 0.392011 0.480144 0.392688 0.479242 0.392688 0.477437 0.393365 0.476534 0.393365 0.475632 0.394042 0.474729 0.394042 0.473827 0.394719 0.472924 0.394719 0.471119 0.395396 0.470217 0.395396 0.468412 0.396073 0.467509 0.396073 0.462996 0.398104 0.460289 0.398781 0.460289 0.399458 0.459386 0.402844 0.459386 0.403521 0.460289 0.404198 0.460289 0.406229 0.457581 0.406906 0.457581 0.407583 0.456679 0.408260 0.456679 0.408937 0.455776 0.409614 0.455776 0.410291 0.454874 0.411645 0.454874 0.412322 0.453971 0.413676 0.453971 0.414353 0.453069 0.415030 0.453069 0.416385 0.451264 0.417739 0.451264 0.418416 0.450361 0.419093 0.450361 0.419770 0.449458 0.421124 0.449458 0.421801 0.448556 0.422478 0.448556 0.423832 0.446751 0.425186 0.446751 0.428571 0.442238 0.429248 0.442238 0.430603 0.440433 0.431280 0.440433 0.431957 0.439531 0.437373 0.439531 0.438050 0.438628 0.442789 0.438628 0.445498 0.435018 0.444821 0.434116 0.444821 0.431408 0.444144 0.430505 0.444144 0.429603 0.443466 0.428700 0.443466 0.427798 0.442789 0.427798 0.442112 0.426895 0.441435 0.426895 0.438727 0.423285 0.438727 0.422383 0.438050 0.421480 0.437373 0.421480 0.436696 0.420578 0.436696 0.419675 0.435342 0.417870 0.434665 0.417870 0.432634 0.415162 0.432634 0.414260 0.431280 0.412455 0.430603 0.412455 0.429926 0.411552 0.429926 0.410650 0.429248 0.409747 0.429248 0.408845 0.428571 0.407942 0.428571 0.407040 0.427217 0.407040 0.424509 0.403430 0.423832 0.403430 0.421801 0.400722 0.421124 0.400722 0.420447 0.399819 0.419093 0.399819 0.418416 0.398917 0.417739 0.398917 0.416385 0.397112 0.415708 0.397112 0.414353 0.395307 0.413676 0.395307 0.412322 0.393502 0.409614 0.393502 0.408937 0.392599 0.407583 0.392599 0.406906 0.391697 0.406906 0.390794 0.404875 0.388087 0.404875 0.386282 0.404198 0.385379 0.404198 0.383574 0.403521 0.382671 0.403521 0.381769 0.402844 0.380866 0.402844 0.379061 0.402167 0.378159 0.402167 0.376354 0.401490 0.375451 0.401490 0.373646 0.400812 0.372744 0.400812 0.370939 0.399458 0.369134 0.399458 0.368231 0.398104 0.366426 0.398104 0.364621 0.397427 0.363718 0.397427 0.361913 0.396750 0.361011 0.396750 0.360108 0.396073 0.359206 0.396073 0.358303 0.395396 0.357401 0.395396 0.356498 0.394719 0.355596 0.394719 0.354693 0.394042 0.353791 0.394042 0.351986 0.392688 0.350181 0.392688 0.349278 0.392011 0.348375 0.392011 0.347473 0.391334 0.346570 0.391334 0.345668 0.390657 0.344765 0.390657 0.342058 0.389980 0.341155 0.389980 0.336643 0.390657 0.335740 0.390657 0.334838 0.391334 0.333935 0.391334 0.332130 0.392011 0.331227 0.393365 0.331227 0.384563 0.331227 0.383886 0.330325
3 0.376439 0.287906 0.375762 0.288809 0.373731 0.288809 0.373053 0.289711 0.371022 0.289711 0.379824 0.289711 0.379824 0.288809 0.377116 0.288809
3 0.379824 0.282491 0.379824 0.283394 0.380501 0.282491
3 0.352065 0.250000 0.350711 0.251805 0.350711 0.252708 0.348680 0.255415 0.348680 0.256318 0.348003 0.257220 0.348003 0.259928 0.347326 0.260830 0.347326 0.275271 0.348003 0.276173 0.348003 0.278881 0.348680 0.279783 0.348680 0.282491 0.349357 0.283394 0.349357 0.284296 0.350034 0.285199 0.350034 0.296029 0.350711 0.296931 0.350711 0.304152 0.351388 0.305054 0.351388 0.316787 0.350711 0.317690 0.350711 0.324007 0.350034 0.324910 0.350034 0.326715 0.349357 0.327617 0.349357 0.329422 0.345295 0.334838 0.341232 0.334838 0.340555 0.333935 0.340555 0.327617 0.341232 0.326715 0.341232 0.324910 0.341909 0.324007 0.341232 0.323105 0.341232 0.320397 0.340555 0.319495 0.340555 0.314982 0.339878 0.314079 0.339878 0.312274 0.339201 0.311372 0.339201 0.307762 0.338524 0.306859 0.338524 0.303249 0.337847 0.302347 0.337847 0.300542 0.337170 0.299639 0.337170 0.298736 0.336493 0.297834 0.336493 0.296931 0.335816 0.296029 0.335816 0.295126 0.335139 0.294224 0.335139 0.293321 0.334462 0.292419 0.334462 0.291516 0.333785 0.290614 0.333785 0.289711 0.331754 0.287004 0.331754 0.286101 0.331077 0.285199 0.331077 0.284296 0.330399 0.283394 0.330399 0.282491 0.329722 0.281588 0.329722 0.280686 0.329045 0.279783 0.329045 0.277978 0.328368 0.277076 0.328368 0.276173 0.324306 0.270758 0.324306 0.269856 0.320921 0.265343 0.320921 0.264440 0.318890 0.261733 0.318890 0.260830 0.317536 0.259025 0.313473 0.259025 0.313473 0.259928 0.312796 0.260830 0.312796 0.263538 0.313473 0.264440 0.313473 0.266245 0.314150 0.267148 0.314150 0.268051 0.314827 0.268953 0.314827 0.269856 0.315504 0.270758 0.315504 0.271661 0.316181 0.272563 0.316181 0.274368 0.316858 0.275271 0.316858 0.277076 0.317536 0.277978 0.317536 0.279783 0.318890 0.281588 0.318890 0.283394 0.319567 0.284296 0.319567 0.291516 0.320244 0.292419 0.320244 0.294224 0.319567 0.295126 0.319567 0.301444 0.318890 0.302347 0.318890 0.304152 0.318213 0.305054 0.318213 0.306859 0.317536 0.307762 0.317536 0.308664 0.316858 0.309567 0.316858 0.310469 0.316181 0.311372 0.316181 0.312274 0.315504 0.313177 0.315504 0.317690 0.316181 0.318592 0.316181 0.319495 0.317536 0.319495 0.317536 0.318592 0.318213 0.317690 0.318213 0.316787 0.320244 0.314079 0.320921 0.314079 0.320921 0.313177 0.322275 0.311372 0.322275 0.310469 0.324306 0.307762 0.324306 0.305957 0.324983 0.305054 0.324983 0.303249 0.325660 0.302347 0.325660 0.301444 0.326337 0.300542 0.326337 0.299639 0.327014 0.298736 0.327014 0.297834 0.327691 0.296931 0.329045 0.298736 0.329045 0.299639 0.329722 0.299639 0.332431 0.303249 0.332431 0.305054 0.333108 0.305957 0.333108 0.308664 0.333785 0.309567 0.333785 0.311372 0.334462 0.312274 0.334462 0.320397 0.333785 0.321300 0.333785 0.322202 0.331077 0.325812 0.331077 0.326715 0.330399 0.327617 0.330399 0.331227 0.328368 0.333935 0.327014 0.333935 0.326337 0.334838 0.325660 0.334838 0.324983 0.335740 0.323629 0.335740 0.322952 0.336643 0.318890 0.336643 0.318213 0.335740 0.317536 0.335740 0.316181 0.333935 0.315504 0.333935 0.314827 0.333032 0.314150 0.333032 0.313473 0.332130 0.312796 0.333032 0.309411 0.333032 0.308734 0.333935 0.308057 0.333935 0.307380 0.334838 0.306026 0.334838 0.305349 0.333935 0.304672 0.333935 0.303995 0.333032 0.301286 0.333032 0.300609 0.332130 0.299932 0.332130 0.299255 0.333032 0.295870 0.333032 0.294516 0.331227 0.293839 0.331227 0.293162 0.330325 0.291131 0.330325 0.289777 0.328520 0.289777 0.327617 0.289100 0.326715 0.289100 0.324007 0.288422 0.323105 0.288422 0.321300 0.287745 0.320397 0.287745 0.318592 0.287068 0.317690 0.287068 0.313177 0.286391 0.312274 0.286391 0.298736 0.287068 0.297834 0.287068 0.293321 0.287745 0.292419 0.287745 0.287906 0.288422 0.287004 0.288422 0.284296 0.289100 0.283394 0.289100 0.281588 0.289777 0.280686 0.289777 0.278881 0.290454 0.277978 0.290454 0.277076 0.291131 0.276173 0.291131 0.274368 0.290454 0.273466 0.290454 0.272563 0.288422 0.272563 0.287745 0.273466 0.286391 0.273466 0.285714 0.274368 0.285037 0.274368 0.284360 0.275271 0.284360 0.276173 0.283683 0.277076 0.283683 0.277978 0.283006 0.278881 0.283006 0.281588 0.282329 0.282491 0.282329 0.287004 0.281652 0.287906 0.281652 0.291516 0.280975 0.292419 0.280975 0.295126 0.280298 0.296029 0.280298 0.298736 0.279621 0.299639 0.279621 0.303249 0.278944 0.304152 0.278944 0.306859 0.278267 0.307762 0.278267 0.310469 0.278944 0.311372 0.278944 0.313177 0.279621 0.314079 0.279621 0.314982 0.281652 0.317690 0.281652 0.319495 0.282329 0.320397 0.282329 0.322202 0.283006 0.323105 0.283006 0.325812 0.282329 0.326715 0.282329 0.332130 0.283006 0.333032 0.283006 0.333935 0.283683 0.333935 0.284360 0.334838 0.285037 0.334838 0.285714 0.335740 0.287068 0.335740 0.287745 0.334838 0.305349 0.334838 0.306703 0.336643 0.306703 0.337545 0.308057 0.337545 0.308734 0.338448 0.312119 0.338448 0.312796 0.339350 0.313473 0.339350 0.314827 0.341155 0.314827 0.348375 0.321598 0.348375 0.322275 0.349278 0.326337 0.349278 0.327014 0.348375 0.332431 0.348375 0.333108 0.347473 0.335139 0.347473 0.335816 0.348375 0.337847 0.348375 0.338524 0.349278 0.340555 0.349278 0.341232 0.350181 0.341909 0.350181 0.342586 0.351083 0.343263 0.351083 0.343940 0.351986 0.346649 0.351986 0.347326 0.352888 0.349357 0.352888 0.350034 0.351986 0.351388 0.351986 0.353419 0.349278 0.354096 0.349278 0.356127 0.346570 0.356804 0.346570 0.357481 0.345668 0.358158 0.345668 0.358835 0.344765 0.360190 0.344765 0.360867 0.343863 0.362221 0.343863 0.362898 0.342960 0.364252 0.342960 0.364929 0.342058 0.366283 0.342058 0.368314 0.339350 0.368991 0.339350 0.369668 0.338448 0.369668 0.333935 0.368991 0.333032 0.368991 0.332130 0.366283 0.328520 0.366283 0.326715 0.365606 0.325812 0.365606 0.324910 0.364252 0.323105 0.364252 0.322202 0.363575 0.321300 0.363575 0.320397 0.362898 0.319495 0.362898 0.318592 0.362221 0.317690 0.361544 0.317690 0.360867 0.316787 0.359513 0.316787 0.356804 0.313177 0.356804 0.311372 0.356127 0.310469 0.356127 0.305054 0.355450 0.304152 0.355450 0.297834 0.356127 0.296931 0.356127 0.295126 0.355450 0.294224 0.355450 0.292419 0.354773 0.291516 0.354773 0.288809 0.355450 0.287906 0.356804 0.287906 0.357481 0.287004 0.360190 0.287004 0.360867 0.287906 0.361544 0.287906 0.362221 0.288809 0.362221 0.289711 0.364252 0.289711 0.364252 0.288809 0.362898 0.287004 0.362898 0.280686 0.363575 0.279783 0.363575 0.270758 0.362898 0.269856 0.362898 0.266245 0.362221 0.265343 0.362221 0.264440 0.361544 0.263538 0.361544 0.262635 0.360190 0.260830 0.360190 0.259928 0.358835 0.258123 0.358835 0.257220 0.356804 0.254513 0.356804 0.253610 0.355450 0.251805 0.354773 0.251805 0.354096 0.250903 0.352742 0.250903