0 0.507220 0.461747 0.506318 0.462424 0.504513 0.462424 0.500903 0.465132 0.500000 0.465132 0.498195 0.466486 0.498195 0.467840 0.497292 0.468517 0.497292 0.472580 0.498195 0.473257 0.498195 0.473934 0.499097 0.474611 0.499097 0.475288 0.501805 0.477319 0.501805 0.477996 0.504513 0.480027 0.504513 0.481381 0.503610 0.482058 0.503610 0.482735 0.502708 0.483412 0.502708 0.484766 0.501805 0.485443 0.501805 0.486121 0.500903 0.486798 0.500903 0.492214 0.501805 0.492891 0.501805 0.493568 0.502708 0.494245 0.502708 0.494922 0.507220 0.498307 0.508123 0.498307 0.509025 0.498984 0.509928 0.498984 0.510830 0.499661 0.511733 0.499661 0.512635 0.500339 0.513538 0.500339 0.514440 0.501016 0.516245 0.501016 0.517148 0.501693 0.532491 0.501693 0.533394 0.501016 0.536101 0.501016 0.539711 0.498307 0.539711 0.495599 0.540614 0.494922 0.540614 0.494245 0.539711 0.493568 0.539711 0.485443 0.540614 0.484766 0.540614 0.483412 0.539711 0.482735 0.539711 0.480704 0.533394 0.475965 0.532491 0.475965 0.530686 0.474611 0.530686 0.473934 0.529783 0.473257 0.529783 0.472580 0.527978 0.471225 0.527076 0.471225 0.523466 0.468517 0.522563 0.468517 0.521661 0.467840 0.520758 0.467840 0.517148 0.465132 0.516245 0.465132 0.515343 0.464455 0.514440 0.464455 0.512635 0.463101 0.512635 0.462424 0.511733 0.461747
0 0.583935 0.447529 0.583032 0.448206 0.582130 0.448206 0.581227 0.448883 0.581227 0.451591 0.580325 0.452268 0.580325 0.452945 0.581227 0.453622 0.581227 0.455653 0.582130 0.455653 0.583935 0.457007 0.583935 0.459716 0.584838 0.460393 0.586643 0.460393 0.587545 0.461070 0.587545 0.461747 0.588448 0.462424 0.588448 0.463101 0.590253 0.463101 0.591155 0.463778 0.592058 0.463778 0.594765 0.465809 0.594765 0.466486 0.596570 0.466486 0.597473 0.467163 0.599278 0.467163 0.600181 0.466486 0.601986 0.466486 0.601986 0.465809 0.601083 0.465132 0.601083 0.463101 0.599278 0.461747 0.599278 0.460393 0.598375 0.459716 0.598375 0.459039 0.596570 0.457684 0.596570 0.457007 0.595668 0.456330 0.595668 0.455653 0.593863 0.454299 0.593863 0.453622 0.592058 0.452268 0.592058 0.451591 0.590253 0.450237 0.590253 0.449560 0.587545 0.447529
0 0.581227 0.380501 0.579422 0.381855 0.579422 0.393365 0.580325 0.394042 0.580325 0.399458 0.581227 0.400135 0.581227 0.401490 0.580325 0.402167 0.580325 0.411645 0.581227 0.412322 0.581227 0.413676 0.583935 0.413676 0.584838 0.412999 0.584838 0.410968 0.585740 0.410291 0.585740 0.403521 0.584838 0.402844 0.584838 0.398781 0.585740 0.398104 0.585740 0.387271 0.584838 0.386594 0.584838 0.382532 0.583935 0.381855 0.583032 0.381855
0 0.564079 0.379824 0.562274 0.381178 0.561372 0.381178 0.559567 0.382532 0.558664 0.382532 0.557762 0.383209 0.556859 0.383209 0.554152 0.385240 0.554152 0.385917 0.553249 0.386594 0.553249 0.390657 0.552347 0.391334 0.552347 0.393365 0.551444 0.394042 0.551444 0.394719 0.549639 0.396073 0.547834 0.396073 0.546931 0.396750 0.540614 0.396750 0.539711 0.397427 0.537906 0.397427 0.537004 0.398104 0.536101 0.398104 0.535199 0.398781 0.534296 0.398781 0.532491 0.400135 0.531588 0.400135 0.530686 0.400812 0.530686 0.401490 0.525271 0.405552 0.525271 0.406229 0.521661 0.408937 0.521661 0.409614 0.520758 0.410291 0.520758 0.411645 0.519856 0.412322 0.519856 0.413676 0.518953 0.414353 0.518953 0.417739 0.518051 0.418416 0.518051 0.419770 0.516245 0.421124 0.516245 0.421801 0.515343 0.422478 0.514440 0.422478 0.513538 0.421801 0.510830 0.421801 0.509928 0.422478 0.508123 0.422478 0.504513 0.425186 0.504513 0.426540 0.503610 0.427217 0.503610 0.428571 0.502708 0.429248 0.502708 0.430603 0.501805 0.431280 0.501805 0.431957 0.500903 0.432634 0.500903 0.433988 0.500000 0.434665 0.500000 0.436019 0.499097 0.436696 0.499097 0.438050 0.498195 0.438727 0.498195 0.442112 0.497292 0.442789 0.497292 0.447529 0.498195 0.448206 0.498195 0.450914 0.500000 0.452268 0.500000 0.454299 0.499097 0.454976 0.498195 0.454976 0.498195 0.457007 0.499097 0.456330 0.500000 0.456330 0.500903 0.455653 0.500903 0.454976 0.501805 0.454299 0.502708 0.454299 0.503610 0.453622 0.505415 0.453622 0.506318 0.454299 0.509928 0.454299 0.512635 0.456330 0.514440 0.456330 0.517148 0.458362 0.517148 0.459039 0.518051 0.459716 0.518051 0.460393 0.523466 0.464455 0.524368 0.464455 0.525271 0.465132 0.526173 0.465132 0.527978 0.466486 0.527978 0.467163 0.528881 0.467840 0.529783 0.467840 0.530686 0.468517 0.533394 0.468517 0.534296 0.469194 0.536101 0.469194 0.537004 0.469871 0.537004 0.470548 0.541516 0.473934 0.542419 0.473934 0.543321 0.474611 0.544224 0.474611 0.549639 0.478673 0.550542 0.478673 0.551444 0.479350 0.554152 0.479350 0.555054 0.480027 0.556859 0.480027 0.558664 0.478673 0.559567 0.478673 0.560469 0.477996 0.561372 0.477996 0.562274 0.477319 0.564079 0.477319 0.566787 0.475288 0.567690 0.475288 0.567690 0.474611 0.568592 0.473934 0.568592 0.461747 0.569495 0.461070 0.569495 0.459039 0.568592 0.458362 0.568592 0.452945 0.569495 0.452268 0.569495 0.448883 0.568592 0.448206 0.568592 0.444144 0.567690 0.443466 0.567690 0.438050 0.568592 0.437373 0.568592 0.415030 0.569495 0.414353 0.569495 0.387949 0.570397 0.387271 0.570397 0.381855 0.569495 0.381178 0.569495 0.380501 0.568592 0.379824
0 0.459386 0.435342 0.454874 0.438727 0.454874 0.439404 0.449458 0.443466 0.449458 0.444144 0.446751 0.446175 0.446751 0.446852 0.444043 0.448883 0.444043 0.449560 0.442238 0.450914 0.442238 0.451591 0.440433 0.452945 0.440433 0.453622 0.436823 0.456330 0.436823 0.457007 0.435018 0.458362 0.434116 0.458362 0.432310 0.459716 0.432310 0.460393 0.431408 0.461070 0.431408 0.461747 0.429603 0.463101 0.429603 0.464455 0.425090 0.467840 0.425090 0.468517 0.423285 0.469871 0.422383 0.469871 0.421480 0.470548 0.421480 0.471903 0.414260 0.477319 0.414260 0.477996 0.408845 0.482058 0.408845 0.482735 0.406137 0.484766 0.406137 0.485443 0.403430 0.487475 0.403430 0.490183 0.402527 0.490860 0.402527 0.491537 0.403430 0.492214 0.403430 0.513202 0.402527 0.513879 0.402527 0.518619 0.403430 0.519296 0.403430 0.519973 0.405235 0.519973 0.406137 0.520650 0.413357 0.520650 0.414260 0.519973 0.416968 0.519973 0.417870 0.519296 0.419675 0.519296 0.420578 0.518619 0.422383 0.518619 0.423285 0.517942 0.424188 0.517942 0.425090 0.517265 0.429603 0.517265 0.430505 0.516588 0.433213 0.516588 0.434116 0.517265 0.434116 0.517942 0.435018 0.518619 0.435018 0.520650 0.434116 0.521327 0.434116 0.522681 0.435018 0.523358 0.435018 0.526066 0.436823 0.526066 0.437726 0.526743 0.442238 0.526743 0.443141 0.527420 0.458484 0.527420 0.459386 0.528097 0.464801 0.528097 0.465704 0.527420 0.479242 0.527420 0.480144 0.526743 0.486462 0.526743 0.487365 0.526066 0.488267 0.526066 0.489170 0.525389 0.489170 0.522681 0.486462 0.520650 0.484657 0.520650 0.483755 0.519973 0.481949 0.519973 0.481047 0.519296 0.480144 0.519296 0.479242 0.518619 0.477437 0.518619 0.476534 0.517942 0.474729 0.517942 0.473827 0.517265 0.472924 0.517265 0.472022 0.516588 0.471119 0.516588 0.469314 0.515234 0.469314 0.513879 0.468412 0.513202 0.468412 0.510494 0.467509 0.509817 0.467509 0.505755 0.466606 0.505078 0.466606 0.494922 0.465704 0.494245 0.465704 0.491537 0.464801 0.490860 0.464801 0.488152 0.463899 0.487475 0.463899 0.474611 0.464801 0.473934 0.464801 0.469194 0.465704 0.468517 0.465704 0.466486 0.466606 0.465809 0.466606 0.463778 0.467509 0.463101 0.467509 0.457684 0.468412 0.457007 0.468412 0.446175 0.467509 0.445498 0.467509 0.443466 0.466606 0.442789 0.466606 0.441435 0.465704 0.440758 0.465704 0.439404 0.462996 0.437373 0.462996 0.436696 0.462094 0.436696 0.461191 0.436019 0.460289 0.436019
0 0.497292 0.401490 0.496390 0.402167 0.495487 0.402167 0.491877 0.404875 0.491877 0.405552 0.489170 0.407583 0.489170 0.410291 0.488267 0.410968 0.494585 0.415708 0.495487 0.415708 0.501805 0.420447 0.502708 0.420447 0.503610 0.421124 0.504513 0.421124 0.505415 0.421801 0.509928 0.421801 0.510830 0.421124 0.514440 0.421124 0.516245 0.419770 0.516245 0.418416 0.517148 0.417739 0.517148 0.412322 0.516245 0.411645 0.516245 0.410968 0.512635 0.408260 0.512635 0.407583 0.511733 0.407583 0.510830 0.406906 0.509928 0.406906 0.508123 0.405552 0.507220 0.405552 0.505415 0.404198 0.504513 0.404198 0.503610 0.403521 0.502708 0.403521 0.501805 0.402844 0.500903 0.402844 0.500000 0.402167 0.499097 0.402167 0.498195 0.401490
0 0.521661 0.314827 0.520758 0.315504 0.518953 0.315504 0.518051 0.316181 0.517148 0.316181 0.515343 0.317536 0.515343 0.318213 0.514440 0.318890 0.514440 0.319567 0.512635 0.320921 0.512635 0.321598 0.511733 0.322275 0.511733 0.324306 0.510830 0.324983 0.510830 0.325660 0.509928 0.326337 0.509928 0.327014 0.507220 0.329045 0.505415 0.329045 0.504513 0.329722 0.503610 0.329722 0.502708 0.330399 0.500903 0.330399 0.500000 0.331077 0.497292 0.331077 0.496390 0.331754 0.489170 0.331754 0.488267 0.332431 0.486462 0.332431 0.485560 0.333108 0.484657 0.333108 0.483755 0.333785 0.473827 0.333785 0.472924 0.333108 0.460289 0.333108 0.459386 0.332431 0.458484 0.333108 0.456679 0.333108 0.455776 0.333785 0.454874 0.333785 0.453971 0.334462 0.453069 0.334462 0.452166 0.335139 0.451264 0.335139 0.450361 0.335816 0.449458 0.335816 0.447653 0.337170 0.446751 0.337170 0.445848 0.337847 0.444043 0.337847 0.443141 0.338524 0.441336 0.338524 0.440433 0.339201 0.437726 0.339201 0.436823 0.339878 0.435921 0.339878 0.431408 0.343263 0.430505 0.343263 0.428700 0.344617 0.427798 0.344617 0.420578 0.350034 0.420578 0.350711 0.418773 0.352065 0.417870 0.352065 0.417870 0.352742 0.412455 0.356804 0.412455 0.357481 0.411552 0.358158 0.410650 0.358158 0.410650 0.358835 0.409747 0.359513 0.409747 0.360190 0.408845 0.360867 0.408845 0.361544 0.407942 0.362221 0.407942 0.373053 0.408845 0.373731 0.408845 0.376439 0.407942 0.377116 0.407942 0.379824 0.407040 0.380501 0.407040 0.398104 0.407942 0.398781 0.407942 0.404875 0.405235 0.406906 0.404332 0.406906 0.403430 0.407583 0.399819 0.407583 0.398014 0.408937 0.397112 0.408937 0.397112 0.410291 0.396209 0.410968 0.396209 0.412322 0.397112 0.412999 0.397112 0.415708 0.398014 0.416385 0.398014 0.418416 0.398917 0.419093 0.398917 0.421124 0.399819 0.421801 0.399819 0.425186 0.400722 0.425863 0.400722 0.455653 0.401625 0.456330 0.401625 0.459716 0.402527 0.459716 0.403430 0.460393 0.404332 0.460393 0.405235 0.459716 0.405235 0.459039 0.410650 0.454976 0.410650 0.454299 0.416065 0.450237 0.416065 0.449560 0.418773 0.447529 0.418773 0.446852 0.421480 0.444821 0.421480 0.444144 0.427798 0.439404 0.427798 0.438727 0.431408 0.436019 0.431408 0.435342 0.433213 0.433988 0.433213 0.433311 0.435018 0.431957 0.435018 0.431280 0.435921 0.430603 0.435921 0.429926 0.436823 0.429248 0.436823 0.428571 0.437726 0.427894 0.437726 0.427217 0.439531 0.425863 0.439531 0.423832 0.434116 0.419770 0.433213 0.419770 0.431408 0.418416 0.431408 0.417739 0.430505 0.417062 0.430505 0.416385 0.429603 0.416385 0.428700 0.415708 0.426895 0.415708 0.425993 0.415030 0.425090 0.415030 0.424188 0.414353 0.424188 0.413676 0.423285 0.413676 0.422383 0.412999 0.421480 0.412999 0.416968 0.409614 0.415162 0.409614 0.413357 0.408260 0.412455 0.408260 0.411552 0.407583 0.411552 0.406906 0.407942 0.404198 0.409747 0.402844 0.412455 0.402844 0.413357 0.403521 0.415162 0.403521 0.416065 0.404198 0.416065 0.404875 0.416968 0.405552 0.417870 0.405552 0.420578 0.407583 0.420578 0.408260 0.421480 0.408260 0.423285 0.409614 0.425090 0.409614 0.426895 0.410968 0.426895 0.411645 0.427798 0.412322 0.428700 0.412322 0.429603 0.412999 0.430505 0.412999 0.431408 0.413676 0.432310 0.413676 0.434116 0.415030 0.435018 0.415030 0.436823 0.416385 0.437726 0.416385 0.438628 0.417062 0.439531 0.417062 0.441336 0.418416 0.442238 0.418416 0.443141 0.419093 0.444043 0.419093 0.445848 0.420447 0.446751 0.419770 0.447653 0.419770 0.448556 0.419093 0.449458 0.419093 0.449458 0.418416 0.453069 0.415708 0.453069 0.415030 0.454874 0.413676 0.454874 0.412999 0.457581 0.410968 0.457581 0.410291 0.458484 0.409614 0.458484 0.408937 0.460289 0.407583 0.460289 0.406906 0.461191 0.406229 0.461191 0.405552 0.462094 0.404875 0.462094 0.404198 0.462996 0.403521 0.462996 0.402844 0.463899 0.402167 0.464801 0.402167 0.470217 0.398104 0.470217 0.397427 0.472924 0.395396 0.473827 0.395396 0.477437 0.392688 0.477437 0.392011 0.482852 0.387949 0.482852 0.387271 0.485560 0.385240 0.485560 0.384563 0.489170 0.381855 0.489170 0.381178 0.491877 0.379147 0.491877 0.378470 0.493682 0.377116 0.493682 0.376439 0.497292 0.373731 0.497292 0.373053 0.500903 0.370345 0.500903 0.369668 0.505415 0.366283 0.505415 0.365606 0.508123 0.363575 0.508123 0.362898 0.509928 0.361544 0.509928 0.360867 0.511733 0.359513 0.511733 0.358835 0.512635 0.358158 0.512635 0.357481 0.513538 0.356804 0.513538 0.356127 0.514440 0.355450 0.514440 0.354773 0.523466 0.348003 0.523466 0.347326 0.524368 0.346649 0.525271 0.346649 0.526173 0.345972 0.526173 0.345295 0.527076 0.344617 0.527076 0.343940 0.529783 0.341909 0.529783 0.341232 0.530686 0.340555 0.530686 0.339878 0.531588 0.339201 0.532491 0.339201 0.532491 0.338524 0.538809 0.333785 0.538809 0.333108 0.540614 0.331754 0.541516 0.331754 0.543321 0.330399 0.543321 0.329722 0.544224 0.329045 0.544224 0.328368 0.545126 0.327691 0.545126 0.327014 0.546029 0.326337 0.546029 0.325660 0.546931 0.324983 0.546931 0.320921 0.541516 0.316858 0.539711 0.316858 0.538809 0.316181 0.537004 0.316181 0.536101 0.315504 0.530686 0.315504 0.529783 0.314827
1 0.887184 0.323629 0.885379 0.324983 0.884477 0.324983 0.878159 0.329722 0.877256 0.329722 0.875451 0.331077 0.875451 0.333785 0.874549 0.334462 0.874549 0.335816 0.875451 0.336493 0.875451 0.339201 0.876354 0.339878 0.877256 0.339201 0.879061 0.339201 0.879964 0.338524 0.881769 0.338524 0.882671 0.337847 0.884477 0.337847 0.885379 0.337170 0.888087 0.337170 0.888989 0.336493 0.892599 0.336493 0.893502 0.335816 0.897112 0.335816 0.897112 0.334462 0.898014 0.333785 0.898917 0.333785 0.899819 0.333108 0.901625 0.333108 0.902527 0.332431 0.903430 0.332431 0.904332 0.331754 0.904332 0.329045 0.903430 0.328368 0.903430 0.327691 0.902527 0.327014 0.902527 0.326337 0.901625 0.326337 0.900722 0.325660 0.899819 0.325660 0.898014 0.324306 0.895307 0.324306 0.894404 0.323629
1 0.580325 0.379824 0.579422 0.380501 0.579422 0.381855 0.578520 0.382532 0.578520 0.384563 0.579422 0.385240 0.579422 0.401490 0.580325 0.402167 0.580325 0.411645 0.581227 0.412322 0.581227 0.412999 0.583935 0.412999 0.585740 0.411645 0.585740 0.408260 0.586643 0.407583 0.585740 0.406906 0.585740 0.383209 0.584838 0.382532 0.584838 0.381855 0.582130 0.379824
1 0.565884 0.379147 0.564982 0.379824 0.563177 0.379824 0.560469 0.381855 0.559567 0.381855 0.558664 0.382532 0.557762 0.382532 0.556859 0.383209 0.555957 0.383209 0.555054 0.383886 0.555054 0.384563 0.554152 0.385240 0.554152 0.385917 0.553249 0.386594 0.553249 0.391334 0.554152 0.392011 0.554152 0.393365 0.555054 0.394042 0.555054 0.394719 0.557762 0.396750 0.557762 0.397427 0.558664 0.398104 0.558664 0.398781 0.559567 0.399458 0.559567 0.400135 0.560469 0.400812 0.560469 0.401490 0.561372 0.401490 0.562274 0.402167 0.562274 0.402844 0.564079 0.404198 0.564982 0.404198 0.566787 0.405552 0.567690 0.405552 0.569495 0.404198 0.569495 0.390657 0.570397 0.389980 0.570397 0.384563 0.571300 0.383886 0.571300 0.383209 0.570397 0.382532 0.570397 0.380501 0.568592 0.379147
1 0.519856 0.314150 0.518953 0.314827 0.518051 0.314827 0.514440 0.317536 0.514440 0.318213 0.513538 0.318890 0.513538 0.319567 0.512635 0.320244 0.512635 0.322952 0.511733 0.323629 0.511733 0.324306 0.512635 0.324983 0.513538 0.324983 0.514440 0.325660 0.515343 0.325660 0.518051 0.323629 0.519856 0.323629 0.520758 0.322952 0.523466 0.322952 0.524368 0.323629 0.526173 0.323629 0.527076 0.324306 0.527978 0.324306 0.529783 0.325660 0.530686 0.325660 0.531588 0.326337 0.532491 0.326337 0.533394 0.327014 0.533394 0.327691 0.534296 0.328368 0.534296 0.329045 0.535199 0.329722 0.535199 0.330399 0.536101 0.331077 0.536101 0.333108 0.535199 0.333785 0.535199 0.334462 0.536101 0.335139 0.537906 0.333785 0.538809 0.333785 0.539711 0.333108 0.540614 0.333108 0.542419 0.331754 0.543321 0.331754 0.543321 0.331077 0.544224 0.330399 0.544224 0.329722 0.545126 0.329045 0.545126 0.328368 0.546931 0.327014 0.546931 0.326337 0.547834 0.325660 0.547834 0.324983 0.548736 0.324306 0.548736 0.320921 0.543321 0.316858 0.542419 0.316858 0.541516 0.316181 0.540614 0.316181 0.539711 0.315504 0.538809 0.315504 0.537906 0.314827 0.536101 0.314827 0.535199 0.314150
2 0.504513 0.482735 0.503610 0.483412 0.503610 0.484089 0.500903 0.486121 0.500903 0.486798 0.500000 0.487475 0.500000 0.492214 0.500903 0.492891 0.500903 0.493568 0.501805 0.494245 0.501805 0.494922 0.507220 0.498984 0.508123 0.498984 0.509025 0.499661 0.509928 0.499661 0.510830 0.500339 0.511733 0.500339 0.512635 0.501016 0.513538 0.501016 0.514440 0.501693 0.517148 0.501693 0.518051 0.502370 0.532491 0.502370 0.533394 0.501693 0.537004 0.501693 0.537906 0.501016 0.537906 0.495599 0.537004 0.494922 0.537004 0.492891 0.536101 0.492214 0.536101 0.490860 0.531588 0.490860 0.530686 0.490183 0.528881 0.490183 0.527978 0.489506 0.526173 0.489506 0.523466 0.487475 0.522563 0.487475 0.521661 0.486798 0.518051 0.486798 0.517148 0.486121 0.514440 0.486121 0.513538 0.485443 0.512635 0.485443 0.509928 0.483412 0.509025 0.483412 0.508123 0.482735
2 0.437726 0.517265 0.436823 0.517942 0.435921 0.517942 0.435921 0.518619 0.435018 0.519296 0.435018 0.522004 0.434116 0.522681 0.434116 0.525389 0.435018 0.526066 0.435018 0.526743 0.435921 0.526743 0.436823 0.527420 0.449458 0.527420 0.450361 0.528097 0.478339 0.528097 0.479242 0.527420 0.486462 0.527420 0.487365 0.526743 0.489170 0.526743 0.490975 0.525389 0.490072 0.524712 0.490072 0.522004 0.487365 0.519973 0.484657 0.519973 0.483755 0.519296 0.480144 0.519296 0.479242 0.518619 0.477437 0.518619 0.476534 0.517942 0.473827 0.517942 0.472924 0.517265 0.469314 0.517265 0.467509 0.518619 0.466606 0.518619 0.465704 0.519296 0.464801 0.519296 0.463899 0.519973 0.462094 0.519973 0.461191 0.520650 0.459386 0.520650 0.458484 0.521327 0.447653 0.521327 0.446751 0.520650 0.444946 0.520650 0.443141 0.519296 0.442238 0.519296 0.440433 0.517942 0.439531 0.517942 0.438628 0.517265
2 0.431408 0.508463 0.429603 0.509817 0.428700 0.509817 0.427798 0.510494 0.426895 0.510494 0.425993 0.511171 0.425090 0.511171 0.424188 0.511848 0.422383 0.511848 0.421480 0.512525 0.418773 0.512525 0.417870 0.513202 0.405235 0.513202 0.404332 0.512525 0.402527 0.513879 0.402527 0.514557 0.401625 0.515234 0.401625 0.519973 0.402527 0.520650 0.403430 0.520650 0.404332 0.521327 0.409747 0.521327 0.410650 0.522004 0.411552 0.521327 0.415162 0.521327 0.416065 0.520650 0.418773 0.520650 0.419675 0.519973 0.421480 0.519973 0.422383 0.519296 0.424188 0.519296 0.425090 0.518619 0.428700 0.518619 0.429603 0.517942 0.430505 0.517942 0.431408 0.517265 0.433213 0.517265 0.434116 0.516588 0.435018 0.516588 0.435018 0.514557 0.435921 0.513879 0.435921 0.511171 0.435018 0.510494 0.435018 0.508463
3 0.435921 0.303318 0.435018 0.303995 0.435018 0.304672 0.434116 0.305349 0.434116 0.306026 0.433213 0.306703 0.433213 0.315504 0.434116 0.316181 0.434116 0.318213 0.435018 0.318890 0.435018 0.322275 0.434116 0.322952 0.434116 0.323629 0.433213 0.324306 0.433213 0.324983 0.431408 0.326337 0.431408 0.327014 0.430505 0.327691 0.430505 0.328368 0.429603 0.329045 0.429603 0.329722 0.428700 0.330399 0.428700 0.335139 0.429603 0.335816 0.429603 0.336493 0.431408 0.337847 0.431408 0.338524 0.432310 0.338524 0.433213 0.339201 0.434116 0.339201 0.435018 0.339878 0.435921 0.339878 0.436823 0.340555 0.437726 0.340555 0.438628 0.341232 0.441336 0.339201 0.442238 0.339201 0.444043 0.337847 0.444946 0.337847 0.445848 0.337170 0.446751 0.337170 0.447653 0.336493 0.448556 0.336493 0.449458 0.335816 0.450361 0.335816 0.451264 0.335139 0.452166 0.335139 0.454874 0.333108 0.455776 0.333108 0.457581 0.331754 0.457581 0.329722 0.456679 0.329045 0.456679 0.328368 0.451264 0.324306 0.450361 0.324306 0.448556 0.322952 0.448556 0.322275 0.446751 0.320921 0.446751 0.314150 0.445848 0.313473 0.445848 0.307380 0.444946 0.306703 0.444946 0.304672 0.444946 0.305349 0.443141 0.306703 0.442238 0.306703 0.441336 0.306026 0.441336 0.305349 0.438628 0.303318
3 0.550542 0.410968 0.551444 0.410968 0.552347 0.411645 0.552347 0.412999 0.553249 0.413676 0.553249 0.417739 0.554152 0.418416 0.554152 0.421801 0.553249 0.422478 0.553249 0.428571 0.552347 0.429248 0.552347 0.430603 0.551444 0.431280 0.551444 0.431957 0.549639 0.433311 0.547834 0.433311 0.546931 0.433988 0.543321 0.433988 0.542419 0.434665 0.526173 0.434665 0.525271 0.433988 0.521661 0.433988 0.518953 0.431957 0.518953 0.422478 0.516245 0.424509 0.514440 0.424509 0.513538 0.423832 0.512635 0.423832 0.511733 0.423155 0.508123 0.423155 0.506318 0.424509 0.505415 0.424509 0.504513 0.425186 0.504513 0.427894 0.503610 0.428571 0.503610 0.429248 0.504513 0.429926 0.504513 0.432634 0.505415 0.433311 0.505415 0.434665 0.506318 0.435342 0.506318 0.436019 0.508123 0.437373 0.508123 0.438050 0.509025 0.438727 0.509025 0.439404 0.509928 0.440081 0.509928 0.440758 0.511733 0.442112 0.511733 0.444144 0.509025 0.446175 0.506318 0.446175 0.505415 0.446852 0.503610 0.446852 0.502708 0.447529 0.500903 0.447529 0.500000 0.448206 0.499097 0.448206 0.498195 0.448883 0.498195 0.449560 0.499097 0.450237 0.499097 0.450914 0.501805 0.452945 0.503610 0.452945 0.504513 0.453622 0.509928 0.453622 0.515343 0.449560 0.517148 0.449560 0.518051 0.448883 0.519856 0.448883 0.520758 0.448206 0.522563 0.448206 0.523466 0.447529 0.525271 0.447529 0.526173 0.446852 0.529783 0.446852 0.530686 0.447529 0.531588 0.447529 0.532491 0.448206 0.532491 0.452945 0.530686 0.454299 0.530686 0.454976 0.527978 0.457007 0.527978 0.457684 0.527076 0.458362 0.527076 0.459716 0.526173 0.460393 0.526173 0.461070 0.524368 0.462424 0.524368 0.463101 0.529783 0.467163 0.530686 0.467163 0.532491 0.468517 0.536101 0.468517 0.537004 0.467840 0.537004 0.463778 0.537906 0.463101 0.537004 0.462424 0.537004 0.456330 0.536101 0.455653 0.536101 0.454976 0.535199 0.454299 0.534296 0.454299 0.532491 0.452945 0.532491 0.446852 0.531588 0.446175 0.531588 0.445498 0.532491 0.444821 0.532491 0.444144 0.534296 0.442789 0.535199 0.442789 0.536101 0.442112 0.545126 0.442112 0.546029 0.442789 0.552347 0.442789 0.553249 0.442112 0.555054 0.442112 0.555957 0.441435 0.556859 0.441435 0.559567 0.439404 0.559567 0.438727 0.561372 0.437373 0.561372 0.436696 0.562274 0.436019 0.562274 0.435342 0.564079 0.433988 0.564079 0.432634 0.564982 0.431957 0.564982 0.430603 0.565884 0.429926 0.565884 0.429248 0.566787 0.428571 0.566787 0.424509 0.564982 0.423155 0.564982 0.422478 0.564079 0.421801 0.564079 0.421124 0.562274 0.419770 0.562274 0.419093 0.561372 0.418416 0.561372 0.417739 0.559567 0.416385 0.559567 0.415708 0.556859 0.413676 0.555957 0.413676 0.553249 0.411645 0.553249 0.410968
3 0.549639 0.406906 0.548736 0.407583 0.549639 0.408260 0.549639 0.409614
3 0.537906 0.397427 0.537004 0.398104 0.536101 0.398104 0.535199 0.398781 0.534296 0.398781 0.533394 0.399458 0.532491 0.399458 0.528881 0.402167 0.528881 0.402844 0.527076 0.404198 0.527076 0.404875 0.525271 0.406229 0.525271 0.406906 0.524368 0.407583 0.524368 0.408260 0.526173 0.408260 0.528881 0.406229 0.529783 0.406229 0.530686 0.405552 0.531588 0.405552 0.532491 0.404875 0.535199 0.404875 0.536101 0.404198 0.543321 0.404198 0.544224 0.404875 0.545126 0.404875 0.546029 0.405552 0.546931 0.405552 0.546931 0.403521 0.547834 0.402844 0.547834 0.400135 0.546931 0.399458 0.546931 0.398781 0.545126 0.397427
3 0.440433 0.337847 0.438628 0.339201 0.437726 0.339201 0.435921 0.340555 0.435921 0.341232 0.435018 0.341909 0.435921 0.342586 0.435921 0.343940 0.438628 0.343940 0.439531 0.344617 0.440433 0.344617 0.441336 0.345295 0.442238 0.345295 0.444946 0.347326 0.444946 0.348003 0.445848 0.348680 0.445848 0.349357 0.446751 0.349357 0.447653 0.350034 0.449458 0.350034 0.451264 0.351388 0.451264 0.355450 0.452166 0.355450 0.455776 0.358158 0.455776 0.358835 0.460289 0.362221 0.460289 0.362898 0.462094 0.364252 0.462094 0.364929 0.462996 0.365606 0.462996 0.366283 0.464801 0.367637 0.464801 0.368314 0.465704 0.368991 0.465704 0.369668 0.466606 0.370345 0.466606 0.371699 0.467509 0.372376 0.467509 0.373053 0.468412 0.373731 0.468412 0.375085 0.469314 0.375762 0.469314 0.377793 0.470217 0.378470 0.472924 0.378470 0.473827 0.377793 0.473827 0.377116 0.474729 0.376439 0.474729 0.372376 0.475632 0.371699 0.475632 0.369668 0.474729 0.368991 0.474729 0.365606 0.473827 0.364929 0.473827 0.363575 0.472924 0.362898 0.472924 0.362221 0.472022 0.361544 0.472022 0.360867 0.471119 0.360190 0.471119 0.359513 0.470217 0.358835 0.470217 0.358158 0.468412 0.356804 0.468412 0.356127 0.467509 0.355450 0.467509 0.354773 0.466606 0.354096 0.466606 0.353419 0.462996 0.350711 0.462996 0.350034 0.461191 0.348680 0.461191 0.348003 0.457581 0.345295 0.457581 0.344617 0.453971 0.341909 0.453971 0.341232 0.453069 0.340555 0.452166 0.340555 0.451264 0.339878 0.450361 0.339878 0.448556 0.338524 0.447653 0.338524 0.446751 0.337847