0 0.230144 0.530129 0.229242 0.530806 0.229242 0.536899 0.230144 0.537576 0.230144 0.534191 0.231047 0.533514 0.231047 0.532160 0.230144 0.531483
0 0.220217 0.503047 0.219314 0.503724 0.219314 0.511848 0.220217 0.512525 0.220217 0.519296 0.221119 0.519296 0.222924 0.520650 0.222924 0.538253 0.223827 0.538930 0.223827 0.539607 0.222924 0.540284 0.222924 0.541638 0.222022 0.542316 0.221119 0.542316 0.220217 0.542993 0.220217 0.547055 0.219314 0.547732 0.219314 0.549763 0.217509 0.551117 0.216606 0.551117 0.216606 0.552471 0.215704 0.553148 0.215704 0.554502 0.212996 0.556534 0.212996 0.558565 0.213899 0.558565 0.216606 0.560596 0.217509 0.559919 0.218412 0.559919 0.220217 0.558565 0.220217 0.557888 0.221119 0.557211 0.222924 0.557211 0.222924 0.555856 0.223827 0.555179 0.223827 0.551794 0.222022 0.550440 0.222022 0.549763 0.224729 0.547732 0.224729 0.546378 0.225632 0.545701 0.225632 0.544347 0.227437 0.542993 0.227437 0.542316 0.226534 0.541638 0.226534 0.540284 0.225632 0.539607 0.225632 0.524035 0.224729 0.523358 0.224729 0.520650 0.223827 0.519973 0.223827 0.519296 0.222924 0.518619 0.222924 0.516588 0.222022 0.515911 0.222022 0.514557 0.222924 0.513879 0.222924 0.507786 0.223827 0.507109 0.223827 0.504401 0.222022 0.503047
0 0.228339 0.492891 0.227437 0.493568 0.227437 0.494922 0.229242 0.496276 0.229242 0.496953 0.230144 0.497630 0.230144 0.498984 0.230144 0.492891
0 0.212996 0.471225 0.212996 0.482735 0.213899 0.483412 0.213899 0.484089 0.214801 0.484766 0.214801 0.486798 0.215704 0.487475 0.215704 0.492891 0.216606 0.493568 0.216606 0.500339 0.216606 0.499661 0.217509 0.498984 0.217509 0.496276 0.218412 0.495599 0.218412 0.493568 0.219314 0.492891 0.219314 0.490183 0.220217 0.489506 0.222924 0.491537 0.224729 0.491537 0.227437 0.489506 0.228339 0.489506 0.230144 0.488152 0.230144 0.487475 0.229242 0.486798 0.229242 0.486121 0.228339 0.485443 0.228339 0.483412 0.227437 0.482735 0.227437 0.479350 0.226534 0.478673 0.226534 0.476642 0.224729 0.476642 0.224729 0.477996 0.225632 0.478673 0.225632 0.480704 0.224729 0.481381 0.224729 0.482058 0.223827 0.482735 0.222924 0.482735 0.220217 0.480704 0.221119 0.480027 0.221119 0.478673 0.222924 0.477319 0.222924 0.476642 0.222022 0.475965 0.222022 0.475288 0.221119 0.474611 0.221119 0.473934 0.220217 0.473257 0.217509 0.473257 0.216606 0.473934 0.215704 0.473257 0.215704 0.471903 0.214801 0.471225
0 0.215704 0.462424 0.214801 0.463101 0.215704 0.463778 0.215704 0.465809 0.216606 0.466486 0.216606 0.467840 0.217509 0.467163 0.217509 0.463101 0.216606 0.462424
0 0.222924 0.456330 0.222924 0.457007 0.222022 0.457684 0.222022 0.459039 0.221119 0.459716 0.221119 0.461070 0.222022 0.461747 0.222022 0.466486 0.222924 0.467163 0.222924 0.471225 0.223827 0.470548 0.223827 0.458362 0.222924 0.457684
0 0.219314 0.441435 0.218412 0.442112 0.218412 0.448883 0.219314 0.449560 0.220217 0.448883 0.220217 0.441435
0 0.292419 0.177387 0.291516 0.178064 0.287004 0.178064 0.286101 0.178741 0.284296 0.178741 0.283394 0.179418 0.282491 0.179418 0.281588 0.180095 0.279783 0.180095 0.277978 0.181449 0.277076 0.181449 0.274368 0.183480 0.273466 0.183480 0.271661 0.184834 0.271661 0.185511 0.268953 0.187542 0.268953 0.188219 0.267148 0.189573 0.267148 0.190251 0.265343 0.191605 0.265343 0.192282 0.264440 0.192959 0.264440 0.193636 0.254513 0.201083 0.254513 0.201760 0.253610 0.202437 0.253610 0.203114 0.254513 0.203791 0.254513 0.204469 0.256318 0.205823 0.256318 0.206500 0.258123 0.207854 0.258123 0.208531 0.259928 0.209885 0.259928 0.211239 0.260830 0.211916 0.260830 0.224103 0.261733 0.224780 0.261733 0.227488 0.260830 0.228165 0.260830 0.228842 0.259928 0.229519 0.259928 0.230196 0.257220 0.232227 0.257220 0.232905 0.255415 0.234259 0.255415 0.235613 0.254513 0.236290 0.254513 0.243737 0.255415 0.244414 0.255415 0.247800 0.254513 0.248477 0.254513 0.249154 0.252708 0.250508 0.251805 0.250508 0.250903 0.251185 0.250000 0.251185 0.248195 0.252539 0.247292 0.252539 0.246390 0.253216 0.245487 0.253216 0.244585 0.253893 0.243682 0.253893 0.240975 0.255924 0.240072 0.255924 0.239170 0.256601 0.238267 0.256601 0.236462 0.257955 0.235560 0.257955 0.231949 0.260664 0.231949 0.261341 0.230144 0.262695 0.229242 0.262695 0.228339 0.263372 0.227437 0.263372 0.226534 0.264049 0.225632 0.264049 0.224729 0.264726 0.223827 0.264726 0.223827 0.265403 0.222022 0.266757 0.222022 0.267434 0.220217 0.268788 0.220217 0.269465 0.219314 0.270142 0.219314 0.270819 0.216606 0.272850 0.216606 0.273527 0.212996 0.276236 0.212996 0.276913 0.210289 0.278944 0.210289 0.279621 0.208484 0.280975 0.208484 0.281652 0.207581 0.282329 0.207581 0.283006 0.205776 0.284360 0.205776 0.285037 0.203971 0.286391 0.203971 0.287068 0.202166 0.288422 0.202166 0.289100 0.200361 0.290454 0.200361 0.291131 0.199458 0.291808 0.199458 0.292485 0.198556 0.293162 0.198556 0.294516 0.197653 0.295193 0.197653 0.297224 0.196751 0.297901 0.196751 0.320244 0.195848 0.320921 0.195848 0.330399 0.196751 0.331077 0.196751 0.335139 0.197653 0.335816 0.197653 0.345295 0.198556 0.345972 0.198556 0.347326 0.199458 0.348003 0.199458 0.348680 0.201264 0.350034 0.201264 0.350711 0.203069 0.352065 0.203069 0.352742 0.206679 0.355450 0.206679 0.357481 0.208484 0.358835 0.208484 0.359513 0.209386 0.359513 0.210289 0.360190 0.210289 0.362221 0.211191 0.362898 0.210289 0.363575 0.210289 0.364252 0.209386 0.364929 0.208484 0.364929 0.207581 0.365606 0.207581 0.366283 0.206679 0.366960 0.205776 0.366960 0.204874 0.366283 0.204874 0.365606 0.206679 0.364252 0.206679 0.361544 0.205776 0.361544 0.204874 0.362221 0.203069 0.362221 0.202166 0.362898 0.202166 0.364252 0.200361 0.365606 0.199458 0.365606 0.199458 0.366960 0.198556 0.367637 0.198556 0.368314 0.197653 0.368991 0.197653 0.371022 0.195848 0.372376 0.195848 0.386594 0.197653 0.387949 0.197653 0.389980 0.198556 0.390657 0.198556 0.403521 0.199458 0.404198 0.199458 0.412322 0.200361 0.412999 0.200361 0.414353 0.201264 0.415030 0.201264 0.420447 0.202166 0.421124 0.202166 0.427894 0.203069 0.428571 0.203069 0.433311 0.203971 0.433988 0.203971 0.435342 0.204874 0.436019 0.204874 0.449560 0.205776 0.450237 0.205776 0.456330 0.206679 0.457007 0.206679 0.458362 0.207581 0.459039 0.207581 0.462424 0.208484 0.463101 0.208484 0.465809 0.209386 0.466486 0.209386 0.469871 0.210289 0.470548 0.211191 0.470548 0.211191 0.466486 0.212094 0.465809 0.212094 0.455653 0.212996 0.454976 0.212996 0.454299 0.213899 0.453622 0.213899 0.444821 0.212996 0.444144 0.212996 0.443466 0.211191 0.442112 0.212996 0.440758 0.212996 0.436019 0.211191 0.434665 0.211191 0.433311 0.210289 0.432634 0.210289 0.420447 0.209386 0.419770 0.208484 0.420447 0.207581 0.420447 0.206679 0.421124 0.205776 0.420447 0.205776 0.419770 0.204874 0.419093 0.204874 0.413676 0.206679 0.412322 0.208484 0.412322 0.209386 0.411645 0.209386 0.410968 0.210289 0.410291 0.210289 0.409614 0.211191 0.408937 0.211191 0.408260 0.212094 0.407583 0.212094 0.406229 0.211191 0.405552 0.211191 0.402844 0.212996 0.401490 0.212996 0.400812 0.212094 0.400812 0.211191 0.400135 0.210289 0.400135 0.209386 0.399458 0.209386 0.398781 0.208484 0.398781 0.208484 0.400135 0.206679 0.401490 0.205776 0.400812 0.205776 0.398104 0.207581 0.396750 0.209386 0.396750 0.211191 0.395396 0.211191 0.394719 0.212094 0.394042 0.212094 0.389303 0.212996 0.388626 0.213899 0.389303 0.213899 0.390657 0.214801 0.391334 0.214801 0.392688 0.215704 0.392688 0.217509 0.394042 0.217509 0.400135 0.218412 0.400812 0.217509 0.401490 0.217509 0.404875 0.218412 0.405552 0.218412 0.407583 0.221119 0.409614 0.221119 0.432634 0.224729 0.435342 0.224729 0.436019 0.225632 0.436696 0.227437 0.436696 0.228339 0.437373 0.237365 0.437373 0.238267 0.436696 0.240975 0.436696 0.241877 0.436019 0.247292 0.436019 0.248195 0.436696 0.250903 0.436696 0.252708 0.438050 0.252708 0.438727 0.253610 0.439404 0.253610 0.440758 0.254513 0.441435 0.254513 0.442112 0.255415 0.442789 0.255415 0.444821 0.256318 0.445498 0.256318 0.446175 0.257220 0.446852 0.257220 0.447529 0.259025 0.448883 0.259025 0.449560 0.259928 0.450237 0.259928 0.451591 0.260830 0.452268 0.260830 0.453622 0.262635 0.454976 0.262635 0.455653 0.263538 0.456330 0.263538 0.457007 0.264440 0.457684 0.264440 0.459039 0.265343 0.459716 0.265343 0.460393 0.266245 0.461070 0.266245 0.463778 0.267148 0.464455 0.267148 0.466486 0.268051 0.467163 0.268051 0.489506 0.267148 0.490183 0.267148 0.492214 0.268051 0.492891 0.268051 0.496953 0.268953 0.497630 0.268953 0.498307 0.274368 0.502370 0.274368 0.503724 0.275271 0.504401 0.275271 0.510494 0.274368 0.511171 0.274368 0.511848 0.275271 0.512525 0.275271 0.517265 0.274368 0.517942 0.274368 0.519973 0.275271 0.520650 0.275271 0.525389 0.276173 0.526066 0.276173 0.529452 0.277076 0.530129 0.277076 0.533514 0.277978 0.534191 0.277978 0.538253 0.278881 0.538930 0.278881 0.543670 0.279783 0.544347 0.279783 0.550440 0.280686 0.551117 0.280686 0.555179 0.281588 0.555856 0.281588 0.557888 0.282491 0.558565 0.282491 0.561273 0.283394 0.561950 0.283394 0.563981 0.282491 0.564658 0.282491 0.568720 0.281588 0.569397 0.281588 0.575491 0.282491 0.576168 0.282491 0.576845 0.284296 0.578199 0.285199 0.578199 0.286101 0.578876 0.298736 0.578876 0.299639 0.578199 0.301444 0.578199 0.302347 0.577522 0.303249 0.577522 0.304152 0.576845 0.305054 0.576845 0.306859 0.575491 0.307762 0.575491 0.308664 0.574814 0.308664 0.574137 0.311372 0.572106 0.311372 0.571429 0.312274 0.570752 0.312274 0.570074 0.313177 0.569397 0.313177 0.568720 0.314982 0.567366 0.314982 0.566689 0.319495 0.563304 0.319495 0.562627 0.320397 0.561950 0.320397 0.561273 0.321300 0.560596 0.321300 0.559919 0.322202 0.559242 0.322202 0.552471 0.321300 0.551794 0.321300 0.551117 0.316787 0.547732 0.316787 0.547055 0.315884 0.546378 0.315884 0.545701 0.313177 0.543670 0.313177 0.542993 0.312274 0.542316 0.312274 0.541638 0.311372 0.540961 0.311372 0.539607 0.310469 0.538930 0.310469 0.537576 0.309567 0.536899 0.309567 0.526066 0.308664 0.525389 0.308664 0.507109 0.309567 0.506432 0.309567 0.496953 0.308664 0.496276 0.308664 0.483412 0.309567 0.482735 0.309567 0.477996 0.310469 0.477319 0.310469 0.476642 0.309567 0.475965 0.309567 0.471225 0.308664 0.470548 0.308664 0.465809 0.307762 0.465132 0.307762 0.459039 0.306859 0.458362 0.306859 0.454299 0.307762 0.453622 0.307762 0.452268 0.309567 0.450914 0.310469 0.450914 0.312274 0.452268 0.312274 0.452945 0.316787 0.456330 0.316787 0.457007 0.317690 0.457684 0.317690 0.458362 0.319495 0.459716 0.319495 0.460393 0.323105 0.463101 0.323105 0.463778 0.324007 0.464455 0.324007 0.465132 0.324910 0.465809 0.324910 0.466486 0.325812 0.467163 0.325812 0.467840 0.326715 0.468517 0.326715 0.469194 0.327617 0.469871 0.327617 0.471225 0.328520 0.471903 0.328520 0.472580 0.329422 0.473257 0.329422 0.473934 0.332130 0.475965 0.335740 0.475965 0.336643 0.476642 0.337545 0.476642 0.338448 0.477319 0.338448 0.480704 0.339350 0.481381 0.339350 0.482735 0.340253 0.483412 0.340253 0.492214 0.341155 0.492891 0.341155 0.493568 0.342058 0.494245 0.342058 0.494922 0.341155 0.495599 0.341155 0.497630 0.340253 0.498307 0.340253 0.499661 0.339350 0.500339 0.339350 0.501016 0.338448 0.501693 0.338448 0.503047 0.337545 0.503724 0.337545 0.504401 0.336643 0.505078 0.336643 0.506432 0.335740 0.507109 0.335740 0.507786 0.334838 0.508463 0.334838 0.510494 0.333935 0.511171 0.333935 0.526743 0.333032 0.527420 0.333032 0.528097 0.332130 0.528775 0.331227 0.528775 0.331227 0.532160 0.330325 0.532837 0.330325 0.556534 0.329422 0.557211 0.329422 0.563981 0.328520 0.564658 0.328520 0.568720 0.329422 0.569397 0.330325 0.569397 0.331227 0.570074 0.332130 0.570074 0.333032 0.569397 0.334838 0.569397 0.337545 0.567366 0.338448 0.567366 0.338448 0.566012 0.340253 0.564658 0.348375 0.564658 0.349278 0.563981 0.351083 0.563981 0.352888 0.562627 0.353791 0.562627 0.354693 0.561950 0.356498 0.561950 0.357401 0.561273 0.358303 0.561273 0.359206 0.560596 0.361011 0.560596 0.361913 0.559919 0.363718 0.559919 0.364621 0.559242 0.367329 0.559242 0.368231 0.558565 0.373646 0.558565 0.374549 0.557888 0.377256 0.557888 0.379061 0.556534 0.379061 0.536222 0.378159 0.535545 0.378159 0.527420 0.377256 0.526743 0.377256 0.519296 0.378159 0.518619 0.378159 0.505078 0.379061 0.504401 0.379061 0.499661 0.379964 0.498984 0.379964 0.486798 0.380866 0.486121 0.380866 0.473934 0.379964 0.473257 0.379964 0.466486 0.379061 0.465809 0.379061 0.463101 0.378159 0.462424 0.378159 0.461070 0.377256 0.460393 0.377256 0.458362 0.376354 0.457684 0.376354 0.456330 0.375451 0.455653 0.375451 0.454299 0.374549 0.453622 0.374549 0.450914 0.373646 0.450237 0.373646 0.446852 0.372744 0.446175 0.372744 0.444144 0.371841 0.443466 0.371841 0.442112 0.370939 0.441435 0.370939 0.438050 0.370036 0.437373 0.370036 0.435342 0.369134 0.434665 0.369134 0.433311 0.368231 0.432634 0.368231 0.431957 0.367329 0.431280 0.367329 0.429926 0.366426 0.429248 0.366426 0.426540 0.365523 0.425863 0.365523 0.421124 0.364621 0.420447 0.364621 0.419770 0.363718 0.419093 0.363718 0.410291 0.362816 0.409614 0.362816 0.403521 0.361913 0.402844 0.361913 0.400812 0.361011 0.400135 0.361011 0.396750 0.361913 0.396073 0.361913 0.389303 0.361011 0.388626 0.361011 0.387949 0.360108 0.387271 0.360108 0.386594 0.358303 0.385240 0.358303 0.384563 0.357401 0.383886 0.357401 0.383209 0.349278 0.377116 0.349278 0.375762 0.348375 0.375085 0.348375 0.364929 0.349278 0.364252 0.349278 0.352742 0.350181 0.352065 0.350181 0.348003 0.351083 0.347326 0.351083 0.346649 0.351986 0.345972 0.352888 0.346649 0.352888 0.347326 0.356498 0.350034 0.356498 0.350711 0.357401 0.351388 0.357401 0.352742 0.358303 0.353419 0.358303 0.354096 0.360108 0.355450 0.360108 0.356804 0.361011 0.357481 0.361011 0.358835 0.361913 0.359513 0.361913 0.360190 0.362816 0.360867 0.362816 0.361544 0.363718 0.362221 0.363718 0.366283 0.362816 0.366960 0.362816 0.373053 0.363718 0.373731 0.363718 0.374408 0.367329 0.377116 0.369134 0.377116 0.372744 0.379824 0.373646 0.379824 0.376354 0.381855 0.377256 0.381855 0.378159 0.382532 0.379061 0.382532 0.379964 0.383209 0.386282 0.383209 0.386282 0.382532 0.387184 0.381855 0.387184 0.380501 0.388087 0.379824 0.388087 0.376439 0.387184 0.375762 0.387184 0.371699 0.386282 0.371022 0.386282 0.368991 0.385379 0.368314 0.385379 0.366960 0.384477 0.366283 0.384477 0.364929 0.383574 0.364252 0.383574 0.359513 0.384477 0.358835 0.384477 0.357481 0.385379 0.356804 0.385379 0.355450 0.386282 0.354773 0.386282 0.353419 0.387184 0.352742 0.387184 0.349357 0.388087 0.348680 0.388087 0.345295 0.387184 0.344617 0.387184 0.341232 0.386282 0.340555 0.386282 0.337847 0.385379 0.337170 0.385379 0.335139 0.384477 0.334462 0.384477 0.332431 0.383574 0.331754 0.383574 0.329722 0.382671 0.329045 0.382671 0.320921 0.381769 0.320244 0.381769 0.317536 0.380866 0.316858 0.380866 0.316181 0.379964 0.315504 0.379964 0.314150 0.379061 0.313473 0.379061 0.312796 0.378159 0.312119 0.378159 0.310765 0.377256 0.310088 0.377256 0.309411 0.376354 0.308734 0.376354 0.308057 0.375451 0.307380 0.375451 0.306026 0.374549 0.305349 0.374549 0.303995 0.373646 0.303318 0.373646 0.301286 0.372744 0.300609 0.372744 0.298578 0.371841 0.297901 0.371841 0.293839 0.370939 0.293162 0.370939 0.289777 0.370036 0.289100 0.370036 0.286391 0.369134 0.285714 0.369134 0.283006 0.368231 0.282329 0.368231 0.280298 0.367329 0.279621 0.367329 0.278267 0.366426 0.277590 0.366426 0.276913 0.365523 0.276236 0.365523 0.274882 0.364621 0.274204 0.364621 0.273527 0.363718 0.272850 0.363718 0.272173 0.362816 0.271496 0.362816 0.270819 0.361011 0.269465 0.361011 0.268788 0.356498 0.265403 0.356498 0.264726 0.354693 0.263372 0.353791 0.263372 0.352888 0.262695 0.352888 0.262018 0.348375 0.258632 0.348375 0.257955 0.347473 0.257955 0.345668 0.256601 0.344765 0.256601 0.343863 0.255924 0.341155 0.255924 0.340253 0.255247 0.339350 0.255247 0.338448 0.254570 0.337545 0.254570 0.336643 0.253893 0.335740 0.253893 0.332130 0.251185 0.332130 0.247800 0.333032 0.247123 0.333032 0.246445 0.333935 0.245768 0.333935 0.245091 0.334838 0.244414 0.334838 0.243737 0.335740 0.243060 0.335740 0.241706 0.336643 0.241029 0.336643 0.239675 0.338448 0.238321 0.340253 0.238321 0.341155 0.237644 0.342058 0.238321 0.343863 0.238321 0.344765 0.238998 0.351083 0.238998 0.351986 0.239675 0.355596 0.239675 0.356498 0.238998 0.357401 0.238998 0.359206 0.237644 0.357401 0.236290 0.357401 0.235613 0.356498 0.234936 0.356498 0.234259 0.355596 0.233582 0.355596 0.232905 0.353791 0.231550 0.353791 0.228842 0.352888 0.228165 0.352888 0.226134 0.353791 0.225457 0.353791 0.220718 0.352888 0.220041 0.352888 0.211239 0.351986 0.210562 0.351986 0.207854 0.351083 0.207177 0.351083 0.205823 0.350181 0.205146 0.350181 0.204469 0.349278 0.203791 0.349278 0.202437 0.348375 0.201760 0.348375 0.201083 0.347473 0.200406 0.347473 0.199729 0.346570 0.199052 0.346570 0.198375 0.344765 0.197021 0.344765 0.196344 0.342960 0.194990 0.342960 0.194313 0.341155 0.192959 0.341155 0.192282 0.335740 0.188219 0.334838 0.188219 0.333032 0.186865 0.332130 0.186865 0.328520 0.184157 0.327617 0.184157 0.324910 0.182126 0.324007 0.182126 0.323105 0.181449 0.322202 0.181449 0.321300 0.180772 0.320397 0.180772 0.319495 0.180095 0.318592 0.180095 0.317690 0.179418 0.314982 0.179418 0.314079 0.178741 0.311372 0.178741 0.310469 0.178064 0.304152 0.178064 0.303249 0.177387
1 0.241877 0.436696 0.240975 0.437373 0.236462 0.437373 0.235560 0.438050 0.231949 0.438050 0.231047 0.438727 0.227437 0.438727 0.225632 0.440081 0.225632 0.440758 0.224729 0.441435 0.224729 0.450914 0.225632 0.451591 0.225632 0.455653 0.226534 0.456330 0.226534 0.459039 0.227437 0.459716 0.227437 0.463778 0.228339 0.464455 0.228339 0.465809 0.229242 0.466486 0.229242 0.469194 0.230144 0.469871 0.230144 0.470548 0.238267 0.476642 0.238267 0.477319 0.240072 0.478673 0.240072 0.479350 0.240975 0.480027 0.240975 0.480704 0.242780 0.482058 0.242780 0.482735 0.243682 0.483412 0.243682 0.484766 0.246390 0.486798 0.246390 0.487475 0.247292 0.488152 0.247292 0.489506 0.248195 0.490183 0.248195 0.490860 0.250903 0.492891 0.251805 0.492891 0.254513 0.494922 0.255415 0.494922 0.256318 0.495599 0.257220 0.495599 0.258123 0.496276 0.259928 0.496276 0.260830 0.496953 0.264440 0.496953 0.265343 0.496276 0.265343 0.486798 0.266245 0.486121 0.266245 0.481381 0.267148 0.480704 0.267148 0.473257 0.266245 0.472580 0.266245 0.467163 0.265343 0.466486 0.265343 0.463778 0.264440 0.463101 0.264440 0.462424 0.263538 0.461747 0.263538 0.460393 0.262635 0.459716 0.262635 0.458362 0.261733 0.457684 0.261733 0.456330 0.260830 0.455653 0.260830 0.454976 0.259928 0.454299 0.259928 0.452945 0.259025 0.452268 0.259025 0.450914 0.258123 0.450237 0.258123 0.448206 0.257220 0.447529 0.257220 0.446852 0.256318 0.446175 0.256318 0.445498 0.255415 0.444821 0.255415 0.443466 0.254513 0.442789 0.254513 0.442112 0.253610 0.441435 0.253610 0.440758 0.251805 0.439404 0.251805 0.438727 0.250000 0.437373 0.249097 0.437373 0.248195 0.436696
1 0.288809 0.177387 0.287906 0.178064 0.284296 0.178064 0.283394 0.178741 0.281588 0.178741 0.280686 0.179418 0.279783 0.179418 0.278881 0.180095 0.277978 0.180095 0.275271 0.182126 0.274368 0.182126 0.269856 0.185511 0.269856 0.186188 0.267148 0.188219 0.267148 0.188896 0.266245 0.189573 0.266245 0.190251 0.264440 0.191605 0.264440 0.192959 0.255415 0.199729 0.254513 0.199729 0.254513 0.200406 0.253610 0.201083 0.253610 0.201760 0.252708 0.202437 0.252708 0.203114 0.253610 0.203791 0.253610 0.204469 0.256318 0.206500 0.257220 0.206500 0.258123 0.207177 0.262635 0.207177 0.263538 0.206500 0.272563 0.206500 0.273466 0.207177 0.276173 0.207177 0.277076 0.207854 0.279783 0.207854 0.280686 0.208531 0.284296 0.208531 0.285199 0.209208 0.287004 0.209208 0.287906 0.209885 0.288809 0.209885 0.289711 0.210562 0.290614 0.210562 0.291516 0.211239 0.293321 0.211239 0.294224 0.211916 0.295126 0.211916 0.296029 0.212593 0.296931 0.212593 0.297834 0.213270 0.298736 0.213270 0.299639 0.213947 0.300542 0.213947 0.301444 0.214624 0.303249 0.214624 0.304152 0.215301 0.305054 0.215301 0.305957 0.215978 0.306859 0.215978 0.309567 0.218009 0.311372 0.218009 0.312274 0.218687 0.313177 0.218687 0.314079 0.219364 0.315884 0.219364 0.316787 0.220041 0.317690 0.220041 0.318592 0.220718 0.319495 0.220718 0.320397 0.221395 0.322202 0.221395 0.323105 0.222072 0.324007 0.222072 0.325812 0.223426 0.326715 0.223426 0.331227 0.226811 0.332130 0.226811 0.333935 0.228165 0.334838 0.228165 0.335740 0.228842 0.336643 0.228842 0.338448 0.230196 0.338448 0.230873 0.339350 0.231550 0.339350 0.233582 0.340253 0.234259 0.340253 0.235613 0.342960 0.237644 0.343863 0.237644 0.344765 0.238321 0.346570 0.238321 0.347473 0.238998 0.350181 0.238998 0.351083 0.239675 0.354693 0.239675 0.355596 0.240352 0.356498 0.240352 0.357401 0.239675 0.359206 0.239675 0.359206 0.238998 0.360108 0.238321 0.360108 0.237644 0.359206 0.236967 0.359206 0.236290 0.356498 0.234259 0.356498 0.233582 0.354693 0.232227 0.354693 0.231550 0.353791 0.230873 0.353791 0.229519 0.352888 0.228842 0.352888 0.226134 0.353791 0.225457 0.353791 0.213270 0.352888 0.212593 0.352888 0.209208 0.351986 0.208531 0.351986 0.206500 0.351083 0.205823 0.351083 0.204469 0.350181 0.203791 0.350181 0.202437 0.349278 0.201760 0.349278 0.201083 0.348375 0.200406 0.348375 0.199729 0.346570 0.198375 0.346570 0.197698 0.345668 0.197021 0.345668 0.196344 0.343863 0.194990 0.343863 0.194313 0.342058 0.192959 0.342058 0.192282 0.336643 0.188219 0.335740 0.188219 0.333935 0.186865 0.333032 0.186865 0.329422 0.184157 0.328520 0.184157 0.325812 0.182126 0.324910 0.182126 0.324007 0.181449 0.323105 0.181449 0.321300 0.180095 0.319495 0.180095 0.318592 0.179418 0.316787 0.179418 0.315884 0.178741 0.314079 0.178741 0.313177 0.178064 0.308664 0.178064 0.307762 0.177387
2 0.319495 0.551117 0.318592 0.551794 0.317690 0.551794 0.317690 0.552471 0.316787 0.553148 0.316787 0.555179 0.315884 0.555856 0.315884 0.556534 0.311372 0.559919 0.310469 0.559919 0.309567 0.560596 0.307762 0.560596 0.306859 0.561273 0.304152 0.561273 0.303249 0.561950 0.296029 0.561950 0.295126 0.561273 0.285199 0.561273 0.283394 0.562627 0.283394 0.563304 0.282491 0.563981 0.282491 0.568043 0.281588 0.568720 0.281588 0.578199 0.282491 0.578876 0.283394 0.578876 0.284296 0.579553 0.287004 0.579553 0.287906 0.580230 0.295126 0.580230 0.296029 0.579553 0.299639 0.579553 0.300542 0.578876 0.302347 0.578876 0.303249 0.578199 0.304152 0.578199 0.305054 0.577522 0.305957 0.577522 0.310469 0.574137 0.310469 0.573460 0.311372 0.572783 0.311372 0.572106 0.312274 0.571429 0.312274 0.570752 0.314079 0.569397 0.314079 0.568720 0.314982 0.568043 0.314982 0.567366 0.317690 0.565335 0.318592 0.565335 0.323105 0.561950 0.323105 0.561273 0.324007 0.560596 0.324007 0.559919 0.324910 0.559242 0.324910 0.552471 0.323105 0.551117
2 0.391697 0.536222 0.390794 0.536899 0.388989 0.536899 0.388087 0.537576 0.384477 0.537576 0.383574 0.538253 0.381769 0.538253 0.379964 0.539607 0.379964 0.547055 0.380866 0.547732 0.380866 0.556534 0.382671 0.557888 0.388087 0.557888 0.388989 0.558565 0.397112 0.558565 0.398014 0.557888 0.410650 0.557888 0.411552 0.557211 0.414260 0.557211 0.416065 0.555856 0.416968 0.555856 0.418773 0.554502 0.419675 0.554502 0.421480 0.553148 0.421480 0.552471 0.422383 0.551794 0.422383 0.551117 0.423285 0.550440 0.423285 0.546378 0.421480 0.545024 0.421480 0.544347 0.417870 0.541638 0.416968 0.541638 0.414260 0.539607 0.413357 0.539607 0.412455 0.538930 0.410650 0.538930 0.409747 0.538253 0.406137 0.538253 0.405235 0.537576 0.403430 0.537576 0.402527 0.536899 0.401625 0.536899 0.400722 0.536222
3 0.209386 0.356127 0.208484 0.356804 0.207581 0.356804 0.204874 0.358835 0.204874 0.359513 0.202166 0.361544 0.202166 0.362221 0.201264 0.362898 0.201264 0.363575 0.198556 0.365606 0.198556 0.366283 0.197653 0.366960 0.197653 0.367637 0.195848 0.368991 0.195848 0.371022 0.194946 0.371699 0.194946 0.375085 0.194043 0.375762 0.194043 0.382532 0.194946 0.383209 0.194946 0.388626 0.195848 0.389303 0.195848 0.394042 0.196751 0.394719 0.196751 0.398781 0.197653 0.399458 0.197653 0.404875 0.198556 0.405552 0.198556 0.411645 0.199458 0.412322 0.199458 0.417062 0.200361 0.417739 0.200361 0.422478 0.201264 0.423155 0.201264 0.427217 0.202166 0.427894 0.202166 0.434665 0.203069 0.435342 0.203069 0.446175 0.203971 0.446852 0.203971 0.452945 0.204874 0.453622 0.204874 0.458362 0.205776 0.459039 0.205776 0.461747 0.206679 0.462424 0.206679 0.464455 0.207581 0.465132 0.207581 0.467840 0.208484 0.468517 0.208484 0.470548 0.209386 0.471225 0.209386 0.473257 0.210289 0.473934 0.210289 0.475965 0.211191 0.476642 0.211191 0.480027 0.212094 0.480704 0.212094 0.482735 0.212996 0.483412 0.212996 0.486121 0.213899 0.486798 0.213899 0.490183 0.214801 0.490860 0.214801 0.494922 0.215704 0.495599 0.215704 0.503047 0.216606 0.503724 0.216606 0.509817 0.217509 0.510494 0.217509 0.514557 0.218412 0.515234 0.218412 0.517942 0.219314 0.518619 0.219314 0.520650 0.220217 0.521327 0.220217 0.523358 0.221119 0.524035 0.221119 0.535545 0.220217 0.536222 0.220217 0.538930 0.219314 0.539607 0.219314 0.541638 0.218412 0.542316 0.218412 0.543670 0.217509 0.544347 0.217509 0.546378 0.216606 0.547055 0.216606 0.548409 0.215704 0.549086 0.215704 0.550440 0.214801 0.551117 0.214801 0.551794 0.212996 0.553148 0.212996 0.553825 0.212094 0.554502 0.212094 0.555179 0.210289 0.556534 0.210289 0.557211 0.207581 0.559242 0.207581 0.559919 0.206679 0.560596 0.206679 0.561950 0.207581 0.562627 0.207581 0.563981 0.208484 0.563981 0.209386 0.564658 0.210289 0.564658 0.211191 0.565335 0.215704 0.565335 0.216606 0.564658 0.217509 0.564658 0.220217 0.562627 0.220217 0.561950 0.223827 0.559242 0.223827 0.558565 0.224729 0.557888 0.224729 0.557211 0.225632 0.556534 0.225632 0.555856 0.226534 0.555179 0.226534 0.554502 0.227437 0.553825 0.227437 0.552471 0.228339 0.551794 0.228339 0.551117 0.229242 0.550440 0.229242 0.549086 0.230144 0.548409 0.230144 0.546378 0.231047 0.545701 0.231047 0.542993 0.231949 0.542316 0.231949 0.540961 0.232852 0.540284 0.232852 0.538930 0.233755 0.538253 0.233755 0.515911 0.232852 0.515234 0.232852 0.505755 0.231949 0.505078 0.231949 0.503724 0.232852 0.503047 0.232852 0.499661 0.231949 0.498984 0.231949 0.492214 0.231047 0.491537 0.231047 0.486121 0.230144 0.485443 0.230144 0.480704 0.229242 0.480027 0.229242 0.477996 0.228339 0.477319 0.228339 0.473934 0.227437 0.473257 0.227437 0.467840 0.226534 0.467163 0.226534 0.463101 0.225632 0.462424 0.225632 0.457684 0.224729 0.457007 0.224729 0.451591 0.223827 0.450914 0.223827 0.447529 0.222924 0.446852 0.222924 0.440758 0.222022 0.440081 0.222022 0.432634 0.221119 0.431957 0.221119 0.422478 0.220217 0.421801 0.220217 0.416385 0.219314 0.415708 0.219314 0.408260 0.218412 0.407583 0.218412 0.402167 0.217509 0.401490 0.217509 0.396750 0.216606 0.396073 0.216606 0.390657 0.215704 0.389980 0.215704 0.385240 0.214801 0.384563 0.214801 0.377793 0.213899 0.377116 0.213899 0.371699 0.212996 0.371022 0.212996 0.365606 0.212094 0.364929 0.212094 0.360867 0.211191 0.360190 0.211191 0.358158 0.210289 0.357481 0.210289 0.356804
3 0.268953 0.243737 0.268051 0.244414 0.265343 0.244414 0.264440 0.245091 0.262635 0.245091 0.261733 0.245768 0.260830 0.245768 0.259928 0.246445 0.259025 0.246445 0.258123 0.247123 0.257220 0.247123 0.256318 0.247800 0.256318 0.251185 0.257220 0.251862 0.258123 0.251862 0.264440 0.256601 0.264440 0.257278 0.268051 0.259986 0.268051 0.260664 0.270758 0.262695 0.270758 0.263372 0.271661 0.264049 0.271661 0.268111 0.270758 0.268788 0.270758 0.271496 0.269856 0.272173 0.269856 0.272850 0.267148 0.274882 0.266245 0.274882 0.265343 0.275559 0.261733 0.275559 0.260830 0.276236 0.259928 0.276236 0.259025 0.276913 0.254513 0.276913 0.253610 0.277590 0.252708 0.277590 0.251805 0.278267 0.250903 0.278267 0.246390 0.281652 0.245487 0.281652 0.241877 0.284360 0.240975 0.284360 0.239170 0.285714 0.239170 0.286391 0.238267 0.287068 0.238267 0.287745 0.237365 0.288422 0.237365 0.289100 0.236462 0.289777 0.236462 0.290454 0.234657 0.291808 0.234657 0.292485 0.232852 0.293839 0.232852 0.294516 0.231949 0.295193 0.231949 0.295870 0.231047 0.296547 0.231047 0.297224 0.229242 0.298578 0.229242 0.299255 0.228339 0.299932 0.228339 0.300609 0.227437 0.301286 0.227437 0.301963 0.226534 0.302640 0.226534 0.303318 0.225632 0.303995 0.225632 0.305349 0.224729 0.306026 0.224729 0.306703 0.222924 0.308057 0.222924 0.308734 0.221119 0.310088 0.221119 0.310765 0.219314 0.312119 0.219314 0.312796 0.217509 0.314150 0.217509 0.314827 0.216606 0.315504 0.216606 0.316181 0.215704 0.316858 0.215704 0.318890 0.214801 0.319567 0.214801 0.322275 0.215704 0.322952 0.216606 0.322952 0.217509 0.323629 0.218412 0.323629 0.220217 0.324983 0.220217 0.325660 0.221119 0.326337 0.221119 0.328368 0.220217 0.329045 0.220217 0.329722 0.219314 0.330399 0.219314 0.331754 0.220217 0.332431 0.220217 0.335139 0.221119 0.335816 0.221119 0.336493 0.222022 0.336493 0.222924 0.337170 0.223827 0.337170 0.224729 0.336493 0.227437 0.336493 0.228339 0.335816 0.235560 0.335816 0.236462 0.335139 0.250000 0.335139 0.250903 0.334462 0.253610 0.334462 0.254513 0.333785 0.256318 0.333785 0.257220 0.333108 0.261733 0.333108 0.262635 0.332431 0.264440 0.332431 0.265343 0.333108 0.273466 0.333108 0.274368 0.332431 0.280686 0.332431 0.281588 0.333108 0.288809 0.333108 0.289711 0.333785 0.293321 0.333785 0.294224 0.334462 0.296931 0.334462 0.297834 0.335139 0.301444 0.335139 0.302347 0.335816 0.304152 0.335816 0.305054 0.336493 0.305957 0.336493 0.306859 0.337170 0.307762 0.337170 0.309567 0.338524 0.310469 0.338524 0.311372 0.339201 0.312274 0.339201 0.315884 0.341909 0.316787 0.341909 0.317690 0.342586 0.318592 0.342586 0.320397 0.343940 0.321300 0.343940 0.322202 0.344617 0.322202 0.345295 0.324007 0.346649 0.324910 0.346649 0.332130 0.352065 0.332130 0.352742 0.333935 0.354096 0.333935 0.354773 0.334838 0.355450 0.334838 0.356127 0.337545 0.358158 0.337545 0.359513 0.338448 0.360190 0.338448 0.361544 0.339350 0.361544 0.340253 0.362221 0.340253 0.368314 0.341155 0.368991 0.341155 0.371022 0.342058 0.371699 0.342058 0.374408 0.342960 0.375085 0.342960 0.377793 0.343863 0.378470 0.343863 0.391334 0.344765 0.392011 0.344765 0.429926 0.343863 0.430603 0.343863 0.436019 0.342960 0.436696 0.342960 0.441435 0.342058 0.442112 0.342058 0.448206 0.341155 0.448883 0.341155 0.455653 0.340253 0.456330 0.340253 0.461747 0.339350 0.462424 0.339350 0.466486 0.338448 0.467163 0.338448 0.471903 0.337545 0.472580 0.337545 0.489506 0.336643 0.490183 0.336643 0.495599 0.335740 0.496276 0.335740 0.500339 0.334838 0.501016 0.334838 0.504401 0.333935 0.505078 0.333935 0.509817 0.333032 0.510494 0.333032 0.517265 0.332130 0.517942 0.332130 0.522681 0.331227 0.523358 0.331227 0.526066 0.330325 0.526743 0.330325 0.529452 0.329422 0.530129 0.329422 0.534191 0.328520 0.534868 0.328520 0.555856 0.327617 0.556534 0.327617 0.563981 0.326715 0.564658 0.326715 0.568720 0.325812 0.569397 0.325812 0.572106 0.324910 0.572783 0.324910 0.574137 0.324007 0.574814 0.324007 0.579553 0.323105 0.580230 0.323105 0.584292 0.322202 0.584970 0.322202 0.588355 0.324007 0.589709 0.324910 0.589709 0.325812 0.590386 0.328520 0.590386 0.328520 0.589709 0.329422 0.589032 0.329422 0.581584 0.330325 0.580907 0.330325 0.578199 0.331227 0.577522 0.331227 0.576168 0.332130 0.575491 0.332130 0.574814 0.339350 0.569397 0.339350 0.568720 0.342058 0.566689 0.342058 0.564658 0.342960 0.563981 0.342960 0.559919 0.343863 0.559242 0.343863 0.551117 0.344765 0.550440 0.344765 0.540961 0.345668 0.540284 0.345668 0.534868 0.346570 0.534191 0.346570 0.530806 0.347473 0.530129 0.347473 0.528097 0.348375 0.527420 0.348375 0.524712 0.349278 0.524035 0.349278 0.520650 0.350181 0.519973 0.350181 0.516588 0.351083 0.515911 0.351083 0.513202 0.351986 0.512525 0.351986 0.509817 0.352888 0.509140 0.352888 0.505755 0.353791 0.505078 0.353791 0.500339 0.354693 0.499661 0.354693 0.496276 0.355596 0.495599 0.355596 0.490860 0.356498 0.490183 0.356498 0.486121 0.357401 0.485443 0.357401 0.477319 0.358303 0.476642 0.358303 0.470548 0.359206 0.469871 0.359206 0.462424 0.360108 0.461747 0.360108 0.455653 0.361011 0.454976 0.361011 0.450237 0.361913 0.449560 0.361913 0.444144 0.362816 0.443466 0.362816 0.434665 0.363718 0.433988 0.363718 0.427217 0.364621 0.426540 0.364621 0.423155 0.363718 0.422478 0.363718 0.409614 0.362816 0.408937 0.362816 0.389303 0.361913 0.388626 0.361913 0.387271 0.361011 0.386594 0.361011 0.385917 0.358303 0.383886 0.358303 0.383209 0.348375 0.375762 0.348375 0.374408 0.346570 0.373053 0.346570 0.372376 0.345668 0.371699 0.345668 0.371022 0.344765 0.370345 0.344765 0.369668 0.343863 0.368991 0.343863 0.367637 0.342960 0.366960 0.342960 0.364929 0.342058 0.364252 0.342058 0.358835 0.343863 0.357481 0.343863 0.356804 0.344765 0.356127 0.344765 0.355450 0.346570 0.354096 0.346570 0.353419 0.347473 0.352742 0.347473 0.352065 0.348375 0.351388 0.348375 0.350711 0.349278 0.350034 0.349278 0.348680 0.350181 0.348003 0.350181 0.341909 0.349278 0.341232 0.349278 0.339201 0.348375 0.338524 0.348375 0.336493 0.347473 0.335816 0.347473 0.335139 0.346570 0.334462 0.346570 0.333785 0.345668 0.333108 0.345668 0.331077 0.344765 0.330399 0.344765 0.329045 0.343863 0.328368 0.343863 0.327014 0.342960 0.326337 0.342960 0.322275 0.342058 0.321598 0.342058 0.312119 0.341155 0.311442 0.341155 0.308734 0.340253 0.308057 0.340253 0.307380 0.339350 0.306703 0.339350 0.305349 0.338448 0.304672 0.338448 0.303318 0.337545 0.302640 0.337545 0.301286 0.336643 0.300609 0.336643 0.299932 0.334838 0.298578 0.334838 0.297224 0.331227 0.294516 0.331227 0.293162 0.330325 0.292485 0.329422 0.292485 0.328520 0.291808 0.328520 0.291131 0.327617 0.290454 0.327617 0.289777 0.326715 0.289777 0.324910 0.288422 0.324910 0.287745 0.324007 0.287068 0.324007 0.286391 0.323105 0.286391 0.321300 0.285037 0.320397 0.285037 0.314079 0.280298 0.314079 0.279621 0.310469 0.276913 0.310469 0.276236 0.306859 0.273527 0.306859 0.272850 0.304152 0.270819 0.304152 0.270142 0.303249 0.269465 0.303249 0.268788 0.301444 0.267434 0.301444 0.266757 0.300542 0.266080 0.300542 0.264726 0.298736 0.263372 0.298736 0.262695 0.297834 0.262018 0.297834 0.258632 0.298736 0.257955 0.298736 0.256601 0.299639 0.255924 0.299639 0.255247 0.300542 0.254570 0.300542 0.253893 0.305957 0.249831 0.306859 0.249831 0.307762 0.249154 0.308664 0.249154 0.309567 0.248477 0.312274 0.248477 0.313177 0.247800 0.314982 0.247800 0.311372 0.245091 0.310469 0.245091 0.309567 0.244414 0.302347 0.244414 0.301444 0.245091 0.299639 0.245091 0.298736 0.245768 0.297834 0.245768 0.296931 0.246445 0.296029 0.246445 0.294224 0.247800 0.294224 0.248477 0.292419 0.249831 0.291516 0.249831 0.290614 0.250508 0.285199 0.250508 0.284296 0.249831 0.283394 0.249831 0.280686 0.247800 0.279783 0.247800 0.278881 0.247123 0.277978 0.247123 0.276173 0.245768 0.275271 0.245768 0.273466 0.244414 0.270758 0.244414 0.269856 0.243737