0 0.794177 0.239170 0.792146 0.241877 0.792146 0.242780 0.791469 0.243682 0.791469 0.244585 0.785376 0.252708 0.785376 0.253610 0.784699 0.254513 0.784699 0.256318 0.784022 0.257220 0.784022 0.259025 0.783345 0.259928 0.783345 0.260830 0.782668 0.261733 0.782668 0.262635 0.781991 0.263538 0.781991 0.264440 0.781313 0.265343 0.781313 0.268051 0.780636 0.268953 0.780636 0.277076 0.781313 0.277978 0.781313 0.278881 0.781991 0.279783 0.781991 0.281588 0.782668 0.282491 0.782668 0.286101 0.781991 0.287004 0.781991 0.289711 0.777928 0.295126 0.777251 0.295126 0.775897 0.296931 0.775897 0.297834 0.775220 0.298736 0.775220 0.300542 0.779282 0.300542 0.779959 0.299639 0.780636 0.299639 0.781313 0.298736 0.781991 0.298736 0.782668 0.297834 0.783345 0.297834 0.786053 0.294224 0.787407 0.294224 0.788084 0.295126 0.789438 0.295126 0.790115 0.296029 0.790115 0.296931 0.792146 0.299639 0.794854 0.299639 0.794854 0.298736 0.795531 0.297834 0.795531 0.287906 0.794854 0.287004 0.794854 0.283394 0.794177 0.282491 0.794854 0.281588 0.794854 0.277076 0.795531 0.276173 0.795531 0.272563 0.796209 0.271661 0.796209 0.270758 0.796886 0.269856 0.796886 0.268051 0.797563 0.267148 0.797563 0.266245 0.798240 0.265343 0.798240 0.263538 0.798917 0.262635 0.798917 0.260830 0.799594 0.259928 0.799594 0.241877 0.798917 0.240975 0.798917 0.240072 0.798240 0.240072 0.797563 0.239170
0 0.955992 0.578520 0.955315 0.579422 0.954638 0.579422 0.953961 0.580325 0.952607 0.580325 0.950575 0.583032 0.949898 0.583032 0.943805 0.591155 0.943805 0.592960 0.944482 0.593863 0.944482 0.595668 0.945159 0.596570 0.945159 0.597473 0.945836 0.598375 0.945836 0.611913 0.945159 0.612816 0.945159 0.613718 0.943128 0.616426 0.942451 0.616426 0.941774 0.617329 0.941097 0.617329 0.940420 0.618231 0.939066 0.618231 0.938389 0.619134 0.935680 0.619134 0.935003 0.620036 0.934326 0.620036 0.933649 0.620939 0.932295 0.620939 0.931618 0.621841 0.930941 0.621841 0.930264 0.622744 0.929587 0.622744 0.928910 0.623646 0.928233 0.623646 0.925525 0.627256 0.925525 0.628159 0.924848 0.629061 0.924848 0.629964 0.924171 0.630866 0.924171 0.631769 0.923494 0.632671 0.923494 0.633574 0.922817 0.634477 0.922817 0.635379 0.922139 0.636282 0.922139 0.637184 0.921462 0.638087 0.921462 0.638989 0.920785 0.639892 0.920785 0.640794 0.920108 0.641697 0.920108 0.642599 0.919431 0.643502 0.919431 0.645307 0.918754 0.646209 0.918754 0.647112 0.918077 0.648014 0.918077 0.649819 0.917400 0.650722 0.917400 0.651625 0.916723 0.652527 0.916723 0.654332 0.916046 0.655235 0.916046 0.660650 0.915369 0.661552 0.915369 0.681408 0.916046 0.682310 0.916046 0.688628 0.915369 0.689531 0.915369 0.696751 0.916046 0.697653 0.916046 0.701264 0.916723 0.702166 0.916723 0.703069 0.917400 0.703971 0.917400 0.704874 0.918754 0.706679 0.918754 0.707581 0.919431 0.708484 0.919431 0.709386 0.920108 0.710289 0.920108 0.712094 0.920785 0.712996 0.920785 0.719314 0.920108 0.720217 0.920108 0.726534 0.919431 0.727437 0.919431 0.733755 0.918754 0.734657 0.918754 0.737365 0.918077 0.738267 0.918077 0.743682 0.917400 0.744585 0.917400 0.766245 0.916723 0.767148 0.916723 0.768953 0.916046 0.769856 0.916046 0.770758 0.915369 0.771661 0.914692 0.771661 0.914692 0.773466 0.914015 0.774368 0.914015 0.779783 0.914692 0.780686 0.914692 0.781588 0.916723 0.784296 0.916723 0.785199 0.918077 0.787004 0.918077 0.787906 0.919431 0.789711 0.920108 0.789711 0.921462 0.791516 0.923494 0.791516 0.924171 0.792419 0.925525 0.792419 0.926202 0.791516 0.926879 0.791516 0.927556 0.790614 0.928233 0.790614 0.929587 0.788809 0.929587 0.757220 0.930264 0.756318 0.930264 0.749097 0.930941 0.748195 0.930941 0.745487 0.931618 0.744585 0.931618 0.741877 0.932295 0.740975 0.932295 0.740072 0.932972 0.739170 0.932972 0.737365 0.933649 0.736462 0.933649 0.734657 0.934326 0.733755 0.934326 0.732852 0.935003 0.731949 0.935003 0.731047 0.935680 0.730144 0.935680 0.729242 0.936357 0.728339 0.936357 0.726534 0.937035 0.725632 0.937035 0.724729 0.937712 0.723827 0.937712 0.722022 0.938389 0.721119 0.938389 0.720217 0.939066 0.719314 0.939066 0.718412 0.939743 0.717509 0.939743 0.716606 0.940420 0.715704 0.941097 0.715704 0.941774 0.714801 0.949898 0.714801 0.951253 0.716606 0.951253 0.722022 0.950575 0.722924 0.950575 0.724729 0.949898 0.725632 0.949898 0.728339 0.949221 0.729242 0.949221 0.731047 0.948544 0.731949 0.948544 0.733755 0.947867 0.734657 0.947867 0.735560 0.947190 0.736462 0.947190 0.737365 0.946513 0.738267 0.946513 0.739170 0.945836 0.740072 0.945836 0.740975 0.944482 0.742780 0.944482 0.743682 0.943805 0.744585 0.943805 0.745487 0.942451 0.747292 0.942451 0.748195 0.941774 0.749097 0.941774 0.750903 0.941097 0.751805 0.941097 0.754513 0.940420 0.755415 0.940420 0.756318 0.941097 0.757220 0.941097 0.759928 0.943128 0.762635 0.943805 0.762635 0.944482 0.763538 0.945159 0.763538 0.945836 0.764440 0.946513 0.764440 0.947190 0.765343 0.949221 0.765343 0.949898 0.766245 0.953961 0.766245 0.954638 0.767148 0.960731 0.767148 0.961408 0.766245 0.964116 0.766245 0.964794 0.765343 0.965471 0.765343 0.966148 0.764440 0.966148 0.761733 0.964116 0.759025 0.964116 0.758123 0.963439 0.758123 0.962085 0.756318 0.961408 0.756318 0.960054 0.754513 0.959377 0.754513 0.958023 0.752708 0.958023 0.746390 0.958700 0.745487 0.958700 0.743682 0.959377 0.742780 0.959377 0.741877 0.960054 0.740975 0.960054 0.739170 0.960731 0.738267 0.960731 0.737365 0.961408 0.736462 0.961408 0.735560 0.962762 0.733755 0.962762 0.732852 0.963439 0.731949 0.963439 0.731047 0.964116 0.730144 0.964116 0.729242 0.964794 0.728339 0.964794 0.727437 0.965471 0.726534 0.965471 0.724729 0.966148 0.723827 0.966148 0.722924 0.966825 0.722022 0.966825 0.721119 0.967502 0.720217 0.967502 0.718412 0.968179 0.717509 0.968179 0.716606 0.968856 0.715704 0.968856 0.713899 0.969533 0.712996 0.969533 0.712094 0.970210 0.711191 0.970210 0.709386 0.970887 0.708484 0.970887 0.707581 0.972241 0.705776 0.972241 0.704874 0.972918 0.703971 0.973595 0.703971 0.973595 0.703069 0.974272 0.702166 0.974272 0.701264 0.974949 0.700361 0.974949 0.698556 0.975626 0.697653 0.975626 0.696751 0.976303 0.695848 0.976303 0.694043 0.976980 0.693141 0.976980 0.690433 0.977657 0.689531 0.977657 0.686823 0.978334 0.685921 0.978334 0.683213 0.979012 0.682310 0.979012 0.675993 0.979689 0.675090 0.979689 0.669675 0.980366 0.668773 0.980366 0.664260 0.979689 0.663357 0.979689 0.652527 0.979012 0.651625 0.979012 0.647112 0.978334 0.646209 0.978334 0.642599 0.977657 0.641697 0.977657 0.639892 0.976980 0.638989 0.976980 0.638087 0.976303 0.637184 0.976303 0.636282 0.970887 0.629061 0.970210 0.629061 0.968179 0.626354 0.968179 0.625451 0.967502 0.624549 0.967502 0.622744 0.966825 0.621841 0.966825 0.615523 0.967502 0.614621 0.967502 0.612816 0.972918 0.605596 0.972918 0.603791 0.973595 0.602888 0.973595 0.596570 0.972918 0.595668 0.972918 0.592058 0.972241 0.591155 0.972241 0.589350 0.971564 0.588448 0.971564 0.587545 0.966825 0.581227 0.966148 0.581227 0.965471 0.580325 0.964794 0.580325 0.964116 0.579422 0.962762 0.579422 0.962085 0.578520
0 0.913338 0.391697 0.912661 0.392599 0.909953 0.392599 0.909276 0.393502 0.908599 0.393502 0.907921 0.394404 0.907244 0.394404 0.905890 0.396209 0.905213 0.396209 0.903859 0.398014 0.901828 0.398014 0.901151 0.398917 0.897766 0.398917 0.897089 0.399819 0.896412 0.399819 0.895735 0.400722 0.895058 0.400722 0.892349 0.404332 0.892349 0.405235 0.890995 0.407040 0.890995 0.407942 0.890318 0.408845 0.890318 0.409747 0.888964 0.411552 0.888964 0.412455 0.887610 0.414260 0.886933 0.414260 0.886933 0.415162 0.885579 0.416968 0.885579 0.417870 0.884902 0.418773 0.884902 0.419675 0.884225 0.420578 0.884225 0.422383 0.883548 0.423285 0.883548 0.425090 0.882871 0.425993 0.882871 0.426895 0.882194 0.427798 0.882194 0.429603 0.881517 0.430505 0.881517 0.433213 0.880840 0.434116 0.880840 0.437726 0.880162 0.438628 0.880162 0.452166 0.879485 0.453069 0.879485 0.456679 0.880162 0.457581 0.880162 0.458484 0.881517 0.460289 0.881517 0.461191 0.882871 0.462996 0.882194 0.463899 0.882194 0.465704 0.879485 0.469314 0.879485 0.470217 0.876777 0.473827 0.876777 0.474729 0.876100 0.475632 0.876100 0.476534 0.875423 0.477437 0.875423 0.478339 0.874746 0.479242 0.874746 0.480144 0.874069 0.481047 0.874069 0.487365 0.874746 0.488267 0.884225 0.488267 0.884902 0.489170 0.885579 0.489170 0.886256 0.490072 0.886933 0.490072 0.887610 0.490975 0.891672 0.490975 0.893026 0.489170 0.893026 0.488267 0.893703 0.487365 0.893703 0.484657 0.894381 0.483755 0.894381 0.481047 0.895058 0.480144 0.895058 0.478339 0.895735 0.477437 0.895735 0.475632 0.896412 0.474729 0.896412 0.473827 0.897089 0.472924 0.897089 0.472022 0.897766 0.471119 0.897766 0.468412 0.898443 0.467509 0.898443 0.465704 0.899120 0.464801 0.899120 0.463899 0.899797 0.462996 0.899797 0.461191 0.900474 0.460289 0.900474 0.457581 0.901151 0.456679 0.901151 0.454874 0.901828 0.453971 0.901828 0.452166 0.902505 0.451264 0.902505 0.450361 0.903182 0.449458 0.903182 0.447653 0.903859 0.446751 0.903859 0.444946 0.904536 0.444043 0.904536 0.441336 0.905213 0.440433 0.905213 0.438628 0.905890 0.437726 0.905890 0.436823 0.907244 0.435018 0.907244 0.434116 0.908599 0.432310 0.908599 0.431408 0.909276 0.430505 0.909276 0.429603 0.909953 0.428700 0.909953 0.427798 0.911307 0.425993 0.911307 0.423285 0.911984 0.422383 0.911984 0.420578 0.913338 0.418773 0.913338 0.417870 0.914692 0.416065 0.918077 0.416065 0.920108 0.413357 0.920108 0.412455 0.920785 0.411552 0.920785 0.408845 0.921462 0.407942 0.921462 0.400722 0.920785 0.399819 0.920785 0.397112 0.920108 0.396209 0.920108 0.395307 0.919431 0.394404 0.919431 0.393502 0.918754 0.392599 0.916723 0.392599 0.916046 0.391697
0 0.670278 0.469314 0.669601 0.470217 0.668923 0.470217 0.667569 0.472022 0.667569 0.472924 0.666215 0.474729 0.665538 0.474729 0.664861 0.475632 0.664184 0.475632 0.662830 0.477437 0.662830 0.490975 0.663507 0.491877 0.663507 0.493682 0.664184 0.494585 0.664184 0.496390 0.664861 0.497292 0.664861 0.498195 0.667569 0.501805 0.677048 0.501805 0.677725 0.500903 0.679756 0.500903 0.680433 0.500000 0.681110 0.500000 0.681787 0.499097 0.682464 0.499097 0.684496 0.496390 0.685173 0.496390 0.686527 0.494585 0.686527 0.493682 0.687204 0.492780 0.687204 0.490072 0.687881 0.489170 0.687881 0.483755 0.687204 0.482852 0.687204 0.479242 0.685850 0.477437 0.681110 0.477437 0.680433 0.476534 0.679079 0.476534 0.678402 0.475632 0.677725 0.475632 0.676371 0.473827 0.676371 0.472924 0.674340 0.470217 0.673663 0.470217 0.672986 0.469314
0 0.255924 0.652527 0.253216 0.656137 0.253216 0.657040 0.251862 0.658845 0.251862 0.659747 0.251185 0.660650 0.251185 0.663357 0.250508 0.664260 0.250508 0.668773 0.251185 0.669675 0.253216 0.669675 0.253893 0.670578 0.257278 0.670578 0.257955 0.669675 0.259309 0.669675 0.260664 0.667870 0.260664 0.666968 0.261341 0.666065 0.261341 0.665162 0.262018 0.664260 0.262018 0.654332 0.261341 0.653430 0.259986 0.653430 0.259309 0.652527
0 0.199052 0.496390 0.198375 0.497292 0.196344 0.497292 0.195667 0.498195 0.194990 0.498195 0.193636 0.500000 0.192959 0.500000 0.191605 0.501805 0.191605 0.502708 0.190251 0.504513 0.190251 0.506318 0.189573 0.507220 0.189573 0.509025 0.188896 0.509928 0.188896 0.511733 0.187542 0.513538 0.187542 0.514440 0.185511 0.517148 0.185511 0.518051 0.184834 0.518953 0.185511 0.519856 0.185511 0.520758 0.186865 0.522563 0.188219 0.522563 0.188896 0.523466 0.190928 0.523466 0.191605 0.524368 0.192282 0.524368 0.192959 0.525271 0.192959 0.526173 0.194990 0.528881 0.194990 0.529783 0.196344 0.531588 0.196344 0.532491 0.197021 0.533394 0.197021 0.535199 0.197698 0.536101 0.197698 0.538809 0.198375 0.539711 0.198375 0.553249 0.197698 0.554152 0.197698 0.559567 0.198375 0.560469 0.198375 0.562274 0.199052 0.563177 0.199052 0.566787 0.199729 0.567690 0.199052 0.568592 0.199052 0.588448 0.199729 0.589350 0.199729 0.591155 0.203114 0.595668 0.203791 0.595668 0.204469 0.596570 0.204469 0.597473 0.205146 0.598375 0.205146 0.602888 0.204469 0.603791 0.204469 0.606498 0.203791 0.607401 0.203791 0.611011 0.203114 0.611913 0.203114 0.614621 0.202437 0.615523 0.202437 0.618231 0.201760 0.619134 0.201760 0.620939 0.201083 0.621841 0.201083 0.625451 0.200406 0.626354 0.200406 0.629964 0.199729 0.630866 0.199729 0.633574 0.199052 0.634477 0.199052 0.663357 0.198375 0.664260 0.198375 0.671480 0.199729 0.673285 0.203114 0.673285 0.204469 0.675090 0.204469 0.677798 0.203114 0.679603 0.199052 0.679603 0.198375 0.680505 0.197021 0.680505 0.196344 0.681408 0.194990 0.681408 0.193636 0.683213 0.192959 0.683213 0.191605 0.685018 0.190928 0.685018 0.188896 0.687726 0.188219 0.687726 0.186865 0.689531 0.186865 0.692238 0.188896 0.694946 0.193636 0.694946 0.194313 0.694043 0.195667 0.694043 0.196344 0.693141 0.197698 0.693141 0.198375 0.692238 0.199729 0.692238 0.200406 0.691336 0.203791 0.691336 0.204469 0.690433 0.206500 0.690433 0.207854 0.688628 0.207854 0.686823 0.208531 0.685921 0.208531 0.683213 0.209208 0.682310 0.209208 0.681408 0.208531 0.680505 0.208531 0.679603 0.207854 0.678700 0.207854 0.675090 0.209885 0.672383 0.209885 0.668773 0.210562 0.667870 0.210562 0.654332 0.211239 0.653430 0.211239 0.645307 0.211916 0.644404 0.211916 0.639892 0.212593 0.638989 0.212593 0.637184 0.213270 0.636282 0.213270 0.635379 0.213947 0.634477 0.213947 0.632671 0.215301 0.630866 0.215301 0.629964 0.215978 0.629061 0.215978 0.628159 0.216655 0.627256 0.216655 0.626354 0.217332 0.625451 0.217332 0.623646 0.218009 0.622744 0.218009 0.620939 0.219364 0.619134 0.219364 0.618231 0.220041 0.617329 0.220718 0.617329 0.221395 0.616426 0.222749 0.616426 0.223426 0.615523 0.224103 0.615523 0.224780 0.614621 0.225457 0.614621 0.226134 0.613718 0.227488 0.613718 0.228165 0.614621 0.228842 0.614621 0.229519 0.615523 0.229519 0.616426 0.230873 0.618231 0.230873 0.619134 0.231550 0.620036 0.231550 0.620939 0.243737 0.637184 0.243737 0.638087 0.246445 0.641697 0.246445 0.642599 0.247123 0.643502 0.247123 0.644404 0.247800 0.645307 0.247800 0.646209 0.250508 0.649819 0.257955 0.649819 0.258632 0.648917 0.259309 0.648917 0.259986 0.648014 0.259986 0.642599 0.259309 0.641697 0.259309 0.639892 0.258632 0.638989 0.258632 0.638087 0.257955 0.637184 0.257955 0.635379 0.257278 0.634477 0.257278 0.633574 0.256601 0.632671 0.256601 0.631769 0.255924 0.630866 0.255924 0.629964 0.253893 0.627256 0.253893 0.626354 0.251185 0.622744 0.250508 0.622744 0.249154 0.620939 0.249154 0.620036 0.247800 0.618231 0.247800 0.617329 0.247123 0.616426 0.247123 0.615523 0.245768 0.613718 0.245768 0.612816 0.245091 0.611913 0.245091 0.611011 0.244414 0.610108 0.244414 0.609206 0.243737 0.608303 0.243737 0.607401 0.243060 0.606498 0.243060 0.603791 0.242383 0.602888 0.242383 0.592058 0.243060 0.591155 0.243060 0.590253 0.244414 0.588448 0.244414 0.587545 0.245091 0.586643 0.245091 0.585740 0.245768 0.584838 0.245768 0.582130 0.246445 0.581227 0.245768 0.580325 0.245768 0.578520 0.245091 0.577617 0.245091 0.575812 0.244414 0.574910 0.244414 0.573105 0.243737 0.572202 0.243737 0.570397 0.243060 0.569495 0.243060 0.567690 0.242383 0.566787 0.242383 0.564079 0.241706 0.563177 0.241706 0.560469 0.241029 0.559567 0.241029 0.555957 0.240352 0.555054 0.240352 0.553249 0.239675 0.552347 0.239675 0.549639 0.238998 0.548736 0.238998 0.546931 0.238321 0.546029 0.238321 0.545126 0.237644 0.544224 0.237644 0.542419 0.236290 0.540614 0.236290 0.539711 0.234259 0.537004 0.234259 0.536101 0.233582 0.536101 0.232227 0.534296 0.231550 0.534296 0.230196 0.532491 0.228842 0.532491 0.228165 0.531588 0.227488 0.531588 0.226811 0.530686 0.225457 0.530686 0.224103 0.528881 0.223426 0.528881 0.222749 0.527978 0.221395 0.527978 0.220718 0.527076 0.220041 0.527076 0.219364 0.526173 0.218009 0.526173 0.217332 0.525271 0.216655 0.525271 0.214624 0.522563 0.214624 0.520758 0.213947 0.519856 0.213947 0.518051 0.214624 0.517148 0.214624 0.511733 0.213947 0.510830 0.213947 0.509025 0.213270 0.508123 0.213270 0.507220 0.211916 0.505415 0.211916 0.504513 0.210562 0.502708 0.210562 0.501805 0.209208 0.500000 0.208531 0.500000 0.207177 0.498195 0.206500 0.498195 0.205823 0.497292 0.203791 0.497292 0.203114 0.496390
0 0.079215 0.469314 0.078538 0.470217 0.077183 0.470217 0.075829 0.472022 0.075152 0.472022 0.074475 0.472924 0.073798 0.472924 0.066351 0.482852 0.066351 0.483755 0.062965 0.488267 0.062965 0.489170 0.061611 0.490975 0.062965 0.492780 0.062965 0.493682 0.063643 0.494585 0.064320 0.494585 0.067028 0.498195 0.067705 0.498195 0.069736 0.500903 0.069736 0.504513 0.069059 0.505415 0.069059 0.506318 0.068382 0.507220 0.068382 0.508123 0.065674 0.511733 0.065674 0.512635 0.055518 0.526173 0.055518 0.527076 0.054841 0.527978 0.054841 0.528881 0.054164 0.529783 0.054164 0.530686 0.053487 0.531588 0.053487 0.534296 0.052810 0.535199 0.052810 0.540614 0.052133 0.541516 0.052133 0.542419 0.051456 0.543321 0.051456 0.544224 0.050102 0.546029 0.049425 0.546029 0.049425 0.546931 0.048070 0.548736 0.048070 0.549639 0.047393 0.550542 0.047393 0.552347 0.046716 0.553249 0.046716 0.559567 0.047393 0.560469 0.047393 0.563177 0.048070 0.564079 0.048070 0.565884 0.048747 0.566787 0.048747 0.568592 0.049425 0.569495 0.049425 0.571300 0.050102 0.572202 0.050102 0.574007 0.050779 0.574910 0.050779 0.575812 0.051456 0.576715 0.051456 0.578520 0.052133 0.579422 0.052133 0.581227 0.052810 0.582130 0.052810 0.583935 0.053487 0.584838 0.053487 0.586643 0.054164 0.587545 0.054164 0.589350 0.054841 0.590253 0.054841 0.593863 0.055518 0.594765 0.055518 0.596570 0.056195 0.597473 0.056195 0.598375 0.056872 0.599278 0.056872 0.600181 0.058903 0.602888 0.063643 0.602888 0.064320 0.601986 0.064997 0.601986 0.065674 0.601083 0.067028 0.601083 0.067705 0.600181 0.068382 0.600181 0.069059 0.599278 0.069736 0.599278 0.070413 0.598375 0.071090 0.598375 0.072444 0.596570 0.073121 0.596570 0.077183 0.591155 0.077183 0.590253 0.076506 0.589350 0.076506 0.581227 0.077183 0.580325 0.077183 0.579422 0.077861 0.578520 0.079892 0.581227 0.079892 0.589350 0.080569 0.590253 0.080569 0.591155 0.084631 0.591155 0.085308 0.592058 0.085985 0.592058 0.086662 0.592960 0.087339 0.592960 0.088693 0.594765 0.088693 0.595668 0.089370 0.596570 0.089370 0.597473 0.090047 0.598375 0.090047 0.606498 0.090724 0.607401 0.090724 0.611011 0.091401 0.611913 0.091401 0.618231 0.092079 0.619134 0.092079 0.625451 0.094787 0.629061 0.094787 0.629964 0.095464 0.630866 0.097495 0.630866 0.098172 0.631769 0.098849 0.631769 0.099526 0.632671 0.102234 0.632671 0.102234 0.630866 0.102911 0.629964 0.102911 0.629061 0.102234 0.628159 0.102234 0.624549 0.102911 0.623646 0.102911 0.621841 0.102234 0.620939 0.102234 0.615523 0.101557 0.614621 0.101557 0.613718 0.100203 0.611913 0.100203 0.609206 0.099526 0.608303 0.099526 0.607401 0.098849 0.606498 0.098849 0.601083 0.098172 0.600181 0.097495 0.600181 0.096818 0.599278 0.096141 0.599278 0.094787 0.597473 0.094787 0.596570 0.094110 0.595668 0.094110 0.594765 0.094787 0.593863 0.095464 0.593863 0.096141 0.592960 0.098849 0.592960 0.099526 0.592058 0.100880 0.592058 0.101557 0.591155 0.101557 0.587545 0.099526 0.584838 0.099526 0.580325 0.098849 0.579422 0.098849 0.572202 0.098172 0.571300 0.098172 0.569495 0.097495 0.568592 0.097495 0.547834 0.098172 0.546931 0.098172 0.520758 0.097495 0.519856 0.097495 0.515343 0.096818 0.514440 0.096818 0.510830 0.096141 0.509928 0.096141 0.506318 0.095464 0.505415 0.095464 0.503610 0.094787 0.502708 0.094787 0.500903 0.094110 0.500000 0.094110 0.498195 0.093433 0.497292 0.093433 0.496390 0.092756 0.495487 0.092756 0.494585 0.092079 0.493682 0.092079 0.492780 0.090047 0.490072 0.090047 0.489170 0.088693 0.487365 0.088693 0.486462 0.088016 0.485560 0.088016 0.484657 0.087339 0.483755 0.087339 0.482852 0.085985 0.481047 0.085985 0.479242 0.085308 0.478339 0.085308 0.473827 0.081923 0.469314
0 0.007448 0.225632 0.006770 0.226534 0.002708 0.226534 0.002031 0.227437 0.000000 0.227437 0.000000 0.506318 0.005416 0.506318 0.006770 0.504513 0.006770 0.503610 0.008802 0.500903 0.008802 0.500000 0.009479 0.499097 0.009479 0.497292 0.010156 0.496390 0.010156 0.495487 0.012864 0.491877 0.013541 0.491877 0.014895 0.490072 0.015572 0.490072 0.015572 0.489170 0.017603 0.486462 0.017603 0.485560 0.018957 0.483755 0.018957 0.482852 0.022343 0.478339 0.023020 0.478339 0.025051 0.475632 0.027082 0.475632 0.027759 0.474729 0.031144 0.474729 0.031821 0.475632 0.034529 0.475632 0.035206 0.476534 0.037238 0.476534 0.037915 0.477437 0.042654 0.477437 0.045362 0.473827 0.046039 0.473827 0.054164 0.462996 0.054841 0.462996 0.058226 0.458484 0.058903 0.458484 0.059580 0.457581 0.060934 0.457581 0.062288 0.455776 0.062965 0.455776 0.063643 0.454874 0.064320 0.454874 0.065674 0.453069 0.066351 0.453069 0.067705 0.451264 0.068382 0.451264 0.069059 0.450361 0.069736 0.450361 0.073798 0.444946 0.074475 0.444946 0.077861 0.440433 0.077861 0.439531 0.078538 0.438628 0.078538 0.437726 0.079215 0.436823 0.079215 0.434116 0.079892 0.433213 0.079892 0.428700 0.080569 0.427798 0.080569 0.416065 0.079892 0.415162 0.079892 0.411552 0.079215 0.410650 0.079215 0.407942 0.078538 0.407040 0.078538 0.406137 0.077861 0.405235 0.077861 0.404332 0.077183 0.403430 0.077183 0.401625 0.076506 0.400722 0.076506 0.398917 0.075829 0.398014 0.075829 0.396209 0.075152 0.395307 0.075152 0.392599 0.074475 0.391697 0.074475 0.389892 0.073798 0.388989 0.073798 0.386282 0.073121 0.385379 0.073121 0.382671 0.072444 0.381769 0.072444 0.379061 0.071767 0.378159 0.071767 0.376354 0.071090 0.375451 0.071090 0.374549 0.069736 0.372744 0.069736 0.371841 0.069059 0.370939 0.069059 0.369134 0.068382 0.368231 0.068382 0.367329 0.067705 0.366426 0.067705 0.364621 0.067028 0.363718 0.067028 0.362816 0.066351 0.361913 0.066351 0.361011 0.065674 0.360108 0.065674 0.358303 0.064320 0.356498 0.064320 0.355596 0.063643 0.354693 0.063643 0.353791 0.062965 0.352888 0.062965 0.351986 0.061611 0.350181 0.061611 0.349278 0.060934 0.348375 0.060934 0.347473 0.059580 0.345668 0.059580 0.344765 0.057549 0.342058 0.057549 0.341155 0.052133 0.333935 0.052133 0.333032 0.051456 0.332130 0.051456 0.331227 0.050102 0.329422 0.050102 0.328520 0.049425 0.327617 0.048747 0.327617 0.046039 0.324007 0.045362 0.324007 0.043331 0.321300 0.043331 0.320397 0.042654 0.319495 0.042654 0.318592 0.041977 0.317690 0.041977 0.315884 0.041300 0.314982 0.041300 0.313177 0.040623 0.312274 0.040623 0.310469 0.039946 0.309567 0.039946 0.307762 0.039269 0.306859 0.039269 0.305054 0.038592 0.304152 0.038592 0.296029 0.037915 0.296029 0.037238 0.295126 0.037238 0.294224 0.036561 0.293321 0.036561 0.291516 0.035884 0.290614 0.035884 0.287004 0.035206 0.286101 0.033852 0.286101 0.033175 0.285199 0.033175 0.280686 0.032498 0.279783 0.032498 0.277978 0.033175 0.277076 0.033175 0.275271 0.032498 0.274368 0.032498 0.272563 0.031821 0.271661 0.031821 0.269856 0.031144 0.268953 0.031144 0.268051 0.030467 0.267148 0.030467 0.265343 0.026405 0.259928 0.026405 0.256318 0.027082 0.255415 0.027082 0.253610 0.026405 0.252708 0.026405 0.250903 0.023697 0.247292 0.023020 0.247292 0.022343 0.246390 0.021666 0.246390 0.017603 0.240975 0.017603 0.240072 0.016926 0.239170 0.016926 0.238267 0.016249 0.237365 0.016249 0.236462 0.015572 0.235560 0.015572 0.234657 0.013541 0.231949 0.013541 0.231047 0.012187 0.229242 0.012187 0.228339 0.011510 0.227437 0.010833 0.227437 0.010156 0.226534 0.009479 0.226534 0.008802 0.225632
0 0.854435 0.280686 0.853081 0.282491 0.853081 0.284296 0.851049 0.287004 0.849695 0.287004 0.849018 0.287906 0.847664 0.287906 0.846987 0.287004 0.844279 0.287004 0.843602 0.287906 0.841571 0.287906 0.840894 0.288809 0.840217 0.288809 0.838863 0.290614 0.838186 0.290614 0.836831 0.292419 0.836154 0.292419 0.834800 0.294224 0.834123 0.294224 0.833446 0.295126 0.832092 0.295126 0.831415 0.296029 0.830061 0.296029 0.828707 0.297834 0.828030 0.297834 0.827353 0.298736 0.827353 0.299639 0.826676 0.300542 0.826676 0.302347 0.825999 0.303249 0.825999 0.305957 0.826676 0.306859 0.826676 0.309567 0.827353 0.310469 0.827353 0.314982 0.828030 0.315884 0.828030 0.323105 0.827353 0.324007 0.827353 0.329422 0.826676 0.330325 0.826676 0.337545 0.827353 0.338448 0.827353 0.339350 0.830738 0.339350 0.834800 0.333935 0.838863 0.333935 0.839540 0.334838 0.842248 0.334838 0.842925 0.333935 0.842925 0.322202 0.842248 0.321300 0.842248 0.314982 0.842925 0.314079 0.842925 0.311372 0.843602 0.310469 0.843602 0.309567 0.844279 0.308664 0.844279 0.307762 0.844956 0.306859 0.845633 0.306859 0.846987 0.305054 0.848341 0.305054 0.849018 0.304152 0.855789 0.304152 0.857143 0.302347 0.857820 0.302347 0.858497 0.301444 0.859174 0.301444 0.859174 0.300542 0.859851 0.299639 0.859851 0.291516 0.861205 0.289711 0.861205 0.282491 0.859851 0.280686
0 0.434665 0.265343 0.433988 0.266245 0.433311 0.266245 0.431957 0.268051 0.431957 0.268953 0.431280 0.269856 0.431280 0.271661 0.430603 0.272563 0.430603 0.274368 0.429926 0.275271 0.429926 0.276173 0.428571 0.277978 0.427894 0.277978 0.427217 0.278881 0.426540 0.278881 0.425863 0.279783 0.425186 0.279783 0.424509 0.280686 0.423832 0.280686 0.423155 0.281588 0.422478 0.281588 0.419770 0.285199 0.419093 0.285199 0.416385 0.288809 0.416385 0.296931 0.417062 0.297834 0.417062 0.300542 0.417739 0.301444 0.417739 0.302347 0.418416 0.303249 0.418416 0.304152 0.419093 0.305054 0.419093 0.306859 0.419770 0.307762 0.419770 0.322202 0.419093 0.323105 0.419093 0.356498 0.419770 0.357401 0.419770 0.358303 0.420447 0.358303 0.421124 0.359206 0.421801 0.359206 0.422478 0.358303 0.423155 0.358303 0.423832 0.357401 0.423832 0.353791 0.424509 0.352888 0.424509 0.339350 0.425186 0.338448 0.425186 0.330325 0.425863 0.329422 0.425863 0.328520 0.428571 0.324910 0.432634 0.330325 0.432634 0.331227 0.433988 0.333032 0.433988 0.333935 0.434665 0.334838 0.434665 0.335740 0.435342 0.336643 0.435342 0.338448 0.436019 0.339350 0.436019 0.344765 0.436696 0.345668 0.436696 0.349278 0.437373 0.350181 0.437373 0.356498 0.438050 0.357401 0.438050 0.358303 0.438727 0.359206 0.440081 0.359206 0.440758 0.358303 0.442112 0.358303 0.442112 0.357401 0.442789 0.356498 0.442789 0.355596 0.442112 0.354693 0.442112 0.346570 0.441435 0.345668 0.441435 0.341155 0.440758 0.340253 0.440758 0.337545 0.440081 0.336643 0.440081 0.333935 0.439404 0.333032 0.439404 0.329422 0.438727 0.328520 0.438727 0.318592 0.439404 0.317690 0.439404 0.314982 0.440081 0.314079 0.440081 0.303249 0.440758 0.302347 0.440758 0.287004 0.441435 0.286101 0.440758 0.285199 0.440758 0.279783 0.441435 0.278881 0.441435 0.275271 0.442112 0.274368 0.442112 0.272563 0.441435 0.271661 0.441435 0.269856 0.440758 0.268953 0.440758 0.268051 0.439404 0.266245 0.438727 0.266245 0.438050 0.265343
0 0.835477 0.334838 0.833446 0.337545 0.833446 0.338448 0.830738 0.342058 0.830738 0.342960 0.830061 0.343863 0.830061 0.355596 0.829384 0.356498 0.829384 0.358303 0.828030 0.360108 0.828030 0.361011 0.827353 0.361913 0.827353 0.368231 0.826676 0.369134 0.826676 0.378159 0.825999 0.379061 0.825999 0.382671 0.825322 0.383574 0.825322 0.386282 0.824645 0.387184 0.824645 0.394404 0.823968 0.395307 0.823968 0.398014 0.823290 0.398917 0.823290 0.402527 0.822613 0.403430 0.822613 0.405235 0.821936 0.406137 0.821936 0.407040 0.821259 0.407942 0.821259 0.408845 0.820582 0.409747 0.820582 0.411552 0.819905 0.412455 0.819905 0.415162 0.819228 0.416065 0.819228 0.420578 0.818551 0.421480 0.818551 0.425993 0.817874 0.426895 0.817874 0.431408 0.817197 0.432310 0.817197 0.438628 0.816520 0.439531 0.816520 0.446751 0.817197 0.447653 0.817197 0.448556 0.817874 0.448556 0.818551 0.449458 0.823968 0.449458 0.824645 0.448556 0.825322 0.449458 0.828030 0.449458 0.828707 0.450361 0.829384 0.450361 0.830738 0.452166 0.831415 0.452166 0.832092 0.453069 0.834123 0.453069 0.834800 0.453971 0.836831 0.451264 0.836831 0.450361 0.838186 0.448556 0.838186 0.446751 0.838863 0.445848 0.838863 0.443141 0.839540 0.442238 0.839540 0.439531 0.840217 0.438628 0.840217 0.434116 0.840894 0.433213 0.840894 0.429603 0.841571 0.428700 0.841571 0.424188 0.842248 0.423285 0.842248 0.417870 0.842925 0.416968 0.842925 0.411552 0.843602 0.410650 0.843602 0.407040 0.844279 0.406137 0.844279 0.404332 0.844956 0.403430 0.844956 0.399819 0.845633 0.398917 0.845633 0.396209 0.846310 0.395307 0.846310 0.393502 0.846987 0.392599 0.846987 0.389892 0.847664 0.388989 0.847664 0.388087 0.848341 0.387184 0.848341 0.386282 0.849018 0.385379 0.849018 0.382671 0.849695 0.381769 0.849695 0.377256 0.850372 0.376354 0.850372 0.362816 0.849018 0.361011 0.849018 0.360108 0.848341 0.359206 0.847664 0.359206 0.844956 0.355596 0.844956 0.354693 0.844279 0.353791 0.844279 0.352888 0.843602 0.351986 0.843602 0.346570 0.844279 0.345668 0.844279 0.341155 0.843602 0.340253 0.843602 0.338448 0.841571 0.335740 0.839540 0.335740 0.838863 0.334838
0 0.730535 0.321300 0.729181 0.323105 0.728504 0.323105 0.726473 0.325812 0.726473 0.326715 0.725796 0.327617 0.725796 0.328520 0.725118 0.329422 0.725118 0.331227 0.724441 0.332130 0.724441 0.333935 0.723764 0.334838 0.723764 0.335740 0.716317 0.345668 0.716317 0.346570 0.714963 0.348375 0.714963 0.349278 0.713609 0.351083 0.713609 0.351986 0.712932 0.352888 0.712932 0.361913 0.713609 0.362816 0.713609 0.372744 0.714286 0.373646 0.714286 0.374549 0.714963 0.375451 0.714963 0.380866 0.714286 0.381769 0.714286 0.382671 0.713609 0.383574 0.713609 0.386282 0.712932 0.387184 0.712932 0.405235 0.712255 0.406137 0.712255 0.421480 0.711578 0.422383 0.711578 0.431408 0.710900 0.432310 0.711578 0.433213 0.711578 0.438628 0.712932 0.440433 0.717671 0.440433 0.718348 0.439531 0.719025 0.439531 0.719702 0.438628 0.720379 0.438628 0.723764 0.434116 0.723764 0.433213 0.724441 0.432310 0.724441 0.430505 0.725118 0.429603 0.725118 0.426895 0.725796 0.425993 0.725796 0.424188 0.726473 0.423285 0.726473 0.422383 0.727150 0.421480 0.727150 0.418773 0.727827 0.417870 0.727827 0.416065 0.728504 0.415162 0.728504 0.413357 0.729181 0.412455 0.729181 0.411552 0.729858 0.410650 0.729858 0.409747 0.730535 0.408845 0.730535 0.407040 0.731212 0.406137 0.731212 0.403430 0.731889 0.402527 0.731889 0.399819 0.732566 0.398917 0.732566 0.398014 0.733243 0.397112 0.733243 0.395307 0.733920 0.394404 0.733920 0.392599 0.734597 0.391697 0.734597 0.380866 0.735274 0.379964 0.735274 0.376354 0.735951 0.375451 0.735951 0.372744 0.736628 0.371841 0.736628 0.370036 0.737305 0.369134 0.737305 0.367329 0.737982 0.366426 0.737982 0.342960 0.737305 0.342058 0.737305 0.341155 0.737982 0.340253 0.737982 0.337545 0.740014 0.334838 0.740691 0.334838 0.740691 0.333032 0.741368 0.332130 0.741368 0.331227 0.740691 0.330325 0.740691 0.327617 0.739336 0.325812 0.739336 0.324910 0.737982 0.323105 0.737305 0.323105 0.736628 0.322202 0.735951 0.322202 0.735274 0.321300
1 0.795531 0.238267 0.794854 0.239170 0.793500 0.239170 0.792823 0.240072 0.792823 0.240975 0.792146 0.241877 0.792146 0.246390 0.792823 0.247292 0.794854 0.247292 0.795531 0.248195 0.796886 0.248195 0.797563 0.247292 0.798917 0.247292 0.799594 0.246390 0.799594 0.240975 0.797563 0.238267
1 0.008125 0.224729 0.007448 0.225632 0.004062 0.225632 0.003385 0.226534 0.002031 0.226534 0.001354 0.227437 0.000000 0.227437 0.000000 0.272563 0.001354 0.272563 0.004062 0.276173 0.005416 0.276173 0.006093 0.277076 0.006770 0.277076 0.008125 0.278881 0.008802 0.278881 0.009479 0.279783 0.010156 0.279783 0.012187 0.282491 0.012864 0.282491 0.013541 0.283394 0.014218 0.283394 0.014895 0.284296 0.016249 0.284296 0.016926 0.285199 0.022343 0.285199 0.023020 0.284296 0.023697 0.284296 0.025051 0.282491 0.025051 0.276173 0.024374 0.275271 0.024374 0.274368 0.023697 0.273466 0.023697 0.272563 0.023020 0.271661 0.023020 0.270758 0.021666 0.268953 0.020988 0.268953 0.020311 0.268051 0.019634 0.268051 0.017603 0.265343 0.018280 0.264440 0.018957 0.264440 0.019634 0.263538 0.020311 0.263538 0.022343 0.260830 0.023020 0.260830 0.026405 0.256318 0.026405 0.255415 0.027082 0.254513 0.027082 0.250903 0.025051 0.248195 0.024374 0.248195 0.023020 0.246390 0.022343 0.246390 0.018957 0.241877 0.018957 0.240975 0.016926 0.238267 0.016926 0.237365 0.016249 0.236462 0.016249 0.235560 0.015572 0.234657 0.015572 0.233755 0.014218 0.231949 0.014218 0.231047 0.012864 0.229242 0.012864 0.228339 0.011510 0.226534 0.010833 0.226534 0.010156 0.225632 0.008802 0.225632
1 0.959377 0.577617 0.958700 0.578520 0.955315 0.578520 0.954638 0.579422 0.953284 0.579422 0.951930 0.581227 0.951253 0.581227 0.949221 0.583935 0.948544 0.583935 0.947190 0.585740 0.947190 0.586643 0.946513 0.587545 0.945836 0.587545 0.943805 0.590253 0.943805 0.593863 0.945836 0.596570 0.945836 0.597473 0.949898 0.602888 0.950575 0.602888 0.951253 0.603791 0.951930 0.603791 0.952607 0.604693 0.953284 0.604693 0.953961 0.605596 0.954638 0.605596 0.955315 0.606498 0.956669 0.606498 0.957346 0.607401 0.958700 0.607401 0.959377 0.608303 0.960731 0.608303 0.961408 0.609206 0.964794 0.609206 0.965471 0.610108 0.967502 0.610108 0.968179 0.609206 0.970210 0.609206 0.972918 0.605596 0.972918 0.604693 0.973595 0.603791 0.973595 0.596570 0.972918 0.595668 0.972918 0.591155 0.972241 0.590253 0.972241 0.589350 0.971564 0.588448 0.971564 0.587545 0.970210 0.585740 0.970210 0.584838 0.968856 0.583032 0.968179 0.583032 0.966148 0.580325 0.965471 0.580325 0.964794 0.579422 0.964116 0.579422 0.963439 0.578520 0.960054 0.578520
1 0.855789 0.279783 0.855112 0.280686 0.854435 0.280686 0.853081 0.282491 0.853081 0.288809 0.855112 0.291516 0.859174 0.291516 0.859851 0.290614 0.860528 0.290614 0.861205 0.289711 0.861205 0.288809 0.861882 0.287906 0.861882 0.283394 0.861205 0.282491 0.861205 0.281588 0.860528 0.280686 0.859851 0.280686 0.859174 0.279783
1 0.912661 0.391697 0.911984 0.392599 0.909953 0.392599 0.909276 0.393502 0.908599 0.393502 0.907921 0.394404 0.907244 0.394404 0.905213 0.397112 0.905213 0.399819 0.904536 0.400722 0.905213 0.401625 0.905213 0.402527 0.905890 0.403430 0.905890 0.404332 0.911307 0.411552 0.911984 0.411552 0.912661 0.412455 0.913338 0.412455 0.914015 0.413357 0.914692 0.413357 0.915369 0.414260 0.918754 0.414260 0.920785 0.411552 0.920785 0.409747 0.921462 0.408845 0.921462 0.398014 0.920785 0.397112 0.920785 0.395307 0.920108 0.394404 0.920108 0.393502 0.919431 0.393502 0.918754 0.392599 0.917400 0.392599 0.916723 0.391697
1 0.730535 0.321300 0.729181 0.323105 0.728504 0.323105 0.726473 0.325812 0.726473 0.326715 0.725796 0.327617 0.725796 0.328520 0.725118 0.329422 0.725118 0.334838 0.726473 0.336643 0.729181 0.336643 0.729858 0.337545 0.734597 0.337545 0.735274 0.336643 0.737305 0.336643 0.737982 0.335740 0.739336 0.335740 0.741368 0.333032 0.741368 0.329422 0.740691 0.328520 0.740691 0.327617 0.740014 0.326715 0.740014 0.325812 0.737982 0.323105 0.737305 0.323105 0.736628 0.322202 0.735274 0.322202 0.734597 0.321300
1 0.197698 0.496390 0.197021 0.497292 0.195667 0.497292 0.194313 0.499097 0.193636 0.499097 0.191605 0.501805 0.191605 0.502708 0.190251 0.504513 0.190251 0.506318 0.189573 0.507220 0.189573 0.508123 0.188896 0.509025 0.188896 0.510830 0.188219 0.511733 0.188219 0.512635 0.186188 0.515343 0.186188 0.516245 0.184834 0.518051 0.184834 0.519856 0.186188 0.521661 0.186865 0.521661 0.187542 0.522563 0.192282 0.522563 0.192959 0.521661 0.193636 0.521661 0.194313 0.520758 0.196344 0.520758 0.197021 0.519856 0.203114 0.519856 0.203791 0.518953 0.208531 0.518953 0.209208 0.518051 0.211239 0.518051 0.211916 0.517148 0.213270 0.517148 0.214624 0.515343 0.214624 0.510830 0.213947 0.509928 0.213947 0.509025 0.213270 0.508123 0.213270 0.507220 0.212593 0.506318 0.212593 0.505415 0.211239 0.503610 0.211239 0.502708 0.208531 0.499097 0.207854 0.499097 0.206500 0.497292 0.204469 0.497292 0.203791 0.496390
1 0.793500 0.332130 0.792823 0.333032 0.792146 0.333032 0.791469 0.333935 0.791469 0.334838 0.790792 0.335740 0.790792 0.337545 0.790115 0.338448 0.790115 0.339350 0.790792 0.340253 0.790792 0.344765 0.791469 0.345668 0.791469 0.346570 0.792146 0.347473 0.792146 0.348375 0.792823 0.349278 0.800271 0.349278 0.800948 0.348375 0.801625 0.348375 0.802302 0.347473 0.802979 0.347473 0.805010 0.344765 0.805010 0.342960 0.805687 0.342058 0.805687 0.340253 0.806364 0.339350 0.806364 0.337545 0.805687 0.336643 0.805687 0.335740 0.804333 0.333935 0.802979 0.333935 0.802302 0.333032 0.800948 0.333032 0.800271 0.332130
1 0.433988 0.265343 0.431957 0.268051 0.431957 0.268953 0.431280 0.269856 0.431280 0.273466 0.431957 0.274368 0.431957 0.275271 0.433311 0.275271 0.433988 0.276173 0.440758 0.276173 0.442112 0.274368 0.442112 0.271661 0.441435 0.270758 0.441435 0.268953 0.438727 0.265343
1 0.793500 0.722924 0.792823 0.723827 0.790792 0.723827 0.790115 0.724729 0.788761 0.724729 0.788084 0.725632 0.787407 0.725632 0.786730 0.726534 0.786053 0.726534 0.786053 0.731047 0.788084 0.733755 0.788084 0.734657 0.789438 0.736462 0.790115 0.736462 0.792823 0.740072 0.793500 0.740072 0.794177 0.740975 0.795531 0.740975 0.796209 0.741877 0.798240 0.741877 0.798917 0.740975 0.807718 0.740975 0.808395 0.740072 0.809749 0.740072 0.810427 0.739170 0.813812 0.739170 0.814489 0.738267 0.815843 0.738267 0.818551 0.734657 0.818551 0.727437 0.817874 0.727437 0.817197 0.726534 0.816520 0.726534 0.815843 0.725632 0.814489 0.725632 0.813812 0.724729 0.811781 0.724729 0.811104 0.723827 0.807041 0.723827 0.806364 0.722924
1 0.834123 0.333935 0.832092 0.336643 0.831415 0.336643 0.831415 0.337545 0.830738 0.338448 0.830738 0.339350 0.829384 0.341155 0.829384 0.345668 0.830738 0.347473 0.834123 0.347473 0.834800 0.348375 0.835477 0.348375 0.836154 0.347473 0.838863 0.347473 0.839540 0.348375 0.841571 0.348375 0.842248 0.347473 0.842925 0.347473 0.844956 0.344765 0.844956 0.338448 0.844279 0.337545 0.844279 0.336643 0.842248 0.333935
2 0.918077 0.768953 0.917400 0.769856 0.914692 0.769856 0.914692 0.770758 0.913338 0.772563 0.913338 0.773466 0.912661 0.774368 0.912661 0.775271 0.911984 0.776173 0.912661 0.777076 0.912661 0.779783 0.913338 0.780686 0.913338 0.781588 0.914015 0.782491 0.914015 0.783394 0.916046 0.786101 0.916046 0.787004 0.918077 0.789711 0.918077 0.790614 0.918754 0.790614 0.920785 0.793321 0.924171 0.793321 0.924848 0.794224 0.925525 0.793321 0.926879 0.793321 0.927556 0.792419 0.928233 0.792419 0.930264 0.789711 0.930264 0.779783 0.929587 0.778881 0.929587 0.777978 0.928910 0.777978 0.928233 0.777076 0.927556 0.777978 0.926879 0.777978 0.926202 0.778881 0.922139 0.778881 0.921462 0.777978 0.920785 0.777978 0.919431 0.776173 0.919431 0.775271 0.918754 0.774368 0.918754 0.772563 0.918077 0.771661
2 0.788084 0.382671 0.787407 0.383574 0.786730 0.383574 0.785376 0.385379 0.785376 0.388087 0.786053 0.388989 0.786053 0.389892 0.787407 0.389892 0.788084 0.390794 0.792823 0.390794 0.793500 0.389892 0.794177 0.389892 0.794177 0.388989 0.794854 0.388087 0.794854 0.386282 0.794177 0.385379 0.794177 0.384477 0.792823 0.382671
2 0.942451 0.750000 0.941097 0.751805 0.941097 0.752708 0.940420 0.753610 0.940420 0.759928 0.941097 0.760830 0.941097 0.761733 0.942451 0.763538 0.943128 0.763538 0.943805 0.764440 0.944482 0.764440 0.945159 0.765343 0.946513 0.765343 0.947190 0.766245 0.949221 0.766245 0.949898 0.767148 0.951930 0.767148 0.952607 0.768051 0.963439 0.768051 0.964116 0.767148 0.966148 0.767148 0.968179 0.764440 0.968179 0.761733 0.967502 0.760830 0.967502 0.759928 0.966825 0.759025 0.966825 0.758123 0.966148 0.758123 0.964794 0.756318 0.964116 0.756318 0.962762 0.754513 0.962085 0.754513 0.961408 0.753610 0.960731 0.753610 0.959377 0.751805 0.958023 0.751805 0.957346 0.750903 0.955992 0.750903 0.954638 0.752708 0.953961 0.752708 0.953284 0.753610 0.950575 0.753610 0.949898 0.754513 0.949221 0.754513 0.948544 0.753610 0.947190 0.753610 0.946513 0.752708 0.945836 0.752708 0.945159 0.751805 0.944482 0.751805 0.943805 0.750903 0.943128 0.750903
2 0.196344 0.680505 0.195667 0.681408 0.194990 0.681408 0.194313 0.682310 0.193636 0.682310 0.192959 0.683213 0.192282 0.683213 0.191605 0.684116 0.190928 0.684116 0.189573 0.685921 0.188896 0.685921 0.186865 0.688628 0.186188 0.688628 0.185511 0.689531 0.185511 0.693141 0.186188 0.693141 0.188219 0.695848 0.190928 0.695848 0.191605 0.696751 0.192282 0.696751 0.192959 0.695848 0.195667 0.695848 0.196344 0.694946 0.198375 0.694946 0.199052 0.694043 0.202437 0.694043 0.203114 0.693141 0.205146 0.693141 0.205823 0.692238 0.206500 0.692238 0.209208 0.688628 0.209208 0.682310 0.208531 0.681408 0.207177 0.681408 0.206500 0.680505
2 0.420447 0.354693 0.419770 0.355596 0.419093 0.355596 0.419093 0.356498 0.418416 0.357401 0.418416 0.359206 0.419770 0.359206 0.420447 0.360108 0.423155 0.360108 0.423832 0.359206 0.423832 0.355596 0.423155 0.354693
2 0.257278 0.652527 0.256601 0.653430 0.255247 0.653430 0.253893 0.655235 0.253216 0.655235 0.251862 0.657040 0.251862 0.657942 0.251185 0.658845 0.251185 0.659747 0.250508 0.660650 0.250508 0.663357 0.249831 0.664260 0.249831 0.668773 0.250508 0.669675 0.250508 0.670578 0.251185 0.670578 0.251862 0.671480 0.259309 0.671480 0.262018 0.667870 0.262018 0.665162 0.262695 0.664260 0.262695 0.656137 0.262018 0.655235 0.262018 0.654332 0.261341 0.653430 0.259986 0.653430 0.259309 0.652527
2 0.439404 0.353791 0.438727 0.354693 0.438050 0.354693 0.437373 0.355596 0.437373 0.358303 0.438727 0.360108 0.441435 0.360108 0.442112 0.359206 0.442789 0.359206 0.443466 0.358303 0.442789 0.357401 0.442789 0.355596 0.442112 0.354693 0.442112 0.353791
2 0.816520 0.444043 0.815843 0.444946 0.814489 0.444946 0.813812 0.445848 0.813135 0.445848 0.813135 0.446751 0.811781 0.448556 0.811781 0.450361 0.812458 0.450361 0.813135 0.451264 0.821936 0.451264 0.822613 0.450361 0.824645 0.450361 0.825322 0.449458 0.826676 0.449458 0.826676 0.447653 0.825999 0.446751 0.825999 0.445848 0.825322 0.445848 0.824645 0.444946 0.823290 0.444946 0.822613 0.444043