0 0.145955 0.000000 0.145955 0.007292 0.146542 0.008333 0.146542 0.016667 0.145955 0.017708 0.145955 0.028125 0.146542 0.029167 0.146542 0.030208 0.147128 0.030208 0.147714 0.031250 0.152403 0.031250 0.153576 0.029167 0.153576 0.019792 0.154162 0.018750 0.154748 0.018750 0.155334 0.019792 0.155920 0.019792 0.156506 0.020833 0.157679 0.020833 0.158265 0.021875 0.158265 0.026042 0.157679 0.027083 0.157679 0.028125 0.160023 0.028125 0.160610 0.027083 0.161782 0.027083 0.162954 0.025000 0.163540 0.025000 0.164127 0.023958 0.164127 0.022917 0.164713 0.021875 0.164713 0.014583 0.164127 0.013542 0.164127 0.012500 0.162954 0.010417 0.162954 0.009375 0.162368 0.008333 0.162368 0.007292 0.161196 0.005208 0.161196 0.004167 0.159437 0.001042 0.159437 0.000000
0 0.449590 0.218750 0.449004 0.219792 0.446073 0.219792 0.445487 0.220833 0.444900 0.220833 0.444314 0.221875 0.443728 0.221875 0.443142 0.222917 0.442556 0.222917 0.441383 0.225000 0.440797 0.225000 0.439625 0.227083 0.439039 0.227083 0.436694 0.231250 0.436694 0.232292 0.436108 0.233333 0.435522 0.233333 0.435522 0.234375 0.434349 0.236458 0.434349 0.237500 0.433177 0.239583 0.433177 0.240625 0.432591 0.241667 0.432591 0.242708 0.432005 0.243750 0.432005 0.244792 0.430832 0.246875 0.430832 0.247917 0.430246 0.248958 0.430246 0.250000 0.428488 0.253125 0.428488 0.255208 0.427902 0.256250 0.427902 0.260417 0.427315 0.261458 0.427902 0.262500 0.427902 0.270833 0.425557 0.275000 0.424971 0.275000 0.422040 0.280208 0.421454 0.280208 0.420868 0.281250 0.420868 0.282292 0.418523 0.286458 0.417937 0.286458 0.417937 0.287500 0.416764 0.289583 0.416764 0.290625 0.415592 0.292708 0.415592 0.294792 0.415006 0.295833 0.415006 0.302083 0.416764 0.305208 0.417351 0.305208 0.417937 0.306250 0.424971 0.306250 0.425557 0.307292 0.425557 0.309375 0.426143 0.310417 0.422626 0.316667 0.422040 0.316667 0.420868 0.318750 0.420281 0.318750 0.417351 0.323958 0.417351 0.325000 0.416764 0.326042 0.416764 0.328125 0.416178 0.329167 0.416178 0.331250 0.415592 0.332292 0.415592 0.334375 0.415006 0.335417 0.415006 0.336458 0.414420 0.337500 0.414420 0.338542 0.413247 0.340625 0.413247 0.341667 0.412075 0.343750 0.412075 0.344792 0.409730 0.348958 0.409730 0.350000 0.409144 0.351042 0.409144 0.352083 0.407972 0.354167 0.407972 0.355208 0.407386 0.356250 0.407386 0.358333 0.406800 0.359375 0.406800 0.361458 0.405627 0.363542 0.405627 0.364583 0.404455 0.366667 0.404455 0.367708 0.403869 0.368750 0.403869 0.369792 0.403283 0.370833 0.403283 0.371875 0.402696 0.372917 0.402696 0.373958 0.402110 0.375000 0.402110 0.377083 0.401524 0.378125 0.401524 0.380208 0.400938 0.381250 0.400938 0.383333 0.400352 0.384375 0.400352 0.385417 0.399766 0.386458 0.399766 0.388542 0.399179 0.389583 0.399179 0.391667 0.398593 0.392708 0.398593 0.395833 0.398007 0.396875 0.398007 0.398958 0.395076 0.404167 0.394490 0.404167 0.393318 0.406250 0.392732 0.406250 0.391559 0.408333 0.390973 0.408333 0.390387 0.409375 0.389801 0.409375 0.389215 0.410417 0.389215 0.411458 0.388628 0.412500 0.388628 0.413542 0.388042 0.414583 0.388042 0.416667 0.387456 0.417708 0.387456 0.425000 0.386870 0.426042 0.386870 0.432292 0.385111 0.435417 0.382767 0.435417 0.382181 0.434375 0.381008 0.434375 0.380422 0.433333 0.379250 0.433333 0.378664 0.432292 0.377491 0.432292 0.376905 0.431250 0.376319 0.431250 0.375733 0.430208 0.374560 0.430208 0.373974 0.429167 0.372216 0.429167 0.371630 0.428125 0.368113 0.428125 0.367526 0.427083 0.361665 0.427083 0.361079 0.428125 0.359320 0.428125 0.358734 0.429167 0.358148 0.429167 0.357562 0.430208 0.357562 0.431250 0.355803 0.434375 0.355803 0.435417 0.354045 0.438542 0.354045 0.439583 0.352872 0.441667 0.352872 0.442708 0.352286 0.443750 0.352286 0.444792 0.351700 0.445833 0.351700 0.446875 0.351114 0.447917 0.351114 0.450000 0.350528 0.451042 0.350528 0.453125 0.349941 0.454167 0.349941 0.460417 0.349355 0.461458 0.349355 0.466667 0.349941 0.467708 0.349941 0.473958 0.350528 0.475000 0.350528 0.480208 0.351114 0.481250 0.351114 0.484375 0.351700 0.485417 0.351700 0.486458 0.352286 0.487500 0.352286 0.488542 0.352872 0.489583 0.352872 0.490625 0.354045 0.492708 0.354045 0.493750 0.354631 0.494792 0.354631 0.495833 0.355803 0.497917 0.355803 0.498958 0.356389 0.500000 0.356389 0.501042 0.357562 0.503125 0.357562 0.504167 0.365182 0.517708 0.365182 0.518750 0.368113 0.523958 0.368113 0.525000 0.368699 0.526042 0.368699 0.527083 0.371043 0.531250 0.371043 0.532292 0.372216 0.534375 0.372802 0.534375 0.378664 0.544792 0.378664 0.545833 0.379250 0.546875 0.379250 0.547917 0.379836 0.548958 0.379836 0.550000 0.382767 0.555208 0.382767 0.556250 0.384525 0.559375 0.384525 0.560417 0.386284 0.563542 0.386284 0.564583 0.386870 0.565625 0.386870 0.566667 0.388042 0.568750 0.388042 0.569792 0.388628 0.570833 0.388628 0.571875 0.389215 0.572917 0.389215 0.575000 0.388628 0.576042 0.388628 0.577083 0.385698 0.582292 0.385698 0.583333 0.385111 0.584375 0.385111 0.586458 0.384525 0.587500 0.384525 0.589583 0.383939 0.590625 0.383939 0.591667 0.381008 0.596875 0.379836 0.596875 0.379250 0.597917 0.378664 0.597917 0.378077 0.598958 0.376905 0.598958 0.376319 0.600000 0.375733 0.600000 0.374560 0.602083 0.375147 0.603125 0.375147 0.604167 0.375733 0.605208 0.377491 0.605208 0.378077 0.606250 0.379836 0.606250 0.380422 0.607292 0.382181 0.607292 0.382767 0.608333 0.383939 0.608333 0.384525 0.609375 0.386870 0.609375 0.387456 0.610417 0.388628 0.610417 0.389215 0.611458 0.389801 0.611458 0.390387 0.612500 0.391559 0.612500 0.392145 0.613542 0.393318 0.613542 0.393904 0.614583 0.394490 0.614583 0.395076 0.615625 0.396249 0.615625 0.396835 0.616667 0.399179 0.616667 0.399766 0.617708 0.401524 0.617708 0.402110 0.618750 0.405041 0.618750 0.405627 0.619792 0.409144 0.619792 0.409730 0.620833 0.420281 0.620833 0.420868 0.619792 0.423212 0.619792 0.423798 0.618750 0.424385 0.618750 0.424971 0.617708 0.425557 0.617708 0.426729 0.615625 0.426729 0.614583 0.427315 0.613542 0.427315 0.605208 0.426729 0.604167 0.426729 0.602083 0.426143 0.601042 0.426143 0.600000 0.425557 0.598958 0.425557 0.592708 0.424971 0.592708 0.424385 0.591667 0.424971 0.590625 0.426143 0.590625 0.426729 0.591667 0.429660 0.591667 0.430246 0.592708 0.430832 0.592708 0.431419 0.593750 0.432591 0.593750 0.433177 0.594792 0.435522 0.594792 0.436108 0.595833 0.437280 0.595833 0.437866 0.596875 0.440797 0.596875 0.441383 0.597917 0.450176 0.597917 0.450762 0.596875 0.454279 0.596875 0.454865 0.595833 0.457796 0.595833 0.458382 0.594792 0.461313 0.594792 0.461899 0.593750 0.466002 0.593750 0.466589 0.592708 0.469519 0.592708 0.470106 0.591667 0.473036 0.591667 0.473623 0.590625 0.475381 0.590625 0.475967 0.589583 0.477140 0.589583 0.477726 0.588542 0.478312 0.588542 0.478898 0.587500 0.480070 0.587500 0.480657 0.586458 0.481243 0.586458 0.481829 0.585417 0.482415 0.585417 0.483001 0.584375 0.483587 0.584375 0.484174 0.583333 0.484760 0.583333 0.485932 0.581250 0.486518 0.581250 0.487691 0.579167 0.488277 0.579167 0.490035 0.576042 0.490621 0.576042 0.493552 0.570833 0.494138 0.570833 0.494725 0.569792 0.494725 0.568750 0.497655 0.563542 0.497655 0.562500 0.498828 0.560417 0.498828 0.559375 0.500000 0.557292 0.500000 0.556250 0.501172 0.554167 0.501172 0.553125 0.501758 0.552083 0.501758 0.551042 0.502345 0.550000 0.502345 0.547917 0.502931 0.546875 0.502931 0.545833 0.503517 0.544792 0.503517 0.543750 0.504103 0.542708 0.504103 0.540625 0.504689 0.539583 0.504689 0.532292 0.505275 0.531250 0.505275 0.512500 0.504689 0.511458 0.504689 0.507292 0.504103 0.506250 0.504103 0.501042 0.503517 0.500000 0.503517 0.494792 0.504103 0.493750 0.504103 0.492708 0.507034 0.487500 0.507620 0.487500 0.508206 0.486458 0.508792 0.486458 0.511723 0.481250 0.511723 0.480208 0.512309 0.479167 0.512309 0.478125 0.512896 0.477083 0.512896 0.476042 0.513482 0.475000 0.513482 0.470833 0.514068 0.469792 0.514068 0.445833 0.513482 0.444792 0.513482 0.443750 0.512896 0.442708 0.512896 0.439583 0.512309 0.438542 0.512309 0.435417 0.511723 0.434375 0.511723 0.431250 0.511137 0.430208 0.511137 0.428125 0.510551 0.427083 0.510551 0.426042 0.509965 0.425000 0.509965 0.422917 0.509379 0.421875 0.509379 0.420833 0.508792 0.419792 0.508792 0.416667 0.508206 0.415625 0.508206 0.414583 0.507620 0.413542 0.507620 0.411458 0.507034 0.410417 0.507034 0.409375 0.506448 0.408333 0.506448 0.407292 0.505862 0.406250 0.505862 0.405208 0.505275 0.404167 0.505275 0.402083 0.504689 0.401042 0.504689 0.400000 0.504103 0.398958 0.504103 0.395833 0.503517 0.394792 0.503517 0.390625 0.502931 0.389583 0.502931 0.387500 0.502345 0.386458 0.502345 0.385417 0.501758 0.384375 0.501758 0.381250 0.501172 0.380208 0.501172 0.379167 0.500586 0.378125 0.500586 0.377083 0.500000 0.376042 0.500000 0.375000 0.499414 0.373958 0.499414 0.372917 0.498828 0.371875 0.498828 0.369792 0.498242 0.368750 0.498242 0.367708 0.497655 0.366667 0.497655 0.362500 0.497069 0.361458 0.497069 0.359375 0.496483 0.358333 0.496483 0.357292 0.495897 0.356250 0.495897 0.355208 0.495311 0.354167 0.494725 0.354167 0.491794 0.348958 0.491208 0.348958 0.488277 0.343750 0.487691 0.343750 0.483001 0.335417 0.483001 0.333333 0.482415 0.332292 0.482415 0.330208 0.484760 0.326042 0.485346 0.326042 0.486518 0.323958 0.486518 0.322917 0.487104 0.321875 0.487104 0.320833 0.487691 0.319792 0.487691 0.312500 0.487104 0.311458 0.487104 0.309375 0.486518 0.308333 0.486518 0.307292 0.485932 0.306250 0.485932 0.305208 0.485346 0.304167 0.485346 0.303125 0.484760 0.302083 0.484760 0.301042 0.482415 0.296875 0.482415 0.295833 0.476553 0.285417 0.476553 0.283333 0.475967 0.282292 0.476553 0.281250 0.476553 0.276042 0.477140 0.275000 0.477140 0.271875 0.476553 0.270833 0.476553 0.267708 0.475967 0.266667 0.475967 0.263542 0.475381 0.262500 0.475381 0.260417 0.474795 0.259375 0.474795 0.258333 0.474209 0.257292 0.474209 0.256250 0.473623 0.255208 0.473623 0.252083 0.473036 0.251042 0.473036 0.248958 0.472450 0.247917 0.472450 0.245833 0.471864 0.244792 0.471864 0.241667 0.471278 0.240625 0.471278 0.239583 0.470692 0.238542 0.470692 0.237500 0.470106 0.236458 0.470106 0.235417 0.466589 0.229167 0.466002 0.229167 0.464244 0.226042 0.463658 0.226042 0.462485 0.223958 0.461899 0.223958 0.461313 0.222917 0.460727 0.222917 0.459555 0.220833 0.458382 0.220833 0.457796 0.219792 0.454279 0.219792 0.453693 0.218750
0 0.544549 0.000000 0.544549 0.001042 0.542790 0.004167 0.542790 0.005208 0.542204 0.006250 0.542204 0.020833 0.542790 0.021875 0.543376 0.021875 0.543962 0.022917 0.546307 0.022917 0.546893 0.023958 0.553927 0.023958 0.554513 0.022917 0.555100 0.022917 0.555686 0.021875 0.556272 0.021875 0.556272 0.007292 0.555100 0.005208 0.555100 0.004167 0.553927 0.002083 0.553341 0.002083 0.552755 0.001042 0.552755 0.000000
0 0.819461 0.127083 0.818875 0.128125 0.816530 0.128125 0.815944 0.129167 0.814185 0.129167 0.813599 0.130208 0.812427 0.130208 0.811841 0.131250 0.811254 0.131250 0.810668 0.132292 0.810082 0.132292 0.809496 0.133333 0.808910 0.133333 0.807151 0.136458 0.806565 0.136458 0.803048 0.142708 0.803048 0.143750 0.800117 0.148958 0.800117 0.150000 0.797773 0.154167 0.797773 0.155208 0.796600 0.157292 0.796600 0.158333 0.796014 0.159375 0.796014 0.161458 0.795428 0.162500 0.795428 0.167708 0.794842 0.168750 0.794842 0.170833 0.793669 0.172917 0.793083 0.172917 0.790739 0.177083 0.790152 0.177083 0.789566 0.178125 0.788980 0.178125 0.787808 0.180208 0.787222 0.180208 0.786635 0.181250 0.786049 0.181250 0.783705 0.185417 0.783705 0.193750 0.784291 0.194792 0.784291 0.198958 0.783118 0.201042 0.783118 0.202083 0.781946 0.204167 0.781946 0.205208 0.781360 0.206250 0.781360 0.208333 0.780774 0.209375 0.780774 0.216667 0.780188 0.217708 0.780188 0.218750 0.779015 0.220833 0.779015 0.221875 0.778429 0.222917 0.778429 0.223958 0.777843 0.225000 0.777843 0.226042 0.777257 0.227083 0.777257 0.230208 0.776084 0.232292 0.776084 0.233333 0.775498 0.234375 0.775498 0.236458 0.774912 0.237500 0.774912 0.239583 0.774326 0.240625 0.774326 0.241667 0.773740 0.242708 0.773740 0.243750 0.772567 0.245833 0.772567 0.247917 0.771981 0.248958 0.771981 0.250000 0.770809 0.252083 0.770809 0.254167 0.770223 0.255208 0.770223 0.257292 0.769637 0.258333 0.769637 0.261458 0.769050 0.262500 0.769050 0.264583 0.768464 0.265625 0.768464 0.266667 0.767878 0.267708 0.767878 0.269792 0.767292 0.270833 0.767292 0.276042 0.766706 0.277083 0.766706 0.280208 0.766120 0.281250 0.766120 0.286458 0.765533 0.287500 0.765533 0.292708 0.764947 0.293750 0.764947 0.306250 0.764361 0.307292 0.764361 0.315625 0.763775 0.316667 0.763775 0.322917 0.764361 0.323958 0.764361 0.329167 0.765533 0.331250 0.765533 0.332292 0.767292 0.332292 0.767878 0.333333 0.768464 0.333333 0.769050 0.332292 0.769050 0.330208 0.769637 0.329167 0.769637 0.323958 0.770223 0.322917 0.770223 0.319792 0.770809 0.318750 0.770809 0.316667 0.771395 0.315625 0.771395 0.313542 0.776084 0.305208 0.776671 0.305208 0.777257 0.304167 0.777843 0.304167 0.779015 0.302083 0.780774 0.302083 0.781360 0.301042 0.784877 0.301042 0.785463 0.300000 0.794842 0.300000 0.795428 0.298958 0.803634 0.298958 0.804220 0.300000 0.804807 0.300000 0.805393 0.301042 0.806565 0.301042 0.807151 0.302083 0.808324 0.302083 0.808910 0.303125 0.810082 0.303125 0.810668 0.304167 0.811841 0.304167 0.812427 0.305208 0.813013 0.305208 0.813599 0.306250 0.814185 0.306250 0.814771 0.307292 0.815358 0.307292 0.816530 0.309375 0.817116 0.309375 0.817702 0.310417 0.818288 0.310417 0.818875 0.311458 0.819461 0.311458 0.820047 0.312500 0.820633 0.312500 0.821805 0.314583 0.822392 0.314583 0.822978 0.315625 0.823564 0.315625 0.824150 0.316667 0.824736 0.316667 0.825322 0.317708 0.826495 0.317708 0.827081 0.318750 0.828839 0.318750 0.829426 0.319792 0.830012 0.319792 0.830598 0.320833 0.831770 0.320833 0.832356 0.321875 0.834701 0.321875 0.835287 0.322917 0.836460 0.322917 0.837046 0.323958 0.838218 0.323958 0.838804 0.325000 0.839977 0.325000 0.840563 0.326042 0.841149 0.326042 0.841735 0.327083 0.842321 0.327083 0.844080 0.330208 0.844080 0.331250 0.844666 0.332292 0.844666 0.334375 0.845252 0.335417 0.844666 0.336458 0.844666 0.337500 0.845252 0.338542 0.845252 0.339583 0.845252 0.336458 0.845838 0.335417 0.845838 0.334375 0.846424 0.333333 0.847011 0.333333 0.847597 0.332292 0.848769 0.332292 0.853458 0.323958 0.853458 0.322917 0.855217 0.319792 0.855217 0.318750 0.856389 0.316667 0.856389 0.314583 0.856975 0.313542 0.856975 0.311458 0.857562 0.310417 0.857562 0.298958 0.856975 0.297917 0.856975 0.295833 0.856389 0.294792 0.856389 0.292708 0.855803 0.291667 0.855803 0.289583 0.854631 0.287500 0.854045 0.287500 0.852872 0.285417 0.852286 0.285417 0.851114 0.283333 0.851114 0.281250 0.853458 0.277083 0.854045 0.277083 0.854631 0.276042 0.855217 0.276042 0.855803 0.275000 0.856389 0.275000 0.857562 0.272917 0.858148 0.272917 0.860492 0.268750 0.860492 0.263542 0.859906 0.262500 0.859906 0.259375 0.859320 0.258333 0.859320 0.255208 0.856975 0.251042 0.856975 0.250000 0.854045 0.244792 0.854045 0.243750 0.853458 0.242708 0.853458 0.240625 0.854631 0.238542 0.855217 0.238542 0.855803 0.237500 0.856389 0.237500 0.857562 0.235417 0.858148 0.235417 0.858734 0.234375 0.859320 0.234375 0.859906 0.233333 0.859906 0.231250 0.860492 0.230208 0.860492 0.221875 0.861079 0.220833 0.861079 0.217708 0.861665 0.216667 0.861079 0.215625 0.861079 0.212500 0.860492 0.211458 0.860492 0.210417 0.859320 0.208333 0.858734 0.208333 0.858148 0.209375 0.856975 0.209375 0.856389 0.210417 0.855803 0.210417 0.855217 0.211458 0.854045 0.211458 0.853458 0.212500 0.852872 0.212500 0.852286 0.213542 0.851700 0.213542 0.851114 0.214583 0.850528 0.214583 0.849941 0.215625 0.848769 0.215625 0.848183 0.216667 0.847597 0.216667 0.847011 0.217708 0.846424 0.217708 0.845838 0.218750 0.845252 0.218750 0.844080 0.220833 0.843494 0.220833 0.842907 0.221875 0.842321 0.221875 0.841735 0.222917 0.841149 0.222917 0.839977 0.225000 0.839390 0.225000 0.838804 0.226042 0.838218 0.226042 0.837632 0.227083 0.837046 0.227083 0.835873 0.229167 0.834701 0.229167 0.834115 0.230208 0.833529 0.230208 0.832943 0.231250 0.832356 0.231250 0.831770 0.232292 0.831184 0.232292 0.830598 0.233333 0.830012 0.233333 0.829426 0.234375 0.828839 0.234375 0.828253 0.235417 0.826495 0.235417 0.825909 0.234375 0.824736 0.234375 0.822978 0.231250 0.822978 0.230208 0.822392 0.229167 0.822392 0.228125 0.821219 0.226042 0.821219 0.225000 0.819461 0.221875 0.819461 0.220833 0.818875 0.219792 0.818875 0.217708 0.818288 0.216667 0.818875 0.215625 0.819461 0.215625 0.820047 0.214583 0.822392 0.214583 0.822978 0.213542 0.824150 0.213542 0.824736 0.212500 0.825909 0.212500 0.826495 0.211458 0.828253 0.211458 0.828839 0.210417 0.830012 0.210417 0.830598 0.209375 0.831184 0.209375 0.831770 0.208333 0.832356 0.208333 0.834115 0.205208 0.834701 0.205208 0.835873 0.203125 0.835873 0.202083 0.836460 0.201042 0.836460 0.181250 0.835873 0.180208 0.835873 0.178125 0.835287 0.177083 0.835287 0.176042 0.834701 0.175000 0.834701 0.173958 0.834115 0.172917 0.834115 0.171875 0.833529 0.170833 0.833529 0.148958 0.832943 0.147917 0.832943 0.144792 0.832356 0.143750 0.832356 0.141667 0.831770 0.140625 0.831770 0.139583 0.825909 0.129167 0.825322 0.129167 0.824736 0.128125 0.822978 0.128125 0.822392 0.127083
0 0.441970 0.000000 0.441970 0.001042 0.440211 0.004167 0.439625 0.004167 0.439039 0.005208 0.438453 0.005208 0.437280 0.007292 0.436108 0.007292 0.435522 0.008333 0.433763 0.008333 0.433177 0.009375 0.431419 0.009375 0.430832 0.010417 0.429074 0.010417 0.427902 0.012500 0.427902 0.034375 0.428488 0.035417 0.428488 0.058333 0.427902 0.059375 0.427902 0.061458 0.426143 0.064583 0.426143 0.065625 0.425557 0.066667 0.426143 0.067708 0.426143 0.068750 0.426729 0.069792 0.427315 0.069792 0.427902 0.070833 0.429074 0.070833 0.429660 0.071875 0.433177 0.071875 0.433763 0.070833 0.434349 0.070833 0.435522 0.068750 0.435522 0.056250 0.436108 0.055208 0.436108 0.044792 0.436694 0.043750 0.436694 0.027083 0.437280 0.026042 0.437280 0.022917 0.437866 0.021875 0.437866 0.018750 0.438453 0.017708 0.438453 0.016667 0.439039 0.015625 0.439625 0.016667 0.440797 0.016667 0.441970 0.018750 0.441970 0.021875 0.442556 0.022917 0.442556 0.023958 0.443142 0.025000 0.443142 0.026042 0.442556 0.027083 0.442556 0.029167 0.443142 0.030208 0.443142 0.038542 0.442556 0.039583 0.442556 0.041667 0.441970 0.042708 0.441970 0.047917 0.441383 0.048958 0.441383 0.057292 0.440797 0.058333 0.440797 0.073958 0.441383 0.073958 0.441970 0.075000 0.443728 0.075000 0.444314 0.076042 0.446073 0.076042 0.446659 0.075000 0.447245 0.075000 0.447831 0.073958 0.447831 0.066667 0.448417 0.065625 0.448417 0.061458 0.449004 0.060417 0.449004 0.058333 0.449590 0.057292 0.449590 0.056250 0.450176 0.055208 0.450176 0.054167 0.450762 0.053125 0.450762 0.048958 0.451934 0.046875 0.452521 0.046875 0.453107 0.045833 0.453107 0.044792 0.453693 0.043750 0.453693 0.040625 0.454279 0.039583 0.454279 0.029167 0.453693 0.028125 0.453693 0.023958 0.453107 0.022917 0.453107 0.008333 0.452521 0.007292 0.452521 0.000000
1 0.818288 0.127083 0.817702 0.128125 0.815358 0.128125 0.814771 0.129167 0.813599 0.129167 0.813013 0.130208 0.812427 0.130208 0.811841 0.131250 0.810668 0.131250 0.810082 0.132292 0.809496 0.132292 0.807737 0.135417 0.807151 0.135417 0.802462 0.143750 0.802462 0.144792 0.800703 0.147917 0.800703 0.148958 0.798359 0.153125 0.798359 0.154167 0.797186 0.156250 0.797186 0.157292 0.796600 0.158333 0.796600 0.159375 0.796014 0.160417 0.796014 0.162500 0.795428 0.163542 0.795428 0.166667 0.796014 0.167708 0.796014 0.170833 0.796600 0.171875 0.796600 0.172917 0.798359 0.176042 0.798359 0.177083 0.799531 0.179167 0.800117 0.179167 0.800703 0.180208 0.801290 0.180208 0.802462 0.182292 0.803048 0.182292 0.803634 0.183333 0.804807 0.183333 0.805393 0.184375 0.806565 0.184375 0.807151 0.185417 0.807737 0.185417 0.808324 0.186458 0.809496 0.186458 0.810082 0.187500 0.811841 0.187500 0.812427 0.188542 0.818875 0.188542 0.819461 0.187500 0.822392 0.187500 0.822978 0.186458 0.824736 0.186458 0.825322 0.185417 0.825909 0.185417 0.826495 0.184375 0.827081 0.184375 0.827667 0.183333 0.828839 0.183333 0.829426 0.182292 0.830012 0.182292 0.831770 0.179167 0.832356 0.179167 0.832356 0.178125 0.832943 0.177083 0.832943 0.176042 0.833529 0.175000 0.833529 0.148958 0.832943 0.147917 0.832943 0.143750 0.832356 0.142708 0.832356 0.141667 0.831770 0.140625 0.831770 0.139583 0.830598 0.137500 0.830598 0.136458 0.826495 0.129167 0.825909 0.129167 0.825322 0.128125 0.824736 0.128125 0.824150 0.127083
1 0.449004 0.217708 0.448417 0.218750 0.446073 0.218750 0.444900 0.220833 0.444314 0.220833 0.443728 0.221875 0.443142 0.221875 0.442556 0.222917 0.441970 0.222917 0.441383 0.223958 0.440797 0.223958 0.439625 0.226042 0.439039 0.226042 0.434349 0.234375 0.434349 0.235417 0.433177 0.237500 0.433177 0.238542 0.432591 0.239583 0.432591 0.240625 0.432005 0.241667 0.432005 0.242708 0.431419 0.243750 0.431419 0.244792 0.430832 0.245833 0.430832 0.246875 0.429660 0.248958 0.429660 0.250000 0.428488 0.252083 0.428488 0.253125 0.427902 0.254167 0.427902 0.256250 0.427315 0.257292 0.427315 0.264583 0.427902 0.265625 0.427902 0.269792 0.425557 0.273958 0.424971 0.273958 0.424385 0.275000 0.423798 0.275000 0.423212 0.276042 0.423212 0.277083 0.422040 0.279167 0.421454 0.279167 0.419695 0.282292 0.419695 0.283333 0.418523 0.285417 0.417937 0.285417 0.417937 0.286458 0.416178 0.289583 0.416178 0.290625 0.415006 0.292708 0.415006 0.294792 0.414420 0.295833 0.414420 0.301042 0.415006 0.302083 0.415006 0.303125 0.415592 0.304167 0.416178 0.304167 0.417351 0.306250 0.419695 0.306250 0.420281 0.307292 0.426729 0.307292 0.427315 0.306250 0.427902 0.306250 0.428488 0.305208 0.428488 0.304167 0.429074 0.303125 0.429074 0.298958 0.429660 0.297917 0.429660 0.294792 0.430246 0.293750 0.430246 0.292708 0.430832 0.291667 0.430832 0.290625 0.432591 0.287500 0.433177 0.287500 0.433763 0.286458 0.434349 0.286458 0.434936 0.285417 0.435522 0.285417 0.436108 0.284375 0.436694 0.284375 0.437280 0.283333 0.439625 0.283333 0.440211 0.282292 0.441383 0.282292 0.441970 0.281250 0.444900 0.281250 0.445487 0.282292 0.446073 0.282292 0.446659 0.281250 0.449004 0.281250 0.449590 0.280208 0.453107 0.280208 0.454279 0.278125 0.454865 0.278125 0.455451 0.277083 0.456624 0.277083 0.457796 0.279167 0.458382 0.279167 0.458968 0.280208 0.460727 0.280208 0.461313 0.281250 0.463658 0.281250 0.464244 0.282292 0.464830 0.282292 0.467175 0.286458 0.467175 0.287500 0.468933 0.290625 0.470106 0.290625 0.470692 0.291667 0.471278 0.291667 0.471864 0.292708 0.471864 0.293750 0.472450 0.294792 0.472450 0.295833 0.473036 0.296875 0.473036 0.301042 0.473623 0.302083 0.473623 0.304167 0.474209 0.305208 0.474209 0.307292 0.474795 0.308333 0.474795 0.310417 0.477726 0.315625 0.477726 0.316667 0.478898 0.318750 0.478898 0.319792 0.479484 0.320833 0.479484 0.321875 0.480070 0.322917 0.480070 0.323958 0.480657 0.325000 0.480657 0.326042 0.481243 0.327083 0.484760 0.327083 0.486518 0.323958 0.487104 0.323958 0.487104 0.322917 0.487691 0.321875 0.487691 0.318750 0.488277 0.317708 0.488277 0.313542 0.487691 0.312500 0.487691 0.309375 0.486518 0.307292 0.486518 0.306250 0.485932 0.305208 0.485932 0.304167 0.484760 0.302083 0.484760 0.301042 0.484174 0.300000 0.484174 0.298958 0.477140 0.286458 0.477140 0.266667 0.476553 0.265625 0.476553 0.263542 0.475967 0.262500 0.475967 0.261458 0.475381 0.260417 0.475381 0.258333 0.474795 0.257292 0.474795 0.256250 0.474209 0.255208 0.474209 0.253125 0.473623 0.252083 0.473623 0.250000 0.473036 0.248958 0.473036 0.246875 0.472450 0.245833 0.472450 0.242708 0.471864 0.241667 0.471864 0.239583 0.471278 0.238542 0.471278 0.237500 0.470106 0.235417 0.470106 0.234375 0.467175 0.229167 0.466589 0.229167 0.464830 0.226042 0.464244 0.226042 0.463072 0.223958 0.462485 0.223958 0.461899 0.222917 0.461313 0.222917 0.460141 0.220833 0.458968 0.220833 0.458382 0.219792 0.457796 0.219792 0.457210 0.218750 0.453693 0.218750 0.453107 0.217708
1 0.619578 0.014583 0.618992 0.015625 0.617233 0.015625 0.616061 0.017708 0.616061 0.021875 0.616647 0.022917 0.619578 0.022917 0.620164 0.021875 0.620750 0.021875 0.621336 0.020833 0.621336 0.017708
1 0.449004 0.217708 0.448417 0.218750 0.446073 0.218750 0.445487 0.219792 0.444900 0.219792 0.443728 0.221875 0.443142 0.221875 0.442556 0.222917 0.441970 0.222917 0.441383 0.223958 0.440797 0.223958 0.439625 0.226042 0.439039 0.226042 0.434936 0.233333 0.434936 0.234375 0.433763 0.236458 0.433763 0.237500 0.432591 0.239583 0.432591 0.240625 0.432005 0.241667 0.432005 0.242708 0.431419 0.243750 0.431419 0.244792 0.430246 0.246875 0.430246 0.247917 0.428488 0.251042 0.428488 0.253125 0.427902 0.254167 0.427902 0.255208 0.427315 0.256250 0.427315 0.266667 0.427902 0.267708 0.427902 0.268750 0.428488 0.269792 0.429660 0.269792 0.430246 0.268750 0.431419 0.268750 0.432005 0.267708 0.432591 0.267708 0.433177 0.266667 0.433763 0.266667 0.435522 0.263542 0.436108 0.263542 0.436694 0.262500 0.437280 0.262500 0.437866 0.261458 0.438453 0.261458 0.439039 0.260417 0.440211 0.260417 0.440797 0.259375 0.441970 0.259375 0.442556 0.258333 0.445487 0.258333 0.446073 0.257292 0.446659 0.258333 0.453107 0.258333 0.453693 0.259375 0.457210 0.259375 0.457796 0.260417 0.460727 0.260417 0.461313 0.261458 0.462485 0.261458 0.463072 0.262500 0.464244 0.262500 0.464830 0.263542 0.466002 0.263542 0.467175 0.265625 0.467761 0.265625 0.468933 0.267708 0.470106 0.267708 0.470692 0.268750 0.470692 0.269792 0.471864 0.271875 0.471864 0.275000 0.472450 0.276042 0.472450 0.278125 0.473623 0.280208 0.473623 0.281250 0.474209 0.281250 0.474795 0.280208 0.477140 0.280208 0.477140 0.266667 0.476553 0.265625 0.476553 0.263542 0.475967 0.262500 0.475967 0.260417 0.475381 0.259375 0.475381 0.257292 0.474795 0.256250 0.474795 0.255208 0.474209 0.254167 0.474209 0.252083 0.473623 0.251042 0.473623 0.247917 0.473036 0.246875 0.473036 0.244792 0.472450 0.243750 0.472450 0.241667 0.471864 0.240625 0.471864 0.239583 0.471278 0.238542 0.471278 0.237500 0.467761 0.231250 0.467761 0.230208 0.467175 0.229167 0.466589 0.229167 0.464830 0.226042 0.464244 0.226042 0.462485 0.222917 0.461899 0.222917 0.461313 0.221875 0.460727 0.221875 0.460141 0.220833 0.459555 0.220833 0.458968 0.219792 0.458382 0.219792 0.457796 0.218750 0.454865 0.218750 0.454279 0.217708
2 0.147128 0.025000 0.146542 0.026042 0.145369 0.026042 0.145369 0.027083 0.144783 0.028125 0.144783 0.029167 0.146542 0.032292 0.148886 0.032292 0.149472 0.033333 0.151231 0.033333 0.151817 0.032292 0.154162 0.032292 0.154162 0.031250 0.153576 0.030208 0.153576 0.028125 0.152989 0.027083 0.152403 0.027083 0.151817 0.026042 0.148886 0.026042 0.148300 0.025000
2 0.389801 0.577083 0.389215 0.578125 0.388628 0.578125 0.388042 0.579167 0.387456 0.579167 0.386284 0.581250 0.386284 0.582292 0.385111 0.584375 0.385111 0.585417 0.384525 0.586458 0.384525 0.587500 0.383939 0.588542 0.383939 0.590625 0.383353 0.591667 0.383353 0.592708 0.381594 0.595833 0.381008 0.595833 0.380422 0.596875 0.379250 0.596875 0.378664 0.597917 0.377491 0.597917 0.376905 0.598958 0.376319 0.598958 0.375733 0.600000 0.375147 0.600000 0.374560 0.601042 0.373388 0.601042 0.372802 0.602083 0.372802 0.604167 0.373388 0.605208 0.373974 0.605208 0.374560 0.606250 0.377491 0.606250 0.378077 0.607292 0.379250 0.607292 0.379836 0.608333 0.381008 0.608333 0.381594 0.609375 0.383939 0.609375 0.384525 0.610417 0.386870 0.610417 0.387456 0.611458 0.388042 0.611458 0.388628 0.612500 0.389801 0.612500 0.390387 0.613542 0.391559 0.613542 0.392145 0.614583 0.392732 0.614583 0.393318 0.615625 0.394490 0.615625 0.395076 0.616667 0.396249 0.616667 0.396835 0.617708 0.398593 0.617708 0.399179 0.618750 0.400938 0.618750 0.401524 0.619792 0.405627 0.619792 0.406213 0.620833 0.410317 0.620833 0.410903 0.621875 0.421454 0.621875 0.422040 0.620833 0.423798 0.620833 0.424385 0.619792 0.425557 0.619792 0.427902 0.615625 0.427902 0.608333 0.427315 0.607292 0.427315 0.605208 0.426729 0.604167 0.426729 0.603125 0.426143 0.602083 0.426143 0.600000 0.425557 0.598958 0.425557 0.597917 0.424971 0.596875 0.424971 0.594792 0.423212 0.591667 0.422626 0.591667 0.421454 0.589583 0.417937 0.589583 0.417351 0.590625 0.416764 0.590625 0.416178 0.591667 0.415592 0.591667 0.415006 0.592708 0.414420 0.592708 0.413834 0.593750 0.412075 0.593750 0.411489 0.594792 0.402696 0.594792 0.402110 0.593750 0.401524 0.593750 0.400938 0.592708 0.400352 0.592708 0.398593 0.589583 0.398593 0.588542 0.398007 0.587500 0.398007 0.586458 0.393904 0.579167 0.392732 0.579167 0.392145 0.578125 0.391559 0.578125 0.390973 0.577083
2 0.428488 0.060417 0.427902 0.061458 0.427315 0.061458 0.426143 0.063542 0.425557 0.063542 0.425557 0.064583 0.424971 0.065625 0.424971 0.067708 0.426729 0.070833 0.427315 0.070833 0.427902 0.071875 0.430832 0.071875 0.431419 0.072917 0.432005 0.072917 0.432591 0.071875 0.433763 0.071875 0.434349 0.070833 0.434936 0.070833 0.435522 0.069792 0.435522 0.066667 0.433763 0.063542 0.433177 0.063542 0.432591 0.062500 0.430832 0.062500 0.430246 0.061458 0.429074 0.061458
2 0.162954 0.020833 0.162368 0.021875 0.160023 0.021875 0.158851 0.023958 0.158265 0.023958 0.155334 0.029167 0.155920 0.030208 0.155920 0.031250 0.156506 0.031250 0.157093 0.032292 0.161196 0.032292 0.161782 0.031250 0.163540 0.031250 0.164127 0.030208 0.165885 0.030208 0.166471 0.029167 0.167644 0.029167 0.167644 0.027083 0.167057 0.026042 0.167057 0.025000 0.164713 0.020833
2 0.443142 0.070833 0.442556 0.071875 0.441970 0.071875 0.441383 0.072917 0.440797 0.072917 0.440211 0.073958 0.440797 0.075000 0.440797 0.076042 0.441383 0.077083 0.441970 0.077083 0.442556 0.078125 0.448417 0.078125 0.449004 0.079167 0.449590 0.078125 0.451348 0.078125 0.451934 0.077083 0.452521 0.077083 0.452521 0.073958 0.451934 0.072917 0.451348 0.072917 0.450762 0.071875 0.450176 0.071875 0.449590 0.070833