0 0.487104 0.815625 0.486518 0.816667 0.473623 0.816667 0.473036 0.817708 0.467175 0.817708 0.466589 0.818750 0.462485 0.818750 0.461899 0.819792 0.458968 0.819792 0.458382 0.820833 0.456624 0.820833 0.456038 0.821875 0.455451 0.821875 0.454279 0.823958 0.453693 0.823958 0.453693 0.825000 0.452521 0.827083 0.452521 0.830208 0.451934 0.831250 0.451934 0.834375 0.451348 0.835417 0.451348 0.841667 0.451934 0.842708 0.451934 0.843750 0.452521 0.844792 0.452521 0.845833 0.453693 0.847917 0.454279 0.847917 0.454865 0.848958 0.456038 0.848958 0.456624 0.850000 0.457796 0.850000 0.458382 0.851042 0.461899 0.851042 0.462485 0.852083 0.473623 0.852083 0.474209 0.851042 0.478898 0.851042 0.479484 0.850000 0.483001 0.850000 0.483587 0.848958 0.484760 0.848958 0.485346 0.847917 0.486518 0.847917 0.487104 0.846875 0.488277 0.846875 0.488863 0.845833 0.490035 0.845833 0.490621 0.844792 0.491208 0.844792 0.491794 0.843750 0.492380 0.843750 0.492966 0.842708 0.493552 0.842708 0.494138 0.841667 0.494725 0.841667 0.494725 0.840625 0.497655 0.835417 0.497655 0.834375 0.498242 0.833333 0.498242 0.832292 0.498828 0.831250 0.498828 0.830208 0.499414 0.829167 0.499414 0.826042 0.500000 0.825000 0.500000 0.817708 0.499414 0.816667 0.498828 0.816667 0.498242 0.815625
0 0.584408 0.746875 0.583822 0.747917 0.583822 0.751042 0.584408 0.751042 0.584994 0.752083 0.587925 0.752083 0.587925 0.751042 0.588511 0.750000 0.588511 0.746875
0 0.644197 0.195833 0.645369 0.195833 0.645955 0.196875 0.647714 0.196875 0.648300 0.195833 0.648886 0.195833
0 0.612544 0.190625 0.612544 0.191667 0.613130 0.191667
0 0.700469 0.148958 0.699883 0.150000 0.695193 0.150000 0.694607 0.151042 0.692849 0.151042 0.691676 0.153125 0.688746 0.153125 0.688159 0.154167 0.687573 0.154167 0.686401 0.156250 0.685815 0.156250 0.685229 0.157292 0.684056 0.157292 0.683470 0.158333 0.682298 0.158333 0.680539 0.161458 0.679953 0.161458 0.679367 0.162500 0.678781 0.162500 0.676436 0.166667 0.675850 0.166667 0.675264 0.167708 0.674678 0.167708 0.674678 0.168750 0.672919 0.171875 0.672333 0.171875 0.671747 0.172917 0.671747 0.173958 0.671161 0.175000 0.671161 0.176042 0.669988 0.178125 0.669988 0.179167 0.668230 0.182292 0.668230 0.184375 0.667644 0.185417 0.667644 0.186458 0.665299 0.190625 0.664713 0.190625 0.661782 0.195833 0.660610 0.195833 0.658851 0.198958 0.658851 0.200000 0.657679 0.202083 0.657093 0.202083 0.656506 0.201042 0.655334 0.201042 0.654748 0.200000 0.653576 0.200000 0.652403 0.202083 0.651817 0.202083 0.651231 0.203125 0.650645 0.203125 0.650059 0.202083 0.648886 0.202083 0.648300 0.201042 0.647714 0.201042 0.647128 0.200000 0.646542 0.201042 0.642438 0.201042 0.641852 0.200000 0.640680 0.200000 0.640094 0.198958 0.640680 0.197917 0.641266 0.197917 0.641852 0.196875 0.642438 0.196875 0.643025 0.195833 0.638921 0.195833 0.638335 0.194792 0.635404 0.194792 0.634232 0.192708 0.630715 0.192708 0.631301 0.192708 0.631887 0.193750 0.632474 0.193750 0.633060 0.194792 0.633646 0.194792 0.634232 0.195833 0.634232 0.196875 0.633646 0.197917 0.633646 0.198958 0.633060 0.200000 0.633060 0.201042 0.632474 0.202083 0.631887 0.202083 0.631301 0.203125 0.629543 0.203125 0.627784 0.200000 0.627784 0.198958 0.626612 0.196875 0.624267 0.196875 0.623681 0.195833 0.622509 0.195833 0.621923 0.196875 0.621336 0.196875 0.620750 0.197917 0.619578 0.197917 0.618992 0.196875 0.618406 0.196875 0.617819 0.195833 0.617233 0.195833 0.616647 0.194792 0.616061 0.194792 0.616061 0.195833 0.614302 0.198958 0.613130 0.198958 0.612544 0.200000 0.610785 0.200000 0.610199 0.201042 0.608441 0.201042 0.607855 0.202083 0.607268 0.202083 0.606682 0.203125 0.605510 0.203125 0.604924 0.204167 0.603751 0.204167 0.603165 0.205208 0.601993 0.205208 0.601407 0.206250 0.600234 0.206250 0.599648 0.207292 0.599062 0.207292 0.598476 0.208333 0.596717 0.208333 0.596131 0.209375 0.594959 0.209375 0.594373 0.210417 0.593787 0.210417 0.593200 0.211458 0.592028 0.211458 0.589683 0.215625 0.589097 0.215625 0.588511 0.216667 0.588511 0.217708 0.587339 0.219792 0.587339 0.220833 0.583822 0.227083 0.583822 0.228125 0.583236 0.229167 0.583236 0.230208 0.582063 0.232292 0.582063 0.233333 0.581477 0.234375 0.581477 0.236458 0.580305 0.238542 0.580305 0.239583 0.579719 0.240625 0.579719 0.241667 0.578546 0.243750 0.578546 0.245833 0.577960 0.246875 0.577960 0.247917 0.575029 0.253125 0.575029 0.254167 0.574443 0.255208 0.574443 0.256250 0.573271 0.258333 0.573271 0.259375 0.570926 0.263542 0.570926 0.265625 0.568581 0.269792 0.568581 0.270833 0.567995 0.271875 0.567995 0.272917 0.567409 0.273958 0.567409 0.275000 0.566823 0.276042 0.566823 0.278125 0.566237 0.279167 0.566237 0.281250 0.565651 0.282292 0.565651 0.283333 0.564478 0.285417 0.564478 0.286458 0.563892 0.287500 0.563892 0.288542 0.562134 0.291667 0.562134 0.292708 0.561547 0.293750 0.561547 0.294792 0.560961 0.295833 0.560961 0.296875 0.560375 0.297917 0.560375 0.301042 0.559789 0.302083 0.559789 0.304167 0.559203 0.305208 0.559203 0.307292 0.558030 0.309375 0.558030 0.310417 0.557444 0.311458 0.557444 0.312500 0.556858 0.313542 0.556858 0.314583 0.555686 0.316667 0.555686 0.317708 0.555100 0.318750 0.555100 0.319792 0.554513 0.320833 0.554513 0.321875 0.553927 0.322917 0.553927 0.323958 0.553341 0.325000 0.553341 0.326042 0.552755 0.327083 0.552755 0.329167 0.552169 0.330208 0.552169 0.331250 0.551583 0.332292 0.551583 0.334375 0.550996 0.335417 0.550996 0.337500 0.550410 0.338542 0.550410 0.340625 0.549824 0.341667 0.549824 0.342708 0.549238 0.343750 0.549238 0.344792 0.548652 0.345833 0.548652 0.347917 0.548066 0.348958 0.548066 0.350000 0.547479 0.351042 0.547479 0.352083 0.546893 0.353125 0.546893 0.354167 0.546307 0.355208 0.546307 0.356250 0.545721 0.357292 0.545721 0.358333 0.545135 0.359375 0.545135 0.360417 0.543962 0.362500 0.543962 0.365625 0.543376 0.366667 0.543376 0.368750 0.542204 0.370833 0.541032 0.370833 0.540445 0.371875 0.539859 0.371875 0.539273 0.370833 0.538687 0.370833 0.536928 0.367708 0.536342 0.367708 0.534584 0.364583 0.533998 0.364583 0.533411 0.363542 0.532825 0.363542 0.532239 0.362500 0.531653 0.362500 0.531067 0.361458 0.530481 0.361458 0.529894 0.360417 0.529308 0.360417 0.528722 0.359375 0.528136 0.359375 0.526964 0.357292 0.526377 0.357292 0.525791 0.356250 0.524619 0.356250 0.524033 0.355208 0.523447 0.355208 0.522860 0.354167 0.521688 0.354167 0.521102 0.353125 0.519930 0.353125 0.519343 0.352083 0.518757 0.352083 0.517585 0.350000 0.516413 0.350000 0.515826 0.348958 0.515240 0.348958 0.514654 0.347917 0.514068 0.347917 0.513482 0.346875 0.512896 0.346875 0.512309 0.345833 0.511137 0.345833 0.510551 0.344792 0.508792 0.344792 0.508206 0.343750 0.506448 0.343750 0.505862 0.342708 0.504103 0.342708 0.503517 0.341667 0.502345 0.341667 0.501758 0.340625 0.500586 0.340625 0.500000 0.339583 0.499414 0.339583 0.498828 0.338542 0.497655 0.338542 0.497069 0.337500 0.495897 0.337500 0.495311 0.336458 0.494138 0.336458 0.493552 0.335417 0.491794 0.335417 0.491208 0.334375 0.489449 0.334375 0.488863 0.333333 0.486518 0.333333 0.485932 0.332292 0.480657 0.332292 0.480070 0.333333 0.477726 0.333333 0.477140 0.334375 0.474209 0.334375 0.473623 0.335417 0.471864 0.335417 0.471278 0.336458 0.469519 0.336458 0.468933 0.337500 0.467761 0.337500 0.467175 0.338542 0.466002 0.338542 0.465416 0.339583 0.464830 0.339583 0.464244 0.340625 0.463658 0.340625 0.462485 0.342708 0.461899 0.342708 0.461313 0.343750 0.460727 0.343750 0.460141 0.344792 0.459555 0.344792 0.458382 0.346875 0.457796 0.346875 0.456624 0.348958 0.456038 0.348958 0.450176 0.359375 0.450176 0.360417 0.449004 0.362500 0.449004 0.363542 0.448417 0.364583 0.448417 0.365625 0.447831 0.366667 0.447831 0.367708 0.447245 0.368750 0.447245 0.371875 0.446659 0.372917 0.446659 0.375000 0.446073 0.376042 0.446073 0.378125 0.445487 0.379167 0.445487 0.382292 0.444900 0.383333 0.444900 0.386458 0.444314 0.387500 0.444314 0.391667 0.443728 0.392708 0.443728 0.401042 0.443142 0.402083 0.443142 0.406250 0.443728 0.407292 0.443728 0.426042 0.444314 0.427083 0.444314 0.435417 0.444900 0.436458 0.444900 0.454167 0.444314 0.455208 0.444314 0.480208 0.444900 0.481250 0.444900 0.486458 0.444314 0.487500 0.444314 0.507292 0.443728 0.508333 0.443728 0.516667 0.444314 0.517708 0.444314 0.528125 0.444900 0.529167 0.444900 0.537500 0.445487 0.538542 0.445487 0.542708 0.446073 0.543750 0.446073 0.545833 0.446659 0.546875 0.446659 0.555208 0.447245 0.556250 0.447245 0.566667 0.447831 0.567708 0.447831 0.576042 0.448417 0.577083 0.448417 0.584375 0.449004 0.585417 0.449004 0.587500 0.449590 0.588542 0.449590 0.595833 0.450176 0.596875 0.450176 0.601042 0.450762 0.602083 0.450762 0.612500 0.451348 0.613542 0.451348 0.620833 0.451934 0.621875 0.451934 0.629167 0.452521 0.630208 0.452521 0.641667 0.453107 0.642708 0.453107 0.644792 0.453693 0.645833 0.453693 0.646875 0.456038 0.651042 0.456038 0.652083 0.457796 0.655208 0.458382 0.655208 0.461899 0.661458 0.461899 0.662500 0.462485 0.663542 0.462485 0.665625 0.463072 0.666667 0.463072 0.671875 0.462485 0.672917 0.462485 0.675000 0.461899 0.676042 0.461899 0.677083 0.461313 0.678125 0.461313 0.679167 0.460727 0.680208 0.460727 0.683333 0.460141 0.684375 0.460141 0.685417 0.461899 0.688542 0.463072 0.688542 0.463658 0.689583 0.464830 0.689583 0.465416 0.690625 0.466589 0.690625 0.467175 0.691667 0.468933 0.691667 0.469519 0.692708 0.470106 0.692708 0.470692 0.693750 0.471278 0.693750 0.471864 0.694792 0.472450 0.694792 0.473036 0.695833 0.473036 0.696875 0.473623 0.697917 0.473623 0.700000 0.474209 0.701042 0.474209 0.707292 0.473623 0.708333 0.473623 0.712500 0.473036 0.713542 0.473036 0.715625 0.472450 0.716667 0.472450 0.717708 0.471864 0.718750 0.471864 0.719792 0.471278 0.720833 0.471278 0.721875 0.470692 0.722917 0.470692 0.726042 0.470106 0.727083 0.470106 0.731250 0.469519 0.732292 0.469519 0.735417 0.468933 0.736458 0.468933 0.738542 0.468347 0.739583 0.468347 0.741667 0.467761 0.742708 0.467761 0.743750 0.467175 0.744792 0.467175 0.747917 0.466589 0.748958 0.466589 0.757292 0.467175 0.758333 0.468347 0.758333 0.468933 0.759375 0.510551 0.759375 0.511137 0.758333 0.514068 0.758333 0.514654 0.757292 0.515240 0.757292 0.517585 0.753125 0.517585 0.752083 0.518757 0.750000 0.518757 0.747917 0.519343 0.746875 0.519343 0.744792 0.519930 0.743750 0.519930 0.742708 0.520516 0.741667 0.520516 0.735417 0.521102 0.734375 0.521102 0.728125 0.520516 0.727083 0.520516 0.720833 0.519930 0.719792 0.519930 0.717708 0.519343 0.716667 0.519343 0.715625 0.518757 0.714583 0.518757 0.713542 0.517585 0.711458 0.517585 0.706250 0.516999 0.705208 0.516999 0.698958 0.516413 0.697917 0.516413 0.692708 0.515826 0.691667 0.515826 0.688542 0.515240 0.687500 0.515240 0.684375 0.514654 0.683333 0.514654 0.660417 0.514068 0.659375 0.514068 0.656250 0.513482 0.655208 0.513482 0.653125 0.512309 0.651042 0.512309 0.650000 0.511137 0.647917 0.511137 0.644792 0.510551 0.643750 0.510551 0.629167 0.509965 0.628125 0.509965 0.622917 0.509379 0.621875 0.509379 0.618750 0.508792 0.617708 0.508792 0.616667 0.508206 0.615625 0.508206 0.613542 0.507620 0.612500 0.507620 0.608333 0.507034 0.607292 0.507034 0.605208 0.506448 0.604167 0.506448 0.603125 0.505862 0.602083 0.505862 0.601042 0.504689 0.598958 0.504689 0.597917 0.504103 0.596875 0.504103 0.593750 0.503517 0.592708 0.503517 0.589583 0.502931 0.588542 0.502931 0.582292 0.502345 0.581250 0.502345 0.567708 0.502931 0.566667 0.502931 0.563542 0.503517 0.562500 0.503517 0.555208 0.504103 0.554167 0.504103 0.552083 0.504689 0.551042 0.504689 0.547917 0.505275 0.546875 0.505275 0.544792 0.505862 0.543750 0.505862 0.542708 0.506448 0.541667 0.506448 0.539583 0.507034 0.538542 0.507034 0.536458 0.507620 0.535417 0.507620 0.531250 0.508206 0.530208 0.508206 0.526042 0.507620 0.525000 0.507620 0.508333 0.507034 0.507292 0.507034 0.504167 0.507620 0.503125 0.507620 0.496875 0.508792 0.494792 0.509379 0.495833 0.512309 0.495833 0.512896 0.496875 0.513482 0.496875 0.514654 0.498958 0.515240 0.498958 0.515826 0.500000 0.516413 0.500000 0.517585 0.502083 0.518757 0.502083 0.519343 0.503125 0.519930 0.503125 0.521102 0.505208 0.521688 0.505208 0.522860 0.507292 0.523447 0.507292 0.524033 0.508333 0.524619 0.508333 0.525205 0.509375 0.525791 0.509375 0.526377 0.510417 0.527550 0.510417 0.528136 0.511458 0.528722 0.511458 0.529308 0.512500 0.531067 0.512500 0.531653 0.513542 0.533411 0.513542 0.533998 0.514583 0.535170 0.514583 0.536928 0.517708 0.536928 0.518750 0.537515 0.519792 0.537515 0.521875 0.538101 0.522917 0.538101 0.525000 0.538687 0.526042 0.538687 0.531250 0.539273 0.532292 0.539273 0.534375 0.539859 0.535417 0.539859 0.537500 0.540445 0.538542 0.540445 0.541667 0.541032 0.542708 0.541032 0.551042 0.541618 0.552083 0.541618 0.556250 0.542204 0.557292 0.542204 0.567708 0.542790 0.568750 0.542790 0.575000 0.543376 0.576042 0.543376 0.579167 0.543962 0.580208 0.543962 0.582292 0.544549 0.583333 0.544549 0.585417 0.545135 0.586458 0.545135 0.588542 0.545721 0.589583 0.545721 0.590625 0.546893 0.592708 0.546893 0.593750 0.547479 0.594792 0.547479 0.596875 0.548066 0.597917 0.548066 0.598958 0.548652 0.600000 0.548652 0.603125 0.549238 0.604167 0.549238 0.609375 0.549824 0.610417 0.549824 0.616667 0.550410 0.617708 0.550410 0.623958 0.550996 0.625000 0.550996 0.634375 0.550410 0.635417 0.550410 0.640625 0.550996 0.641667 0.550996 0.659375 0.550410 0.660417 0.550410 0.662500 0.549824 0.663542 0.549824 0.664583 0.549238 0.665625 0.549238 0.666667 0.548652 0.667708 0.548652 0.668750 0.548066 0.669792 0.548066 0.671875 0.547479 0.672917 0.547479 0.673958 0.546893 0.675000 0.546893 0.676042 0.546307 0.677083 0.546307 0.678125 0.545135 0.680208 0.545135 0.681250 0.544549 0.682292 0.544549 0.684375 0.543962 0.685417 0.543962 0.687500 0.543376 0.688542 0.543376 0.690625 0.542790 0.691667 0.542790 0.692708 0.542204 0.693750 0.542204 0.695833 0.541618 0.696875 0.541618 0.697917 0.541032 0.698958 0.541032 0.704167 0.540445 0.705208 0.540445 0.711458 0.541032 0.712500 0.541032 0.717708 0.540445 0.718750 0.540445 0.723958 0.539859 0.725000 0.539859 0.729167 0.539273 0.730208 0.539273 0.738542 0.538687 0.739583 0.538687 0.742708 0.539273 0.743750 0.539273 0.744792 0.538687 0.745833 0.538687 0.747917 0.539273 0.748958 0.539273 0.753125 0.540445 0.755208 0.548066 0.755208 0.548652 0.756250 0.550410 0.756250 0.550996 0.755208 0.555686 0.755208 0.556272 0.754167 0.556858 0.754167 0.557444 0.755208 0.563892 0.755208 0.564478 0.756250 0.569168 0.756250 0.569754 0.757292 0.572098 0.757292 0.572685 0.756250 0.575615 0.756250 0.576202 0.755208 0.577374 0.755208 0.577960 0.754167 0.578546 0.754167 0.579132 0.753125 0.579719 0.753125 0.579719 0.752083 0.580305 0.751042 0.580305 0.734375 0.580891 0.733333 0.580891 0.731250 0.581477 0.730208 0.582649 0.730208 0.583236 0.729167 0.588511 0.729167 0.589097 0.730208 0.591442 0.730208 0.591442 0.722917 0.592028 0.721875 0.592028 0.720833 0.592614 0.719792 0.592028 0.718750 0.592028 0.715625 0.592614 0.714583 0.592614 0.713542 0.593200 0.712500 0.593200 0.711458 0.593787 0.710417 0.593787 0.707292 0.594373 0.706250 0.594373 0.705208 0.594959 0.704167 0.594959 0.703125 0.595545 0.702083 0.595545 0.696875 0.594959 0.695833 0.595545 0.694792 0.596717 0.694792 0.597304 0.693750 0.597890 0.693750 0.599062 0.691667 0.599648 0.691667 0.600234 0.690625 0.600821 0.690625 0.601407 0.689583 0.611958 0.689583 0.612544 0.688542 0.613716 0.688542 0.614889 0.686458 0.615475 0.686458 0.616061 0.685417 0.616061 0.683333 0.616647 0.682292 0.616647 0.673958 0.617233 0.672917 0.617233 0.671875 0.619578 0.667708 0.620164 0.667708 0.620750 0.666667 0.621923 0.666667 0.622509 0.665625 0.624853 0.665625 0.625440 0.664583 0.627198 0.664583 0.627784 0.663542 0.628370 0.663542 0.628957 0.662500 0.629543 0.662500 0.630129 0.661458 0.633060 0.661458 0.633646 0.660417 0.635404 0.660417 0.635991 0.659375 0.637163 0.659375 0.637749 0.658333 0.639508 0.658333 0.640094 0.657292 0.643025 0.657292 0.643611 0.656250 0.647714 0.656250 0.648300 0.655208 0.653576 0.655208 0.654162 0.654167 0.660023 0.654167 0.660610 0.655208 0.661196 0.655208 0.661782 0.654167 0.678781 0.654167 0.679367 0.653125 0.683470 0.653125 0.684056 0.654167 0.684056 0.659375 0.683470 0.660417 0.683470 0.661458 0.681712 0.664583 0.681125 0.664583 0.680539 0.665625 0.679367 0.665625 0.678781 0.666667 0.677608 0.666667 0.675264 0.670833 0.675264 0.671875 0.674678 0.672917 0.674678 0.673958 0.673505 0.676042 0.673505 0.677083 0.671747 0.680208 0.671747 0.681250 0.670574 0.683333 0.669988 0.683333 0.668816 0.685417 0.668230 0.685417 0.667057 0.687500 0.666471 0.687500 0.665885 0.688542 0.665299 0.688542 0.664713 0.689583 0.664127 0.689583 0.663540 0.690625 0.662954 0.690625 0.662368 0.691667 0.661782 0.691667 0.660610 0.693750 0.660023 0.693750 0.658851 0.695833 0.658265 0.695833 0.652403 0.706250 0.651817 0.706250 0.647128 0.714583 0.647128 0.715625 0.645955 0.717708 0.645369 0.717708 0.644783 0.718750 0.644197 0.718750 0.643611 0.719792 0.642438 0.719792 0.641852 0.720833 0.640680 0.720833 0.640094 0.721875 0.639508 0.721875 0.638921 0.722917 0.638335 0.722917 0.637749 0.723958 0.637163 0.723958 0.636577 0.725000 0.635991 0.725000 0.635404 0.726042 0.634818 0.726042 0.634232 0.727083 0.634232 0.728125 0.633060 0.730208 0.632474 0.730208 0.631887 0.731250 0.631301 0.731250 0.630715 0.732292 0.628957 0.732292 0.628370 0.733333 0.623095 0.733333 0.622509 0.734375 0.621923 0.734375 0.621336 0.735417 0.620750 0.735417 0.619578 0.737500 0.619578 0.740625 0.618992 0.741667 0.618406 0.741667 0.617233 0.743750 0.616647 0.743750 0.616061 0.744792 0.614889 0.744792 0.614302 0.745833 0.613130 0.745833 0.612544 0.746875 0.611958 0.746875 0.611372 0.747917 0.610199 0.747917 0.609613 0.748958 0.608441 0.748958 0.607855 0.750000 0.606682 0.750000 0.606096 0.751042 0.605510 0.751042 0.604924 0.752083 0.603751 0.752083 0.603165 0.753125 0.602579 0.753125 0.601993 0.754167 0.601407 0.754167 0.600821 0.755208 0.600234 0.755208 0.599062 0.757292 0.598476 0.757292 0.597890 0.758333 0.597304 0.758333 0.596131 0.760417 0.595545 0.760417 0.594959 0.761458 0.594373 0.761458 0.593787 0.762500 0.593200 0.762500 0.590856 0.766667 0.590856 0.767708 0.589683 0.769792 0.589683 0.770833 0.589097 0.771875 0.589097 0.773958 0.588511 0.775000 0.588511 0.776042 0.587925 0.777083 0.587925 0.778125 0.587339 0.779167 0.587339 0.781250 0.586753 0.782292 0.586753 0.786458 0.585580 0.788542 0.585580 0.789583 0.584994 0.790625 0.584994 0.791667 0.584408 0.792708 0.584408 0.793750 0.582649 0.796875 0.582649 0.797917 0.580891 0.801042 0.580305 0.801042 0.579132 0.803125 0.578546 0.803125 0.577374 0.805208 0.576788 0.805208 0.575615 0.807292 0.575029 0.807292 0.573271 0.810417 0.573271 0.817708 0.574443 0.819792 0.579132 0.819792 0.579719 0.820833 0.580305 0.820833 0.580891 0.821875 0.584994 0.821875 0.585580 0.822917 0.585580 0.823958 0.584408 0.826042 0.583236 0.826042 0.582649 0.827083 0.582649 0.828125 0.580305 0.832292 0.579132 0.832292 0.578546 0.833333 0.577960 0.833333 0.576202 0.836458 0.576202 0.837500 0.575029 0.839583 0.575029 0.840625 0.574443 0.841667 0.574443 0.843750 0.573857 0.844792 0.574443 0.845833 0.574443 0.848958 0.575029 0.850000 0.575615 0.850000 0.576788 0.852083 0.577374 0.852083 0.577960 0.853125 0.580891 0.853125 0.581477 0.854167 0.591442 0.854167 0.592028 0.855208 0.599648 0.855208 0.600234 0.856250 0.603165 0.856250 0.603751 0.857292 0.606096 0.857292 0.606682 0.858333 0.609613 0.858333 0.610199 0.859375 0.618406 0.859375 0.618992 0.858333 0.621923 0.858333 0.622509 0.857292 0.623681 0.857292 0.624267 0.856250 0.625440 0.856250 0.626026 0.855208 0.627198 0.855208 0.627784 0.854167 0.628370 0.854167 0.628957 0.853125 0.629543 0.853125 0.631887 0.848958 0.632474 0.848958 0.633646 0.846875 0.633646 0.845833 0.634232 0.844792 0.634232 0.843750 0.634818 0.842708 0.634818 0.841667 0.635404 0.840625 0.635404 0.838542 0.635991 0.837500 0.635991 0.835417 0.636577 0.834375 0.636577 0.832292 0.637163 0.831250 0.637163 0.830208 0.637749 0.829167 0.637749 0.828125 0.639508 0.825000 0.639508 0.823958 0.640094 0.822917 0.640094 0.821875 0.640680 0.820833 0.640680 0.802083 0.641266 0.801042 0.641266 0.800000 0.644783 0.793750 0.645369 0.793750 0.645955 0.792708 0.646542 0.792708 0.650059 0.786458 0.654748 0.786458 0.657679 0.781250 0.657679 0.780208 0.658265 0.779167 0.658265 0.778125 0.660023 0.775000 0.663540 0.775000 0.664127 0.773958 0.665885 0.773958 0.666471 0.772917 0.668230 0.772917 0.668816 0.771875 0.670574 0.771875 0.671161 0.770833 0.672333 0.770833 0.672919 0.769792 0.674091 0.769792 0.674678 0.768750 0.675264 0.768750 0.675850 0.767708 0.676436 0.767708 0.677022 0.766667 0.677608 0.766667 0.679953 0.762500 0.679953 0.761458 0.681125 0.759375 0.681125 0.758333 0.681712 0.757292 0.681712 0.756250 0.683470 0.753125 0.684056 0.753125 0.685229 0.751042 0.686401 0.751042 0.686987 0.750000 0.688159 0.750000 0.688746 0.748958 0.690504 0.748958 0.691090 0.747917 0.692849 0.747917 0.693435 0.746875 0.694607 0.746875 0.695193 0.745833 0.695780 0.745833 0.696366 0.744792 0.696952 0.744792 0.697538 0.743750 0.698124 0.743750 0.698710 0.742708 0.699297 0.742708 0.699883 0.741667 0.700469 0.741667 0.701641 0.739583 0.702227 0.739583 0.703986 0.736458 0.704572 0.736458 0.705744 0.734375 0.706331 0.734375 0.707503 0.732292 0.708089 0.732292 0.709261 0.730208 0.709848 0.730208 0.711606 0.727083 0.712192 0.727083 0.712778 0.726042 0.713365 0.726042 0.714537 0.723958 0.715123 0.723958 0.715709 0.722917 0.716295 0.722917 0.719812 0.716667 0.720399 0.716667 0.724502 0.709375 0.725088 0.709375 0.726260 0.707292 0.726846 0.707292 0.728605 0.704167 0.728605 0.703125 0.730950 0.698958 0.730950 0.697917 0.733294 0.693750 0.733294 0.692708 0.734467 0.690625 0.735053 0.690625 0.736811 0.687500 0.737397 0.687500 0.737984 0.686458 0.737984 0.685417 0.738570 0.684375 0.738570 0.683333 0.739156 0.682292 0.739156 0.677083 0.739742 0.676042 0.739742 0.673958 0.740328 0.672917 0.740328 0.670833 0.741501 0.668750 0.741501 0.667708 0.742087 0.666667 0.742087 0.665625 0.743259 0.663542 0.743259 0.662500 0.743845 0.661458 0.743845 0.660417 0.744431 0.659375 0.744431 0.658333 0.745018 0.657292 0.745018 0.656250 0.746190 0.654167 0.746190 0.653125 0.747362 0.651042 0.747362 0.648958 0.747948 0.647917 0.747948 0.646875 0.748535 0.645833 0.748535 0.643750 0.749707 0.641667 0.749707 0.640625 0.750293 0.639583 0.750293 0.638542 0.750879 0.637500 0.750879 0.636458 0.751465 0.635417 0.751465 0.634375 0.752638 0.632292 0.752638 0.631250 0.754982 0.627083 0.754982 0.626042 0.755569 0.625000 0.755569 0.623958 0.757327 0.620833 0.757327 0.619792 0.758499 0.617708 0.758499 0.616667 0.759086 0.615625 0.759086 0.614583 0.761430 0.610417 0.761430 0.609375 0.762016 0.608333 0.762016 0.607292 0.762603 0.606250 0.762603 0.605208 0.763189 0.604167 0.763189 0.602083 0.763775 0.601042 0.763775 0.598958 0.764361 0.597917 0.764361 0.595833 0.764947 0.594792 0.764947 0.592708 0.765533 0.591667 0.765533 0.590625 0.766120 0.589583 0.766120 0.587500 0.766706 0.586458 0.766706 0.585417 0.767292 0.584375 0.767292 0.583333 0.767878 0.582292 0.767878 0.580208 0.770223 0.576042 0.770223 0.575000 0.770809 0.573958 0.770809 0.572917 0.771395 0.571875 0.771395 0.570833 0.771981 0.569792 0.771981 0.568750 0.772567 0.567708 0.772567 0.566667 0.773740 0.564583 0.773740 0.562500 0.774326 0.561458 0.774326 0.560417 0.774912 0.559375 0.774912 0.558333 0.775498 0.557292 0.775498 0.556250 0.776671 0.554167 0.776671 0.553125 0.777257 0.552083 0.777257 0.551042 0.777843 0.550000 0.777843 0.548958 0.778429 0.547917 0.778429 0.544792 0.779015 0.543750 0.779015 0.541667 0.779601 0.540625 0.779601 0.538542 0.780188 0.537500 0.780188 0.536458 0.780774 0.535417 0.780774 0.534375 0.781360 0.533333 0.781360 0.532292 0.781946 0.531250 0.781946 0.529167 0.783118 0.527083 0.783118 0.526042 0.783705 0.525000 0.783705 0.519792 0.784291 0.518750 0.784291 0.516667 0.784877 0.515625 0.784877 0.513542 0.785463 0.512500 0.785463 0.509375 0.786049 0.508333 0.786049 0.502083 0.786635 0.501042 0.786635 0.494792 0.787222 0.493750 0.787222 0.489583 0.787808 0.488542 0.787808 0.483333 0.788394 0.482292 0.788394 0.480208 0.788980 0.479167 0.788980 0.472917 0.789566 0.471875 0.789566 0.469792 0.790152 0.468750 0.790152 0.463542 0.790739 0.462500 0.790739 0.457292 0.791325 0.456250 0.791325 0.453125 0.791911 0.452083 0.791911 0.445833 0.791325 0.444792 0.791325 0.438542 0.790739 0.437500 0.790739 0.434375 0.790152 0.433333 0.790152 0.431250 0.789566 0.430208 0.789566 0.428125 0.788980 0.427083 0.788980 0.419792 0.788394 0.418750 0.788394 0.413542 0.788980 0.412500 0.788980 0.411458 0.789566 0.410417 0.789566 0.407292 0.791325 0.404167 0.791325 0.401042 0.791911 0.400000 0.791911 0.398958 0.793083 0.396875 0.793083 0.394792 0.793669 0.393750 0.793669 0.388542 0.794256 0.387500 0.794256 0.384375 0.794842 0.383333 0.794842 0.372917 0.794256 0.371875 0.794256 0.370833 0.793669 0.369792 0.793669 0.364583 0.794842 0.362500 0.794842 0.361458 0.796014 0.359375 0.796014 0.358333 0.797186 0.356250 0.797186 0.355208 0.798359 0.353125 0.798359 0.352083 0.801290 0.346875 0.801290 0.345833 0.804220 0.340625 0.804220 0.339583 0.807737 0.333333 0.807737 0.332292 0.809496 0.329167 0.809496 0.328125 0.810082 0.327083 0.810082 0.326042 0.811841 0.322917 0.811841 0.321875 0.813013 0.319792 0.813013 0.318750 0.813599 0.317708 0.813599 0.316667 0.814185 0.315625 0.814185 0.314583 0.814771 0.313542 0.814771 0.311458 0.815358 0.310417 0.815358 0.306250 0.815944 0.305208 0.815944 0.303125 0.816530 0.302083 0.816530 0.301042 0.817116 0.300000 0.817116 0.298958 0.817702 0.297917 0.817702 0.295833 0.818288 0.294792 0.818288 0.293750 0.818875 0.292708 0.818875 0.291667 0.819461 0.290625 0.819461 0.288542 0.820047 0.287500 0.820047 0.284375 0.820633 0.283333 0.820633 0.279167 0.821219 0.278125 0.821219 0.245833 0.820633 0.244792 0.820633 0.239583 0.820047 0.238542 0.820047 0.234375 0.819461 0.233333 0.819461 0.231250 0.818875 0.230208 0.818875 0.228125 0.818288 0.227083 0.818288 0.225000 0.817702 0.223958 0.817702 0.222917 0.817116 0.221875 0.817116 0.219792 0.816530 0.218750 0.816530 0.217708 0.815944 0.216667 0.815944 0.213542 0.815358 0.212500 0.815358 0.211458 0.814185 0.209375 0.814185 0.208333 0.813013 0.206250 0.813013 0.205208 0.810668 0.201042 0.810668 0.200000 0.810082 0.198958 0.809496 0.198958 0.808324 0.196875 0.808324 0.195833 0.798359 0.178125 0.797773 0.178125 0.796014 0.175000 0.795428 0.175000 0.793669 0.171875 0.793083 0.171875 0.791911 0.169792 0.791325 0.169792 0.790739 0.168750 0.790152 0.168750 0.789566 0.167708 0.788980 0.167708 0.787808 0.165625 0.787222 0.165625 0.786049 0.163542 0.784877 0.163542 0.784291 0.162500 0.783118 0.162500 0.782532 0.161458 0.781946 0.161458 0.781360 0.160417 0.780774 0.160417 0.780188 0.159375 0.779015 0.159375 0.778429 0.158333 0.777257 0.158333 0.776671 0.157292 0.775498 0.157292 0.774912 0.156250 0.773154 0.156250 0.772567 0.155208 0.771395 0.155208 0.770809 0.154167 0.769050 0.154167 0.768464 0.153125 0.766120 0.153125 0.765533 0.152083 0.762016 0.152083 0.761430 0.151042 0.754396 0.151042 0.753810 0.150000 0.746190 0.150000 0.745604 0.151042 0.740328 0.151042 0.739742 0.152083 0.736811 0.152083 0.736225 0.153125 0.731536 0.153125 0.730950 0.154167 0.720985 0.154167 0.720399 0.153125 0.718640 0.153125 0.718054 0.152083 0.716882 0.152083 0.716295 0.151042 0.711020 0.151042 0.710434 0.150000 0.706917 0.150000 0.706331 0.148958
1 0.681712 0.160417 0.679953 0.163542 0.678781 0.163542 0.678195 0.164583 0.677608 0.164583 0.677608 0.166667 0.677022 0.167708 0.675264 0.167708 0.675264 0.170833 0.676436 0.170833 0.677022 0.171875 0.677608 0.171875 0.678195 0.172917 0.678195 0.173958 0.678781 0.175000 0.678195 0.176042 0.678195 0.177083 0.677608 0.178125 0.678195 0.179167 0.682298 0.179167 0.682884 0.178125 0.682298 0.177083 0.682298 0.176042 0.681712 0.175000 0.681712 0.170833 0.682298 0.169792 0.682298 0.168750 0.682884 0.167708 0.683470 0.167708 0.683470 0.166667 0.684056 0.165625 0.684056 0.163542 0.683470 0.162500 0.683470 0.161458 0.682884 0.160417
1 0.745604 0.150000 0.745018 0.151042 0.740914 0.151042 0.740328 0.152083 0.737397 0.152083 0.736811 0.153125 0.732122 0.153125 0.731536 0.154167 0.726260 0.154167 0.725674 0.155208 0.720399 0.155208 0.719812 0.156250 0.717468 0.156250 0.716882 0.157292 0.716295 0.157292 0.715709 0.158333 0.715123 0.158333 0.714537 0.159375 0.713365 0.159375 0.712778 0.160417 0.711606 0.160417 0.711020 0.161458 0.710434 0.161458 0.709848 0.162500 0.709261 0.162500 0.708675 0.163542 0.708089 0.163542 0.707503 0.164583 0.706917 0.164583 0.706331 0.165625 0.699883 0.165625 0.699297 0.164583 0.698124 0.164583 0.697538 0.165625 0.695193 0.165625 0.694607 0.164583 0.692263 0.164583 0.690504 0.167708 0.691090 0.167708 0.691676 0.168750 0.696366 0.168750 0.696952 0.169792 0.696952 0.171875 0.694607 0.176042 0.694021 0.176042 0.692263 0.179167 0.690504 0.179167 0.689918 0.180208 0.689918 0.182292 0.689332 0.183333 0.689332 0.184375 0.688159 0.186458 0.687573 0.186458 0.686987 0.187500 0.686987 0.188542 0.686401 0.189583 0.685815 0.189583 0.683470 0.193750 0.683470 0.194792 0.681712 0.197917 0.681712 0.198958 0.680539 0.201042 0.680539 0.202083 0.679953 0.203125 0.679953 0.204167 0.679367 0.205208 0.679367 0.206250 0.677022 0.210417 0.677022 0.211458 0.676436 0.212500 0.676436 0.214583 0.675850 0.215625 0.675850 0.216667 0.673505 0.220833 0.673505 0.221875 0.672919 0.222917 0.672919 0.223958 0.672333 0.225000 0.672333 0.227083 0.669988 0.231250 0.669988 0.233333 0.669402 0.234375 0.669402 0.236458 0.668816 0.237500 0.668816 0.239583 0.668230 0.240625 0.668230 0.242708 0.667644 0.243750 0.667644 0.244792 0.667057 0.245833 0.667057 0.246875 0.664127 0.252083 0.664127 0.253125 0.663540 0.254167 0.662954 0.254167 0.661196 0.257292 0.661196 0.258333 0.660023 0.260417 0.658851 0.260417 0.658265 0.261458 0.657093 0.261458 0.657093 0.262500 0.656506 0.263542 0.656506 0.264583 0.654748 0.267708 0.654748 0.268750 0.654162 0.269792 0.654162 0.271875 0.653576 0.272917 0.653576 0.277083 0.652989 0.278125 0.652989 0.283333 0.652403 0.284375 0.652403 0.285417 0.650645 0.288542 0.650645 0.289583 0.647128 0.295833 0.646542 0.295833 0.644783 0.298958 0.644197 0.298958 0.643025 0.301042 0.642438 0.301042 0.641852 0.302083 0.641266 0.302083 0.639508 0.305208 0.639508 0.306250 0.638335 0.308333 0.637749 0.308333 0.637163 0.309375 0.636577 0.309375 0.634232 0.313542 0.633646 0.313542 0.633646 0.314583 0.633060 0.315625 0.633060 0.316667 0.632474 0.317708 0.632474 0.318750 0.631887 0.319792 0.631887 0.322917 0.631301 0.323958 0.631301 0.328125 0.630129 0.330208 0.630129 0.339583 0.630715 0.340625 0.630715 0.341667 0.631301 0.342708 0.631301 0.346875 0.631887 0.347917 0.631887 0.352083 0.632474 0.353125 0.632474 0.359375 0.633060 0.360417 0.633060 0.363542 0.633646 0.364583 0.633646 0.366667 0.634232 0.367708 0.634232 0.368750 0.634818 0.369792 0.634818 0.371875 0.635404 0.372917 0.635404 0.375000 0.635991 0.376042 0.635991 0.377083 0.636577 0.378125 0.636577 0.380208 0.637163 0.381250 0.637163 0.382292 0.638335 0.384375 0.638335 0.385417 0.639508 0.387500 0.639508 0.388542 0.640094 0.389583 0.640094 0.390625 0.641852 0.393750 0.641852 0.394792 0.642438 0.395833 0.642438 0.396875 0.643025 0.397917 0.643025 0.400000 0.643611 0.401042 0.643611 0.402083 0.644197 0.403125 0.644197 0.404167 0.644783 0.405208 0.644783 0.406250 0.645955 0.408333 0.645955 0.409375 0.647128 0.411458 0.647128 0.412500 0.650645 0.418750 0.650645 0.420833 0.651231 0.421875 0.651817 0.421875 0.652989 0.423958 0.652989 0.425000 0.654748 0.428125 0.655334 0.428125 0.657093 0.431250 0.657093 0.432292 0.657679 0.433333 0.657679 0.434375 0.662368 0.442708 0.662954 0.442708 0.665299 0.446875 0.665885 0.446875 0.666471 0.447917 0.666471 0.448958 0.667057 0.448958 0.668816 0.452083 0.669402 0.452083 0.669988 0.453125 0.670574 0.453125 0.671747 0.455208 0.672333 0.455208 0.672919 0.456250 0.673505 0.456250 0.675264 0.459375 0.676436 0.459375 0.678781 0.463542 0.679367 0.463542 0.679953 0.464583 0.680539 0.464583 0.681712 0.466667 0.682298 0.466667 0.682884 0.467708 0.684056 0.467708 0.685229 0.469792 0.686401 0.469792 0.686987 0.470833 0.687573 0.470833 0.688746 0.472917 0.689918 0.472917 0.690504 0.473958 0.691676 0.473958 0.692263 0.475000 0.693435 0.475000 0.694021 0.476042 0.694607 0.476042 0.695193 0.477083 0.695780 0.477083 0.696366 0.478125 0.697538 0.478125 0.698124 0.479167 0.698710 0.479167 0.699297 0.480208 0.700469 0.480208 0.701055 0.481250 0.702227 0.481250 0.702814 0.482292 0.703986 0.482292 0.704572 0.483333 0.705158 0.483333 0.705744 0.484375 0.708675 0.484375 0.709261 0.485417 0.716882 0.485417 0.717468 0.486458 0.720985 0.486458 0.721571 0.487500 0.730363 0.487500 0.730950 0.486458 0.732122 0.486458 0.732708 0.485417 0.733880 0.485417 0.734467 0.484375 0.736225 0.484375 0.736811 0.483333 0.737984 0.483333 0.739156 0.481250 0.740914 0.481250 0.742087 0.479167 0.742087 0.478125 0.744431 0.473958 0.744431 0.470833 0.745018 0.469792 0.745018 0.463542 0.745604 0.462500 0.745604 0.458333 0.746190 0.457292 0.746190 0.453125 0.746776 0.452083 0.746776 0.448958 0.747362 0.447917 0.747362 0.446875 0.747948 0.445833 0.747948 0.434375 0.750293 0.430208 0.750879 0.430208 0.751465 0.429167 0.752052 0.429167 0.753810 0.426042 0.754396 0.426042 0.755569 0.423958 0.756155 0.423958 0.757327 0.421875 0.757913 0.421875 0.759086 0.419792 0.759672 0.419792 0.760844 0.417708 0.761430 0.417708 0.763189 0.414583 0.763775 0.414583 0.765533 0.411458 0.766120 0.411458 0.767878 0.408333 0.767878 0.407292 0.768464 0.406250 0.769050 0.406250 0.769637 0.405208 0.769637 0.404167 0.772567 0.398958 0.773154 0.398958 0.773740 0.397917 0.773740 0.396875 0.779015 0.387500 0.779601 0.387500 0.780188 0.386458 0.780774 0.386458 0.781360 0.385417 0.781360 0.383333 0.783118 0.380208 0.783705 0.380208 0.784291 0.379167 0.784877 0.379167 0.785463 0.378125 0.786049 0.378125 0.786635 0.377083 0.787808 0.377083 0.788394 0.376042 0.788394 0.375000 0.788980 0.373958 0.788980 0.371875 0.790739 0.368750 0.791325 0.368750 0.792497 0.366667 0.792497 0.365625 0.795428 0.360417 0.795428 0.359375 0.796600 0.357292 0.796600 0.356250 0.797773 0.354167 0.797773 0.353125 0.801876 0.345833 0.801876 0.344792 0.804220 0.340625 0.804220 0.339583 0.807737 0.333333 0.807737 0.332292 0.808910 0.330208 0.808910 0.329167 0.810082 0.327083 0.810082 0.326042 0.810668 0.325000 0.810668 0.323958 0.812427 0.320833 0.812427 0.319792 0.813013 0.318750 0.813013 0.317708 0.814185 0.315625 0.814185 0.314583 0.814771 0.313542 0.814771 0.309375 0.815358 0.308333 0.815358 0.307292 0.815944 0.306250 0.815944 0.304167 0.816530 0.303125 0.816530 0.302083 0.817116 0.301042 0.817116 0.298958 0.817702 0.297917 0.817702 0.296875 0.818288 0.295833 0.818288 0.294792 0.818875 0.293750 0.818875 0.291667 0.819461 0.290625 0.819461 0.289583 0.820047 0.288542 0.820047 0.286458 0.820633 0.285417 0.820633 0.282292 0.821219 0.281250 0.821219 0.277083 0.821805 0.276042 0.821805 0.273958 0.821219 0.272917 0.821219 0.270833 0.821805 0.269792 0.821805 0.266667 0.821219 0.265625 0.821219 0.255208 0.821805 0.254167 0.821805 0.248958 0.821219 0.247917 0.821219 0.242708 0.820633 0.241667 0.820633 0.238542 0.820047 0.237500 0.820047 0.233333 0.819461 0.232292 0.819461 0.230208 0.818875 0.229167 0.818875 0.227083 0.818288 0.226042 0.818288 0.223958 0.817702 0.222917 0.817702 0.220833 0.817116 0.219792 0.817116 0.218750 0.816530 0.217708 0.816530 0.215625 0.815944 0.214583 0.815944 0.212500 0.814771 0.210417 0.814771 0.209375 0.811841 0.204167 0.811841 0.203125 0.810668 0.201042 0.810668 0.200000 0.804220 0.188542 0.804220 0.187500 0.800703 0.181250 0.800117 0.181250 0.798359 0.178125 0.797773 0.178125 0.795428 0.173958 0.794842 0.173958 0.793083 0.170833 0.792497 0.170833 0.791911 0.169792 0.791325 0.169792 0.790739 0.168750 0.790152 0.168750 0.789566 0.167708 0.788980 0.167708 0.788394 0.166667 0.787808 0.166667 0.786635 0.164583 0.786049 0.164583 0.785463 0.163542 0.784877 0.163542 0.784291 0.162500 0.783118 0.162500 0.782532 0.161458 0.781946 0.161458 0.781360 0.160417 0.780774 0.160417 0.780188 0.159375 0.779015 0.159375 0.778429 0.158333 0.777257 0.158333 0.776671 0.157292 0.775498 0.157292 0.774912 0.156250 0.773740 0.156250 0.773154 0.155208 0.771981 0.155208 0.771395 0.154167 0.769050 0.154167 0.768464 0.153125 0.766120 0.153125 0.765533 0.152083 0.762016 0.152083 0.761430 0.151042 0.756155 0.151042 0.755569 0.150000
2 0.564478 0.809375 0.563892 0.810417 0.556858 0.810417 0.556272 0.811458 0.553927 0.811458 0.553341 0.812500 0.552755 0.812500 0.552169 0.813542 0.552169 0.817708 0.552755 0.818750 0.552755 0.820833 0.553341 0.821875 0.553341 0.823958 0.553927 0.825000 0.553927 0.827083 0.555100 0.829167 0.555100 0.830208 0.555686 0.831250 0.555686 0.832292 0.556272 0.833333 0.556272 0.834375 0.559789 0.840625 0.559789 0.841667 0.560375 0.841667 0.560961 0.842708 0.561547 0.842708 0.562134 0.843750 0.563306 0.843750 0.563892 0.844792 0.570926 0.844792 0.571512 0.843750 0.571512 0.842708 0.572685 0.840625 0.572685 0.839583 0.573857 0.837500 0.573857 0.836458 0.574443 0.835417 0.574443 0.833333 0.575029 0.832292 0.575029 0.828125 0.574443 0.827083 0.574443 0.823958 0.571512 0.818750 0.571512 0.816667 0.570926 0.815625 0.570926 0.810417 0.570340 0.810417 0.569754 0.809375
2 0.018757 0.926042 0.018757 0.927083 0.018171 0.928125 0.018171 0.931250 0.017585 0.932292 0.017585 0.936458 0.016999 0.937500 0.016999 0.940625 0.016413 0.941667 0.016413 0.944792 0.015826 0.945833 0.015826 0.950000 0.015240 0.951042 0.015240 0.956250 0.014654 0.957292 0.014654 0.962500 0.014068 0.963542 0.014068 0.965625 0.013482 0.966667 0.013482 0.968750 0.012896 0.969792 0.012896 0.972917 0.012309 0.973958 0.012309 0.978125 0.011723 0.979167 0.011723 0.984375 0.012309 0.984375 0.012896 0.983333 0.014654 0.983333 0.015240 0.982292 0.015826 0.982292 0.016413 0.981250 0.016999 0.981250 0.018171 0.979167 0.018757 0.979167 0.024033 0.969792 0.024033 0.968750 0.025205 0.966667 0.025205 0.965625 0.025791 0.964583 0.025791 0.961458 0.026377 0.960417 0.026377 0.951042 0.025791 0.950000 0.025791 0.945833 0.025205 0.944792 0.025205 0.942708 0.024619 0.941667 0.024619 0.940625 0.024033 0.939583 0.024033 0.938542 0.023447 0.937500 0.023447 0.935417 0.022274 0.933333 0.022274 0.931250 0.019930 0.927083 0.019343 0.927083
2 0.490621 0.814583 0.490035 0.815625 0.483587 0.815625 0.483001 0.816667 0.469519 0.816667 0.468933 0.817708 0.464244 0.817708 0.463658 0.818750 0.460727 0.818750 0.460141 0.819792 0.457210 0.819792 0.456624 0.820833 0.455451 0.820833 0.454865 0.821875 0.454279 0.821875 0.452521 0.825000 0.452521 0.826042 0.451934 0.827083 0.451934 0.831250 0.451348 0.832292 0.451348 0.836458 0.450762 0.837500 0.450762 0.841667 0.451348 0.842708 0.451348 0.844792 0.451934 0.845833 0.451934 0.846875 0.453107 0.848958 0.454279 0.848958 0.454865 0.850000 0.455451 0.850000 0.456038 0.851042 0.457210 0.851042 0.457796 0.852083 0.460727 0.852083 0.461313 0.853125 0.478898 0.853125 0.479484 0.852083 0.481829 0.852083 0.482415 0.851042 0.484174 0.851042 0.484760 0.850000 0.485932 0.850000 0.486518 0.848958 0.487691 0.848958 0.488277 0.847917 0.488863 0.847917 0.489449 0.846875 0.490035 0.846875 0.490621 0.845833 0.491794 0.845833 0.492380 0.844792 0.492966 0.844792 0.494138 0.842708 0.494725 0.842708 0.498242 0.836458 0.498242 0.835417 0.498828 0.834375 0.498828 0.832292 0.499414 0.831250 0.499414 0.830208 0.500000 0.829167 0.500000 0.828125 0.500586 0.827083 0.500586 0.821875 0.501172 0.820833 0.501172 0.817708 0.499414 0.814583
2 0.477140 0.712500 0.476553 0.713542 0.475967 0.713542 0.475381 0.714583 0.474209 0.714583 0.473036 0.716667 0.472450 0.716667 0.472450 0.717708 0.471864 0.718750 0.471864 0.720833 0.471278 0.721875 0.471278 0.722917 0.470692 0.723958 0.470692 0.725000 0.470106 0.726042 0.470106 0.729167 0.469519 0.730208 0.469519 0.734375 0.468933 0.735417 0.468933 0.738542 0.468347 0.739583 0.468347 0.741667 0.467761 0.742708 0.467761 0.743750 0.467175 0.744792 0.467175 0.745833 0.466589 0.746875 0.466589 0.748958 0.466002 0.750000 0.466002 0.751042 0.465416 0.752083 0.465416 0.756250 0.466002 0.757292 0.466002 0.758333 0.466589 0.759375 0.467761 0.759375 0.468347 0.760417 0.474795 0.760417 0.475381 0.761458 0.481243 0.761458 0.481829 0.760417 0.511723 0.760417 0.512309 0.759375 0.514068 0.759375 0.514654 0.758333 0.515826 0.758333 0.516999 0.756250 0.516999 0.755208 0.518757 0.752083 0.518757 0.751042 0.519343 0.750000 0.519343 0.748958 0.519930 0.747917 0.519930 0.745833 0.520516 0.744792 0.520516 0.741667 0.521102 0.740625 0.521102 0.736458 0.521688 0.735417 0.521688 0.729167 0.521102 0.728125 0.521102 0.725000 0.520516 0.723958 0.520516 0.719792 0.519930 0.718750 0.519930 0.715625 0.519343 0.714583 0.519343 0.713542 0.518757 0.712500 0.518171 0.713542 0.517585 0.713542 0.515826 0.716667 0.515826 0.720833 0.515240 0.721875 0.513482 0.721875 0.512896 0.722917 0.502345 0.722917 0.501758 0.723958 0.498828 0.723958 0.495897 0.718750 0.495311 0.718750 0.494725 0.717708 0.494138 0.717708 0.493552 0.716667 0.492966 0.716667 0.492380 0.715625 0.491794 0.715625 0.491208 0.714583 0.490035 0.714583 0.489449 0.713542 0.488277 0.713542 0.487691 0.712500
2 0.600821 0.691667 0.600234 0.692708 0.598476 0.692708 0.597890 0.693750 0.597304 0.693750 0.596717 0.694792 0.593787 0.694792 0.593200 0.695833 0.590270 0.695833 0.589683 0.694792 0.588511 0.694792 0.586166 0.698958 0.586166 0.701042 0.585580 0.702083 0.585580 0.704167 0.584994 0.705208 0.584994 0.707292 0.584408 0.708333 0.584408 0.711458 0.583822 0.712500 0.583822 0.715625 0.583236 0.716667 0.583236 0.719792 0.582063 0.721875 0.582063 0.722917 0.581477 0.723958 0.581477 0.727083 0.580891 0.728125 0.580891 0.737500 0.580305 0.738542 0.580305 0.741667 0.579719 0.742708 0.579719 0.746875 0.579132 0.747917 0.579132 0.756250 0.580305 0.758333 0.587925 0.758333 0.588511 0.757292 0.589683 0.757292 0.590270 0.756250 0.590856 0.756250 0.592028 0.754167 0.592028 0.746875 0.592614 0.745833 0.592614 0.742708 0.593200 0.741667 0.593200 0.740625 0.593787 0.739583 0.593787 0.737500 0.594373 0.736458 0.594373 0.735417 0.594959 0.734375 0.594959 0.732292 0.595545 0.731250 0.595545 0.728125 0.596131 0.727083 0.596131 0.723958 0.596717 0.722917 0.596717 0.720833 0.597304 0.719792 0.597304 0.717708 0.597890 0.716667 0.597890 0.715625 0.599062 0.713542 0.599062 0.712500 0.599648 0.711458 0.599648 0.710417 0.600821 0.708333 0.600821 0.707292 0.601407 0.706250 0.601993 0.706250 0.601993 0.705208 0.603165 0.703125 0.603165 0.702083 0.604338 0.700000 0.604338 0.694792 0.603751 0.693750 0.603751 0.692708 0.603165 0.692708 0.602579 0.691667