0 0.744076 0.394404 0.743399 0.395307 0.742722 0.395307 0.741368 0.397112 0.741368 0.398014 0.740691 0.398917 0.740691 0.402527 0.740014 0.403430 0.740014 0.405235 0.738659 0.407040 0.738659 0.407942 0.737305 0.409747 0.737305 0.410650 0.735951 0.412455 0.735951 0.413357 0.735274 0.414260 0.735274 0.415162 0.734597 0.416065 0.734597 0.416968 0.733920 0.417870 0.733920 0.425090 0.733243 0.425993 0.733243 0.432310 0.733920 0.433213 0.733920 0.439531 0.734597 0.440433 0.734597 0.449458 0.733920 0.450361 0.733920 0.460289 0.734597 0.461191 0.734597 0.462996 0.735951 0.464801 0.738659 0.464801 0.739336 0.465704 0.744076 0.465704 0.745430 0.463899 0.745430 0.462094 0.746107 0.461191 0.746107 0.454874 0.746784 0.453971 0.746784 0.446751 0.747461 0.445848 0.747461 0.443141 0.748138 0.442238 0.748138 0.441336 0.748815 0.440433 0.748815 0.439531 0.750846 0.436823 0.751523 0.436823 0.753555 0.434116 0.753555 0.433213 0.754232 0.432310 0.754232 0.427798 0.754909 0.426895 0.754909 0.416968 0.754232 0.416065 0.754232 0.414260 0.753555 0.413357 0.753555 0.412455 0.752877 0.411552 0.752877 0.410650 0.752200 0.409747 0.752200 0.408845 0.750846 0.407040 0.750846 0.406137 0.750169 0.405235 0.750169 0.399819 0.749492 0.398917 0.749492 0.397112 0.748138 0.395307 0.746107 0.395307 0.745430 0.394404
0 0.968856 0.380866 0.968179 0.381769 0.966148 0.381769 0.965471 0.382671 0.964794 0.382671 0.964116 0.383574 0.963439 0.383574 0.962762 0.384477 0.962085 0.384477 0.959377 0.388087 0.959377 0.388989 0.958700 0.389892 0.958700 0.395307 0.959377 0.396209 0.959377 0.400722 0.958700 0.401625 0.958700 0.402527 0.956669 0.405235 0.955992 0.405235 0.955315 0.406137 0.954638 0.406137 0.953961 0.407040 0.953284 0.407040 0.951930 0.408845 0.951253 0.408845 0.949221 0.411552 0.948544 0.411552 0.943805 0.417870 0.943805 0.418773 0.942451 0.420578 0.942451 0.421480 0.941774 0.422383 0.941774 0.423285 0.940420 0.425090 0.940420 0.427798 0.939743 0.428700 0.939743 0.429603 0.939066 0.430505 0.939066 0.433213 0.938389 0.434116 0.938389 0.435018 0.937712 0.435921 0.937712 0.436823 0.936357 0.438628 0.936357 0.439531 0.934326 0.442238 0.934326 0.449458 0.935003 0.450361 0.935003 0.453971 0.935680 0.454874 0.935680 0.455776 0.936357 0.456679 0.937712 0.456679 0.938389 0.457581 0.939066 0.457581 0.939066 0.456679 0.941097 0.453971 0.941097 0.453069 0.942451 0.451264 0.945159 0.454874 0.945159 0.455776 0.946513 0.457581 0.946513 0.460289 0.947190 0.461191 0.947190 0.466606 0.947867 0.467509 0.947867 0.472924 0.948544 0.473827 0.948544 0.479242 0.949221 0.480144 0.949221 0.484657 0.949898 0.485560 0.949898 0.488267 0.950575 0.489170 0.950575 0.492780 0.951253 0.493682 0.951253 0.500000 0.951930 0.500903 0.951930 0.502708 0.951253 0.503610 0.951253 0.505415 0.951930 0.506318 0.951930 0.507220 0.952607 0.508123 0.953961 0.508123 0.954638 0.509025 0.963439 0.509025 0.964116 0.509928 0.964794 0.509928 0.965471 0.510830 0.966148 0.510830 0.966825 0.511733 0.970887 0.511733 0.971564 0.512635 0.973595 0.512635 0.974272 0.513538 0.981720 0.513538 0.983074 0.511733 0.983074 0.509928 0.982397 0.509025 0.982397 0.508123 0.981720 0.508123 0.977657 0.502708 0.977657 0.490072 0.978334 0.489170 0.978334 0.478339 0.979012 0.477437 0.979012 0.467509 0.979689 0.466606 0.979689 0.462094 0.980366 0.461191 0.980366 0.459386 0.981043 0.458484 0.981043 0.457581 0.982397 0.455776 0.983074 0.455776 0.983751 0.454874 0.985782 0.457581 0.986459 0.457581 0.987136 0.458484 0.987813 0.458484 0.989167 0.456679 0.989167 0.455776 0.989844 0.454874 0.989844 0.451264 0.990521 0.450361 0.990521 0.448556 0.991198 0.447653 0.991198 0.445848 0.991875 0.444946 0.991875 0.443141 0.992552 0.442238 0.992552 0.441336 0.991875 0.440433 0.991875 0.432310 0.991198 0.431408 0.991198 0.421480 0.990521 0.420578 0.990521 0.417870 0.989844 0.416968 0.989844 0.415162 0.989167 0.414260 0.989167 0.413357 0.985782 0.408845 0.985782 0.407942 0.985105 0.407040 0.984428 0.407040 0.983074 0.405235 0.982397 0.405235 0.981043 0.403430 0.980366 0.403430 0.978334 0.400722 0.978334 0.396209 0.979012 0.395307 0.979012 0.391697 0.979689 0.390794 0.979689 0.387184 0.979012 0.386282 0.979012 0.384477 0.976980 0.381769 0.975626 0.381769 0.974949 0.380866
0 0.041300 0.393502 0.040623 0.394404 0.039269 0.394404 0.038592 0.395307 0.036561 0.395307 0.035884 0.396209 0.035206 0.396209 0.032498 0.399819 0.032498 0.401625 0.031821 0.402527 0.031821 0.414260 0.032498 0.415162 0.032498 0.416065 0.035206 0.419675 0.035884 0.419675 0.037915 0.422383 0.037915 0.423285 0.039946 0.425993 0.040623 0.425993 0.041977 0.427798 0.042654 0.427798 0.043331 0.428700 0.044008 0.428700 0.044685 0.429603 0.046716 0.429603 0.048747 0.432310 0.049425 0.432310 0.051456 0.435018 0.051456 0.435921 0.050779 0.436823 0.050779 0.438628 0.050102 0.439531 0.050102 0.440433 0.048747 0.442238 0.048747 0.443141 0.048070 0.444043 0.048070 0.444946 0.047393 0.445848 0.047393 0.446751 0.046716 0.447653 0.046716 0.448556 0.046039 0.449458 0.046039 0.451264 0.045362 0.452166 0.045362 0.453069 0.044685 0.453971 0.044685 0.456679 0.044008 0.457581 0.044008 0.459386 0.043331 0.460289 0.043331 0.462094 0.042654 0.462996 0.042654 0.465704 0.041977 0.466606 0.041977 0.470217 0.041300 0.471119 0.041300 0.478339 0.041977 0.479242 0.041977 0.481949 0.042654 0.482852 0.042654 0.484657 0.043331 0.485560 0.043331 0.486462 0.044008 0.487365 0.044008 0.489170 0.044685 0.490072 0.044685 0.490975 0.045362 0.491877 0.045362 0.493682 0.046039 0.494585 0.046039 0.496390 0.046716 0.497292 0.046716 0.498195 0.047393 0.498195 0.050102 0.501805 0.050102 0.502708 0.051456 0.504513 0.051456 0.507220 0.052133 0.508123 0.052133 0.511733 0.052810 0.512635 0.052810 0.516245 0.053487 0.517148 0.053487 0.520758 0.054164 0.521661 0.054164 0.525271 0.054841 0.526173 0.054841 0.529783 0.055518 0.530686 0.055518 0.532491 0.056195 0.533394 0.056195 0.535199 0.056872 0.536101 0.056872 0.537906 0.057549 0.538809 0.057549 0.539711 0.058226 0.540614 0.058226 0.541516 0.058903 0.542419 0.058903 0.543321 0.059580 0.544224 0.059580 0.545126 0.060257 0.546029 0.060257 0.546931 0.061611 0.548736 0.061611 0.549639 0.062965 0.551444 0.062965 0.552347 0.063643 0.553249 0.063643 0.554152 0.064997 0.555957 0.064997 0.556859 0.065674 0.557762 0.065674 0.558664 0.066351 0.559567 0.066351 0.560469 0.067028 0.561372 0.067028 0.562274 0.068382 0.564079 0.068382 0.565884 0.069059 0.566787 0.069059 0.568592 0.069736 0.569495 0.069736 0.574910 0.069059 0.575812 0.069059 0.578520 0.068382 0.579422 0.068382 0.586643 0.067705 0.587545 0.067705 0.588448 0.067028 0.589350 0.066351 0.589350 0.065674 0.590253 0.064997 0.590253 0.064320 0.591155 0.063643 0.591155 0.062965 0.592058 0.061611 0.592058 0.060934 0.592960 0.060257 0.592960 0.059580 0.593863 0.058903 0.593863 0.058226 0.594765 0.058226 0.596570 0.057549 0.597473 0.057549 0.598375 0.058226 0.599278 0.058903 0.599278 0.059580 0.600181 0.062288 0.600181 0.062965 0.601083 0.067028 0.601083 0.067705 0.600181 0.070413 0.600181 0.071090 0.599278 0.072444 0.599278 0.073121 0.598375 0.074475 0.598375 0.075152 0.597473 0.075829 0.597473 0.076506 0.596570 0.077861 0.596570 0.078538 0.595668 0.082600 0.595668 0.083277 0.596570 0.083277 0.597473 0.084631 0.599278 0.087339 0.599278 0.088016 0.600181 0.088693 0.599278 0.092079 0.599278 0.092756 0.598375 0.094110 0.598375 0.094787 0.597473 0.095464 0.597473 0.096141 0.596570 0.096818 0.596570 0.097495 0.595668 0.098849 0.595668 0.100203 0.593863 0.100880 0.593863 0.101557 0.592960 0.102234 0.592960 0.103588 0.591155 0.103588 0.590253 0.104265 0.589350 0.104265 0.584838 0.103588 0.583935 0.103588 0.581227 0.102911 0.580325 0.102911 0.577617 0.102234 0.576715 0.102234 0.568592 0.101557 0.567690 0.101557 0.560469 0.100880 0.559567 0.100880 0.555957 0.100203 0.555054 0.100203 0.552347 0.099526 0.551444 0.099526 0.548736 0.098849 0.547834 0.098849 0.546029 0.098172 0.545126 0.098172 0.544224 0.097495 0.543321 0.097495 0.541516 0.096818 0.540614 0.096818 0.538809 0.096141 0.537906 0.096141 0.536101 0.095464 0.535199 0.095464 0.531588 0.094787 0.530686 0.094787 0.518953 0.094110 0.518051 0.094110 0.510830 0.094787 0.509928 0.094787 0.500903 0.094110 0.500000 0.094110 0.496390 0.093433 0.495487 0.093433 0.492780 0.092756 0.491877 0.092756 0.486462 0.092079 0.485560 0.092079 0.465704 0.091401 0.464801 0.091401 0.457581 0.090724 0.456679 0.090724 0.451264 0.090047 0.450361 0.090047 0.447653 0.089370 0.446751 0.089370 0.445848 0.088693 0.444946 0.088693 0.444043 0.088016 0.443141 0.088016 0.442238 0.087339 0.442238 0.083277 0.436823 0.082600 0.436823 0.080569 0.434116 0.079892 0.434116 0.078538 0.432310 0.077861 0.432310 0.077183 0.431408 0.076506 0.431408 0.075829 0.430505 0.075152 0.430505 0.074475 0.429603 0.073798 0.429603 0.072444 0.427798 0.071767 0.427798 0.071090 0.426895 0.070413 0.426895 0.066351 0.421480 0.066351 0.418773 0.065674 0.417870 0.065674 0.411552 0.064997 0.410650 0.064997 0.408845 0.064320 0.407942 0.064320 0.406137 0.062288 0.403430 0.062288 0.402527 0.060257 0.399819 0.059580 0.399819 0.057549 0.397112 0.056872 0.397112 0.056195 0.396209 0.055518 0.396209 0.054841 0.395307 0.053487 0.395307 0.052810 0.394404 0.050779 0.394404 0.050102 0.393502
0 0.593094 0.352888 0.592417 0.353791 0.590386 0.353791 0.589709 0.354693 0.587678 0.354693 0.587001 0.355596 0.586324 0.355596 0.585647 0.356498 0.584970 0.356498 0.583615 0.358303 0.582938 0.358303 0.580907 0.361011 0.580907 0.361913 0.580230 0.362816 0.580230 0.363718 0.579553 0.364621 0.579553 0.365523 0.578876 0.366426 0.578876 0.368231 0.578199 0.369134 0.578199 0.372744 0.577522 0.373646 0.577522 0.388087 0.578199 0.388989 0.578199 0.395307 0.577522 0.396209 0.577522 0.398014 0.576845 0.398917 0.576845 0.399819 0.575491 0.401625 0.575491 0.402527 0.571429 0.407942 0.570752 0.407942 0.567366 0.412455 0.566689 0.412455 0.561273 0.419675 0.561273 0.420578 0.559242 0.423285 0.559242 0.424188 0.558565 0.425090 0.558565 0.427798 0.557888 0.428700 0.557888 0.429603 0.556534 0.431408 0.556534 0.432310 0.555856 0.433213 0.555856 0.435018 0.555179 0.435921 0.555179 0.441336 0.554502 0.442238 0.554502 0.454874 0.553825 0.455776 0.553825 0.457581 0.554502 0.458484 0.554502 0.463899 0.555179 0.464801 0.555179 0.480144 0.555856 0.481047 0.555856 0.489170 0.555179 0.490072 0.555179 0.491877 0.554502 0.492780 0.554502 0.494585 0.553825 0.495487 0.553825 0.497292 0.553148 0.498195 0.553148 0.512635 0.553825 0.513538 0.553825 0.517148 0.554502 0.518051 0.554502 0.522563 0.555179 0.523466 0.555179 0.530686 0.555856 0.531588 0.555856 0.533394 0.557888 0.536101 0.558565 0.536101 0.559242 0.537004 0.559919 0.537004 0.560596 0.537906 0.561273 0.537906 0.562627 0.539711 0.563981 0.539711 0.564658 0.540614 0.565335 0.540614 0.566689 0.542419 0.566689 0.543321 0.567366 0.544224 0.567366 0.545126 0.568043 0.546029 0.568043 0.547834 0.568720 0.548736 0.568720 0.552347 0.569397 0.553249 0.569397 0.555957 0.570074 0.556859 0.570074 0.558664 0.570752 0.559567 0.570752 0.561372 0.571429 0.562274 0.571429 0.563177 0.572106 0.564079 0.572106 0.564982 0.572783 0.565884 0.572783 0.568592 0.573460 0.569495 0.573460 0.571300 0.574137 0.572202 0.574137 0.575812 0.574814 0.576715 0.574814 0.580325 0.574137 0.581227 0.574137 0.586643 0.573460 0.587545 0.573460 0.590253 0.572783 0.591155 0.572783 0.593863 0.572106 0.594765 0.572106 0.597473 0.571429 0.598375 0.571429 0.601083 0.570752 0.601986 0.570752 0.609206 0.570074 0.610108 0.570074 0.614621 0.569397 0.615523 0.569397 0.623646 0.568720 0.624549 0.568720 0.629964 0.568043 0.630866 0.568043 0.631769 0.567366 0.632671 0.567366 0.633574 0.566689 0.634477 0.566689 0.635379 0.566012 0.636282 0.566012 0.638087 0.565335 0.638989 0.565335 0.646209 0.566012 0.647112 0.566012 0.648014 0.567366 0.649819 0.568043 0.649819 0.568720 0.650722 0.570752 0.650722 0.571429 0.651625 0.580907 0.651625 0.581584 0.652527 0.582938 0.652527 0.585647 0.656137 0.585647 0.664260 0.586324 0.665162 0.586324 0.666065 0.587001 0.666968 0.587001 0.668773 0.587678 0.669675 0.587678 0.670578 0.588355 0.671480 0.588355 0.673285 0.589032 0.674188 0.589032 0.675090 0.589709 0.675993 0.589709 0.676895 0.590386 0.677798 0.590386 0.678700 0.591063 0.679603 0.591063 0.680505 0.593094 0.683213 0.593771 0.683213 0.595125 0.685018 0.596479 0.685018 0.597156 0.685921 0.604604 0.685921 0.605281 0.685018 0.606635 0.685018 0.607312 0.684116 0.607312 0.683213 0.607989 0.682310 0.607989 0.677798 0.607312 0.676895 0.607312 0.674188 0.606635 0.673285 0.606635 0.672383 0.605958 0.671480 0.605958 0.669675 0.605281 0.668773 0.605281 0.667870 0.604604 0.666968 0.604604 0.666065 0.602573 0.663357 0.602573 0.662455 0.601219 0.660650 0.601219 0.657942 0.600542 0.657040 0.600542 0.652527 0.599865 0.651625 0.599865 0.646209 0.599188 0.645307 0.599188 0.642599 0.598510 0.641697 0.598510 0.640794 0.597833 0.639892 0.597833 0.638989 0.597156 0.638087 0.597156 0.637184 0.596479 0.636282 0.596479 0.635379 0.595802 0.634477 0.595802 0.632671 0.595125 0.631769 0.595125 0.626354 0.594448 0.625451 0.594448 0.622744 0.593771 0.621841 0.593771 0.615523 0.593094 0.614621 0.593094 0.608303 0.592417 0.607401 0.592417 0.599278 0.593094 0.598375 0.593094 0.595668 0.593771 0.594765 0.593771 0.592960 0.594448 0.592058 0.594448 0.589350 0.595125 0.588448 0.595125 0.585740 0.595802 0.584838 0.595802 0.578520 0.596479 0.577617 0.596479 0.575812 0.597156 0.574910 0.597156 0.574007 0.597833 0.573105 0.597833 0.572202 0.598510 0.571300 0.598510 0.567690 0.599188 0.566787 0.599188 0.563177 0.599865 0.562274 0.599865 0.560469 0.600542 0.559567 0.600542 0.558664 0.601219 0.557762 0.601219 0.555054 0.601896 0.554152 0.601896 0.551444 0.602573 0.550542 0.602573 0.546029 0.603250 0.545126 0.603250 0.540614 0.603927 0.539711 0.603927 0.537004 0.604604 0.536101 0.604604 0.530686 0.605281 0.529783 0.605281 0.524368 0.605958 0.523466 0.605958 0.519856 0.606635 0.518953 0.606635 0.516245 0.607312 0.515343 0.607312 0.512635 0.607989 0.511733 0.607989 0.488267 0.608666 0.487365 0.608666 0.486462 0.609343 0.485560 0.610020 0.485560 0.610697 0.486462 0.616114 0.486462 0.616114 0.485560 0.617468 0.483755 0.617468 0.482852 0.618822 0.481047 0.618822 0.476534 0.618145 0.475632 0.618145 0.473827 0.616114 0.471119 0.615437 0.472022 0.614083 0.472022 0.613406 0.472924 0.612729 0.472924 0.612051 0.473827 0.610697 0.473827 0.609343 0.475632 0.607989 0.473827 0.607989 0.470217 0.607312 0.469314 0.607312 0.466606 0.606635 0.465704 0.606635 0.463899 0.605958 0.462996 0.605958 0.461191 0.605281 0.460289 0.605281 0.457581 0.604604 0.456679 0.604604 0.453971 0.603927 0.453069 0.603927 0.450361 0.603250 0.449458 0.603250 0.446751 0.602573 0.445848 0.602573 0.442238 0.601896 0.441336 0.601896 0.439531 0.601219 0.438628 0.601219 0.436823 0.600542 0.435921 0.600542 0.433213 0.599865 0.432310 0.599865 0.429603 0.599188 0.428700 0.599188 0.427798 0.597156 0.425090 0.597156 0.424188 0.596479 0.423285 0.596479 0.422383 0.595802 0.421480 0.595802 0.420578 0.594448 0.418773 0.594448 0.416065 0.595125 0.415162 0.595125 0.414260 0.596479 0.412455 0.597156 0.412455 0.597833 0.411552 0.598510 0.411552 0.603250 0.405235 0.603250 0.404332 0.603927 0.403430 0.603927 0.402527 0.604604 0.401625 0.604604 0.399819 0.605281 0.398917 0.605281 0.397112 0.605958 0.396209 0.605958 0.393502 0.606635 0.392599 0.606635 0.391697 0.607312 0.390794 0.607312 0.389892 0.612051 0.383574 0.612051 0.379964 0.611374 0.379061 0.611374 0.377256 0.610697 0.376354 0.610697 0.374549 0.610020 0.373646 0.610020 0.371841 0.609343 0.370939 0.609343 0.370036 0.607989 0.368231 0.607989 0.367329 0.607312 0.366426 0.607312 0.365523 0.606635 0.364621 0.606635 0.363718 0.603927 0.360108 0.603927 0.359206 0.602573 0.357401 0.601896 0.357401 0.599865 0.354693 0.599188 0.354693 0.598510 0.353791 0.596479 0.353791 0.595802 0.352888
0 0.601219 0.575812 0.601219 0.576715 0.600542 0.577617 0.600542 0.578520 0.599188 0.580325 0.598510 0.580325 0.598510 0.585740 0.599188 0.586643 0.599188 0.587545 0.600542 0.587545 0.601219 0.588448 0.605958 0.588448 0.608666 0.584838 0.608666 0.583032 0.607989 0.583032 0.607312 0.582130 0.607312 0.581227 0.606635 0.581227 0.605281 0.579422 0.604604 0.579422 0.601896 0.575812
0 0.553825 0.349278 0.553148 0.350181 0.551117 0.350181 0.550440 0.351083 0.549763 0.351083 0.549086 0.351986 0.548409 0.351986 0.547732 0.352888 0.547732 0.353791 0.546378 0.355596 0.546378 0.356498 0.545024 0.358303 0.545024 0.360108 0.544347 0.361011 0.544347 0.364621 0.543670 0.365523 0.543670 0.369134 0.544347 0.370036 0.544347 0.373646 0.545024 0.374549 0.545024 0.379964 0.542993 0.382671 0.542993 0.383574 0.542316 0.384477 0.541638 0.384477 0.540961 0.385379 0.540284 0.385379 0.539607 0.386282 0.537576 0.386282 0.536899 0.387184 0.536222 0.387184 0.535545 0.388087 0.534868 0.388087 0.533514 0.389892 0.532837 0.389892 0.532837 0.390794 0.530806 0.393502 0.530806 0.394404 0.529452 0.396209 0.529452 0.397112 0.528775 0.398014 0.528775 0.399819 0.528097 0.400722 0.528097 0.403430 0.527420 0.404332 0.527420 0.406137 0.526743 0.407040 0.526743 0.408845 0.526066 0.409747 0.526066 0.410650 0.525389 0.411552 0.525389 0.414260 0.524712 0.415162 0.524712 0.416968 0.524035 0.417870 0.524035 0.420578 0.523358 0.421480 0.523358 0.426895 0.522681 0.427798 0.522681 0.432310 0.523358 0.433213 0.523358 0.436823 0.524035 0.437726 0.524035 0.438628 0.526066 0.441336 0.527420 0.441336 0.528097 0.442238 0.529452 0.442238 0.531483 0.444946 0.531483 0.448556 0.530806 0.449458 0.530806 0.469314 0.531483 0.470217 0.531483 0.473827 0.532160 0.474729 0.532160 0.478339 0.532837 0.479242 0.532837 0.481949 0.533514 0.482852 0.533514 0.483755 0.534191 0.484657 0.534191 0.485560 0.534868 0.486462 0.534868 0.487365 0.535545 0.488267 0.535545 0.490072 0.536222 0.490975 0.536222 0.491877 0.536899 0.492780 0.536899 0.494585 0.537576 0.495487 0.537576 0.501805 0.538253 0.502708 0.538253 0.509928 0.538930 0.510830 0.538930 0.514440 0.539607 0.515343 0.539607 0.518953 0.540284 0.519856 0.540284 0.521661 0.540961 0.522563 0.540961 0.527076 0.541638 0.527978 0.541638 0.537004 0.542316 0.537906 0.542316 0.546029 0.542993 0.546931 0.542993 0.550542 0.543670 0.551444 0.543670 0.552347 0.544347 0.553249 0.544347 0.556859 0.545024 0.557762 0.545024 0.561372 0.545701 0.562274 0.545701 0.571300 0.546378 0.572202 0.546378 0.581227 0.545701 0.582130 0.545701 0.592058 0.546378 0.592960 0.546378 0.593863 0.549086 0.593863 0.549763 0.594765 0.550440 0.594765 0.551117 0.593863 0.553825 0.593863 0.555856 0.591155 0.555856 0.587545 0.556534 0.586643 0.556534 0.578520 0.557211 0.577617 0.557211 0.573105 0.557888 0.572202 0.557888 0.564079 0.557211 0.563177 0.557211 0.557762 0.556534 0.556859 0.556534 0.552347 0.555856 0.551444 0.555856 0.547834 0.555179 0.546931 0.555179 0.541516 0.554502 0.540614 0.554502 0.536101 0.553825 0.535199 0.553825 0.532491 0.553148 0.531588 0.553148 0.524368 0.552471 0.523466 0.552471 0.519856 0.551794 0.518953 0.551794 0.497292 0.552471 0.496390 0.552471 0.488267 0.553148 0.487365 0.553148 0.478339 0.552471 0.477437 0.552471 0.444946 0.553148 0.444043 0.553148 0.439531 0.553825 0.438628 0.553825 0.435018 0.554502 0.434116 0.554502 0.432310 0.555179 0.431408 0.555179 0.429603 0.555856 0.428700 0.555856 0.427798 0.557888 0.425090 0.557888 0.424188 0.558565 0.423285 0.558565 0.422383 0.564658 0.414260 0.564658 0.413357 0.566012 0.411552 0.566689 0.411552 0.570074 0.407040 0.570752 0.407040 0.572783 0.404332 0.572783 0.403430 0.574137 0.401625 0.574814 0.401625 0.574814 0.400722 0.575491 0.399819 0.575491 0.398917 0.576168 0.398014 0.576168 0.396209 0.576845 0.395307 0.576845 0.391697 0.576168 0.390794 0.576168 0.389892 0.575491 0.388989 0.574814 0.388989 0.574137 0.388087 0.573460 0.388087 0.572783 0.387184 0.572106 0.387184 0.571429 0.386282 0.570074 0.386282 0.569397 0.385379 0.568043 0.385379 0.567366 0.384477 0.566012 0.384477 0.565335 0.383574 0.565335 0.379964 0.566012 0.379061 0.566012 0.377256 0.566689 0.376354 0.566689 0.375451 0.567366 0.374549 0.567366 0.373646 0.568043 0.372744 0.568043 0.369134 0.567366 0.368231 0.567366 0.365523 0.566689 0.364621 0.566689 0.363718 0.566012 0.362816 0.566012 0.361913 0.565335 0.361011 0.565335 0.359206 0.564658 0.358303 0.564658 0.357401 0.563981 0.356498 0.563981 0.355596 0.561950 0.352888 0.561950 0.351986 0.561273 0.351986 0.560596 0.351083 0.559919 0.351083 0.559242 0.350181 0.557888 0.350181 0.557211 0.349278
1 0.595125 0.351986 0.594448 0.352888 0.591740 0.352888 0.591063 0.353791 0.589709 0.353791 0.589032 0.354693 0.587678 0.354693 0.587001 0.355596 0.586324 0.355596 0.585647 0.356498 0.584970 0.356498 0.584292 0.357401 0.583615 0.357401 0.579553 0.362816 0.579553 0.364621 0.578876 0.365523 0.578876 0.367329 0.578199 0.368231 0.578199 0.370036 0.577522 0.370939 0.577522 0.375451 0.576845 0.376354 0.576845 0.382671 0.577522 0.383574 0.577522 0.384477 0.581584 0.384477 0.582261 0.383574 0.584970 0.383574 0.585647 0.384477 0.597833 0.384477 0.598510 0.385379 0.602573 0.385379 0.603250 0.386282 0.604604 0.386282 0.605281 0.387184 0.610020 0.387184 0.610697 0.386282 0.611374 0.386282 0.612729 0.384477 0.612729 0.383574 0.613406 0.382671 0.612729 0.381769 0.612729 0.379061 0.612051 0.378159 0.612051 0.377256 0.611374 0.376354 0.611374 0.374549 0.610697 0.373646 0.610697 0.371841 0.609343 0.370036 0.609343 0.369134 0.607989 0.367329 0.607989 0.366426 0.607312 0.365523 0.607312 0.364621 0.606635 0.363718 0.606635 0.362816 0.601219 0.355596 0.600542 0.355596 0.599188 0.353791 0.597833 0.353791 0.597156 0.352888 0.595802 0.352888
1 0.553148 0.349278 0.552471 0.350181 0.551117 0.350181 0.550440 0.351083 0.549763 0.351083 0.549086 0.351986 0.548409 0.351986 0.546378 0.354693 0.546378 0.355596 0.545701 0.356498 0.545701 0.357401 0.545024 0.358303 0.545024 0.361011 0.544347 0.361913 0.544347 0.364621 0.543670 0.365523 0.543670 0.369134 0.544347 0.370036 0.544347 0.372744 0.545024 0.373646 0.545024 0.375451 0.545701 0.376354 0.545701 0.377256 0.546378 0.378159 0.546378 0.379061 0.547732 0.380866 0.548409 0.380866 0.549763 0.382671 0.551117 0.382671 0.551794 0.383574 0.560596 0.383574 0.561273 0.382671 0.562627 0.382671 0.563304 0.381769 0.563981 0.381769 0.565335 0.379964 0.565335 0.378159 0.566012 0.377256 0.566012 0.376354 0.566689 0.375451 0.566689 0.374549 0.567366 0.373646 0.567366 0.370939 0.568043 0.370036 0.568043 0.368231 0.567366 0.367329 0.567366 0.365523 0.566689 0.364621 0.566689 0.363718 0.566012 0.362816 0.566012 0.361011 0.565335 0.360108 0.565335 0.359206 0.564658 0.358303 0.564658 0.357401 0.563981 0.356498 0.563981 0.355596 0.562627 0.353791 0.562627 0.352888 0.561950 0.351986 0.561273 0.351986 0.559919 0.350181 0.558565 0.350181 0.557888 0.349278
1 0.744076 0.394404 0.743399 0.395307 0.742722 0.395307 0.741368 0.397112 0.741368 0.398917 0.740691 0.399819 0.740691 0.400722 0.741368 0.401625 0.741368 0.402527 0.742045 0.403430 0.742722 0.403430 0.743399 0.404332 0.748815 0.404332 0.749492 0.403430 0.749492 0.402527 0.750169 0.401625 0.750169 0.398917 0.749492 0.398014 0.749492 0.397112 0.748138 0.395307 0.747461 0.395307 0.746784 0.394404
1 0.039946 0.393502 0.039269 0.394404 0.037915 0.394404 0.037238 0.395307 0.035884 0.395307 0.034529 0.397112 0.033852 0.397112 0.033175 0.398014 0.033175 0.398917 0.032498 0.399819 0.032498 0.400722 0.031821 0.401625 0.031821 0.415162 0.033175 0.416968 0.033852 0.416968 0.034529 0.417870 0.036561 0.417870 0.037238 0.416968 0.037915 0.416968 0.038592 0.416065 0.039946 0.416065 0.040623 0.415162 0.041977 0.415162 0.042654 0.414260 0.044008 0.414260 0.044685 0.413357 0.048747 0.413357 0.049425 0.412455 0.056195 0.412455 0.056872 0.411552 0.064320 0.411552 0.064997 0.410650 0.064997 0.407040 0.063643 0.405235 0.063643 0.404332 0.059580 0.398917 0.058903 0.398917 0.056872 0.396209 0.055518 0.396209 0.054841 0.395307 0.054164 0.395307 0.053487 0.394404 0.052133 0.394404 0.051456 0.393502
1 0.675017 0.398917 0.674340 0.399819 0.671632 0.399819 0.671632 0.400722 0.670955 0.401625 0.670955 0.403430 0.670278 0.404332 0.670278 0.407942 0.670955 0.408845 0.670955 0.409747 0.671632 0.409747 0.672309 0.410650 0.675017 0.410650 0.677048 0.407942 0.677048 0.402527 0.676371 0.401625 0.676371 0.400722
1 0.968179 0.380866 0.967502 0.381769 0.966148 0.381769 0.965471 0.382671 0.964794 0.382671 0.964116 0.383574 0.963439 0.383574 0.962762 0.384477 0.962085 0.384477 0.959377 0.388087 0.959377 0.388989 0.958700 0.389892 0.958700 0.391697 0.959377 0.392599 0.959377 0.393502 0.961408 0.393502 0.962085 0.394404 0.968179 0.394404 0.968856 0.393502 0.978334 0.393502 0.979689 0.391697 0.979689 0.385379 0.979012 0.384477 0.979012 0.383574 0.977657 0.381769 0.976980 0.381769 0.976303 0.380866
2 0.598510 0.572202 0.597156 0.574007 0.597156 0.574910 0.596479 0.575812 0.596479 0.577617 0.595802 0.578520 0.595802 0.582130 0.595125 0.583032 0.595125 0.584838 0.595802 0.585740 0.595802 0.587545 0.596479 0.588448 0.596479 0.589350 0.597156 0.589350 0.597833 0.590253 0.599865 0.590253 0.600542 0.591155 0.605958 0.591155 0.606635 0.590253 0.607312 0.590253 0.607989 0.589350 0.608666 0.589350 0.609343 0.588448 0.609343 0.587545 0.610020 0.586643 0.610020 0.583935 0.609343 0.583032 0.609343 0.581227 0.608666 0.581227 0.606635 0.578520 0.605958 0.578520 0.604604 0.576715 0.603927 0.576715 0.601896 0.574007 0.601219 0.574007 0.600542 0.573105 0.599865 0.573105 0.599188 0.572202
2 0.084631 0.583032 0.083954 0.583935 0.081246 0.583935 0.080569 0.584838 0.076506 0.584838 0.075829 0.585740 0.073121 0.585740 0.072444 0.586643 0.069736 0.586643 0.069059 0.587545 0.068382 0.587545 0.067028 0.589350 0.066351 0.589350 0.065674 0.590253 0.064997 0.590253 0.064320 0.591155 0.062965 0.591155 0.062288 0.592058 0.060934 0.592058 0.060257 0.592960 0.059580 0.592960 0.058903 0.593863 0.058226 0.593863 0.056872 0.595668 0.056872 0.597473 0.056195 0.598375 0.056872 0.599278 0.057549 0.599278 0.058226 0.600181 0.058903 0.600181 0.059580 0.601083 0.062288 0.601083 0.062965 0.601986 0.065674 0.601986 0.066351 0.601083 0.068382 0.601083 0.069059 0.600181 0.071090 0.600181 0.071767 0.599278 0.073121 0.599278 0.073798 0.598375 0.075152 0.598375 0.075829 0.597473 0.076506 0.597473 0.077183 0.596570 0.078538 0.596570 0.079215 0.595668 0.079892 0.595668 0.080569 0.594765 0.081923 0.594765 0.082600 0.593863 0.083277 0.593863 0.083954 0.592960 0.085308 0.592960 0.085985 0.592058 0.086662 0.592058 0.087339 0.591155 0.087339 0.590253 0.088693 0.588448 0.088693 0.587545 0.088016 0.586643 0.088016 0.584838 0.087339 0.584838 0.086662 0.583935 0.085308 0.583935
2 0.968856 0.500903 0.968179 0.501805 0.967502 0.501805 0.966148 0.503610 0.966148 0.505415 0.965471 0.506318 0.965471 0.509928 0.966148 0.510830 0.966148 0.511733 0.970210 0.511733 0.970887 0.512635 0.972918 0.512635 0.973595 0.513538 0.975626 0.513538 0.976303 0.514440 0.981720 0.514440 0.982397 0.513538 0.983074 0.513538 0.984428 0.511733 0.983751 0.510830 0.983751 0.509928 0.981720 0.507220 0.981043 0.507220 0.976980 0.501805 0.975626 0.501805 0.974949 0.500903
2 0.567366 0.632671 0.567366 0.633574 0.566012 0.635379 0.566012 0.637184 0.565335 0.638087 0.565335 0.639892 0.564658 0.640794 0.564658 0.646209 0.563981 0.647112 0.567366 0.651625 0.569397 0.651625 0.570074 0.652527 0.580230 0.652527 0.580907 0.653430 0.581584 0.652527 0.583615 0.652527 0.584970 0.650722 0.584970 0.649819 0.584292 0.648917 0.584292 0.647112 0.582261 0.644404 0.582261 0.643502 0.581584 0.642599 0.580907 0.642599 0.579553 0.640794 0.578876 0.640794 0.578199 0.639892 0.577522 0.639892 0.576845 0.638989 0.574137 0.638989 0.573460 0.638087 0.572783 0.638087 0.570752 0.635379 0.570074 0.635379 0.568720 0.633574 0.568043 0.633574
2 0.091401 0.584838 0.090724 0.585740 0.089370 0.585740 0.088693 0.586643 0.088693 0.587545 0.087339 0.589350 0.087339 0.592058 0.085308 0.594765 0.085308 0.595668 0.083277 0.598375 0.084631 0.600181 0.091401 0.600181 0.092079 0.599278 0.094110 0.599278 0.094787 0.598375 0.095464 0.598375 0.096141 0.597473 0.097495 0.597473 0.098172 0.596570 0.098849 0.596570 0.099526 0.595668 0.100203 0.595668 0.100880 0.594765 0.101557 0.594765 0.102234 0.593863 0.102911 0.593863 0.104942 0.591155 0.104942 0.588448 0.103588 0.586643 0.098172 0.586643 0.097495 0.585740 0.093433 0.585740 0.092756 0.584838
2 0.547732 0.574007 0.547055 0.574910 0.547055 0.576715 0.546378 0.577617 0.546378 0.581227 0.545701 0.582130 0.545701 0.585740 0.545024 0.586643 0.545024 0.592058 0.545701 0.592960 0.545701 0.593863 0.546378 0.594765 0.553148 0.594765 0.553825 0.593863 0.554502 0.593863 0.555856 0.592058 0.555856 0.590253 0.556534 0.589350 0.556534 0.579422 0.555856 0.578520 0.555856 0.576715 0.554502 0.574910 0.553825 0.574910 0.553148 0.574007
2 0.595125 0.650722 0.594448 0.651625 0.593094 0.651625 0.592417 0.652527 0.589032 0.652527 0.588355 0.653430 0.586324 0.653430 0.585647 0.654332 0.585647 0.664260 0.586324 0.665162 0.586324 0.666968 0.587001 0.667870 0.587001 0.668773 0.587678 0.669675 0.587678 0.671480 0.588355 0.672383 0.588355 0.674188 0.589032 0.675090 0.589032 0.675993 0.589709 0.676895 0.589709 0.678700 0.590386 0.679603 0.590386 0.680505 0.591740 0.682310 0.591740 0.683213 0.592417 0.683213 0.593094 0.684116 0.593771 0.684116 0.594448 0.685018 0.595125 0.685018 0.595802 0.685921 0.597833 0.685921 0.598510 0.686823 0.603927 0.686823 0.604604 0.685921 0.606635 0.685921 0.607989 0.684116 0.607989 0.683213 0.608666 0.682310 0.608666 0.679603 0.607989 0.678700 0.607989 0.675993 0.607312 0.675090 0.607312 0.674188 0.606635 0.673285 0.606635 0.672383 0.605958 0.671480 0.605958 0.669675 0.603927 0.666968 0.603927 0.666065 0.602573 0.664260 0.602573 0.663357 0.601896 0.662455 0.601896 0.661552 0.601219 0.660650 0.601219 0.657040 0.600542 0.656137 0.600542 0.654332 0.599865 0.653430 0.599865 0.651625 0.599188 0.650722
2 0.629655 0.731949 0.628978 0.732852 0.628301 0.732852 0.626947 0.734657 0.626269 0.734657 0.625592 0.733755 0.619499 0.733755 0.618822 0.734657 0.618145 0.734657 0.617468 0.735560 0.616114 0.735560 0.615437 0.736462 0.614760 0.736462 0.613406 0.738267 0.613406 0.739170 0.612729 0.740072 0.612729 0.742780 0.613406 0.743682 0.613406 0.744585 0.616114 0.748195 0.618145 0.748195 0.618822 0.749097 0.626947 0.749097 0.627624 0.750000 0.628301 0.750000 0.628978 0.750903 0.630332 0.750903 0.631009 0.751805 0.631686 0.751805 0.632363 0.752708 0.633040 0.752708 0.633717 0.753610 0.634394 0.753610 0.635748 0.755415 0.636425 0.755415 0.637102 0.756318 0.640487 0.756318 0.641165 0.755415 0.641842 0.755415 0.642519 0.754513 0.642519 0.753610 0.641842 0.752708 0.641842 0.750000 0.641165 0.749097 0.641165 0.746390 0.640487 0.745487 0.640487 0.740975 0.637102 0.736462 0.637102 0.733755 0.636425 0.732852 0.635071 0.732852 0.634394 0.731949
2 0.647258 0.726534 0.646581 0.727437 0.646581 0.728339 0.645904 0.729242 0.645904 0.735560 0.646581 0.736462 0.646581 0.739170 0.647258 0.740072 0.647258 0.740975 0.647935 0.741877 0.647935 0.742780 0.648612 0.743682 0.648612 0.744585 0.649289 0.745487 0.649289 0.747292 0.649966 0.748195 0.649966 0.750903 0.650643 0.751805 0.650643 0.754513 0.651320 0.755415 0.652674 0.755415 0.653351 0.756318 0.654028 0.756318 0.655383 0.754513 0.655383 0.751805 0.656060 0.750903 0.656060 0.750000 0.655383 0.749097 0.655383 0.742780 0.654705 0.741877 0.654705 0.739170 0.654028 0.738267 0.654028 0.737365 0.652674 0.735560 0.652674 0.734657 0.651997 0.733755 0.651997 0.732852
2 0.954638 0.501805 0.953961 0.502708 0.952607 0.502708 0.951930 0.503610 0.951253 0.503610 0.950575 0.504513 0.950575 0.508123 0.951253 0.508123 0.951930 0.509025 0.952607 0.509025 0.953284 0.509928 0.955992 0.509928 0.956669 0.510830 0.961408 0.510830 0.962762 0.509025 0.962762 0.508123 0.962085 0.507220 0.962085 0.505415 0.961408 0.504513 0.961408 0.503610 0.960054 0.501805