0 0.672331 0.537931 0.671800 0.539080 0.667021 0.539080 0.666490 0.540230 0.663834 0.540230 0.663303 0.541379 0.661179 0.541379 0.660648 0.542529 0.660117 0.542529 0.659586 0.543678 0.659055 0.543678 0.658524 0.544828 0.657993 0.544828 0.657461 0.545977 0.656930 0.545977 0.654275 0.551724 0.654275 0.552874 0.653744 0.554023 0.653744 0.555172 0.653213 0.556322 0.653213 0.557471 0.652682 0.558621 0.652682 0.559770 0.652151 0.560920 0.652151 0.565517 0.651620 0.566667 0.651620 0.575862 0.651089 0.577011 0.651089 0.579310 0.649495 0.582759 0.648433 0.582759 0.647902 0.583908 0.638343 0.583908 0.637812 0.585057 0.635688 0.585057 0.635157 0.586207 0.634095 0.586207 0.633563 0.587356 0.633032 0.587356 0.632501 0.588506 0.632501 0.590805 0.631970 0.591954 0.631970 0.593103 0.632501 0.594253 0.632501 0.595402 0.633032 0.596552 0.633032 0.597701 0.633563 0.598851 0.634095 0.598851 0.636219 0.603448 0.636750 0.603448 0.637812 0.605747 0.638343 0.605747 0.641529 0.612644 0.642061 0.612644 0.644185 0.617241 0.644716 0.617241 0.646309 0.620690 0.646840 0.620690 0.647371 0.621839 0.647902 0.621839 0.651620 0.629885 0.651620 0.631034 0.652151 0.632184 0.652151 0.643678 0.652682 0.644828 0.652682 0.645977 0.653213 0.647126 0.653213 0.649425 0.654275 0.651724 0.654275 0.652874 0.654806 0.654023 0.654806 0.658621 0.655337 0.659770 0.655337 0.660920 0.655868 0.662069 0.655868 0.663218 0.656399 0.664368 0.656399 0.665517 0.656930 0.666667 0.656930 0.667816 0.657993 0.670115 0.657993 0.671264 0.660648 0.677011 0.660648 0.678161 0.661179 0.678161 0.662241 0.680460 0.662772 0.680460 0.663834 0.682759 0.663834 0.683908 0.664365 0.685057 0.664365 0.686207 0.664896 0.687356 0.664896 0.688506 0.665959 0.690805 0.665959 0.694253 0.665428 0.695402 0.665428 0.696552 0.664896 0.697701 0.664896 0.698851 0.663303 0.702299 0.663303 0.703448 0.661179 0.708046 0.660648 0.706897 0.659586 0.706897 0.659055 0.705747 0.657993 0.705747 0.657461 0.704598 0.656930 0.704598 0.655337 0.701149 0.654806 0.701149 0.654275 0.700000 0.653744 0.700000 0.652151 0.696552 0.651089 0.696552 0.650027 0.694253 0.649495 0.694253 0.648433 0.691954 0.647371 0.691954 0.646840 0.690805 0.645778 0.690805 0.645247 0.689655 0.644716 0.689655 0.644185 0.688506 0.643123 0.688506 0.642592 0.687356 0.641529 0.687356 0.640998 0.686207 0.639405 0.686207 0.638874 0.685057 0.637281 0.685057 0.636750 0.683908 0.636219 0.683908 0.635688 0.682759 0.635157 0.682759 0.634626 0.681609 0.634095 0.681609 0.633563 0.680460 0.628253 0.680460 0.627722 0.681609 0.627191 0.681609 0.625597 0.685057 0.625597 0.688506 0.625066 0.689655 0.625066 0.690805 0.624535 0.691954 0.624535 0.693103 0.623473 0.695402 0.623473 0.696552 0.622942 0.697701 0.622942 0.702299 0.626660 0.702299 0.627722 0.700000 0.628784 0.700000 0.629315 0.698851 0.630908 0.698851 0.631439 0.700000 0.633032 0.700000 0.633563 0.701149 0.634626 0.701149 0.635157 0.702299 0.635688 0.702299 0.637812 0.706897 0.638343 0.706897 0.639405 0.709195 0.639936 0.709195 0.640467 0.710345 0.641529 0.710345 0.642592 0.712644 0.643123 0.712644 0.643654 0.713793 0.644716 0.713793 0.645247 0.714943 0.645778 0.714943 0.646309 0.716092 0.646840 0.716092 0.647371 0.717241 0.648433 0.717241 0.648964 0.718391 0.649495 0.718391 0.650027 0.719540 0.650558 0.719540 0.651089 0.720690 0.651620 0.720690 0.652151 0.721839 0.652682 0.721839 0.654806 0.726437 0.654806 0.737931 0.654275 0.739080 0.654275 0.747126 0.653744 0.748276 0.653744 0.750575 0.653213 0.751724 0.653213 0.756322 0.652682 0.757471 0.652682 0.759770 0.652151 0.760920 0.652151 0.762069 0.651620 0.763218 0.651620 0.765517 0.651089 0.766667 0.651089 0.771264 0.650558 0.772414 0.650558 0.774713 0.650027 0.775862 0.650027 0.781609 0.649495 0.782759 0.649495 0.786207 0.648964 0.787356 0.648964 0.788506 0.648433 0.789655 0.648433 0.790805 0.647371 0.793103 0.647371 0.794253 0.646840 0.795402 0.646840 0.797701 0.646309 0.798851 0.646309 0.800000 0.643654 0.805747 0.643654 0.806897 0.642061 0.810345 0.642061 0.811494 0.641529 0.812644 0.641529 0.813793 0.640998 0.814943 0.640998 0.817241 0.640467 0.818391 0.640467 0.820690 0.639936 0.821839 0.639936 0.824138 0.639405 0.825287 0.639405 0.826437 0.638874 0.827586 0.638874 0.829885 0.638343 0.831034 0.638874 0.832184 0.638874 0.834483 0.637812 0.836782 0.637812 0.837931 0.637281 0.839080 0.636750 0.839080 0.636219 0.840230 0.633563 0.840230 0.633032 0.839080 0.632501 0.839080 0.631439 0.836782 0.630908 0.836782 0.630377 0.835632 0.629846 0.835632 0.629315 0.834483 0.628784 0.834483 0.627191 0.831034 0.626129 0.831034 0.625597 0.829885 0.624535 0.829885 0.624004 0.828736 0.622942 0.828736 0.622411 0.827586 0.621880 0.827586 0.621349 0.826437 0.620818 0.826437 0.620287 0.825287 0.618694 0.825287 0.618163 0.826437 0.618163 0.831034 0.618694 0.832184 0.618694 0.835632 0.619225 0.836782 0.619225 0.837931 0.619756 0.839080 0.619756 0.841379 0.620287 0.842529 0.620287 0.845977 0.620818 0.847126 0.620818 0.852874 0.619225 0.856322 0.618163 0.856322 0.617631 0.857471 0.617100 0.857471 0.616569 0.858621 0.616038 0.858621 0.615507 0.859770 0.614445 0.859770 0.613914 0.860920 0.613383 0.860920 0.612852 0.862069 0.609665 0.862069 0.609134 0.863218 0.604886 0.863218 0.604355 0.864368 0.603293 0.864368 0.602762 0.865517 0.602230 0.865517 0.601699 0.866667 0.601168 0.866667 0.598513 0.872414 0.598513 0.873563 0.597451 0.875862 0.597451 0.877011 0.596920 0.878161 0.596920 0.879310 0.594796 0.883908 0.583643 0.883908 0.583112 0.885057 0.575146 0.885057 0.574615 0.886207 0.573022 0.886207 0.572491 0.887356 0.571429 0.887356 0.570898 0.888506 0.570366 0.888506 0.568773 0.891954 0.568773 0.893103 0.567711 0.895402 0.567711 0.896552 0.567180 0.897701 0.567180 0.900000 0.566649 0.901149 0.566649 0.906897 0.567180 0.908046 0.567180 0.910345 0.567711 0.911494 0.567711 0.913793 0.570898 0.920690 0.571429 0.920690 0.572491 0.922989 0.573022 0.922989 0.573553 0.924138 0.574084 0.924138 0.574615 0.925287 0.575146 0.925287 0.575677 0.926437 0.576739 0.926437 0.577270 0.927586 0.578332 0.927586 0.578864 0.928736 0.580457 0.928736 0.580988 0.929885 0.583112 0.929885 0.583643 0.931034 0.587892 0.931034 0.588423 0.932184 0.592140 0.932184 0.594264 0.936782 0.594264 0.937931 0.594796 0.939080 0.595327 0.939080 0.596920 0.942529 0.597451 0.942529 0.598513 0.944828 0.599044 0.944828 0.600106 0.947126 0.600637 0.947126 0.603824 0.954023 0.603824 0.955172 0.604355 0.956322 0.604355 0.957471 0.604886 0.958621 0.604886 0.960920 0.605417 0.962069 0.605417 0.964368 0.607010 0.967816 0.607541 0.967816 0.608603 0.970115 0.609665 0.970115 0.610196 0.971264 0.611259 0.971264 0.611790 0.972414 0.615507 0.972414 0.616038 0.971264 0.618163 0.971264 0.618694 0.970115 0.620818 0.970115 0.621349 0.971264 0.625066 0.971264 0.625597 0.972414 0.630908 0.972414 0.631439 0.973563 0.633032 0.973563 0.633563 0.974713 0.637281 0.974713 0.637812 0.975862 0.639405 0.975862 0.639936 0.977011 0.640998 0.977011 0.641529 0.978161 0.644716 0.978161 0.645247 0.979310 0.647902 0.979310 0.648433 0.980460 0.650558 0.980460 0.651089 0.981609 0.654806 0.981609 0.655337 0.982759 0.657993 0.982759 0.658524 0.983908 0.660117 0.983908 0.660648 0.985057 0.663303 0.985057 0.663834 0.986207 0.672862 0.986207 0.673394 0.987356 0.679235 0.987356 0.679766 0.986207 0.693043 0.986207 0.693574 0.985057 0.698354 0.985057 0.698885 0.983908 0.704195 0.983908 0.704727 0.982759 0.707382 0.982759 0.707913 0.981609 0.710568 0.981609 0.711099 0.980460 0.714286 0.980460 0.714817 0.979310 0.716941 0.979310 0.717472 0.978161 0.719596 0.978161 0.720127 0.977011 0.721721 0.977011 0.722252 0.975862 0.723314 0.975862 0.723845 0.974713 0.724376 0.974713 0.724907 0.973563 0.725969 0.973563 0.726500 0.972414 0.727031 0.972414 0.727562 0.971264 0.728093 0.971264 0.728625 0.970115 0.730218 0.970115 0.730749 0.968966 0.731280 0.968966 0.732342 0.966667 0.733404 0.966667 0.734997 0.963218 0.734997 0.962069 0.736059 0.959770 0.736059 0.958621 0.737122 0.956322 0.737122 0.955172 0.737653 0.954023 0.737653 0.951724 0.738184 0.950575 0.738184 0.948276 0.738715 0.947126 0.738715 0.941379 0.739246 0.940230 0.739246 0.937931 0.739777 0.936782 0.739777 0.931034 0.740308 0.929885 0.740308 0.925287 0.740839 0.924138 0.740839 0.922989 0.741901 0.920690 0.741901 0.919540 0.742432 0.918391 0.742432 0.917241 0.742963 0.916092 0.742963 0.911494 0.743494 0.910345 0.743494 0.904598 0.744025 0.903448 0.744025 0.897701 0.744557 0.896552 0.744557 0.883908 0.744025 0.882759 0.744025 0.870115 0.743494 0.868966 0.743494 0.859770 0.742963 0.858621 0.742963 0.855172 0.742432 0.854023 0.742432 0.848276 0.741901 0.847126 0.741901 0.842529 0.742432 0.841379 0.742432 0.812644 0.741901 0.811494 0.741901 0.790805 0.742432 0.789655 0.742432 0.787356 0.741901 0.786207 0.741901 0.778161 0.741370 0.777011 0.741370 0.767816 0.740839 0.766667 0.740839 0.759770 0.740308 0.758621 0.740308 0.756322 0.739777 0.755172 0.739777 0.754023 0.739246 0.752874 0.739246 0.751724 0.738715 0.750575 0.738715 0.749425 0.738184 0.748276 0.738184 0.745977 0.737653 0.744828 0.737653 0.743678 0.737122 0.742529 0.737122 0.740230 0.736591 0.739080 0.736591 0.736782 0.736059 0.735632 0.736059 0.733333 0.735528 0.732184 0.735528 0.731034 0.734997 0.729885 0.734997 0.728736 0.734466 0.727586 0.734466 0.726437 0.733935 0.725287 0.733935 0.722989 0.733404 0.721839 0.733404 0.719540 0.732873 0.718391 0.732873 0.717241 0.732342 0.716092 0.732342 0.713793 0.731811 0.712644 0.731811 0.711494 0.731280 0.710345 0.731280 0.709195 0.730749 0.708046 0.730749 0.706897 0.728093 0.701149 0.728093 0.700000 0.727562 0.698851 0.727562 0.697701 0.727031 0.696552 0.727031 0.673563 0.726500 0.672414 0.726500 0.670115 0.725969 0.668966 0.725969 0.667816 0.725438 0.666667 0.725438 0.665517 0.723314 0.660920 0.723314 0.659770 0.718534 0.649425 0.718003 0.649425 0.712693 0.637931 0.712693 0.636782 0.712161 0.635632 0.712161 0.634483 0.711630 0.633333 0.711630 0.632184 0.711099 0.631034 0.711099 0.628736 0.710568 0.627586 0.710568 0.625287 0.711099 0.624138 0.711099 0.622989 0.712161 0.620690 0.712161 0.619540 0.713224 0.617241 0.713224 0.616092 0.714817 0.612644 0.714817 0.611494 0.715348 0.610345 0.715348 0.608046 0.715879 0.606897 0.715879 0.597701 0.714817 0.595402 0.714286 0.595402 0.713755 0.594253 0.711099 0.594253 0.710568 0.593103 0.707382 0.593103 0.706851 0.591954 0.702602 0.591954 0.702071 0.590805 0.701009 0.590805 0.700478 0.589655 0.699947 0.589655 0.699416 0.588506 0.699416 0.581609 0.699947 0.580460 0.699947 0.575862 0.700478 0.574713 0.700478 0.564368 0.701009 0.563218 0.701009 0.554023 0.700478 0.552874 0.700478 0.551724 0.699947 0.550575 0.699947 0.549425 0.698354 0.545977 0.697823 0.545977 0.696760 0.543678 0.696229 0.543678 0.695698 0.542529 0.694636 0.542529 0.694105 0.541379 0.693043 0.541379 0.692512 0.540230 0.690388 0.540230 0.689857 0.539080 0.686139 0.539080 0.685608 0.537931
0 0.272438 0.928736 0.272438 0.931034 0.275624 0.931034 0.274562 0.931034 0.274031 0.929885 0.273500 0.929885 0.272969 0.928736
0 0.268720 0.924138 0.269251 0.925287 0.269782 0.924138
0 0.283590 0.898851 0.283059 0.900000 0.281997 0.900000 0.282528 0.900000 0.283059 0.901149 0.283590 0.901149 0.284121 0.902299 0.284652 0.902299 0.285183 0.903448 0.285183 0.906897 0.285714 0.908046 0.286245 0.908046 0.286776 0.906897 0.286776 0.903448 0.287307 0.902299 0.287307 0.900000 0.286776 0.898851
0 0.278810 0.889655 0.278810 0.891954 0.278279 0.893103 0.278810 0.893103 0.279341 0.894253 0.280935 0.890805 0.280404 0.889655
0 0.266596 0.545977 0.266065 0.547126 0.264472 0.547126 0.263941 0.548276 0.263409 0.548276 0.262878 0.549425 0.261816 0.549425 0.261285 0.550575 0.260754 0.550575 0.260223 0.551724 0.259692 0.551724 0.259161 0.552874 0.258630 0.552874 0.258099 0.554023 0.257568 0.554023 0.257037 0.555172 0.256506 0.555172 0.254381 0.559770 0.254381 0.560920 0.252257 0.565517 0.252257 0.566667 0.251195 0.568966 0.251195 0.571264 0.250664 0.572414 0.250664 0.575862 0.250133 0.577011 0.250133 0.579310 0.249602 0.580460 0.249602 0.588506 0.250133 0.589655 0.250133 0.594253 0.249602 0.595402 0.250133 0.596552 0.250133 0.598851 0.251195 0.601149 0.251195 0.603448 0.250664 0.604598 0.250664 0.612644 0.251195 0.613793 0.251195 0.617241 0.251726 0.618391 0.251726 0.620690 0.252257 0.621839 0.252257 0.624138 0.252788 0.625287 0.252788 0.626437 0.253319 0.626437 0.259161 0.639080 0.259161 0.640230 0.259692 0.641379 0.259692 0.647126 0.259161 0.648276 0.259161 0.650575 0.258630 0.651724 0.258630 0.652874 0.258099 0.654023 0.258099 0.655172 0.257568 0.656322 0.257568 0.657471 0.256506 0.659770 0.256506 0.660920 0.255975 0.662069 0.255975 0.663218 0.255443 0.664368 0.255443 0.665517 0.254912 0.666667 0.254912 0.667816 0.254381 0.668966 0.254381 0.672414 0.253850 0.673563 0.253850 0.678161 0.253319 0.679310 0.253319 0.681609 0.252788 0.682759 0.252788 0.685057 0.252257 0.686207 0.252257 0.689655 0.251726 0.690805 0.251726 0.694253 0.251195 0.695402 0.251195 0.698851 0.250664 0.700000 0.250664 0.702299 0.250133 0.703448 0.250133 0.705747 0.249602 0.706897 0.249602 0.709195 0.249071 0.710345 0.249071 0.713793 0.248540 0.714943 0.248540 0.718391 0.248008 0.719540 0.248008 0.720690 0.247477 0.721839 0.247477 0.724138 0.246946 0.725287 0.246946 0.727586 0.246415 0.728736 0.246415 0.731034 0.245884 0.732184 0.245884 0.735632 0.245353 0.736782 0.245353 0.742529 0.244822 0.743678 0.244822 0.751724 0.244291 0.752874 0.244291 0.755172 0.243760 0.756322 0.243760 0.760920 0.243229 0.762069 0.243229 0.765517 0.242698 0.766667 0.242698 0.770115 0.242167 0.771264 0.242167 0.777011 0.241636 0.778161 0.241636 0.779310 0.241105 0.780460 0.240574 0.780460 0.240042 0.781609 0.238449 0.781609 0.237918 0.782759 0.236856 0.782759 0.235794 0.785057 0.235263 0.785057 0.234732 0.786207 0.234201 0.786207 0.232608 0.789655 0.232608 0.790805 0.231545 0.793103 0.231545 0.794253 0.230483 0.796552 0.230483 0.798851 0.229952 0.800000 0.229952 0.801149 0.229421 0.802299 0.229421 0.808046 0.229952 0.809195 0.229952 0.816092 0.230483 0.817241 0.230483 0.819540 0.231014 0.820690 0.231014 0.821839 0.231545 0.822989 0.231545 0.824138 0.232076 0.825287 0.232076 0.827586 0.232608 0.828736 0.232608 0.829885 0.233139 0.831034 0.233139 0.832184 0.234201 0.834483 0.234201 0.836782 0.234732 0.837931 0.234732 0.839080 0.235263 0.840230 0.235263 0.841379 0.235794 0.842529 0.235794 0.843678 0.236325 0.844828 0.236325 0.845977 0.238980 0.851724 0.238980 0.852874 0.240042 0.855172 0.240042 0.856322 0.240574 0.857471 0.240574 0.858621 0.242167 0.862069 0.242167 0.863218 0.243229 0.865517 0.243229 0.866667 0.243760 0.867816 0.244291 0.867816 0.246946 0.873563 0.248008 0.873563 0.248540 0.874713 0.249071 0.874713 0.250133 0.877011 0.250664 0.877011 0.251195 0.878161 0.251726 0.878161 0.252257 0.879310 0.252788 0.879310 0.253850 0.881609 0.254381 0.881609 0.254912 0.882759 0.256506 0.882759 0.257037 0.883908 0.259692 0.883908 0.260223 0.882759 0.261816 0.882759 0.262347 0.881609 0.264472 0.881609 0.265003 0.880460 0.265534 0.880460 0.266065 0.879310 0.267127 0.879310 0.267658 0.878161 0.269782 0.878161 0.270313 0.877011 0.272969 0.877011 0.273500 0.875862 0.274562 0.875862 0.275093 0.874713 0.276155 0.874713 0.276686 0.873563 0.277217 0.873563 0.277748 0.872414 0.278810 0.872414 0.279341 0.871264 0.281997 0.871264 0.282528 0.870115 0.284121 0.870115 0.284652 0.868966 0.285183 0.868966 0.286245 0.866667 0.287839 0.870115 0.287839 0.873563 0.288370 0.874713 0.288370 0.879310 0.287839 0.880460 0.287839 0.882759 0.287307 0.883908 0.287307 0.886207 0.286776 0.887356 0.287307 0.888506 0.287307 0.891954 0.288370 0.894253 0.289963 0.894253 0.290494 0.895402 0.291025 0.895402 0.292087 0.897701 0.294211 0.897701 0.294742 0.898851 0.297929 0.898851 0.298460 0.900000 0.301115 0.900000 0.301646 0.901149 0.310674 0.901149 0.311206 0.900000 0.314923 0.900000 0.315454 0.898851 0.317578 0.898851 0.318109 0.897701 0.319703 0.897701 0.320234 0.896552 0.321296 0.896552 0.321827 0.895402 0.322358 0.895402 0.322889 0.894253 0.323951 0.894253 0.324482 0.893103 0.325013 0.893103 0.325544 0.891954 0.326606 0.891954 0.327138 0.890805 0.327669 0.890805 0.328200 0.889655 0.328731 0.889655 0.329793 0.887356 0.330324 0.887356 0.331386 0.885057 0.331917 0.885057 0.334041 0.880460 0.334572 0.880460 0.335635 0.878161 0.336166 0.878161 0.337228 0.875862 0.337759 0.875862 0.339352 0.872414 0.339883 0.872414 0.345194 0.860920 0.345194 0.859770 0.346787 0.856322 0.346787 0.855172 0.347849 0.852874 0.347849 0.851724 0.348380 0.850575 0.348380 0.849425 0.348911 0.848276 0.348911 0.847126 0.349973 0.844828 0.349973 0.843678 0.350505 0.842529 0.350505 0.841379 0.351567 0.839080 0.351567 0.837931 0.352098 0.836782 0.352098 0.834483 0.352629 0.833333 0.352629 0.829885 0.353160 0.828736 0.353160 0.805747 0.353691 0.804598 0.353691 0.801149 0.354222 0.800000 0.354222 0.797701 0.354753 0.796552 0.354753 0.783908 0.354222 0.782759 0.354222 0.779310 0.353691 0.778161 0.353691 0.775862 0.353160 0.774713 0.353160 0.772414 0.352629 0.771264 0.352629 0.758621 0.352098 0.757471 0.352098 0.751724 0.351567 0.750575 0.351567 0.747126 0.351036 0.745977 0.351036 0.744828 0.350505 0.743678 0.350505 0.742529 0.349973 0.741379 0.349973 0.740230 0.349442 0.739080 0.349442 0.737931 0.348911 0.736782 0.348911 0.734483 0.348380 0.733333 0.348380 0.728736 0.347849 0.727586 0.347849 0.720690 0.347318 0.719540 0.347318 0.718391 0.346787 0.717241 0.346787 0.716092 0.346256 0.714943 0.346256 0.713793 0.345725 0.712644 0.345725 0.711494 0.345194 0.710345 0.345194 0.709195 0.344663 0.708046 0.344663 0.706897 0.344132 0.705747 0.344132 0.702299 0.343601 0.701149 0.343601 0.697701 0.343070 0.696552 0.343070 0.694253 0.342539 0.693103 0.342539 0.690805 0.342007 0.689655 0.342007 0.687356 0.341476 0.686207 0.341476 0.682759 0.340945 0.681609 0.340945 0.675862 0.341476 0.674713 0.341476 0.673563 0.343070 0.670115 0.343601 0.670115 0.344132 0.668966 0.345194 0.668966 0.347318 0.664368 0.347318 0.663218 0.348911 0.659770 0.348911 0.658621 0.349442 0.657471 0.349442 0.656322 0.351036 0.652874 0.351036 0.651724 0.351567 0.650575 0.351567 0.649425 0.352098 0.648276 0.352098 0.640230 0.351567 0.639080 0.351567 0.637931 0.348911 0.632184 0.348380 0.632184 0.347318 0.629885 0.346787 0.629885 0.346256 0.628736 0.345725 0.628736 0.344663 0.626437 0.344132 0.626437 0.343601 0.625287 0.343070 0.625287 0.342539 0.624138 0.342007 0.624138 0.341476 0.622989 0.340945 0.622989 0.339883 0.620690 0.339352 0.620690 0.337759 0.617241 0.337228 0.617241 0.336166 0.614943 0.335635 0.614943 0.335104 0.613793 0.334572 0.613793 0.334041 0.612644 0.332979 0.612644 0.332448 0.611494 0.331917 0.611494 0.331386 0.610345 0.328731 0.610345 0.328200 0.609195 0.326075 0.609195 0.325544 0.608046 0.323420 0.608046 0.322889 0.606897 0.319703 0.606897 0.319172 0.605747 0.315985 0.605747 0.315454 0.604598 0.310143 0.604598 0.309612 0.603448 0.306957 0.603448 0.305895 0.601149 0.305364 0.601149 0.299522 0.588506 0.298991 0.588506 0.298460 0.587356 0.297929 0.587356 0.296867 0.585057 0.296336 0.585057 0.293680 0.579310 0.293680 0.578161 0.293149 0.577011 0.293149 0.574713 0.292618 0.573563 0.292618 0.570115 0.292087 0.568966 0.292087 0.566667 0.291556 0.565517 0.291556 0.564368 0.289432 0.559770 0.288901 0.559770 0.287307 0.556322 0.286776 0.556322 0.286245 0.555172 0.285183 0.555172 0.284652 0.554023 0.284121 0.554023 0.283590 0.552874 0.282528 0.552874 0.281997 0.551724 0.281466 0.551724 0.280935 0.550575 0.279873 0.550575 0.279341 0.549425 0.278279 0.549425 0.277748 0.548276 0.276155 0.548276 0.275624 0.547126 0.274031 0.547126 0.273500 0.545977
0 0.671269 0.342529 0.670738 0.343678 0.670207 0.343678 0.669676 0.344828 0.669145 0.344828 0.668614 0.345977 0.668083 0.345977 0.667552 0.347126 0.667021 0.347126 0.666490 0.348276 0.665959 0.348276 0.665428 0.349425 0.664365 0.349425 0.663834 0.350575 0.662772 0.350575 0.662241 0.351724 0.661179 0.351724 0.658524 0.357471 0.657993 0.357471 0.656399 0.360920 0.655868 0.360920 0.655337 0.362069 0.654806 0.362069 0.654275 0.363218 0.653744 0.363218 0.651620 0.367816 0.651089 0.367816 0.646309 0.378161 0.646309 0.379310 0.645247 0.381609 0.645247 0.382759 0.644716 0.383908 0.644716 0.386207 0.644185 0.387356 0.644185 0.388506 0.643654 0.389655 0.643654 0.391954 0.643123 0.393103 0.643123 0.396552 0.642592 0.397701 0.642592 0.403448 0.643123 0.404598 0.643123 0.411494 0.645778 0.417241 0.645778 0.418391 0.646309 0.418391 0.647371 0.420690 0.647371 0.422989 0.648433 0.425287 0.648433 0.426437 0.649495 0.428736 0.650027 0.428736 0.650558 0.429885 0.651620 0.429885 0.652151 0.428736 0.655337 0.428736 0.655868 0.427586 0.660117 0.427586 0.660648 0.428736 0.665959 0.428736 0.666490 0.427586 0.667552 0.427586 0.668083 0.426437 0.669145 0.426437 0.669676 0.425287 0.670207 0.425287 0.670738 0.424138 0.671269 0.424138 0.671800 0.422989 0.672331 0.422989 0.672862 0.421839 0.673394 0.421839 0.673925 0.420690 0.674456 0.420690 0.674987 0.419540 0.676049 0.419540 0.676580 0.418391 0.677111 0.418391 0.678704 0.414943 0.678704 0.405747 0.678173 0.404598 0.678173 0.403448 0.677642 0.402299 0.677111 0.402299 0.676580 0.401149 0.676580 0.400000 0.675518 0.397701 0.675518 0.396552 0.677642 0.391954 0.678173 0.391954 0.678704 0.390805 0.679235 0.390805 0.681360 0.386207 0.681891 0.386207 0.682422 0.385057 0.682422 0.383908 0.682953 0.382759 0.682422 0.381609 0.682422 0.379310 0.680297 0.374713 0.680297 0.373563 0.679766 0.372414 0.679766 0.360920 0.679235 0.359770 0.679235 0.357471 0.678704 0.356322 0.678704 0.354023 0.678173 0.352874 0.678173 0.351724 0.675518 0.345977 0.675518 0.344828 0.674987 0.343678 0.674456 0.343678 0.673925 0.342529
0 0.399363 0.159770 0.398832 0.160920 0.396707 0.160920 0.395645 0.163218 0.395114 0.163218 0.394052 0.165517 0.393521 0.165517 0.392459 0.167816 0.392459 0.168966 0.390866 0.172414 0.390866 0.173563 0.390335 0.174713 0.390335 0.175862 0.389804 0.177011 0.389804 0.178161 0.389272 0.179310 0.389272 0.181609 0.388741 0.182759 0.388741 0.183908 0.388210 0.185057 0.388210 0.190805 0.387679 0.191954 0.388210 0.193103 0.388210 0.194253 0.388741 0.195402 0.388741 0.197701 0.389272 0.198851 0.389272 0.200000 0.390866 0.203448 0.390866 0.204598 0.391397 0.205747 0.391397 0.211494 0.391928 0.212644 0.391928 0.229885 0.391397 0.231034 0.391397 0.232184 0.390335 0.234483 0.386617 0.234483 0.386086 0.235632 0.385555 0.235632 0.385024 0.236782 0.383962 0.236782 0.383431 0.237931 0.382369 0.237931 0.381837 0.239080 0.381306 0.239080 0.380775 0.240230 0.380244 0.240230 0.379713 0.241379 0.379182 0.241379 0.378120 0.243678 0.378120 0.244828 0.376527 0.248276 0.376527 0.249425 0.375996 0.250575 0.375996 0.251724 0.375465 0.252874 0.375465 0.254023 0.374934 0.255172 0.374934 0.257471 0.374403 0.258621 0.374403 0.260920 0.373871 0.262069 0.373871 0.263218 0.373340 0.264368 0.373340 0.266667 0.372809 0.267816 0.372809 0.270115 0.372278 0.271264 0.372278 0.273563 0.371747 0.274713 0.371747 0.275862 0.371216 0.277011 0.371216 0.280460 0.370685 0.281609 0.370685 0.283908 0.370154 0.285057 0.370154 0.288506 0.369623 0.289655 0.369623 0.291954 0.369092 0.293103 0.369092 0.294253 0.368561 0.295402 0.368561 0.297701 0.368030 0.298851 0.368030 0.300000 0.367499 0.301149 0.367499 0.309195 0.368030 0.310345 0.368030 0.311494 0.368561 0.312644 0.368561 0.321839 0.369092 0.322989 0.369092 0.326437 0.369623 0.327586 0.369623 0.329885 0.370154 0.331034 0.370154 0.333333 0.370685 0.334483 0.370685 0.336782 0.371216 0.337931 0.371216 0.340230 0.371747 0.341379 0.371747 0.342529 0.372278 0.343678 0.372278 0.344828 0.372809 0.345977 0.372809 0.347126 0.373340 0.348276 0.373340 0.349425 0.375996 0.355172 0.375996 0.356322 0.376527 0.357471 0.376527 0.358621 0.377058 0.359770 0.377058 0.360920 0.377589 0.362069 0.377589 0.364368 0.378120 0.365517 0.378120 0.366667 0.378651 0.367816 0.378651 0.371264 0.379182 0.372414 0.379182 0.388506 0.379713 0.389655 0.379713 0.393103 0.379182 0.394253 0.379182 0.404598 0.378651 0.405747 0.378651 0.409195 0.379182 0.410345 0.379182 0.411494 0.378651 0.412644 0.378651 0.414943 0.379182 0.416092 0.379182 0.419540 0.379713 0.420690 0.379713 0.422989 0.379182 0.424138 0.379182 0.427586 0.379713 0.428736 0.379713 0.433333 0.380244 0.434483 0.380244 0.436782 0.380775 0.437931 0.380775 0.443678 0.381306 0.444828 0.381306 0.447126 0.382369 0.449425 0.382369 0.450575 0.382900 0.451724 0.382900 0.452874 0.383431 0.454023 0.383431 0.455172 0.383962 0.456322 0.383962 0.467816 0.384493 0.468966 0.384493 0.474713 0.385024 0.475862 0.385024 0.481609 0.385555 0.482759 0.385555 0.488506 0.386086 0.489655 0.386086 0.508046 0.386617 0.509195 0.386617 0.520690 0.387148 0.521839 0.387148 0.522989 0.386617 0.524138 0.386617 0.526437 0.387148 0.527586 0.387148 0.533333 0.387679 0.534483 0.387679 0.536782 0.387148 0.537931 0.387148 0.544828 0.386617 0.545977 0.386617 0.548276 0.386086 0.549425 0.386086 0.551724 0.385555 0.552874 0.385555 0.555172 0.385024 0.556322 0.385024 0.557471 0.384493 0.558621 0.384493 0.562069 0.383962 0.563218 0.383962 0.564368 0.383431 0.565517 0.383431 0.566667 0.382369 0.568966 0.381837 0.568966 0.380244 0.572414 0.379713 0.572414 0.379182 0.573563 0.378651 0.573563 0.377589 0.575862 0.377058 0.575862 0.376527 0.577011 0.376527 0.582759 0.377058 0.583908 0.377058 0.585057 0.378120 0.587356 0.378651 0.587356 0.379182 0.588506 0.387148 0.588506 0.387679 0.587356 0.389272 0.587356 0.389804 0.586207 0.391397 0.586207 0.391928 0.585057 0.392990 0.585057 0.393521 0.583908 0.394583 0.583908 0.395114 0.582759 0.396707 0.582759 0.397238 0.581609 0.398832 0.581609 0.399363 0.580460 0.399894 0.580460 0.400425 0.579310 0.400956 0.579310 0.400956 0.578161 0.401487 0.577011 0.401487 0.574713 0.400956 0.573563 0.400956 0.565517 0.401487 0.564368 0.401487 0.560920 0.402018 0.559770 0.402018 0.551724 0.401487 0.550575 0.401487 0.549425 0.400956 0.548276 0.400956 0.547126 0.400425 0.545977 0.400425 0.539080 0.400956 0.537931 0.400956 0.528736 0.401487 0.527586 0.401487 0.517241 0.402018 0.516092 0.402018 0.506897 0.402549 0.505747 0.402549 0.502299 0.402018 0.501149 0.402018 0.495402 0.401487 0.494253 0.401487 0.467816 0.402018 0.466667 0.402018 0.463218 0.403611 0.459770 0.404142 0.459770 0.405204 0.462069 0.405204 0.465517 0.405736 0.466667 0.405736 0.471264 0.406267 0.472414 0.406267 0.474713 0.406798 0.475862 0.406798 0.479310 0.407329 0.480460 0.407329 0.481609 0.407860 0.482759 0.407860 0.483908 0.408391 0.485057 0.408391 0.486207 0.408922 0.487356 0.408391 0.488506 0.408391 0.493103 0.408922 0.494253 0.408391 0.495402 0.408391 0.497701 0.408922 0.498851 0.408922 0.512644 0.409453 0.513793 0.409453 0.526437 0.409984 0.527586 0.409984 0.531034 0.410515 0.532184 0.410515 0.536782 0.411046 0.537931 0.411046 0.540230 0.411577 0.541379 0.411577 0.544828 0.412108 0.545977 0.412108 0.548276 0.412639 0.549425 0.412639 0.560920 0.413170 0.562069 0.413170 0.564368 0.413702 0.565517 0.413702 0.566667 0.414233 0.567816 0.414233 0.568966 0.414764 0.568966 0.415826 0.571264 0.415826 0.572414 0.416357 0.573563 0.416357 0.582759 0.416888 0.583908 0.416888 0.585057 0.416357 0.586207 0.416357 0.588506 0.416888 0.589655 0.416888 0.591954 0.417419 0.591954 0.417950 0.593103 0.420605 0.593103 0.421136 0.594253 0.423261 0.594253 0.423792 0.593103 0.427509 0.593103 0.428040 0.591954 0.429102 0.591954 0.429634 0.590805 0.429634 0.589655 0.430165 0.588506 0.430165 0.583908 0.429102 0.581609 0.429102 0.580460 0.428571 0.579310 0.428571 0.577011 0.428040 0.575862 0.428040 0.574713 0.427509 0.573563 0.427509 0.568966 0.428040 0.567816 0.428040 0.566667 0.428571 0.565517 0.428571 0.563218 0.429102 0.562069 0.429102 0.552874 0.428571 0.551724 0.428571 0.549425 0.427509 0.547126 0.427509 0.545977 0.426978 0.544828 0.426978 0.543678 0.426447 0.542529 0.426978 0.541379 0.426978 0.529885 0.427509 0.528736 0.427509 0.516092 0.426978 0.514943 0.426978 0.508046 0.426447 0.506897 0.426447 0.503448 0.425916 0.502299 0.425916 0.496552 0.425385 0.495402 0.425385 0.493103 0.422730 0.487356 0.422730 0.486207 0.422199 0.485057 0.422199 0.483908 0.422730 0.482759 0.422730 0.481609 0.423261 0.480460 0.422730 0.479310 0.422730 0.459770 0.423261 0.458621 0.423261 0.440230 0.422730 0.439080 0.422730 0.429885 0.422199 0.428736 0.422199 0.417241 0.422730 0.416092 0.422730 0.414943 0.423261 0.413793 0.423261 0.412644 0.423792 0.411494 0.423792 0.410345 0.424323 0.409195 0.424323 0.408046 0.425385 0.405747 0.425385 0.404598 0.425916 0.403448 0.425916 0.371264 0.425385 0.370115 0.425385 0.364368 0.424854 0.363218 0.424854 0.359770 0.425385 0.358621 0.425385 0.354023 0.424323 0.351724 0.424323 0.347126 0.423792 0.345977 0.423792 0.329885 0.424323 0.328736 0.424323 0.317241 0.424854 0.316092 0.424854 0.310345 0.425385 0.309195 0.426978 0.309195 0.427509 0.308046 0.428571 0.308046 0.429102 0.309195 0.432289 0.309195 0.432820 0.310345 0.432820 0.317241 0.431758 0.319540 0.431758 0.320690 0.431227 0.321839 0.431227 0.322989 0.430696 0.324138 0.430696 0.325287 0.430165 0.326437 0.430165 0.328736 0.429634 0.329885 0.429634 0.332184 0.429102 0.333333 0.429102 0.336782 0.428571 0.337931 0.428571 0.341379 0.427509 0.343678 0.427509 0.344828 0.426978 0.345977 0.426978 0.347126 0.426447 0.348276 0.426447 0.351724 0.428571 0.351724 0.429102 0.350575 0.429634 0.350575 0.430165 0.349425 0.432289 0.349425 0.433882 0.345977 0.434413 0.345977 0.436537 0.341379 0.436537 0.340230 0.438662 0.335632 0.438662 0.334483 0.439193 0.333333 0.439193 0.328736 0.439724 0.327586 0.439724 0.324138 0.440255 0.322989 0.440255 0.321839 0.440786 0.320690 0.440786 0.314943 0.441317 0.313793 0.441317 0.312644 0.440786 0.311494 0.440786 0.310345 0.441317 0.309195 0.441317 0.297701 0.440786 0.296552 0.440786 0.295402 0.439193 0.291954 0.439193 0.290805 0.438131 0.288506 0.438131 0.287356 0.437069 0.285057 0.437069 0.283908 0.436006 0.281609 0.436006 0.280460 0.434944 0.278161 0.434944 0.277011 0.433351 0.273563 0.433351 0.272414 0.432820 0.271264 0.432820 0.270115 0.432289 0.268966 0.432289 0.266667 0.431758 0.265517 0.431758 0.264368 0.431227 0.263218 0.431227 0.262069 0.430696 0.260920 0.430696 0.259770 0.430165 0.258621 0.430165 0.257471 0.429634 0.256322 0.429634 0.255172 0.428571 0.252874 0.428571 0.251724 0.424854 0.243678 0.424323 0.243678 0.422730 0.240230 0.422199 0.240230 0.421136 0.237931 0.420605 0.237931 0.419543 0.235632 0.419012 0.235632 0.417950 0.233333 0.416357 0.233333 0.415826 0.232184 0.414764 0.232184 0.414233 0.231034 0.413702 0.231034 0.412639 0.228736 0.412108 0.228736 0.410515 0.225287 0.410515 0.224138 0.409984 0.222989 0.409984 0.212644 0.411577 0.209195 0.411577 0.208046 0.412108 0.206897 0.412108 0.205747 0.412639 0.204598 0.412639 0.201149 0.413170 0.200000 0.413170 0.187356 0.413702 0.186207 0.413702 0.182759 0.414233 0.181609 0.413702 0.180460 0.413702 0.177011 0.413170 0.175862 0.413170 0.173563 0.412639 0.172414 0.412639 0.171264 0.411577 0.168966 0.411577 0.167816 0.411046 0.167816 0.409984 0.165517 0.409453 0.165517 0.408391 0.163218 0.407860 0.163218 0.406798 0.160920 0.405736 0.160920 0.405204 0.159770
0 0.465215 0.613793 0.464153 0.616092 0.464153 0.617241 0.463622 0.618391 0.463622 0.619540 0.463091 0.620690 0.463091 0.621839 0.462560 0.622989 0.462560 0.624138 0.462029 0.625287 0.462029 0.632184 0.462560 0.633333 0.464684 0.633333 0.465215 0.632184 0.466277 0.632184 0.467339 0.629885 0.467870 0.629885 0.467870 0.628736 0.468933 0.626437 0.469464 0.626437 0.469995 0.625287 0.469995 0.621839 0.470526 0.620690 0.470526 0.618391 0.469995 0.617241 0.469995 0.616092 0.469464 0.616092 0.468401 0.613793
0 0.491237 0.334483 0.490706 0.335632 0.488582 0.335632 0.488051 0.336782 0.486989 0.336782 0.486458 0.337931 0.485396 0.337931 0.481147 0.347126 0.481147 0.348276 0.480616 0.349425 0.480616 0.354023 0.480085 0.355172 0.480085 0.362069 0.479554 0.363218 0.479554 0.371264 0.480085 0.372414 0.480085 0.373563 0.482209 0.378161 0.482209 0.379310 0.482740 0.380460 0.482740 0.385057 0.483271 0.386207 0.483271 0.395402 0.482740 0.396552 0.482740 0.397701 0.482209 0.398851 0.481678 0.398851 0.481147 0.400000 0.480085 0.400000 0.479554 0.401149 0.478492 0.401149 0.477961 0.402299 0.476899 0.402299 0.474774 0.406897 0.474243 0.406897 0.472119 0.411494 0.471588 0.411494 0.470526 0.413793 0.469995 0.413793 0.468401 0.417241 0.468401 0.418391 0.467339 0.420690 0.467339 0.421839 0.466808 0.422989 0.466808 0.425287 0.466277 0.426437 0.466277 0.427586 0.465746 0.428736 0.465746 0.431034 0.465215 0.432184 0.465215 0.435632 0.464684 0.436782 0.464684 0.437931 0.464153 0.439080 0.464153 0.440230 0.463622 0.441379 0.463622 0.442529 0.463091 0.443678 0.463091 0.447126 0.462560 0.448276 0.462560 0.449425 0.462029 0.450575 0.462029 0.451724 0.461498 0.452874 0.461498 0.454023 0.460967 0.455172 0.460967 0.457471 0.460435 0.458621 0.460435 0.459770 0.459904 0.460920 0.459904 0.464368 0.459373 0.465517 0.459373 0.467816 0.458842 0.468966 0.458842 0.470115 0.458311 0.471264 0.458311 0.472414 0.457780 0.473563 0.457780 0.477011 0.457249 0.478161 0.457249 0.480460 0.456718 0.481609 0.456718 0.483908 0.457249 0.485057 0.457249 0.488506 0.457780 0.489655 0.457780 0.491954 0.458842 0.494253 0.458842 0.496552 0.459373 0.497701 0.458842 0.498851 0.458842 0.502299 0.458311 0.503448 0.458311 0.506897 0.457780 0.508046 0.457780 0.511494 0.457249 0.512644 0.457249 0.517241 0.456718 0.518391 0.456718 0.520690 0.456187 0.521839 0.456718 0.522989 0.456718 0.528736 0.456187 0.529885 0.456187 0.534483 0.456718 0.535632 0.456718 0.541379 0.457249 0.542529 0.457249 0.543678 0.457780 0.544828 0.457780 0.560920 0.458311 0.562069 0.458311 0.565517 0.458842 0.566667 0.458842 0.570115 0.459373 0.571264 0.459373 0.575862 0.459904 0.577011 0.459904 0.594253 0.460435 0.595402 0.460435 0.598851 0.460967 0.600000 0.460967 0.602299 0.461498 0.603448 0.461498 0.604598 0.462560 0.606897 0.462560 0.608046 0.463091 0.608046 0.463622 0.609195 0.466277 0.609195 0.466808 0.610345 0.466808 0.609195 0.467870 0.606897 0.467870 0.605747 0.468401 0.604598 0.468401 0.603448 0.468933 0.602299 0.468933 0.601149 0.469464 0.600000 0.469464 0.597701 0.469995 0.596552 0.469995 0.594253 0.469464 0.593103 0.469464 0.579310 0.468933 0.578161 0.468933 0.572414 0.469464 0.571264 0.469464 0.565517 0.469995 0.564368 0.469995 0.562069 0.470526 0.560920 0.470526 0.559770 0.471057 0.558621 0.471057 0.557471 0.471588 0.556322 0.471588 0.555172 0.472119 0.554023 0.472119 0.551724 0.472650 0.550575 0.472650 0.549425 0.473712 0.547126 0.474243 0.547126 0.475305 0.544828 0.475836 0.544828 0.476367 0.543678 0.477961 0.543678 0.478492 0.542529 0.479554 0.542529 0.480085 0.541379 0.481147 0.541379 0.481678 0.540230 0.483271 0.540230 0.483802 0.539080 0.484865 0.539080 0.485396 0.537931 0.486458 0.537931 0.486989 0.536782 0.492831 0.536782 0.493362 0.537931 0.496017 0.537931 0.496548 0.539080 0.499203 0.539080 0.499734 0.540230 0.502921 0.540230 0.503452 0.539080 0.505045 0.539080 0.505576 0.537931 0.506107 0.537931 0.506638 0.536782 0.507169 0.536782 0.507700 0.535632 0.507700 0.532184 0.508232 0.531034 0.508232 0.528736 0.508763 0.527586 0.509294 0.527586 0.509825 0.526437 0.510356 0.526437 0.510887 0.525287 0.512480 0.525287 0.513011 0.524138 0.521508 0.524138 0.522039 0.525287 0.524164 0.525287 0.524695 0.526437 0.526288 0.526437 0.526819 0.527586 0.527350 0.527586 0.530005 0.533333 0.530536 0.533333 0.531067 0.534483 0.531599 0.534483 0.532130 0.535632 0.537971 0.535632 0.538502 0.534483 0.539033 0.534483 0.540627 0.531034 0.540627 0.526437 0.541158 0.525287 0.541158 0.524138 0.540627 0.522989 0.540627 0.516092 0.540096 0.514943 0.540096 0.512644 0.538502 0.509195 0.538502 0.508046 0.537971 0.506897 0.537971 0.504598 0.536909 0.502299 0.536909 0.501149 0.535316 0.497701 0.535316 0.496552 0.534254 0.494253 0.534254 0.493103 0.533192 0.490805 0.533192 0.487356 0.532130 0.485057 0.532130 0.483908 0.531599 0.482759 0.531599 0.481609 0.531067 0.480460 0.531067 0.479310 0.530536 0.478161 0.530536 0.475862 0.530005 0.474713 0.530005 0.473563 0.529474 0.472414 0.529474 0.471264 0.527881 0.467816 0.527881 0.466667 0.527350 0.465517 0.527350 0.464368 0.526819 0.463218 0.526819 0.462069 0.525757 0.459770 0.525757 0.458621 0.524695 0.456322 0.524695 0.455172 0.523101 0.451724 0.523101 0.450575 0.522039 0.448276 0.522039 0.447126 0.521508 0.445977 0.521508 0.444828 0.520977 0.443678 0.520977 0.440230 0.520446 0.439080 0.520446 0.434483 0.519915 0.433333 0.519915 0.432184 0.519384 0.431034 0.519384 0.429885 0.518853 0.428736 0.518853 0.426437 0.517791 0.424138 0.517791 0.421839 0.516729 0.419540 0.516729 0.418391 0.514073 0.412644 0.513542 0.412644 0.511949 0.409195 0.510887 0.409195 0.510356 0.408046 0.509825 0.408046 0.509294 0.406897 0.507700 0.406897 0.507169 0.405747 0.506638 0.405747 0.505576 0.403448 0.505576 0.402299 0.503983 0.398851 0.503983 0.397701 0.502921 0.395402 0.502921 0.394253 0.502390 0.393103 0.502390 0.373563 0.502921 0.372414 0.502921 0.358621 0.502390 0.357471 0.502390 0.354023 0.501859 0.352874 0.501859 0.350575 0.501328 0.349425 0.501328 0.348276 0.500797 0.347126 0.500797 0.345977 0.498141 0.340230 0.497610 0.340230 0.496548 0.337931 0.496017 0.337931 0.495486 0.336782 0.494955 0.336782 0.494424 0.335632 0.491768 0.335632
1 0.490706 0.334483 0.490175 0.335632 0.488051 0.335632 0.487520 0.336782 0.486458 0.336782 0.485927 0.337931 0.485396 0.337931 0.484334 0.340230 0.483802 0.340230 0.482740 0.342529 0.482740 0.343678 0.481678 0.345977 0.481678 0.347126 0.480616 0.349425 0.480616 0.355172 0.480085 0.356322 0.480085 0.363218 0.479554 0.364368 0.479554 0.367816 0.480085 0.368966 0.480085 0.372414 0.480616 0.373563 0.480616 0.374713 0.481147 0.375862 0.481678 0.375862 0.482209 0.377011 0.485396 0.377011 0.485927 0.375862 0.486989 0.375862 0.487520 0.374713 0.489113 0.374713 0.489644 0.373563 0.491768 0.373563 0.492300 0.372414 0.495486 0.372414 0.496017 0.371264 0.499203 0.371264 0.499734 0.370115 0.500797 0.370115 0.501328 0.368966 0.501859 0.368966 0.502921 0.366667 0.502921 0.358621 0.502390 0.357471 0.502390 0.354023 0.501859 0.352874 0.501859 0.350575 0.501328 0.349425 0.501328 0.348276 0.500797 0.347126 0.500797 0.345977 0.499734 0.343678 0.499734 0.342529 0.499203 0.341379 0.498672 0.341379 0.497079 0.337931 0.496548 0.337931 0.496017 0.336782 0.495486 0.336782 0.494955 0.335632 0.492300 0.335632 0.491768 0.334483
1 0.271907 0.583908 0.270844 0.586207 0.270844 0.587356 0.272438 0.587356 0.272438 0.583908
1 0.268720 0.544828 0.268189 0.545977 0.265003 0.545977 0.264472 0.547126 0.263941 0.547126 0.263409 0.548276 0.262347 0.548276 0.261816 0.549425 0.261285 0.549425 0.260754 0.550575 0.260223 0.550575 0.259692 0.551724 0.259161 0.551724 0.258630 0.552874 0.257568 0.552874 0.253850 0.560920 0.253850 0.562069 0.251726 0.566667 0.251726 0.567816 0.250664 0.570115 0.250664 0.572414 0.250133 0.573563 0.250133 0.575862 0.249602 0.577011 0.249602 0.582759 0.249071 0.583908 0.249071 0.585057 0.249602 0.586207 0.249602 0.596552 0.250133 0.597701 0.250133 0.600000 0.250664 0.601149 0.250664 0.603448 0.250133 0.604598 0.250133 0.606897 0.250664 0.608046 0.250664 0.616092 0.251195 0.617241 0.251195 0.618391 0.251726 0.619540 0.251726 0.620690 0.252788 0.622989 0.252788 0.624138 0.253319 0.625287 0.253319 0.626437 0.254381 0.628736 0.254381 0.629885 0.255443 0.632184 0.255975 0.632184 0.258630 0.637931 0.259161 0.636782 0.260223 0.636782 0.260223 0.633333 0.259692 0.632184 0.259692 0.628736 0.259161 0.627586 0.259161 0.626437 0.258630 0.625287 0.258630 0.624138 0.258099 0.622989 0.258099 0.614943 0.258630 0.613793 0.258630 0.612644 0.259692 0.610345 0.260223 0.610345 0.260754 0.609195 0.261285 0.609195 0.262347 0.606897 0.262878 0.606897 0.263409 0.605747 0.265534 0.605747 0.265534 0.603448 0.266065 0.602299 0.266065 0.598851 0.266596 0.597701 0.266596 0.593103 0.267127 0.591954 0.266596 0.590805 0.265534 0.590805 0.265003 0.589655 0.265003 0.585057 0.265534 0.583908 0.266596 0.583908 0.268189 0.580460 0.268189 0.578161 0.269251 0.575862 0.270844 0.575862 0.271907 0.573563 0.272969 0.573563 0.274562 0.577011 0.274562 0.578161 0.275093 0.579310 0.275093 0.580460 0.276155 0.580460 0.277217 0.578161 0.279341 0.578161 0.279873 0.577011 0.280935 0.577011 0.281466 0.575862 0.282528 0.575862 0.283059 0.574713 0.288901 0.574713 0.289432 0.575862 0.292087 0.575862 0.292618 0.577011 0.293149 0.577011 0.293149 0.567816 0.292618 0.566667 0.292618 0.565517 0.292087 0.564368 0.292087 0.563218 0.289963 0.558621 0.289432 0.558621 0.288370 0.556322 0.287307 0.556322 0.286776 0.555172 0.286245 0.555172 0.285714 0.554023 0.284652 0.554023 0.284121 0.552874 0.283590 0.552874 0.283059 0.551724 0.281997 0.551724 0.281466 0.550575 0.280935 0.550575 0.280404 0.549425 0.279341 0.549425 0.278810 0.548276 0.277748 0.548276 0.277217 0.547126 0.276155 0.547126 0.275624 0.545977 0.272969 0.545977 0.272438 0.544828
1 0.403611 0.158621 0.403080 0.159770 0.397238 0.159770 0.396707 0.160920 0.396176 0.160920 0.395114 0.163218 0.394583 0.163218 0.393521 0.165517 0.392990 0.165517 0.392990 0.166667 0.390866 0.171264 0.390866 0.172414 0.390335 0.173563 0.390335 0.174713 0.389804 0.175862 0.389804 0.177011 0.389272 0.178161 0.389272 0.180460 0.388741 0.181609 0.388741 0.182759 0.388210 0.183908 0.388210 0.187356 0.387679 0.188506 0.387679 0.193103 0.388210 0.194253 0.388210 0.195402 0.388741 0.196552 0.388741 0.197701 0.390866 0.202299 0.391397 0.202299 0.392459 0.204598 0.393521 0.204598 0.394052 0.205747 0.396176 0.205747 0.396707 0.206897 0.411577 0.206897 0.412639 0.204598 0.412639 0.203448 0.413170 0.202299 0.413170 0.200000 0.413702 0.198851 0.413702 0.196552 0.414233 0.195402 0.414233 0.191954 0.414764 0.190805 0.414764 0.177011 0.414233 0.175862 0.414233 0.174713 0.413702 0.173563 0.413702 0.171264 0.411577 0.166667 0.411046 0.166667 0.409984 0.164368 0.409453 0.164368 0.407860 0.160920 0.406798 0.160920 0.406267 0.159770 0.404673 0.159770 0.404142 0.158621
2 0.487520 0.600000 0.486989 0.601149 0.473712 0.601149 0.472650 0.603448 0.472119 0.603448 0.471588 0.604598 0.471057 0.604598 0.470526 0.605747 0.470526 0.608046 0.472650 0.612644 0.473181 0.612644 0.473712 0.613793 0.479554 0.613793 0.480085 0.612644 0.485396 0.612644 0.485927 0.611494 0.488582 0.611494 0.489113 0.610345 0.490175 0.610345 0.491237 0.608046 0.491237 0.606897 0.491768 0.605747 0.491768 0.602299 0.490706 0.600000
2 0.466277 0.609195 0.465746 0.610345 0.465215 0.610345 0.464684 0.611494 0.464153 0.611494 0.463091 0.613793 0.463091 0.616092 0.462560 0.617241 0.462560 0.618391 0.462029 0.619540 0.462029 0.620690 0.461498 0.621839 0.461498 0.622989 0.459904 0.626437 0.459904 0.629885 0.459373 0.631034 0.459373 0.633333 0.460435 0.635632 0.464684 0.635632 0.465215 0.634483 0.466808 0.634483 0.467870 0.632184 0.468401 0.632184 0.469995 0.628736 0.469995 0.627586 0.470526 0.626437 0.470526 0.625287 0.471057 0.624138 0.471057 0.620690 0.471588 0.619540 0.471588 0.618391 0.471057 0.617241 0.471057 0.611494 0.470526 0.610345 0.470526 0.609195
2 0.383431 0.565517 0.380775 0.571264 0.380244 0.571264 0.379713 0.572414 0.379182 0.572414 0.377058 0.577011 0.376527 0.577011 0.376527 0.579310 0.375996 0.580460 0.375996 0.581609 0.376527 0.582759 0.376527 0.585057 0.378120 0.588506 0.378651 0.588506 0.379182 0.589655 0.386617 0.589655 0.387148 0.588506 0.388741 0.588506 0.389272 0.587356 0.390335 0.587356 0.390866 0.586207 0.391928 0.586207 0.392459 0.585057 0.394052 0.585057 0.394583 0.583908 0.396176 0.583908 0.396707 0.582759 0.398301 0.582759 0.398832 0.581609 0.399894 0.581609 0.400425 0.580460 0.400956 0.580460 0.400956 0.579310 0.401487 0.578161 0.401487 0.572414 0.400956 0.571264 0.400956 0.570115 0.400425 0.568966 0.399363 0.568966 0.398832 0.567816 0.396707 0.567816 0.396176 0.568966 0.392459 0.568966 0.391928 0.567816 0.390866 0.567816 0.390335 0.566667 0.388741 0.566667 0.388210 0.565517
2 0.421136 0.568966 0.420605 0.570115 0.419012 0.570115 0.418481 0.571264 0.417950 0.571264 0.416357 0.574713 0.416357 0.579310 0.416888 0.580460 0.416888 0.585057 0.416357 0.586207 0.416357 0.591954 0.416888 0.593103 0.417419 0.593103 0.417950 0.594253 0.427509 0.594253 0.428040 0.593103 0.429634 0.593103 0.430696 0.590805 0.430696 0.589655 0.431227 0.588506 0.431227 0.586207 0.430696 0.585057 0.430696 0.583908 0.430165 0.582759 0.430165 0.581609 0.429102 0.579310 0.429102 0.578161 0.428571 0.577011 0.428571 0.574713 0.426447 0.570115 0.424323 0.570115 0.423792 0.568966
2 0.587892 0.882759 0.587361 0.883908 0.575677 0.883908 0.575146 0.885057 0.573022 0.885057 0.572491 0.886207 0.570898 0.886207 0.569835 0.888506 0.569304 0.888506 0.567711 0.891954 0.567711 0.893103 0.567180 0.894253 0.567180 0.896552 0.566649 0.897701 0.566649 0.900000 0.566118 0.901149 0.566118 0.908046 0.566649 0.909195 0.566649 0.911494 0.567180 0.912644 0.567180 0.913793 0.568773 0.917241 0.568773 0.918391 0.569304 0.918391 0.571429 0.922989 0.571960 0.922989 0.572491 0.924138 0.573022 0.924138 0.573553 0.925287 0.574084 0.925287 0.574615 0.926437 0.575677 0.926437 0.576208 0.927586 0.576739 0.927586 0.577270 0.928736 0.578332 0.928736 0.578864 0.929885 0.580457 0.929885 0.580988 0.931034 0.582581 0.931034 0.583112 0.932184 0.586830 0.932184 0.587361 0.933333 0.590016 0.933333 0.590547 0.932184 0.591609 0.932184 0.592140 0.931034 0.592140 0.919540 0.592671 0.918391 0.592671 0.895402 0.593202 0.894253 0.593202 0.893103 0.593733 0.891954 0.593733 0.889655 0.594264 0.888506 0.594264 0.883908 0.592671 0.883908 0.592140 0.882759
2 0.535847 0.614943 0.535847 0.616092 0.535316 0.617241 0.535316 0.619540 0.534785 0.620690 0.534785 0.633333 0.535316 0.634483 0.535847 0.634483 0.536378 0.635632 0.536909 0.634483 0.540096 0.634483 0.540627 0.633333 0.541158 0.633333 0.542751 0.629885 0.542751 0.628736 0.542220 0.627586 0.542220 0.625287 0.541689 0.624138 0.541689 0.622989 0.539033 0.617241 0.537971 0.617241 0.536909 0.614943