0 0.497630 0.474729 0.497630 0.475632 0.496276 0.477437 0.496276 0.478339 0.494922 0.480144 0.494922 0.481047 0.494245 0.481949 0.494245 0.484657 0.493568 0.485560 0.493568 0.490072 0.492891 0.490975 0.492891 0.493682 0.492214 0.494585 0.492214 0.498195 0.491537 0.499097 0.491537 0.500903 0.490860 0.501805 0.490860 0.508123 0.491537 0.509025 0.491537 0.511733 0.492214 0.512635 0.492214 0.513538 0.492891 0.514440 0.492891 0.515343 0.494245 0.517148 0.494245 0.518051 0.497630 0.518051 0.498307 0.517148 0.498307 0.513538 0.498984 0.512635 0.498984 0.510830 0.502370 0.506318 0.502370 0.503610 0.503047 0.502708 0.503047 0.491877 0.503724 0.490975 0.503047 0.490072 0.503047 0.481949 0.502370 0.481047 0.502370 0.480144 0.499661 0.476534 0.499661 0.475632 0.498984 0.474729
0 0.487475 0.470217 0.485443 0.472924 0.485443 0.473827 0.484766 0.474729 0.484766 0.475632 0.484089 0.476534 0.484089 0.477437 0.482058 0.480144 0.480027 0.480144 0.479350 0.481047 0.478673 0.481047 0.477996 0.481949 0.477996 0.495487 0.478673 0.496390 0.478673 0.500000 0.479350 0.500903 0.479350 0.502708 0.480027 0.503610 0.480027 0.505415 0.480704 0.506318 0.480704 0.508123 0.481381 0.509025 0.481381 0.513538 0.482058 0.514440 0.482058 0.519856 0.482735 0.520758 0.482735 0.521661 0.483412 0.521661 0.484089 0.522563 0.485443 0.520758 0.485443 0.519856 0.486121 0.518953 0.486121 0.517148 0.486798 0.516245 0.486798 0.515343 0.487475 0.514440 0.487475 0.513538 0.488152 0.512635 0.488152 0.509928 0.488829 0.509025 0.488829 0.506318 0.489506 0.505415 0.489506 0.504513 0.490183 0.503610 0.490183 0.502708 0.490860 0.501805 0.490860 0.500903 0.491537 0.500000 0.491537 0.497292 0.492214 0.496390 0.492214 0.494585 0.492891 0.493682 0.492891 0.489170 0.493568 0.488267 0.493568 0.484657 0.492891 0.483755 0.492891 0.482852 0.492214 0.481949 0.492214 0.478339 0.491537 0.477437 0.491537 0.472924 0.490860 0.472022 0.490860 0.471119 0.489506 0.471119 0.488829 0.470217
0 0.716317 0.528881 0.715640 0.529783 0.714963 0.529783 0.712932 0.532491 0.712932 0.533394 0.712255 0.534296 0.712255 0.535199 0.711578 0.536101 0.711578 0.539711 0.712255 0.540614 0.712255 0.542419 0.712932 0.543321 0.712932 0.549639 0.712255 0.550542 0.712255 0.551444 0.710223 0.554152 0.710223 0.555957 0.709546 0.556859 0.709546 0.558664 0.708869 0.559567 0.708869 0.564079 0.709546 0.564982 0.709546 0.565884 0.712255 0.565884 0.712932 0.566787 0.714963 0.564079 0.715640 0.564079 0.716317 0.563177 0.717671 0.563177 0.718348 0.564079 0.719025 0.564079 0.721056 0.566787 0.721056 0.567690 0.721733 0.568592 0.721733 0.575812 0.721056 0.576715 0.721056 0.579422 0.720379 0.580325 0.720379 0.581227 0.717671 0.584838 0.716994 0.584838 0.716994 0.587545 0.717671 0.588448 0.719702 0.588448 0.720379 0.589350 0.727150 0.589350 0.727827 0.588448 0.729858 0.588448 0.730535 0.587545 0.731212 0.587545 0.732566 0.585740 0.735951 0.585740 0.736628 0.586643 0.737982 0.586643 0.738659 0.585740 0.742045 0.585740 0.742722 0.584838 0.743399 0.584838 0.746107 0.581227 0.746107 0.580325 0.748138 0.577617 0.748138 0.570397 0.746107 0.567690 0.746107 0.566787 0.744753 0.564982 0.744076 0.564982 0.742722 0.563177 0.742722 0.561372 0.742045 0.560469 0.742045 0.559567 0.741368 0.558664 0.741368 0.556859 0.740691 0.555957 0.740691 0.555054 0.740014 0.554152 0.740014 0.552347 0.739336 0.551444 0.739336 0.550542 0.738659 0.549639 0.738659 0.546931 0.729858 0.535199 0.729181 0.535199 0.727827 0.533394 0.727150 0.533394 0.726473 0.532491 0.724441 0.532491 0.723764 0.531588 0.723087 0.531588 0.722410 0.530686 0.721733 0.530686 0.720379 0.528881
0 0.250508 0.482852 0.249831 0.483755 0.249831 0.485560 0.249154 0.486462 0.249154 0.489170 0.247800 0.490975 0.247800 0.491877 0.247123 0.492780 0.247123 0.493682 0.246445 0.494585 0.246445 0.496390 0.245768 0.497292 0.245768 0.499097 0.246445 0.500000 0.247123 0.500000 0.247800 0.500903 0.249831 0.500903 0.250508 0.501805 0.253216 0.501805 0.253893 0.500903 0.255924 0.500903 0.257955 0.498195 0.257955 0.496390 0.257278 0.495487 0.257278 0.493682 0.256601 0.492780 0.256601 0.490072 0.255924 0.489170 0.255924 0.483755 0.255247 0.482852
0 0.171293 0.458484 0.170616 0.459386 0.169262 0.459386 0.167231 0.462094 0.167231 0.462996 0.166554 0.463899 0.166554 0.465704 0.165877 0.466606 0.165877 0.476534 0.164523 0.478339 0.164523 0.479242 0.160460 0.484657 0.160460 0.485560 0.159106 0.487365 0.159106 0.488267 0.158429 0.489170 0.158429 0.490072 0.157752 0.490975 0.157752 0.492780 0.157075 0.493682 0.157075 0.516245 0.157752 0.517148 0.157752 0.530686 0.158429 0.531588 0.158429 0.549639 0.157752 0.550542 0.157752 0.558664 0.158429 0.559567 0.158429 0.563177 0.159106 0.564079 0.159106 0.566787 0.159783 0.567690 0.159783 0.569495 0.160460 0.570397 0.160460 0.572202 0.161137 0.573105 0.161137 0.586643 0.160460 0.587545 0.160460 0.592058 0.161137 0.592960 0.161137 0.593863 0.161814 0.593863 0.162492 0.594765 0.167908 0.594765 0.167908 0.593863 0.169262 0.592058 0.169262 0.590253 0.169939 0.589350 0.169939 0.587545 0.170616 0.586643 0.170616 0.584838 0.171293 0.583935 0.171293 0.581227 0.171970 0.580325 0.171970 0.576715 0.171293 0.575812 0.171293 0.573105 0.170616 0.572202 0.170616 0.555957 0.171293 0.555054 0.171293 0.552347 0.171970 0.551444 0.171970 0.548736 0.172647 0.547834 0.172647 0.546029 0.173324 0.545126 0.173324 0.544224 0.175355 0.541516 0.176710 0.543321 0.176710 0.544224 0.177387 0.545126 0.177387 0.546931 0.178064 0.547834 0.178064 0.548736 0.178741 0.549639 0.178741 0.553249 0.179418 0.554152 0.179418 0.558664 0.180095 0.559567 0.180095 0.574007 0.182126 0.576715 0.186188 0.576715 0.186865 0.575812 0.188219 0.575812 0.189573 0.574007 0.189573 0.570397 0.190251 0.569495 0.190251 0.542419 0.190928 0.541516 0.190928 0.537906 0.192282 0.536101 0.192282 0.535199 0.194313 0.532491 0.194990 0.532491 0.197021 0.529783 0.197021 0.528881 0.197698 0.527978 0.197698 0.526173 0.198375 0.525271 0.198375 0.524368 0.199052 0.523466 0.199052 0.518953 0.199729 0.518051 0.199729 0.512635 0.200406 0.511733 0.200406 0.507220 0.199729 0.506318 0.199729 0.502708 0.199052 0.501805 0.199052 0.500903 0.198375 0.500000 0.198375 0.499097 0.196344 0.496390 0.196344 0.495487 0.193636 0.491877 0.193636 0.490975 0.192282 0.489170 0.192282 0.488267 0.188219 0.482852 0.187542 0.482852 0.184834 0.479242 0.184834 0.478339 0.183480 0.476534 0.183480 0.473827 0.182803 0.472924 0.182803 0.469314 0.182126 0.468412 0.182126 0.466606 0.181449 0.465704 0.181449 0.463899 0.178064 0.459386 0.176710 0.459386 0.176032 0.458484
0 0.236290 0.481949 0.235613 0.482852 0.234936 0.482852 0.230196 0.489170 0.230196 0.490072 0.229519 0.490975 0.228842 0.490975 0.228842 0.491877 0.228165 0.492780 0.228165 0.493682 0.227488 0.494585 0.227488 0.496390 0.226811 0.497292 0.226811 0.503610 0.227488 0.504513 0.227488 0.505415 0.228842 0.507220 0.229519 0.507220 0.230196 0.508123 0.232227 0.508123 0.232905 0.509025 0.236290 0.509025 0.236967 0.508123 0.237644 0.508123 0.239675 0.505415 0.239675 0.504513 0.243060 0.500000 0.243060 0.497292 0.242383 0.496390 0.242383 0.495487 0.241706 0.494585 0.241706 0.492780 0.241029 0.491877 0.241029 0.490975 0.241706 0.490072 0.241706 0.483755 0.241029 0.482852 0.240352 0.482852 0.239675 0.481949
0 0.265403 0.488267 0.263372 0.490975 0.263372 0.492780 0.262695 0.493682 0.262695 0.494585 0.262018 0.495487 0.261341 0.495487 0.260664 0.496390 0.260664 0.497292 0.259309 0.499097 0.259309 0.500000 0.258632 0.500903 0.258632 0.501805 0.257955 0.502708 0.257955 0.503610 0.257278 0.504513 0.257278 0.507220 0.257955 0.508123 0.257955 0.509025 0.258632 0.509928 0.259309 0.509928 0.259986 0.510830 0.260664 0.510830 0.261341 0.511733 0.268111 0.511733 0.268788 0.510830 0.269465 0.510830 0.270819 0.509025 0.271496 0.509025 0.272850 0.507220 0.272850 0.506318 0.273527 0.505415 0.273527 0.499097 0.270142 0.494585 0.270142 0.492780 0.269465 0.491877 0.269465 0.490072 0.268788 0.489170 0.268788 0.488267
0 0.517942 0.475632 0.516588 0.477437 0.516588 0.478339 0.515911 0.479242 0.515911 0.480144 0.515234 0.481047 0.515234 0.482852 0.514557 0.483755 0.514557 0.488267 0.513879 0.489170 0.513879 0.490975 0.512525 0.492780 0.512525 0.493682 0.511848 0.494585 0.511848 0.502708 0.511171 0.503610 0.511171 0.511733 0.510494 0.512635 0.510494 0.516245 0.509817 0.517148 0.509817 0.520758 0.509140 0.521661 0.509140 0.528881 0.509817 0.529783 0.509817 0.541516 0.509140 0.542419 0.510494 0.544224 0.513202 0.544224 0.513879 0.543321 0.513879 0.528881 0.514557 0.527978 0.514557 0.527076 0.515234 0.526173 0.516588 0.526173 0.518619 0.528881 0.518619 0.536101 0.517942 0.537004 0.517942 0.539711 0.517265 0.540614 0.517265 0.541516 0.516588 0.542419 0.516588 0.543321 0.517265 0.544224 0.517265 0.545126 0.517942 0.546029 0.519973 0.546029 0.522004 0.543321 0.522004 0.539711 0.522681 0.538809 0.522681 0.536101 0.523358 0.535199 0.523358 0.518953 0.524035 0.518051 0.524035 0.516245 0.525389 0.514440 0.525389 0.513538 0.526066 0.512635 0.526066 0.509928 0.526743 0.509025 0.526743 0.490072 0.526066 0.489170 0.526066 0.487365 0.525389 0.486462 0.525389 0.485560 0.524712 0.484657 0.524712 0.483755 0.524035 0.482852 0.524035 0.481047 0.523358 0.480144 0.523358 0.479242 0.522681 0.478339 0.522681 0.477437 0.521327 0.475632
0 0.576168 0.598375 0.575491 0.599278 0.574137 0.599278 0.571429 0.602888 0.571429 0.604693 0.570752 0.605596 0.570752 0.608303 0.570074 0.609206 0.570074 0.611913 0.566689 0.616426 0.566689 0.617329 0.564658 0.620036 0.564658 0.620939 0.563981 0.621841 0.563981 0.622744 0.563304 0.623646 0.563304 0.633574 0.563981 0.634477 0.563981 0.637184 0.566012 0.639892 0.566012 0.641697 0.566689 0.642599 0.566689 0.643502 0.563981 0.647112 0.563981 0.648014 0.559242 0.654332 0.559242 0.655235 0.557211 0.657942 0.557211 0.658845 0.556534 0.659747 0.556534 0.660650 0.555856 0.661552 0.555856 0.663357 0.555179 0.664260 0.555179 0.667870 0.555856 0.668773 0.555856 0.670578 0.556534 0.671480 0.556534 0.672383 0.559242 0.675993 0.560596 0.675993 0.565335 0.682310 0.565335 0.685018 0.566012 0.685921 0.566012 0.690433 0.565335 0.691336 0.565335 0.694946 0.564658 0.695848 0.564658 0.697653 0.563981 0.698556 0.563981 0.702166 0.566012 0.704874 0.566689 0.704874 0.567366 0.705776 0.574814 0.705776 0.575491 0.706679 0.576845 0.706679 0.577522 0.707581 0.580230 0.707581 0.580907 0.708484 0.582261 0.708484 0.582938 0.709386 0.583615 0.709386 0.584292 0.710289 0.585647 0.710289 0.588355 0.713899 0.589032 0.713899 0.590386 0.715704 0.590386 0.716606 0.591063 0.717509 0.591063 0.718412 0.593771 0.722022 0.599188 0.722022 0.599865 0.721119 0.601219 0.721119 0.601896 0.720217 0.601896 0.719314 0.601219 0.718412 0.601219 0.713899 0.600542 0.712996 0.600542 0.694043 0.601896 0.692238 0.602573 0.692238 0.604604 0.694946 0.605281 0.694946 0.605958 0.695848 0.606635 0.695848 0.607312 0.696751 0.610697 0.696751 0.611374 0.697653 0.614083 0.697653 0.614760 0.696751 0.619499 0.696751 0.620176 0.695848 0.620853 0.695848 0.620853 0.692238 0.621530 0.691336 0.621530 0.687726 0.622207 0.686823 0.622207 0.684116 0.622884 0.683213 0.622884 0.679603 0.622207 0.678700 0.622207 0.672383 0.621530 0.671480 0.621530 0.668773 0.620853 0.667870 0.620853 0.665162 0.620176 0.664260 0.620176 0.661552 0.619499 0.660650 0.619499 0.658845 0.618822 0.657942 0.618822 0.657040 0.616791 0.654332 0.616791 0.653430 0.612729 0.648014 0.612729 0.647112 0.610697 0.644404 0.610697 0.643502 0.607989 0.639892 0.607989 0.638989 0.607312 0.638087 0.607312 0.637184 0.605958 0.635379 0.605958 0.634477 0.604604 0.632671 0.604604 0.629061 0.605281 0.628159 0.605281 0.627256 0.605958 0.626354 0.605958 0.613718 0.605281 0.612816 0.605281 0.611913 0.603927 0.610108 0.603927 0.609206 0.603250 0.609206 0.601896 0.607401 0.601219 0.607401 0.599865 0.605596 0.599188 0.605596 0.598510 0.604693 0.596479 0.604693 0.595802 0.603791 0.590386 0.603791 0.589709 0.602888 0.588355 0.602888 0.587678 0.601986 0.587001 0.601986 0.586324 0.601083 0.584970 0.601083 0.584292 0.600181 0.582938 0.600181 0.582261 0.599278 0.580907 0.599278 0.580230 0.598375
0 0.647258 0.526173 0.645904 0.527978 0.644550 0.527978 0.643873 0.528881 0.643196 0.528881 0.641165 0.531588 0.640487 0.531588 0.639810 0.532491 0.639133 0.532491 0.637779 0.534296 0.637102 0.534296 0.635071 0.537004 0.634394 0.537004 0.633040 0.538809 0.633040 0.539711 0.632363 0.540614 0.632363 0.541516 0.631686 0.542419 0.631686 0.547834 0.632363 0.548736 0.632363 0.550542 0.635071 0.554152 0.635748 0.554152 0.636425 0.555054 0.643196 0.555054 0.643873 0.554152 0.644550 0.554152 0.645227 0.553249 0.645904 0.553249 0.648612 0.549639 0.648612 0.547834 0.649289 0.546931 0.649289 0.546029 0.649966 0.545126 0.649966 0.544224 0.650643 0.543321 0.650643 0.536101 0.651320 0.535199 0.651320 0.532491 0.650643 0.531588 0.650643 0.529783 0.649289 0.527978 0.648612 0.527978
1 0.170616 0.458484 0.169939 0.459386 0.168585 0.459386 0.167231 0.461191 0.167231 0.462094 0.166554 0.462996 0.166554 0.463899 0.165877 0.464801 0.165877 0.470217 0.166554 0.471119 0.167231 0.471119 0.167908 0.472022 0.168585 0.471119 0.181449 0.471119 0.182126 0.470217 0.182803 0.470217 0.183480 0.469314 0.183480 0.467509 0.184157 0.466606 0.178741 0.459386 0.177387 0.459386 0.176710 0.458484
1 0.347326 0.460289 0.346649 0.461191 0.345972 0.461191 0.344617 0.462996 0.345295 0.463899 0.345295 0.466606 0.346649 0.468412 0.348003 0.468412 0.348680 0.469314 0.349357 0.468412 0.350034 0.468412 0.351388 0.466606 0.351388 0.464801 0.350711 0.463899 0.350711 0.462094 0.349357 0.460289
1 0.715640 0.528881 0.714286 0.530686 0.713609 0.530686 0.712932 0.531588 0.712932 0.532491 0.712255 0.533394 0.712255 0.534296 0.711578 0.535199 0.711578 0.540614 0.712255 0.541516 0.712255 0.543321 0.713609 0.545126 0.716994 0.545126 0.718348 0.543321 0.718348 0.542419 0.719702 0.540614 0.720379 0.540614 0.721056 0.539711 0.721056 0.538809 0.723087 0.536101 0.723087 0.532491 0.720379 0.528881
1 0.250508 0.482852 0.249831 0.483755 0.249831 0.487365 0.250508 0.488267 0.250508 0.489170 0.253216 0.489170 0.253893 0.490072 0.254570 0.490072 0.255247 0.489170 0.255247 0.488267 0.255924 0.487365 0.255924 0.483755 0.255247 0.482852
1 0.264726 0.489170 0.264049 0.490072 0.264049 0.494585 0.264726 0.494585 0.265403 0.495487 0.266080 0.494585 0.269465 0.494585 0.269465 0.490975 0.268788 0.490072 0.268788 0.489170
1 0.574137 0.598375 0.573460 0.599278 0.572783 0.599278 0.572106 0.600181 0.572106 0.601083 0.571429 0.601986 0.571429 0.602888 0.570752 0.603791 0.570752 0.606498 0.570074 0.607401 0.570074 0.609206 0.570752 0.610108 0.573460 0.610108 0.574137 0.609206 0.575491 0.609206 0.577522 0.606498 0.579553 0.606498 0.580230 0.605596 0.581584 0.605596 0.582261 0.604693 0.582938 0.604693 0.583615 0.603791 0.584292 0.603791 0.584970 0.602888 0.585647 0.602888 0.586324 0.601986 0.587001 0.601986 0.586324 0.601083 0.585647 0.601083 0.584292 0.599278 0.583615 0.599278 0.582938 0.598375
1 0.487475 0.470217 0.485443 0.472924 0.485443 0.477437 0.486121 0.478339 0.488829 0.478339 0.489506 0.477437 0.490860 0.477437 0.491537 0.476534 0.491537 0.474729 0.492214 0.473827 0.491537 0.472924 0.491537 0.472022 0.490183 0.470217
1 0.236290 0.481949 0.235613 0.482852 0.234936 0.482852 0.234259 0.483755 0.234259 0.487365 0.234936 0.487365 0.236290 0.489170 0.241029 0.489170 0.241029 0.488267 0.241706 0.487365 0.241706 0.483755 0.240352 0.481949
1 0.182803 0.462094 0.182126 0.462996 0.181449 0.462996 0.181449 0.468412 0.182126 0.469314 0.182126 0.470217 0.182803 0.470217 0.183480 0.471119 0.184157 0.471119 0.184834 0.472022 0.185511 0.472022 0.186188 0.471119 0.186865 0.471119 0.188896 0.468412 0.188896 0.464801 0.188219 0.463899 0.188219 0.462996 0.186865 0.462996 0.186188 0.462094
1 0.517942 0.475632 0.517265 0.476534 0.517265 0.477437 0.516588 0.478339 0.516588 0.481949 0.517265 0.482852 0.518619 0.482852 0.519296 0.483755 0.523358 0.483755 0.524035 0.482852 0.524035 0.479242 0.523358 0.478339 0.523358 0.477437 0.522004 0.475632
1 0.373053 0.456679 0.372376 0.457581 0.371022 0.457581 0.369668 0.459386 0.369668 0.462996 0.371699 0.465704 0.376439 0.465704 0.376439 0.459386 0.375085 0.457581 0.373731 0.457581
1 0.416385 0.508123 0.415708 0.509025 0.415030 0.509025 0.413676 0.510830 0.413676 0.511733 0.412999 0.512635 0.412999 0.515343 0.414353 0.517148 0.415708 0.517148 0.416385 0.516245 0.419770 0.516245 0.420447 0.515343 0.421124 0.515343 0.421124 0.513538 0.421801 0.512635 0.421801 0.511733 0.421124 0.510830 0.421124 0.509928 0.420447 0.509928 0.419093 0.508123
1 0.575491 0.598375 0.574814 0.599278 0.573460 0.599278 0.571429 0.601986 0.571429 0.603791 0.570752 0.604693 0.570752 0.607401 0.570074 0.608303 0.570074 0.610108 0.569397 0.611011 0.569397 0.611913 0.567366 0.614621 0.567366 0.615523 0.566012 0.617329 0.566012 0.618231 0.563981 0.620939 0.563981 0.621841 0.563304 0.622744 0.563304 0.633574 0.563981 0.634477 0.563981 0.637184 0.564658 0.637184 0.566012 0.638989 0.566012 0.639892 0.566689 0.640794 0.568043 0.640794 0.568720 0.639892 0.568720 0.638989 0.569397 0.638087 0.569397 0.637184 0.572783 0.632671 0.572783 0.631769 0.574137 0.629964 0.574814 0.629964 0.574814 0.629061 0.580907 0.620939 0.581584 0.620939 0.582261 0.620036 0.583615 0.620036 0.584292 0.619134 0.586324 0.619134 0.587001 0.618231 0.592417 0.618231 0.595125 0.621841 0.595125 0.623646 0.596479 0.625451 0.596479 0.626354 0.598510 0.629061 0.599188 0.629061 0.599865 0.629964 0.603250 0.629964 0.605958 0.626354 0.605958 0.623646 0.606635 0.622744 0.606635 0.616426 0.605958 0.615523 0.605958 0.612816 0.603927 0.610108 0.603927 0.609206 0.603250 0.609206 0.601896 0.607401 0.601219 0.607401 0.599865 0.605596 0.599188 0.605596 0.598510 0.604693 0.595125 0.604693 0.594448 0.603791 0.593094 0.603791 0.592417 0.602888 0.591740 0.602888 0.591063 0.601986 0.588355 0.601986 0.587678 0.601083 0.586324 0.601083 0.585647 0.600181 0.584292 0.600181 0.583615 0.599278 0.581584 0.599278 0.580907 0.598375
1 0.643196 0.527076 0.642519 0.527978 0.641842 0.527978 0.641165 0.528881 0.639810 0.528881 0.638456 0.530686 0.637779 0.530686 0.634394 0.535199 0.634394 0.537004 0.635071 0.537906 0.635748 0.537906 0.636425 0.538809 0.640487 0.538809 0.641165 0.537906 0.642519 0.537906 0.645904 0.533394 0.645904 0.532491 0.648612 0.528881 0.647258 0.527076
2 0.550440 0.676895 0.549763 0.677798 0.549086 0.677798 0.547732 0.679603 0.547732 0.680505 0.547055 0.681408 0.547055 0.685018 0.548409 0.686823 0.549086 0.686823 0.549763 0.687726 0.553825 0.687726 0.554502 0.686823 0.555179 0.686823 0.556534 0.685018 0.556534 0.684116 0.557211 0.683213 0.557211 0.682310 0.557888 0.681408 0.557888 0.679603 0.558565 0.678700 0.557211 0.678700 0.556534 0.677798 0.555179 0.677798 0.554502 0.676895
2 0.496276 0.512635 0.495599 0.513538 0.494245 0.513538 0.493568 0.514440 0.493568 0.516245 0.494245 0.517148 0.494245 0.518051 0.494922 0.518953 0.498307 0.518953 0.498984 0.518051 0.498984 0.515343 0.498307 0.514440 0.498307 0.513538 0.497630 0.512635
2 0.723087 0.578520 0.722410 0.579422 0.721733 0.579422 0.718348 0.583935 0.717671 0.583935 0.716994 0.584838 0.716994 0.585740 0.716317 0.586643 0.716317 0.588448 0.716994 0.588448 0.717671 0.589350 0.728504 0.589350 0.729181 0.588448 0.730535 0.588448 0.731212 0.587545 0.731212 0.583935 0.727150 0.578520
2 0.518619 0.539711 0.515911 0.543321 0.516588 0.544224 0.516588 0.546029 0.522004 0.546029 0.522004 0.541516 0.521327 0.541516 0.520650 0.540614 0.519296 0.540614
2 0.736628 0.577617 0.735274 0.579422 0.734597 0.579422 0.732566 0.582130 0.732566 0.585740 0.733920 0.587545 0.742722 0.587545 0.743399 0.586643 0.744076 0.586643 0.744753 0.585740 0.745430 0.585740 0.745430 0.581227 0.744753 0.580325 0.743399 0.580325 0.742722 0.579422 0.742045 0.579422 0.740691 0.577617
2 0.166554 0.571300 0.165877 0.572202 0.164523 0.572202 0.162492 0.574910 0.162492 0.575812 0.161137 0.577617 0.161137 0.588448 0.160460 0.589350 0.160460 0.592058 0.161137 0.592960 0.161137 0.594765 0.162492 0.594765 0.163169 0.595668 0.166554 0.595668 0.167231 0.594765 0.168585 0.594765 0.168585 0.593863 0.169262 0.592960 0.169262 0.592058 0.169939 0.591155 0.169939 0.589350 0.170616 0.588448 0.170616 0.586643 0.171293 0.585740 0.171293 0.583032 0.171970 0.582130 0.171970 0.575812 0.171293 0.574910 0.171293 0.574007 0.169262 0.571300
2 0.182126 0.571300 0.180095 0.574007 0.180095 0.576715 0.181449 0.578520 0.186865 0.578520 0.187542 0.577617 0.188896 0.577617 0.189573 0.576715 0.189573 0.575812 0.190251 0.574910 0.190251 0.574007 0.189573 0.573105 0.189573 0.572202 0.188896 0.571300 0.188219 0.572202 0.182803 0.572202
2 0.180772 0.577617 0.180095 0.578520 0.179418 0.578520 0.178741 0.579422 0.178064 0.579422 0.177387 0.580325 0.176710 0.580325 0.176032 0.581227 0.176032 0.584838 0.176710 0.585740 0.177387 0.585740 0.178064 0.586643 0.180095 0.586643 0.180772 0.587545 0.182803 0.587545 0.183480 0.586643 0.185511 0.586643 0.186865 0.584838 0.186865 0.583032 0.186188 0.582130 0.186188 0.580325 0.184834 0.578520 0.184157 0.578520 0.183480 0.577617
2 0.511848 0.537906 0.511171 0.538809 0.509817 0.538809 0.509140 0.539711 0.509140 0.541516 0.508463 0.542419 0.508463 0.543321 0.509817 0.545126 0.510494 0.545126 0.511171 0.546029 0.511848 0.546029 0.513202 0.544224 0.513202 0.539711