0 0.879061 0.306026 0.878159 0.306703 0.876354 0.306703 0.875451 0.307380 0.874549 0.307380 0.872744 0.308734 0.872744 0.310088 0.871841 0.310765 0.872744 0.311442 0.872744 0.314827 0.874549 0.316181 0.874549 0.316858 0.877256 0.318890 0.879061 0.318890 0.879964 0.319567 0.881769 0.319567 0.883574 0.320921 0.883574 0.321598 0.884477 0.322275 0.884477 0.329722 0.883574 0.330399 0.883574 0.332431 0.882671 0.333108 0.882671 0.333785 0.881769 0.334462 0.881769 0.335139 0.880866 0.335816 0.880866 0.336493 0.879061 0.337847 0.879061 0.338524 0.878159 0.339201 0.878159 0.339878 0.875451 0.341909 0.876354 0.342586 0.876354 0.344617 0.878159 0.343263 0.879964 0.343263 0.880866 0.342586 0.883574 0.342586 0.886282 0.344617 0.886282 0.358158 0.887184 0.358835 0.887184 0.361544 0.888087 0.362221 0.888087 0.364252 0.888989 0.364929 0.888989 0.366960 0.889892 0.367637 0.889892 0.369668 0.890794 0.370345 0.890794 0.374408 0.891697 0.375085 0.891697 0.376439 0.892599 0.377116 0.898917 0.377116 0.899819 0.376439 0.900722 0.376439 0.900722 0.374408 0.901625 0.373731 0.901625 0.362898 0.902527 0.362221 0.902527 0.355450 0.903430 0.354773 0.903430 0.349357 0.904332 0.348680 0.904332 0.345972 0.905235 0.345295 0.905235 0.342586 0.906137 0.341909 0.906137 0.338524 0.907040 0.337847 0.907040 0.321598 0.906137 0.320921 0.906137 0.319567 0.905235 0.318890 0.905235 0.318213 0.904332 0.317536 0.904332 0.316858 0.903430 0.316858 0.902527 0.316181 0.901625 0.316181 0.899819 0.314827 0.898917 0.314827 0.896209 0.312796 0.895307 0.312796 0.893502 0.311442 0.893502 0.310765 0.892599 0.310088 0.891697 0.310088 0.887184 0.306703 0.885379 0.306703 0.884477 0.306026
0 0.005415 0.389980 0.003610 0.391334 0.003610 0.392011 0.002708 0.392688 0.002708 0.394719 0.001805 0.395396 0.001805 0.396750 0.000903 0.397427 0.000000 0.397427 0.000000 0.421124 0.000903 0.421124 0.001805 0.421801 0.001805 0.422478 0.002708 0.423155 0.002708 0.423832 0.003610 0.424509 0.003610 0.428571 0.004513 0.429248 0.006318 0.429248 0.007220 0.428571 0.009928 0.428571 0.010830 0.427894 0.011733 0.427894 0.012635 0.427217 0.012635 0.426540 0.013538 0.425863 0.013538 0.416385 0.014440 0.415708 0.014440 0.414353 0.016245 0.412999 0.016245 0.412322 0.017148 0.411645 0.018051 0.411645 0.018953 0.410968 0.018953 0.410291 0.019856 0.409614 0.019856 0.408260 0.020758 0.407583 0.020758 0.402167 0.019856 0.401490 0.019856 0.400135 0.018953 0.399458 0.018953 0.398781 0.018051 0.398104 0.018051 0.397427 0.017148 0.397427 0.015343 0.396073 0.015343 0.395396 0.013538 0.394042 0.013538 0.393365 0.011733 0.392011 0.011733 0.391334 0.009928 0.389980
0 0.820397 0.305349 0.818592 0.306703 0.817690 0.306703 0.816787 0.307380 0.816787 0.308057 0.815884 0.308734 0.815884 0.310088 0.814982 0.310765 0.814982 0.314827 0.813177 0.316181 0.813177 0.316858 0.807762 0.320921 0.806859 0.320921 0.806859 0.321598 0.803249 0.324306 0.803249 0.324983 0.802347 0.325660 0.802347 0.326337 0.801444 0.327014 0.801444 0.327691 0.800542 0.328368 0.800542 0.329722 0.799639 0.330399 0.799639 0.337170 0.800542 0.337847 0.800542 0.339878 0.801444 0.340555 0.801444 0.341909 0.802347 0.342586 0.802347 0.344617 0.803249 0.345295 0.803249 0.346649 0.804152 0.347326 0.804152 0.348003 0.805054 0.348680 0.805054 0.349357 0.805957 0.350034 0.806859 0.350034 0.807762 0.350711 0.809567 0.350711 0.811372 0.352065 0.811372 0.363575 0.812274 0.364252 0.812274 0.370345 0.813177 0.371022 0.813177 0.377793 0.814079 0.378470 0.814079 0.379824 0.814982 0.379824 0.815884 0.380501 0.820397 0.380501 0.823105 0.378470 0.823105 0.377793 0.824007 0.377116 0.824910 0.377116 0.825812 0.377793 0.825812 0.378470 0.827617 0.379824 0.832130 0.379824 0.833032 0.379147 0.833032 0.377793 0.833935 0.377116 0.833935 0.362221 0.834838 0.361544 0.834838 0.348680 0.835740 0.348003 0.835740 0.345972 0.836643 0.345295 0.836643 0.343940 0.837545 0.343263 0.837545 0.342586 0.838448 0.341909 0.838448 0.339878 0.839350 0.339201 0.839350 0.337170 0.840253 0.336493 0.840253 0.329045 0.839350 0.328368 0.839350 0.326337 0.838448 0.325660 0.838448 0.324306 0.837545 0.323629 0.837545 0.322952 0.836643 0.322275 0.836643 0.320921 0.835740 0.320244 0.835740 0.317536 0.834838 0.316858 0.834838 0.314827 0.833935 0.314150 0.833935 0.312119 0.833032 0.311442 0.833032 0.310088 0.829422 0.307380 0.828520 0.307380 0.827617 0.306703 0.826715 0.306703 0.825812 0.306026 0.823105 0.306026 0.822202 0.305349
0 0.212996 0.603927 0.212996 0.605281 0.212094 0.605958 0.212996 0.606635 0.212996 0.613406 0.213899 0.614083 0.213899 0.615437 0.214801 0.616114 0.215704 0.616114 0.216606 0.616791 0.217509 0.616114 0.218412 0.616114 0.218412 0.614760 0.219314 0.614083 0.219314 0.612729 0.220217 0.612051 0.220217 0.610697 0.222022 0.609343 0.223827 0.609343 0.223827 0.608666 0.222924 0.607989 0.222022 0.607989 0.220217 0.606635 0.220217 0.605958 0.219314 0.605281 0.219314 0.604604 0.216606 0.604604 0.215704 0.603927
0 0.178700 0.494245 0.177798 0.494922 0.168773 0.494922 0.167870 0.495599 0.166065 0.495599 0.165162 0.496276 0.162455 0.496276 0.161552 0.496953 0.159747 0.496953 0.158845 0.497630 0.157040 0.497630 0.155235 0.498984 0.154332 0.498984 0.152527 0.500339 0.151625 0.500339 0.146209 0.504401 0.146209 0.505078 0.145307 0.505755 0.145307 0.506432 0.143502 0.507786 0.143502 0.509817 0.142599 0.510494 0.142599 0.512525 0.141697 0.513202 0.141697 0.517942 0.140794 0.518619 0.141697 0.519296 0.141697 0.522681 0.142599 0.523358 0.142599 0.524035 0.143502 0.524712 0.143502 0.525389 0.145307 0.526743 0.145307 0.527420 0.147112 0.528775 0.147112 0.529452 0.148014 0.529452 0.152527 0.532837 0.153430 0.532837 0.154332 0.533514 0.155235 0.533514 0.156137 0.534191 0.157942 0.534191 0.158845 0.534868 0.159747 0.534868 0.164260 0.538253 0.164260 0.538930 0.166065 0.540284 0.166065 0.540961 0.166968 0.541638 0.166968 0.542316 0.168773 0.543670 0.169675 0.543670 0.170578 0.544347 0.175090 0.544347 0.175993 0.543670 0.176895 0.543670 0.177798 0.542993 0.178700 0.542993 0.181408 0.545024 0.183213 0.545024 0.184116 0.545701 0.193141 0.545701 0.194043 0.546378 0.196751 0.546378 0.197653 0.545701 0.199458 0.545701 0.200361 0.546378 0.200361 0.549763 0.197653 0.551794 0.197653 0.552471 0.196751 0.553148 0.196751 0.553825 0.195848 0.554502 0.195848 0.555179 0.194946 0.555856 0.194946 0.556534 0.194043 0.557211 0.194043 0.557888 0.193141 0.558565 0.193141 0.559242 0.187726 0.563304 0.187726 0.563981 0.185018 0.566012 0.185018 0.566689 0.182310 0.568720 0.182310 0.569397 0.180505 0.570752 0.180505 0.571429 0.177798 0.573460 0.177798 0.574137 0.175993 0.575491 0.175993 0.576168 0.174188 0.577522 0.174188 0.578199 0.173285 0.578876 0.173285 0.579553 0.171480 0.580907 0.171480 0.581584 0.170578 0.582261 0.170578 0.582938 0.163357 0.588355 0.163357 0.589032 0.159747 0.591740 0.159747 0.592417 0.156137 0.595125 0.156137 0.596479 0.151625 0.599865 0.151625 0.600542 0.150722 0.601219 0.149819 0.601219 0.148014 0.602573 0.147112 0.602573 0.145307 0.603927 0.143502 0.603927 0.140794 0.605958 0.139892 0.605958 0.139892 0.606635 0.138989 0.607312 0.138087 0.607312 0.137184 0.607989 0.136282 0.607989 0.133574 0.610020 0.133574 0.610697 0.131769 0.612051 0.131769 0.614083 0.129964 0.615437 0.129964 0.616114 0.130866 0.616791 0.132671 0.616791 0.134477 0.618145 0.134477 0.620176 0.132671 0.621530 0.132671 0.622884 0.131769 0.623561 0.131769 0.624238 0.130866 0.624915 0.130866 0.625592 0.129964 0.626269 0.129964 0.630332 0.130866 0.631009 0.130866 0.631686 0.133574 0.633717 0.134477 0.633717 0.135379 0.634394 0.140794 0.634394 0.143502 0.632363 0.143502 0.631686 0.147112 0.628978 0.147112 0.628301 0.148014 0.627624 0.148014 0.626947 0.148917 0.626269 0.148917 0.625592 0.151625 0.623561 0.151625 0.622884 0.152527 0.622207 0.152527 0.621530 0.154332 0.620176 0.154332 0.618822 0.156137 0.617468 0.156137 0.616791 0.157942 0.615437 0.157942 0.614760 0.158845 0.614083 0.158845 0.613406 0.159747 0.612729 0.159747 0.609343 0.163357 0.606635 0.164260 0.606635 0.165162 0.605958 0.166065 0.605958 0.166968 0.605281 0.167870 0.605281 0.168773 0.604604 0.170578 0.604604 0.171480 0.603927 0.174188 0.603927 0.175090 0.603250 0.175993 0.603250 0.178700 0.601219 0.178700 0.600542 0.179603 0.599865 0.179603 0.599188 0.181408 0.597833 0.181408 0.597156 0.183213 0.595802 0.183213 0.595125 0.184116 0.594448 0.184116 0.593771 0.186823 0.591740 0.186823 0.591063 0.187726 0.590386 0.188628 0.590386 0.190433 0.589032 0.191336 0.589032 0.192238 0.588355 0.194946 0.588355 0.195848 0.587678 0.196751 0.587678 0.199458 0.585647 0.199458 0.584970 0.203971 0.581584 0.203971 0.580907 0.205776 0.579553 0.207581 0.579553 0.210289 0.581584 0.210289 0.582938 0.211191 0.583615 0.211191 0.593094 0.212094 0.593771 0.212094 0.594448 0.212996 0.595125 0.213899 0.595125 0.214801 0.595802 0.218412 0.595802 0.219314 0.596479 0.220217 0.596479 0.221119 0.595802 0.222924 0.595802 0.223827 0.595125 0.223827 0.594448 0.225632 0.593094 0.225632 0.592417 0.226534 0.591740 0.226534 0.585647 0.227437 0.584970 0.227437 0.584292 0.228339 0.583615 0.228339 0.582938 0.229242 0.582261 0.229242 0.581584 0.230144 0.580907 0.231949 0.582261 0.231949 0.584292 0.232852 0.584970 0.232852 0.587001 0.233755 0.587678 0.233755 0.589032 0.234657 0.589709 0.234657 0.590386 0.235560 0.591063 0.235560 0.591740 0.237365 0.593094 0.238267 0.593094 0.239170 0.593771 0.242780 0.593771 0.243682 0.593094 0.248195 0.593094 0.249097 0.592417 0.250903 0.592417 0.251805 0.591740 0.252708 0.591740 0.252708 0.591063 0.255415 0.589032 0.255415 0.588355 0.256318 0.587678 0.256318 0.587001 0.258123 0.585647 0.258123 0.583615 0.259025 0.582938 0.259025 0.580230 0.258123 0.579553 0.258123 0.577522 0.257220 0.576845 0.257220 0.576168 0.256318 0.575491 0.256318 0.574137 0.255415 0.573460 0.255415 0.572106 0.254513 0.571429 0.254513 0.570752 0.253610 0.570074 0.253610 0.568720 0.252708 0.568043 0.252708 0.566012 0.251805 0.565335 0.251805 0.563304 0.250903 0.562627 0.250903 0.561273 0.250000 0.560596 0.250000 0.559242 0.249097 0.558565 0.249097 0.555179 0.248195 0.554502 0.248195 0.552471 0.249097 0.551794 0.249097 0.550440 0.251805 0.548409 0.252708 0.548409 0.254513 0.547055 0.255415 0.547055 0.256318 0.546378 0.258123 0.546378 0.259025 0.545701 0.287906 0.545701 0.288809 0.545024 0.291516 0.545024 0.292419 0.544347 0.294224 0.544347 0.295126 0.545024 0.296029 0.545024 0.297834 0.546378 0.297834 0.547732 0.296931 0.548409 0.296931 0.551117 0.296029 0.551794 0.296029 0.553148 0.295126 0.553825 0.295126 0.554502 0.294224 0.555179 0.294224 0.556534 0.293321 0.557211 0.293321 0.557888 0.291516 0.559242 0.291516 0.561273 0.290614 0.561950 0.290614 0.563304 0.289711 0.563981 0.289711 0.564658 0.284296 0.568720 0.284296 0.569397 0.283394 0.570074 0.283394 0.572783 0.282491 0.573460 0.282491 0.576845 0.283394 0.577522 0.283394 0.580230 0.284296 0.580907 0.284296 0.581584 0.285199 0.582261 0.285199 0.582938 0.286101 0.583615 0.286101 0.584292 0.287004 0.584292 0.287906 0.584970 0.289711 0.584970 0.290614 0.585647 0.293321 0.585647 0.294224 0.584970 0.296029 0.584970 0.296931 0.584292 0.305957 0.584292 0.306859 0.584970 0.316787 0.584970 0.317690 0.584292 0.319495 0.584292 0.320397 0.583615 0.322202 0.583615 0.323105 0.582938 0.324910 0.582938 0.325812 0.582261 0.327617 0.582261 0.328520 0.581584 0.330325 0.581584 0.332130 0.580230 0.333032 0.580230 0.333935 0.579553 0.334838 0.579553 0.335740 0.578876 0.336643 0.578876 0.337545 0.578199 0.338448 0.578199 0.340253 0.576845 0.341155 0.576845 0.342058 0.576168 0.343863 0.576168 0.344765 0.575491 0.346570 0.575491 0.347473 0.574814 0.348375 0.574814 0.350181 0.573460 0.351083 0.573460 0.351986 0.572783 0.352888 0.572783 0.354693 0.571429 0.355596 0.571429 0.360108 0.568043 0.360108 0.567366 0.362816 0.565335 0.362816 0.564658 0.364621 0.563304 0.364621 0.562627 0.366426 0.561273 0.368231 0.561273 0.369134 0.560596 0.371841 0.560596 0.372744 0.561273 0.381769 0.561273 0.382671 0.560596 0.388087 0.560596 0.389892 0.559242 0.389892 0.557888 0.390794 0.557211 0.389892 0.556534 0.389892 0.555856 0.388989 0.555856 0.388087 0.555179 0.385379 0.555179 0.384477 0.554502 0.381769 0.554502 0.380866 0.553825 0.379964 0.553825 0.378159 0.552471 0.377256 0.552471 0.376354 0.551794 0.375451 0.551794 0.374549 0.551117 0.373646 0.551117 0.371841 0.549763 0.370036 0.549763 0.369134 0.549086 0.365523 0.549086 0.362816 0.547055 0.362816 0.546378 0.361913 0.545701 0.361913 0.545024 0.361011 0.545024 0.358303 0.542993 0.357401 0.542993 0.356498 0.542316 0.353791 0.542316 0.352888 0.542993 0.351986 0.542993 0.351986 0.543670 0.352888 0.544347 0.352888 0.547055 0.351986 0.547732 0.351986 0.549763 0.349278 0.551794 0.348375 0.551794 0.347473 0.552471 0.345668 0.552471 0.344765 0.553148 0.342960 0.553148 0.342058 0.553825 0.341155 0.553825 0.340253 0.554502 0.336643 0.554502 0.335740 0.555179 0.334838 0.555179 0.333032 0.553825 0.333032 0.551794 0.333935 0.551117 0.333935 0.550440 0.334838 0.549763 0.334838 0.549086 0.339350 0.545701 0.339350 0.545024 0.341155 0.543670 0.341155 0.542993 0.342058 0.542316 0.342058 0.540961 0.343863 0.539607 0.342058 0.538253 0.341155 0.538253 0.339350 0.536899 0.338448 0.536899 0.336643 0.535545 0.335740 0.535545 0.334838 0.534868 0.333032 0.534868 0.332130 0.534191 0.330325 0.534191 0.329422 0.533514 0.327617 0.533514 0.326715 0.532837 0.324910 0.532837 0.322202 0.530806 0.322202 0.530129 0.321300 0.529452 0.321300 0.528775 0.324007 0.526743 0.325812 0.526743 0.326715 0.527420 0.330325 0.527420 0.331227 0.528097 0.332130 0.528097 0.333935 0.529452 0.334838 0.529452 0.336643 0.530806 0.338448 0.530806 0.339350 0.531483 0.340253 0.531483 0.342058 0.532837 0.343863 0.532837 0.344765 0.533514 0.345668 0.532837 0.347473 0.532837 0.348375 0.532160 0.348375 0.530806 0.349278 0.530129 0.349278 0.528097 0.350181 0.527420 0.350181 0.526743 0.351083 0.526066 0.351083 0.524712 0.350181 0.524035 0.350181 0.522681 0.341155 0.515911 0.341155 0.515234 0.338448 0.513202 0.338448 0.512525 0.334838 0.509817 0.334838 0.509140 0.333032 0.507786 0.332130 0.507786 0.331227 0.507109 0.328520 0.507109 0.327617 0.506432 0.322202 0.506432 0.321300 0.505755 0.320397 0.505755 0.319495 0.505078 0.318592 0.505078 0.317690 0.504401 0.315884 0.504401 0.314982 0.503724 0.314079 0.503724 0.313177 0.503047 0.312274 0.503047 0.311372 0.502370 0.310469 0.502370 0.309567 0.501693 0.306859 0.501693 0.305957 0.501016 0.304152 0.501016 0.303249 0.500339 0.301444 0.500339 0.300542 0.499661 0.297834 0.499661 0.296931 0.498984 0.293321 0.498984 0.292419 0.498307 0.261733 0.498307 0.260830 0.498984 0.257220 0.498984 0.256318 0.499661 0.250000 0.499661 0.249097 0.500339 0.244585 0.500339 0.243682 0.501016 0.240975 0.501016 0.240072 0.501693 0.238267 0.501693 0.237365 0.502370 0.234657 0.502370 0.233755 0.503047 0.231047 0.503047 0.230144 0.503724 0.223827 0.503724 0.222924 0.503047 0.222022 0.503047 0.220217 0.501693 0.219314 0.501693 0.218412 0.501016 0.217509 0.501016 0.216606 0.500339 0.215704 0.500339 0.214801 0.499661 0.213899 0.499661 0.212996 0.498984 0.211191 0.498984 0.210289 0.498307 0.203971 0.498307 0.203069 0.498984 0.201264 0.498984 0.200361 0.499661 0.198556 0.499661 0.197653 0.500339 0.196751 0.500339 0.195848 0.501016 0.194043 0.501016 0.193141 0.501693 0.191336 0.501693 0.190433 0.501016 0.188628 0.501016 0.187726 0.500339 0.187726 0.499661 0.186823 0.498984 0.186823 0.498307 0.185921 0.497630 0.185921 0.496953 0.183213 0.494922 0.182310 0.494922 0.181408 0.494245
0 0.546029 0.465809 0.545126 0.466486 0.544224 0.466486 0.540614 0.469194 0.539711 0.469194 0.537906 0.470548 0.537004 0.470548 0.535199 0.471903 0.534296 0.471903 0.533394 0.472580 0.532491 0.472580 0.528881 0.475288 0.527978 0.475288 0.524368 0.477996 0.524368 0.478673 0.521661 0.480704 0.521661 0.481381 0.520758 0.482058 0.520758 0.482735 0.518953 0.484089 0.518953 0.485443 0.518051 0.486121 0.518051 0.487475 0.517148 0.488152 0.517148 0.490183 0.516245 0.490860 0.516245 0.494245 0.515343 0.494922 0.515343 0.501016 0.514440 0.501693 0.514440 0.502370 0.513538 0.503047 0.513538 0.503724 0.511733 0.505078 0.511733 0.507786 0.510830 0.508463 0.511733 0.509140 0.511733 0.511848 0.512635 0.512525 0.512635 0.513202 0.514440 0.514557 0.514440 0.515911 0.515343 0.516588 0.515343 0.517942 0.516245 0.518619 0.513538 0.520650 0.512635 0.520650 0.511733 0.521327 0.511733 0.522004 0.510830 0.522681 0.510830 0.524035 0.509928 0.524712 0.509928 0.525389 0.509025 0.526066 0.509025 0.526743 0.508123 0.527420 0.508123 0.529452 0.507220 0.530129 0.507220 0.533514 0.506318 0.534191 0.506318 0.537576 0.505415 0.538253 0.505415 0.540961 0.504513 0.541638 0.504513 0.546378 0.509025 0.549763 0.509025 0.551117 0.508123 0.551794 0.508123 0.552471 0.507220 0.553148 0.507220 0.553825 0.505415 0.555179 0.505415 0.555856 0.504513 0.556534 0.504513 0.557211 0.503610 0.557888 0.503610 0.558565 0.500903 0.560596 0.500903 0.561273 0.497292 0.563981 0.497292 0.564658 0.494585 0.566689 0.494585 0.567366 0.492780 0.568720 0.492780 0.569397 0.490072 0.571429 0.490072 0.572106 0.486462 0.574814 0.486462 0.575491 0.478339 0.581584 0.478339 0.582261 0.474729 0.584970 0.474729 0.586324 0.472924 0.587678 0.472924 0.589032 0.472022 0.589709 0.472022 0.590386 0.471119 0.591063 0.471119 0.593094 0.470217 0.593771 0.470217 0.597156 0.469314 0.597833 0.469314 0.599865 0.468412 0.600542 0.468412 0.601219 0.467509 0.601896 0.467509 0.603250 0.466606 0.603927 0.466606 0.605281 0.465704 0.605958 0.465704 0.607312 0.464801 0.607989 0.464801 0.608666 0.463899 0.609343 0.463899 0.610697 0.462996 0.611374 0.462996 0.612729 0.462094 0.613406 0.462094 0.614760 0.461191 0.615437 0.461191 0.616114 0.460289 0.616791 0.460289 0.617468 0.459386 0.618145 0.459386 0.618822 0.458484 0.619499 0.458484 0.620176 0.457581 0.620853 0.457581 0.621530 0.456679 0.622207 0.456679 0.626947 0.460289 0.629655 0.461191 0.629655 0.466606 0.633717 0.467509 0.633717 0.472022 0.637102 0.472022 0.637779 0.472924 0.638456 0.472924 0.641165 0.472022 0.641842 0.472022 0.642519 0.471119 0.643196 0.471119 0.643873 0.470217 0.644550 0.470217 0.645227 0.469314 0.645904 0.469314 0.646581 0.468412 0.647258 0.468412 0.649289 0.467509 0.649966 0.467509 0.650643 0.466606 0.651320 0.466606 0.661476 0.465704 0.662153 0.465704 0.667569 0.466606 0.668246 0.466606 0.672309 0.467509 0.672986 0.467509 0.674340 0.468412 0.675017 0.468412 0.677048 0.469314 0.677725 0.469314 0.679756 0.470217 0.680433 0.470217 0.682464 0.471119 0.683142 0.471119 0.685173 0.472022 0.685850 0.472022 0.688558 0.472924 0.689235 0.472924 0.691943 0.473827 0.692620 0.473827 0.695328 0.474729 0.696005 0.474729 0.699391 0.475632 0.700068 0.475632 0.704807 0.476534 0.705484 0.476534 0.710900 0.477437 0.711578 0.477437 0.718348 0.478339 0.719025 0.478339 0.725118 0.479242 0.725796 0.479242 0.731889 0.480144 0.732566 0.480144 0.735274 0.481047 0.735951 0.481047 0.738659 0.481949 0.739336 0.481949 0.741368 0.482852 0.742045 0.482852 0.744076 0.483755 0.744753 0.483755 0.746784 0.484657 0.747461 0.484657 0.748815 0.485560 0.749492 0.485560 0.751523 0.486462 0.752200 0.486462 0.752877 0.487365 0.753555 0.487365 0.754232 0.488267 0.754909 0.488267 0.755586 0.489170 0.756263 0.489170 0.756940 0.490072 0.757617 0.490072 0.758294 0.491877 0.759648 0.491877 0.760325 0.493682 0.761679 0.493682 0.762356 0.497292 0.765064 0.497292 0.765741 0.498195 0.766418 0.498195 0.767095 0.500000 0.768450 0.500000 0.769804 0.500903 0.770481 0.500903 0.771158 0.501805 0.771835 0.501805 0.772512 0.502708 0.773189 0.502708 0.773866 0.503610 0.774543 0.503610 0.775897 0.504513 0.776574 0.504513 0.777251 0.506318 0.778605 0.506318 0.779282 0.507220 0.779959 0.507220 0.780636 0.508123 0.781313 0.508123 0.781991 0.510830 0.784022 0.510830 0.784699 0.511733 0.785376 0.511733 0.786053 0.514440 0.788084 0.514440 0.788761 0.515343 0.789438 0.515343 0.790115 0.519856 0.793500 0.520758 0.793500 0.521661 0.794177 0.522563 0.794177 0.523466 0.794854 0.524368 0.794854 0.525271 0.795531 0.527076 0.795531 0.527978 0.796209 0.535199 0.796209 0.536101 0.796886 0.537004 0.796209 0.537906 0.796209 0.537906 0.795531 0.540614 0.793500 0.540614 0.792146 0.539711 0.791469 0.539711 0.789438 0.538809 0.788761 0.538809 0.788084 0.537906 0.787407 0.537906 0.784699 0.537004 0.784022 0.537004 0.779282 0.537906 0.778605 0.541516 0.778605 0.542419 0.779282 0.543321 0.779282 0.544224 0.778605 0.546029 0.778605 0.546931 0.777928 0.547834 0.778605 0.552347 0.778605 0.553249 0.779282 0.560469 0.779282 0.561372 0.779959 0.580325 0.779959 0.581227 0.780636 0.589350 0.780636 0.590253 0.779959 0.598375 0.779959 0.599278 0.779282 0.601986 0.779282 0.602888 0.778605 0.608303 0.778605 0.609206 0.777928 0.614621 0.777928 0.615523 0.777251 0.623646 0.777251 0.624549 0.776574 0.628159 0.776574 0.629061 0.775897 0.631769 0.775897 0.632671 0.776574 0.633574 0.775897 0.637184 0.775897 0.638087 0.775220 0.639892 0.775220 0.641697 0.776574 0.641697 0.777251 0.642599 0.777928 0.642599 0.780636 0.641697 0.781313 0.641697 0.784022 0.640794 0.784699 0.640794 0.786053 0.644404 0.788761 0.645307 0.788761 0.646209 0.789438 0.648014 0.789438 0.648917 0.790115 0.661552 0.790115 0.662455 0.789438 0.664260 0.789438 0.668773 0.786053 0.668773 0.784699 0.669675 0.784022 0.669675 0.783345 0.670578 0.782668 0.670578 0.781313 0.671480 0.780636 0.671480 0.771158 0.672383 0.770481 0.672383 0.769804 0.673285 0.769127 0.673285 0.768450 0.676895 0.765741 0.676895 0.765064 0.679603 0.763033 0.679603 0.762356 0.681408 0.761002 0.681408 0.760325 0.683213 0.758971 0.683213 0.758294 0.684116 0.757617 0.684116 0.756940 0.685018 0.756263 0.685018 0.755586 0.685921 0.754909 0.685921 0.754232 0.686823 0.753555 0.686823 0.752877 0.687726 0.752200 0.687726 0.751523 0.688628 0.750846 0.688628 0.749492 0.689531 0.748815 0.689531 0.746784 0.690433 0.746107 0.690433 0.740014 0.691336 0.739336 0.691336 0.724441 0.690433 0.723764 0.690433 0.719702 0.689531 0.719025 0.689531 0.712932 0.690433 0.712255 0.690433 0.710223 0.691336 0.709546 0.691336 0.707515 0.692238 0.706838 0.692238 0.705484 0.691336 0.704807 0.691336 0.702776 0.690433 0.702099 0.690433 0.700068 0.689531 0.699391 0.689531 0.693297 0.688628 0.692620 0.688628 0.689235 0.689531 0.688558 0.689531 0.675694 0.690433 0.675017 0.690433 0.669601 0.691336 0.668923 0.691336 0.664861 0.692238 0.664184 0.692238 0.656737 0.691336 0.656060 0.691336 0.654028 0.690433 0.653351 0.690433 0.651320 0.689531 0.650643 0.689531 0.646581 0.688628 0.645904 0.688628 0.644550 0.687726 0.643873 0.687726 0.643196 0.686823 0.642519 0.686823 0.641842 0.685921 0.641165 0.685921 0.639810 0.685018 0.639133 0.685018 0.638456 0.683213 0.637102 0.683213 0.636425 0.682310 0.635748 0.682310 0.635071 0.680505 0.633717 0.680505 0.633040 0.679603 0.632363 0.679603 0.631686 0.678700 0.631009 0.678700 0.630332 0.677798 0.629655 0.678700 0.628978 0.678700 0.628301 0.679603 0.627624 0.679603 0.626269 0.680505 0.625592 0.680505 0.624915 0.681408 0.624238 0.681408 0.623561 0.682310 0.622884 0.682310 0.622207 0.683213 0.621530 0.683213 0.620853 0.684116 0.620176 0.684116 0.619499 0.685018 0.618822 0.685018 0.616791 0.685921 0.616114 0.685921 0.614083 0.686823 0.613406 0.686823 0.611374 0.687726 0.610697 0.687726 0.606635 0.688628 0.605958 0.688628 0.605281 0.687726 0.604604 0.687726 0.601219 0.686823 0.600542 0.686823 0.599188 0.685921 0.598510 0.685921 0.597156 0.685018 0.596479 0.685018 0.595802 0.684116 0.595125 0.684116 0.593771 0.683213 0.593094 0.683213 0.591063 0.682310 0.590386 0.682310 0.589032 0.681408 0.588355 0.681408 0.586324 0.680505 0.585647 0.680505 0.584292 0.679603 0.583615 0.679603 0.582261 0.678700 0.581584 0.678700 0.580230 0.676895 0.578876 0.676895 0.578199 0.675993 0.577522 0.675993 0.576845 0.673285 0.574814 0.673285 0.574137 0.671480 0.572783 0.670578 0.572783 0.668773 0.571429 0.668773 0.570752 0.657040 0.561950 0.657040 0.561273 0.646209 0.553148 0.645307 0.553148 0.641697 0.550440 0.641697 0.549763 0.639892 0.548409 0.638989 0.548409 0.637184 0.547055 0.637184 0.546378 0.636282 0.545701 0.635379 0.545701 0.632671 0.543670 0.632671 0.542993 0.628159 0.539607 0.628159 0.538930 0.629061 0.538253 0.629061 0.537576 0.629964 0.536899 0.629964 0.536222 0.636282 0.531483 0.636282 0.530806 0.637184 0.530129 0.637184 0.526743 0.636282 0.526066 0.636282 0.525389 0.635379 0.524712 0.635379 0.524035 0.634477 0.523358 0.634477 0.522681 0.633574 0.522004 0.633574 0.521327 0.631769 0.519973 0.631769 0.519296 0.630866 0.518619 0.630866 0.517942 0.628159 0.515911 0.628159 0.515234 0.627256 0.514557 0.627256 0.513879 0.625451 0.512525 0.625451 0.511848 0.620036 0.507786 0.619134 0.507786 0.617329 0.506432 0.616426 0.506432 0.615523 0.505755 0.614621 0.505755 0.613718 0.505078 0.611913 0.505078 0.609206 0.503047 0.609206 0.501693 0.607401 0.500339 0.607401 0.499661 0.606498 0.498984 0.606498 0.497630 0.601083 0.493568 0.601083 0.492891 0.598375 0.490860 0.598375 0.490183 0.595668 0.488152 0.595668 0.487475 0.594765 0.486798 0.594765 0.486121 0.592960 0.484766 0.592960 0.484089 0.592058 0.483412 0.592058 0.482735 0.590253 0.481381 0.590253 0.480704 0.587545 0.478673 0.587545 0.477996 0.584838 0.475965 0.584838 0.475288 0.583935 0.475288 0.580325 0.472580 0.579422 0.472580 0.577617 0.471225 0.576715 0.471225 0.575812 0.470548 0.574910 0.470548 0.574007 0.469871 0.572202 0.469871 0.571300 0.469194 0.569495 0.469194 0.568592 0.468517 0.565884 0.468517 0.564982 0.467840 0.562274 0.467840 0.561372 0.467163 0.558664 0.467163 0.557762 0.466486 0.554152 0.466486 0.553249 0.465809
1 0.879964 0.305349 0.879061 0.306026 0.878159 0.306026 0.877256 0.306703 0.875451 0.306703 0.871841 0.309411 0.871841 0.313473 0.872744 0.314150 0.872744 0.314827 0.874549 0.316181 0.874549 0.316858 0.876354 0.318213 0.879964 0.318213 0.880866 0.317536 0.881769 0.317536 0.881769 0.315504 0.882671 0.314827 0.882671 0.313473 0.886282 0.310765 0.888087 0.310765 0.888087 0.308734 0.887184 0.308057 0.887184 0.306703 0.885379 0.306703 0.883574 0.305349
1 0.006318 0.389980 0.005415 0.390657 0.004513 0.390657 0.003610 0.391334 0.003610 0.392011 0.002708 0.392688 0.002708 0.395396 0.003610 0.396073 0.003610 0.396750 0.004513 0.396750 0.005415 0.397427 0.009025 0.397427 0.009928 0.396750 0.010830 0.396750 0.011733 0.396073 0.011733 0.394719 0.012635 0.394042 0.011733 0.393365 0.011733 0.392011 0.010830 0.391334 0.010830 0.390657 0.009928 0.390657 0.009025 0.389980
1 0.317690 0.368314 0.316787 0.368991 0.315884 0.368991 0.314982 0.369668 0.314982 0.373731 0.317690 0.375762 0.321300 0.375762 0.321300 0.375085 0.322202 0.374408 0.322202 0.371699 0.321300 0.371022 0.321300 0.369668 0.320397 0.368991 0.318592 0.368991
1 0.167870 0.494922 0.166968 0.495599 0.165162 0.495599 0.164260 0.496276 0.161552 0.496276 0.160650 0.496953 0.158845 0.496953 0.157942 0.497630 0.156137 0.497630 0.153430 0.499661 0.152527 0.499661 0.150722 0.501016 0.149819 0.501016 0.148917 0.501693 0.148917 0.502370 0.148014 0.503047 0.147112 0.503047 0.147112 0.503724 0.145307 0.505078 0.145307 0.505755 0.144404 0.506432 0.144404 0.507109 0.143502 0.507786 0.143502 0.509140 0.142599 0.509817 0.142599 0.511848 0.141697 0.512525 0.141697 0.514557 0.140794 0.515234 0.140794 0.519973 0.141697 0.520650 0.141697 0.523358 0.142599 0.524035 0.142599 0.524712 0.143502 0.525389 0.143502 0.526066 0.147112 0.528775 0.147112 0.529452 0.148014 0.530129 0.148917 0.530129 0.152527 0.532837 0.153430 0.532837 0.154332 0.533514 0.155235 0.533514 0.156137 0.534191 0.157942 0.534191 0.158845 0.534868 0.159747 0.534868 0.160650 0.535545 0.161552 0.535545 0.163357 0.536899 0.163357 0.537576 0.164260 0.538253 0.164260 0.538930 0.165162 0.539607 0.165162 0.540284 0.166065 0.540961 0.166065 0.541638 0.168773 0.543670 0.170578 0.543670 0.171480 0.544347 0.172383 0.543670 0.173285 0.543670 0.175090 0.542316 0.175090 0.541638 0.175993 0.540961 0.175993 0.538253 0.176895 0.537576 0.176895 0.533514 0.177798 0.532837 0.177798 0.523358 0.178700 0.522681 0.178700 0.520650 0.179603 0.519973 0.179603 0.517942 0.180505 0.517265 0.180505 0.516588 0.181408 0.515911 0.181408 0.515234 0.185018 0.512525 0.185018 0.511171 0.185921 0.510494 0.185921 0.507109 0.186823 0.506432 0.186823 0.501016 0.185921 0.500339 0.185921 0.497630 0.185018 0.496953 0.185018 0.496276 0.183213 0.494922
1 0.546029 0.465809 0.545126 0.466486 0.544224 0.466486 0.540614 0.469194 0.539711 0.469194 0.536101 0.471903 0.535199 0.471903 0.534296 0.472580 0.533394 0.472580 0.532491 0.473257 0.531588 0.473257 0.527978 0.475965 0.527076 0.475965 0.524368 0.477996 0.524368 0.478673 0.521661 0.480704 0.521661 0.481381 0.520758 0.482058 0.520758 0.482735 0.519856 0.483412 0.519856 0.484089 0.518953 0.484766 0.518953 0.485443 0.518051 0.486121 0.518051 0.487475 0.517148 0.488152 0.517148 0.490860 0.516245 0.491537 0.516245 0.494922 0.515343 0.495599 0.515343 0.499661 0.514440 0.500339 0.514440 0.501693 0.513538 0.502370 0.513538 0.503047 0.511733 0.504401 0.511733 0.505755 0.510830 0.506432 0.510830 0.509817 0.511733 0.510494 0.511733 0.512525 0.514440 0.514557 0.514440 0.515911 0.515343 0.516588 0.515343 0.517265 0.517148 0.518619 0.514440 0.520650 0.513538 0.520650 0.510830 0.522681 0.510830 0.524035 0.509025 0.525389 0.509025 0.526743 0.508123 0.527420 0.508123 0.530806 0.507220 0.531483 0.507220 0.536222 0.506318 0.536899 0.506318 0.538930 0.505415 0.539607 0.505415 0.540961 0.504513 0.541638 0.504513 0.546378 0.505415 0.546378 0.506318 0.547055 0.507220 0.547055 0.508123 0.547732 0.509025 0.547732 0.509928 0.548409 0.510830 0.548409 0.511733 0.549086 0.512635 0.549086 0.514440 0.550440 0.515343 0.550440 0.516245 0.551117 0.518953 0.551117 0.519856 0.551794 0.523466 0.551794 0.524368 0.552471 0.525271 0.552471 0.526173 0.553148 0.528881 0.553148 0.529783 0.553825 0.538809 0.553825 0.539711 0.554502 0.555054 0.554502 0.555957 0.555179 0.566787 0.555179 0.567690 0.554502 0.572202 0.554502 0.573105 0.553825 0.579422 0.553825 0.580325 0.553148 0.583032 0.553148 0.583935 0.552471 0.587545 0.552471 0.588448 0.551794 0.592058 0.551794 0.592960 0.551117 0.593863 0.551117 0.594765 0.550440 0.596570 0.550440 0.597473 0.549763 0.598375 0.549763 0.599278 0.549086 0.600181 0.549086 0.601083 0.548409 0.601986 0.548409 0.602888 0.547732 0.603791 0.547732 0.604693 0.547055 0.606498 0.547055 0.607401 0.546378 0.608303 0.546378 0.610108 0.545024 0.611913 0.545024 0.612816 0.544347 0.613718 0.544347 0.615523 0.542993 0.616426 0.542993 0.619134 0.540961 0.620036 0.540961 0.623646 0.538253 0.624549 0.538253 0.625451 0.537576 0.626354 0.537576 0.630866 0.534191 0.631769 0.534191 0.632671 0.533514 0.633574 0.533514 0.636282 0.531483 0.636282 0.530806 0.637184 0.530129 0.637184 0.526743 0.636282 0.526066 0.636282 0.525389 0.634477 0.524035 0.634477 0.523358 0.633574 0.522681 0.633574 0.521327 0.630866 0.519296 0.630866 0.518619 0.629964 0.517942 0.629964 0.517265 0.628159 0.515911 0.628159 0.515234 0.626354 0.513879 0.626354 0.513202 0.625451 0.513202 0.624549 0.512525 0.624549 0.511848 0.619134 0.507786 0.618231 0.507786 0.617329 0.507109 0.616426 0.507109 0.615523 0.506432 0.613718 0.506432 0.609206 0.503047 0.609206 0.501693 0.608303 0.501016 0.608303 0.500339 0.607401 0.499661 0.607401 0.498984 0.606498 0.498307 0.606498 0.497630 0.601083 0.493568 0.601083 0.492891 0.599278 0.491537 0.599278 0.490860 0.595668 0.488152 0.595668 0.487475 0.594765 0.486798 0.594765 0.486121 0.592960 0.484766 0.592960 0.484089 0.592058 0.483412 0.592058 0.482735 0.589350 0.480704 0.589350 0.480027 0.587545 0.478673 0.587545 0.477996 0.580325 0.472580 0.579422 0.472580 0.577617 0.471225 0.575812 0.471225 0.574910 0.470548 0.574007 0.470548 0.573105 0.469871 0.571300 0.469871 0.570397 0.469194 0.568592 0.469194 0.567690 0.468517 0.565884 0.468517 0.564982 0.467840 0.563177 0.467840 0.562274 0.467163 0.561372 0.467163 0.560469 0.466486 0.553249 0.466486 0.552347 0.465809
1 0.820397 0.305349 0.819495 0.306026 0.818592 0.306026 0.816787 0.307380 0.816787 0.308057 0.815884 0.308734 0.815884 0.312119 0.816787 0.312796 0.816787 0.313473 0.817690 0.314150 0.818592 0.314150 0.819495 0.314827 0.824910 0.314827 0.825812 0.315504 0.829422 0.315504 0.830325 0.314827 0.832130 0.314827 0.833032 0.314150 0.833935 0.314150 0.833935 0.310765 0.833032 0.310088 0.833032 0.309411 0.829422 0.306703 0.828520 0.306703 0.827617 0.306026 0.825812 0.306026 0.824910 0.305349
2 0.816787 0.377116 0.815884 0.377793 0.814079 0.377793 0.814079 0.378470 0.813177 0.379147 0.813177 0.379824 0.814079 0.380501 0.814079 0.381178 0.815884 0.381178 0.816787 0.381855 0.819495 0.381855 0.820397 0.381178 0.821300 0.381178 0.823105 0.379824 0.822202 0.379147 0.822202 0.378470 0.821300 0.377793 0.818592 0.377793 0.817690 0.377116
2 0.669675 0.770481 0.668773 0.771158 0.666065 0.771158 0.665162 0.771835 0.662455 0.771835 0.661552 0.772512 0.655235 0.772512 0.654332 0.773189 0.652527 0.773189 0.651625 0.773866 0.648917 0.773866 0.648014 0.774543 0.646209 0.774543 0.643502 0.776574 0.643502 0.777251 0.642599 0.777928 0.642599 0.779282 0.641697 0.779959 0.641697 0.780636 0.640794 0.781313 0.640794 0.782668 0.639892 0.783345 0.639892 0.787407 0.643502 0.790115 0.645307 0.790115 0.646209 0.790792 0.649819 0.790792 0.650722 0.791469 0.660650 0.791469 0.661552 0.790792 0.664260 0.790792 0.665162 0.790115 0.666065 0.790115 0.666968 0.789438 0.667870 0.789438 0.668773 0.788761 0.668773 0.788084 0.670578 0.786730 0.670578 0.786053 0.671480 0.785376 0.671480 0.783345 0.672383 0.782668 0.672383 0.771158 0.671480 0.770481
2 0.893502 0.373731 0.892599 0.374408 0.891697 0.374408 0.890794 0.375085 0.890794 0.377116 0.891697 0.377116 0.892599 0.377793 0.898014 0.377793 0.898917 0.377116 0.899819 0.377116 0.900722 0.376439 0.900722 0.375762 0.899819 0.375085 0.898917 0.375085 0.898014 0.374408 0.894404 0.374408
2 0.782491 0.386594 0.782491 0.387271 0.781588 0.387949 0.781588 0.389303 0.780686 0.389980 0.780686 0.391334 0.779783 0.392011 0.779783 0.394719 0.780686 0.395396 0.780686 0.396073 0.782491 0.397427 0.783394 0.397427 0.784296 0.398104 0.785199 0.398104 0.786101 0.398781 0.790614 0.398781 0.791516 0.398104 0.793321 0.398104 0.794224 0.397427 0.794224 0.396750 0.793321 0.396073 0.793321 0.394719 0.792419 0.394042 0.792419 0.393365 0.791516 0.392688 0.791516 0.392011 0.789711 0.390657 0.789711 0.389980 0.787004 0.387949 0.787004 0.387271 0.786101 0.386594
2 0.498195 0.767773 0.498195 0.769127 0.500000 0.770481 0.500000 0.772512 0.501805 0.773866 0.501805 0.774543 0.502708 0.775220 0.502708 0.775897 0.503610 0.776574 0.503610 0.777251 0.504513 0.777928 0.504513 0.778605 0.506318 0.779959 0.506318 0.780636 0.508123 0.781991 0.508123 0.782668 0.509928 0.784022 0.509928 0.784699 0.510830 0.785376 0.510830 0.786053 0.513538 0.788084 0.513538 0.788761 0.514440 0.789438 0.514440 0.790115 0.517148 0.792146 0.517148 0.792823 0.518953 0.794177 0.519856 0.794177 0.520758 0.794854 0.521661 0.794854 0.522563 0.795531 0.523466 0.795531 0.524368 0.796209 0.526173 0.796209 0.527076 0.796886 0.540614 0.796886 0.541516 0.796209 0.541516 0.792146 0.540614 0.791469 0.540614 0.790115 0.539711 0.789438 0.539711 0.788084 0.538809 0.787407 0.538809 0.786053 0.537906 0.785376 0.537906 0.784022 0.537004 0.783345 0.537004 0.781313 0.536101 0.780636 0.536101 0.779959 0.533394 0.777928 0.532491 0.777928 0.531588 0.777251 0.527978 0.777251 0.527076 0.776574 0.524368 0.776574 0.523466 0.775897 0.521661 0.775897 0.520758 0.775220 0.518953 0.775220 0.518051 0.774543 0.517148 0.774543 0.516245 0.773866 0.515343 0.773866 0.514440 0.773189 0.513538 0.773189 0.512635 0.772512 0.511733 0.772512 0.510830 0.771835 0.509928 0.771835 0.509025 0.771158 0.508123 0.771158 0.507220 0.770481 0.506318 0.770481 0.504513 0.769127 0.503610 0.769127 0.501805 0.767773
2 0.355596 0.545024 0.353791 0.546378 0.353791 0.549763 0.354693 0.549763 0.355596 0.550440 0.358303 0.550440 0.359206 0.551117 0.360108 0.551117 0.363718 0.553825 0.363718 0.554502 0.364621 0.555179 0.364621 0.555856 0.365523 0.556534 0.365523 0.557888 0.366426 0.558565 0.366426 0.559919 0.367329 0.560596 0.367329 0.561273 0.368231 0.561950 0.378159 0.561950 0.379061 0.562627 0.384477 0.562627 0.385379 0.563304 0.387184 0.563304 0.388087 0.562627 0.389892 0.562627 0.391697 0.561273 0.391697 0.559919 0.392599 0.559242 0.392599 0.555856 0.391697 0.555179 0.391697 0.553825 0.389892 0.552471 0.388087 0.552471 0.387184 0.551794 0.385379 0.551794 0.384477 0.552471 0.378159 0.552471 0.377256 0.551794 0.376354 0.551794 0.375451 0.551117 0.374549 0.551117 0.372744 0.549763 0.371841 0.549763 0.370939 0.549086 0.370036 0.549086 0.369134 0.548409 0.367329 0.548409 0.366426 0.547732 0.365523 0.547732 0.362816 0.545701 0.361913 0.545701 0.361011 0.545024
3 0.313177 0.501016 0.312274 0.501693 0.310469 0.501693 0.312274 0.503047 0.312274 0.505078 0.313177 0.505755 0.313177 0.507109 0.314079 0.507786 0.314079 0.517942 0.313177 0.518619 0.313177 0.521327 0.312274 0.522004 0.312274 0.523358 0.311372 0.524035 0.311372 0.525389 0.310469 0.526066 0.311372 0.526743 0.311372 0.529452 0.312274 0.529452 0.313177 0.530129 0.314079 0.530129 0.314982 0.530806 0.316787 0.530806 0.317690 0.531483 0.320397 0.531483 0.322202 0.530129 0.322202 0.529452 0.323105 0.528775 0.323105 0.528097 0.324910 0.526743 0.324910 0.524035 0.325812 0.523358 0.325812 0.519296 0.326715 0.518619 0.326715 0.511848 0.325812 0.511171 0.325812 0.509817 0.324910 0.509140 0.324910 0.507786 0.324007 0.507109 0.324007 0.506432 0.322202 0.505078 0.321300 0.505078 0.320397 0.504401 0.319495 0.504401 0.317690 0.503047 0.316787 0.503047 0.315884 0.502370 0.314982 0.502370