0 0.037915 0.571300 0.037238 0.572202 0.035884 0.572202 0.035206 0.573105 0.034529 0.573105 0.032498 0.575812 0.032498 0.576715 0.031821 0.577617 0.031821 0.579422 0.031144 0.580325 0.031144 0.581227 0.029790 0.583032 0.029113 0.583032 0.027759 0.584838 0.027759 0.585740 0.027082 0.586643 0.027082 0.587545 0.026405 0.588448 0.027082 0.589350 0.027082 0.591155 0.027759 0.592058 0.027759 0.592960 0.028436 0.593863 0.028436 0.602888 0.029113 0.603791 0.029113 0.610108 0.029790 0.611011 0.033175 0.611011 0.034529 0.609206 0.035206 0.609206 0.035884 0.608303 0.035884 0.607401 0.037915 0.604693 0.037915 0.603791 0.038592 0.602888 0.039269 0.602888 0.039946 0.601986 0.039946 0.601083 0.041300 0.599278 0.041300 0.598375 0.042654 0.596570 0.042654 0.595668 0.043331 0.594765 0.043331 0.589350 0.042654 0.588448 0.042654 0.586643 0.041977 0.585740 0.041977 0.583935 0.042654 0.583032 0.042654 0.580325 0.043331 0.579422 0.043331 0.574910 0.041300 0.572202 0.040623 0.572202 0.039946 0.571300
0 0.061611 0.551444 0.060934 0.552347 0.058903 0.552347 0.058226 0.553249 0.056872 0.553249 0.056195 0.554152 0.055518 0.554152 0.054841 0.555054 0.054164 0.555054 0.049425 0.561372 0.049425 0.562274 0.048747 0.563177 0.048747 0.564079 0.048070 0.564982 0.048070 0.566787 0.047393 0.567690 0.047393 0.571300 0.048070 0.572202 0.048070 0.574910 0.048747 0.575812 0.048747 0.577617 0.049425 0.578520 0.049425 0.580325 0.050102 0.581227 0.050102 0.585740 0.049425 0.586643 0.049425 0.587545 0.048070 0.589350 0.048070 0.590253 0.046039 0.592960 0.045362 0.592960 0.041300 0.598375 0.041300 0.599278 0.038592 0.602888 0.038592 0.603791 0.037238 0.605596 0.037238 0.606498 0.032498 0.612816 0.031821 0.612816 0.027759 0.618231 0.027082 0.618231 0.026405 0.619134 0.025728 0.619134 0.024374 0.620939 0.023697 0.620939 0.023020 0.621841 0.022343 0.621841 0.021666 0.622744 0.020311 0.622744 0.019634 0.623646 0.018957 0.623646 0.018280 0.624549 0.017603 0.624549 0.016926 0.625451 0.016249 0.625451 0.015572 0.626354 0.014895 0.626354 0.014895 0.627256 0.012864 0.629964 0.012864 0.633574 0.016926 0.638989 0.017603 0.638989 0.018280 0.639892 0.018957 0.639892 0.019634 0.640794 0.020311 0.640794 0.020988 0.641697 0.021666 0.641697 0.022343 0.642599 0.023020 0.642599 0.023697 0.643502 0.024374 0.643502 0.025051 0.644404 0.026405 0.644404 0.033852 0.654332 0.033852 0.658845 0.033175 0.659747 0.033175 0.660650 0.031821 0.662455 0.031821 0.663357 0.031144 0.664260 0.031144 0.665162 0.029790 0.666968 0.029790 0.667870 0.029113 0.668773 0.029113 0.669675 0.028436 0.670578 0.028436 0.672383 0.027759 0.673285 0.027759 0.675993 0.027082 0.676895 0.027082 0.681408 0.026405 0.682310 0.026405 0.684116 0.025728 0.685018 0.025728 0.688628 0.026405 0.689531 0.026405 0.698556 0.027082 0.699458 0.027082 0.700361 0.027759 0.701264 0.027759 0.703069 0.028436 0.703971 0.028436 0.705776 0.029113 0.706679 0.029113 0.714801 0.028436 0.715704 0.028436 0.722924 0.027759 0.723827 0.027759 0.731949 0.027082 0.732852 0.027082 0.736462 0.026405 0.737365 0.026405 0.747292 0.025728 0.748195 0.025728 0.751805 0.025051 0.752708 0.025051 0.756318 0.024374 0.757220 0.024374 0.773466 0.023697 0.774368 0.023697 0.780686 0.023020 0.781588 0.023020 0.786101 0.022343 0.787004 0.022343 0.793321 0.021666 0.794224 0.021666 0.797834 0.020988 0.798736 0.020988 0.800542 0.020311 0.801444 0.020311 0.803249 0.019634 0.804152 0.019634 0.806859 0.020988 0.808664 0.021666 0.808664 0.022343 0.809567 0.025051 0.809567 0.025728 0.810469 0.028436 0.810469 0.029113 0.811372 0.033175 0.811372 0.033852 0.812274 0.046039 0.812274 0.046716 0.811372 0.048747 0.811372 0.050102 0.809567 0.050102 0.805957 0.051456 0.804152 0.052133 0.804152 0.052810 0.803249 0.063643 0.803249 0.064320 0.802347 0.064997 0.802347 0.065674 0.801444 0.066351 0.801444 0.067028 0.800542 0.068382 0.800542 0.069059 0.799639 0.069059 0.796931 0.067705 0.795126 0.066351 0.795126 0.065674 0.794224 0.064997 0.794224 0.064320 0.793321 0.062965 0.793321 0.062288 0.792419 0.060257 0.792419 0.058903 0.790614 0.058903 0.789711 0.056872 0.787004 0.056872 0.786101 0.054164 0.782491 0.054164 0.778881 0.054841 0.777978 0.054841 0.777076 0.056872 0.774368 0.056872 0.773466 0.057549 0.772563 0.057549 0.771661 0.058226 0.770758 0.058226 0.769856 0.058903 0.768953 0.058903 0.767148 0.060257 0.765343 0.060257 0.763538 0.060934 0.762635 0.060934 0.759928 0.061611 0.759025 0.061611 0.756318 0.062288 0.755415 0.062288 0.753610 0.062965 0.752708 0.062965 0.750903 0.063643 0.750000 0.063643 0.749097 0.064320 0.748195 0.064320 0.744585 0.064997 0.743682 0.064997 0.741877 0.065674 0.740975 0.065674 0.739170 0.066351 0.738267 0.066351 0.736462 0.067028 0.735560 0.067028 0.719314 0.066351 0.718412 0.066351 0.713899 0.065674 0.712996 0.065674 0.705776 0.064997 0.704874 0.064997 0.697653 0.064320 0.696751 0.064320 0.692238 0.063643 0.691336 0.063643 0.688628 0.062965 0.687726 0.062965 0.684116 0.062288 0.683213 0.062288 0.679603 0.062965 0.678700 0.062965 0.676895 0.062288 0.675993 0.062288 0.675090 0.062965 0.674188 0.062965 0.663357 0.063643 0.662455 0.063643 0.648917 0.064320 0.648014 0.064320 0.638087 0.064997 0.637184 0.064997 0.623646 0.064320 0.622744 0.064320 0.608303 0.064997 0.607401 0.064997 0.599278 0.065674 0.598375 0.065674 0.597473 0.069059 0.592960 0.069736 0.592960 0.071090 0.591155 0.071090 0.590253 0.072444 0.588448 0.072444 0.587545 0.073121 0.586643 0.073121 0.585740 0.074475 0.583935 0.074475 0.582130 0.075152 0.581227 0.075152 0.577617 0.077183 0.574910 0.077861 0.574910 0.080569 0.571300 0.080569 0.570397 0.079892 0.569495 0.079892 0.567690 0.077183 0.564079 0.077183 0.563177 0.075829 0.561372 0.075829 0.560469 0.074475 0.558664 0.074475 0.557762 0.071090 0.553249 0.069736 0.553249 0.069059 0.552347 0.067705 0.552347 0.067028 0.551444
0 0.109005 0.564079 0.108328 0.564982 0.106297 0.564982 0.105619 0.565884 0.104942 0.565884 0.104265 0.566787 0.102911 0.566787 0.101557 0.568592 0.100880 0.568592 0.096818 0.574007 0.096818 0.574910 0.096141 0.575812 0.096141 0.576715 0.094787 0.578520 0.094787 0.579422 0.094110 0.580325 0.094110 0.583935 0.094787 0.584838 0.094787 0.590253 0.095464 0.591155 0.095464 0.592960 0.094787 0.593863 0.094787 0.596570 0.094110 0.597473 0.094110 0.598375 0.092079 0.601083 0.091401 0.601083 0.088693 0.604693 0.088016 0.604693 0.088016 0.605596 0.085985 0.608303 0.085308 0.608303 0.084631 0.609206 0.083954 0.609206 0.081923 0.611913 0.081246 0.611913 0.080569 0.612816 0.080569 0.613718 0.078538 0.616426 0.078538 0.617329 0.077861 0.618231 0.077861 0.619134 0.077183 0.620036 0.077183 0.622744 0.076506 0.623646 0.076506 0.629061 0.075829 0.629964 0.075829 0.632671 0.075152 0.633574 0.075152 0.636282 0.074475 0.637184 0.074475 0.648014 0.075152 0.648917 0.075152 0.661552 0.074475 0.662455 0.074475 0.664260 0.073121 0.666065 0.073121 0.666968 0.072444 0.667870 0.072444 0.668773 0.071090 0.670578 0.071090 0.671480 0.070413 0.672383 0.070413 0.684116 0.071090 0.685018 0.071090 0.695848 0.071767 0.696751 0.071767 0.699458 0.072444 0.700361 0.072444 0.703069 0.073121 0.703971 0.073121 0.709386 0.073798 0.710289 0.073798 0.718412 0.074475 0.719314 0.074475 0.723827 0.075152 0.724729 0.075152 0.727437 0.075829 0.728339 0.075829 0.731949 0.076506 0.732852 0.076506 0.742780 0.077183 0.743682 0.076506 0.744585 0.076506 0.749097 0.075829 0.750000 0.075829 0.750903 0.074475 0.752708 0.074475 0.753610 0.073798 0.754513 0.073798 0.756318 0.073121 0.757220 0.073121 0.773466 0.072444 0.774368 0.072444 0.782491 0.071767 0.783394 0.071767 0.798736 0.071090 0.799639 0.071090 0.805054 0.070413 0.805957 0.070413 0.810469 0.069736 0.811372 0.069736 0.814079 0.069059 0.814982 0.069059 0.816787 0.068382 0.817690 0.068382 0.819495 0.067705 0.820397 0.067705 0.825812 0.067028 0.826715 0.067028 0.827617 0.067705 0.828520 0.067705 0.829422 0.068382 0.829422 0.069059 0.830325 0.069736 0.830325 0.070413 0.831227 0.075829 0.831227 0.076506 0.832130 0.079892 0.832130 0.080569 0.833032 0.083277 0.833032 0.083954 0.833935 0.095464 0.833935 0.096141 0.833032 0.098849 0.833032 0.099526 0.832130 0.100203 0.832130 0.100880 0.831227 0.100880 0.826715 0.100203 0.825812 0.100203 0.824910 0.099526 0.824007 0.099526 0.820397 0.100203 0.819495 0.101557 0.819495 0.102234 0.818592 0.102911 0.818592 0.104265 0.816787 0.104265 0.815884 0.104942 0.814982 0.104942 0.814079 0.102911 0.811372 0.101557 0.811372 0.100880 0.810469 0.098849 0.810469 0.098172 0.809567 0.096818 0.809567 0.096141 0.808664 0.095464 0.808664 0.091401 0.803249 0.091401 0.800542 0.090724 0.799639 0.090724 0.795126 0.091401 0.794224 0.091401 0.790614 0.092079 0.789711 0.092079 0.785199 0.092756 0.784296 0.092756 0.781588 0.093433 0.780686 0.093433 0.779783 0.094110 0.778881 0.094110 0.777076 0.094787 0.776173 0.094787 0.774368 0.095464 0.773466 0.095464 0.772563 0.096818 0.770758 0.096818 0.769856 0.098172 0.768051 0.098172 0.767148 0.099526 0.765343 0.099526 0.763538 0.100203 0.762635 0.100203 0.761733 0.100880 0.760830 0.100880 0.759928 0.101557 0.759025 0.101557 0.757220 0.102234 0.756318 0.102234 0.753610 0.102911 0.752708 0.102911 0.750903 0.103588 0.750000 0.103588 0.747292 0.104265 0.746390 0.104265 0.740072 0.104942 0.739170 0.104942 0.735560 0.105619 0.734657 0.105619 0.727437 0.106297 0.726534 0.106297 0.724729 0.106974 0.723827 0.106974 0.716606 0.106297 0.715704 0.106297 0.714801 0.105619 0.713899 0.105619 0.712996 0.104942 0.712996 0.104265 0.712094 0.103588 0.712094 0.102911 0.711191 0.102234 0.711191 0.101557 0.710289 0.100880 0.710289 0.097495 0.705776 0.097495 0.704874 0.096818 0.703971 0.096818 0.694946 0.097495 0.694043 0.097495 0.692238 0.098172 0.691336 0.098172 0.690433 0.100880 0.686823 0.101557 0.686823 0.102234 0.685921 0.107651 0.685921 0.108328 0.685018 0.110359 0.685018 0.111036 0.684116 0.112390 0.684116 0.117806 0.676895 0.117806 0.675993 0.118483 0.675090 0.118483 0.674188 0.119838 0.672383 0.120515 0.672383 0.121192 0.671480 0.121192 0.669675 0.121869 0.668773 0.121869 0.662455 0.121192 0.661552 0.121192 0.648917 0.120515 0.648014 0.120515 0.641697 0.119838 0.640794 0.119838 0.638087 0.118483 0.636282 0.118483 0.635379 0.117806 0.634477 0.117806 0.633574 0.117129 0.632671 0.117129 0.631769 0.116452 0.630866 0.116452 0.629061 0.115775 0.628159 0.115775 0.624549 0.115098 0.623646 0.115098 0.621841 0.114421 0.620939 0.114421 0.616426 0.113744 0.615523 0.113744 0.609206 0.115098 0.607401 0.116452 0.607401 0.117806 0.605596 0.118483 0.605596 0.121869 0.601083 0.121869 0.600181 0.123223 0.598375 0.123223 0.596570 0.123900 0.595668 0.123900 0.588448 0.126608 0.584838 0.127285 0.584838 0.127285 0.583935 0.126608 0.583032 0.126608 0.580325 0.125931 0.579422 0.125931 0.578520 0.124577 0.576715 0.124577 0.575812 0.123900 0.574910 0.123900 0.574007 0.123223 0.573105 0.123223 0.572202 0.121192 0.569495 0.121192 0.568592 0.119838 0.566787 0.119838 0.565884 0.119160 0.565884 0.118483 0.564982 0.117129 0.564982 0.116452 0.564079
0 0.421124 0.000000 0.421124 0.002708 0.420447 0.003610 0.420447 0.006318 0.419770 0.007220 0.419770 0.009025 0.419093 0.009928 0.419093 0.012635 0.418416 0.013538 0.418416 0.017148 0.417739 0.018051 0.417739 0.019856 0.417062 0.020758 0.417062 0.021661 0.416385 0.022563 0.416385 0.029783 0.417062 0.030686 0.417062 0.031588 0.417739 0.032491 0.417739 0.033394 0.418416 0.034296 0.419093 0.034296 0.420447 0.036101 0.422478 0.036101 0.423155 0.035199 0.424509 0.035199 0.425186 0.034296 0.426540 0.034296 0.427217 0.033394 0.428571 0.033394 0.429248 0.032491 0.429926 0.032491 0.430603 0.031588 0.431280 0.031588 0.433311 0.028881 0.433311 0.027978 0.433988 0.027076 0.433988 0.026173 0.434665 0.025271 0.434665 0.024368 0.435342 0.023466 0.435342 0.019856 0.436019 0.018953 0.436019 0.011733 0.435342 0.010830 0.435342 0.009025 0.433988 0.007220 0.433988 0.005415 0.433311 0.004513 0.433311 0.002708 0.431957 0.000903 0.431957 0.000000
0 0.133378 0.545126 0.133378 0.548736 0.134056 0.547834 0.134733 0.547834 0.135410 0.546931 0.137441 0.546931 0.136764 0.546029 0.134733 0.546029 0.134056 0.545126
0 0.178064 0.508123 0.177387 0.509025 0.176710 0.509025 0.176032 0.509928 0.174678 0.509928 0.173324 0.511733 0.172647 0.511733 0.171293 0.513538 0.170616 0.513538 0.169262 0.515343 0.168585 0.515343 0.166554 0.518051 0.165877 0.518051 0.163169 0.521661 0.162492 0.521661 0.160460 0.524368 0.159783 0.524368 0.159106 0.525271 0.157752 0.525271 0.156398 0.527076 0.155721 0.527076 0.155044 0.527978 0.154367 0.527978 0.152336 0.530686 0.151659 0.530686 0.150305 0.532491 0.149628 0.532491 0.142180 0.542419 0.142180 0.543321 0.141503 0.544224 0.141503 0.545126 0.140826 0.546029 0.140826 0.549639 0.141503 0.550542 0.147596 0.550542 0.148274 0.549639 0.150305 0.549639 0.151659 0.547834 0.152336 0.547834 0.155044 0.544224 0.155721 0.544224 0.157075 0.542419 0.157752 0.542419 0.160460 0.538809 0.161137 0.538809 0.161814 0.537906 0.162492 0.537906 0.163169 0.537004 0.163846 0.537004 0.164523 0.536101 0.165877 0.536101 0.167231 0.534296 0.169262 0.534296 0.169939 0.533394 0.171970 0.533394 0.172647 0.534296 0.173324 0.534296 0.175355 0.537004 0.175355 0.537906 0.176032 0.538809 0.176032 0.539711 0.176710 0.540614 0.176710 0.541516 0.177387 0.542419 0.177387 0.543321 0.178064 0.544224 0.178064 0.545126 0.178741 0.546029 0.178741 0.546931 0.179418 0.547834 0.179418 0.548736 0.180095 0.549639 0.180095 0.550542 0.180772 0.551444 0.180772 0.553249 0.181449 0.554152 0.181449 0.556859 0.182803 0.558664 0.182803 0.559567 0.185511 0.563177 0.186188 0.563177 0.186865 0.564079 0.187542 0.564079 0.188219 0.564982 0.190251 0.564982 0.190928 0.565884 0.192282 0.565884 0.192959 0.566787 0.194313 0.566787 0.194990 0.567690 0.199052 0.567690 0.200406 0.569495 0.200406 0.571300 0.201083 0.572202 0.201083 0.574910 0.199729 0.576715 0.199052 0.576715 0.194990 0.582130 0.194990 0.583032 0.194313 0.583935 0.194313 0.585740 0.194990 0.586643 0.194990 0.587545 0.195667 0.587545 0.196344 0.588448 0.197698 0.588448 0.198375 0.589350 0.201760 0.589350 0.202437 0.590253 0.204469 0.587545 0.204469 0.585740 0.206500 0.583032 0.206500 0.582130 0.207854 0.580325 0.207854 0.579422 0.208531 0.578520 0.209208 0.578520 0.211916 0.574910 0.212593 0.574910 0.215301 0.571300 0.216655 0.571300 0.218687 0.568592 0.219364 0.568592 0.220041 0.567690 0.220718 0.567690 0.222749 0.564982 0.223426 0.564982 0.224103 0.564079 0.224780 0.564079 0.228165 0.559567 0.228165 0.550542 0.228842 0.549639 0.228842 0.546931 0.229519 0.546029 0.229519 0.545126 0.230873 0.543321 0.230873 0.540614 0.231550 0.539711 0.231550 0.531588 0.230873 0.530686 0.230873 0.529783 0.230196 0.528881 0.230196 0.527978 0.229519 0.527076 0.229519 0.526173 0.227488 0.523466 0.226811 0.523466 0.225457 0.521661 0.224780 0.521661 0.224103 0.520758 0.223426 0.520758 0.222072 0.518953 0.221395 0.518953 0.220718 0.518051 0.220041 0.518051 0.219364 0.517148 0.218687 0.517148 0.218009 0.516245 0.217332 0.516245 0.216655 0.515343 0.215301 0.515343 0.214624 0.514440 0.211916 0.514440 0.211239 0.513538 0.208531 0.513538 0.207854 0.512635 0.205823 0.512635 0.205146 0.511733 0.203114 0.511733 0.202437 0.510830 0.200406 0.510830 0.199729 0.509928 0.197698 0.509928 0.197021 0.509025 0.192959 0.509025 0.192282 0.508123
1 0.111036 0.563177 0.110359 0.564079 0.108328 0.564079 0.107651 0.564982 0.105619 0.564982 0.104942 0.565884 0.104265 0.565884 0.103588 0.566787 0.102911 0.566787 0.102234 0.567690 0.101557 0.567690 0.097495 0.573105 0.097495 0.574007 0.096818 0.574910 0.096818 0.575812 0.095464 0.577617 0.095464 0.578520 0.094787 0.579422 0.094787 0.580325 0.094110 0.581227 0.094110 0.584838 0.096141 0.587545 0.096818 0.587545 0.097495 0.588448 0.100203 0.588448 0.100880 0.587545 0.102234 0.587545 0.102911 0.586643 0.105619 0.586643 0.106297 0.585740 0.108328 0.585740 0.109005 0.584838 0.110359 0.584838 0.111036 0.583935 0.118483 0.583935 0.119160 0.584838 0.121192 0.584838 0.121869 0.585740 0.126608 0.585740 0.127285 0.584838 0.127962 0.584838 0.127962 0.583032 0.127285 0.582130 0.127285 0.581227 0.126608 0.580325 0.126608 0.579422 0.125931 0.578520 0.125931 0.577617 0.124577 0.575812 0.124577 0.574910 0.123900 0.574007 0.123900 0.573105 0.122546 0.571300 0.122546 0.570397 0.120515 0.567690 0.120515 0.566787 0.119160 0.564982 0.118483 0.564982 0.117806 0.564079 0.116452 0.564079 0.115775 0.563177
1 0.187542 0.526173 0.186865 0.527076 0.184834 0.527076 0.183480 0.528881 0.182803 0.528881 0.179418 0.533394 0.178741 0.533394 0.178064 0.534296 0.177387 0.534296 0.176032 0.536101 0.176710 0.537004 0.176710 0.540614 0.177387 0.541516 0.177387 0.543321 0.178064 0.544224 0.178064 0.545126 0.178741 0.546029 0.178741 0.546931 0.179418 0.547834 0.179418 0.548736 0.180095 0.549639 0.180095 0.550542 0.180772 0.551444 0.180772 0.553249 0.181449 0.554152 0.181449 0.556859 0.182126 0.557762 0.182126 0.558664 0.182803 0.559567 0.182803 0.560469 0.183480 0.560469 0.186188 0.564079 0.186865 0.564079 0.187542 0.564982 0.188896 0.564982 0.189573 0.565884 0.191605 0.565884 0.192282 0.566787 0.194313 0.566787 0.194990 0.567690 0.198375 0.567690 0.200406 0.564982 0.200406 0.563177 0.201083 0.562274 0.201083 0.551444 0.200406 0.550542 0.200406 0.544224 0.199729 0.543321 0.199729 0.536101 0.199052 0.535199 0.199052 0.534296 0.198375 0.533394 0.198375 0.532491 0.197698 0.531588 0.197698 0.530686 0.195667 0.527978 0.194313 0.527978 0.193636 0.527076 0.192959 0.527076 0.192282 0.526173
1 0.063643 0.550542 0.062965 0.551444 0.060257 0.551444 0.059580 0.552347 0.058226 0.552347 0.057549 0.553249 0.056872 0.553249 0.056195 0.554152 0.055518 0.554152 0.054841 0.555054 0.054164 0.555054 0.050779 0.559567 0.050102 0.559567 0.050102 0.560469 0.048747 0.562274 0.048747 0.563177 0.048070 0.564079 0.048070 0.565884 0.047393 0.566787 0.047393 0.573105 0.048070 0.574007 0.048070 0.574910 0.048747 0.575812 0.048747 0.576715 0.050102 0.578520 0.052133 0.578520 0.052810 0.577617 0.054164 0.577617 0.055518 0.575812 0.056872 0.575812 0.057549 0.574910 0.058903 0.574910 0.059580 0.574007 0.062288 0.574007 0.062965 0.573105 0.068382 0.573105 0.069059 0.574007 0.077861 0.574007 0.078538 0.573105 0.079215 0.573105 0.079892 0.572202 0.080569 0.572202 0.081246 0.571300 0.081246 0.570397 0.080569 0.569495 0.080569 0.568592 0.077861 0.564982 0.077861 0.564079 0.076506 0.562274 0.076506 0.561372 0.075152 0.559567 0.075152 0.558664 0.071090 0.553249 0.070413 0.553249 0.069736 0.552347 0.069059 0.552347 0.068382 0.551444 0.064997 0.551444 0.064320 0.550542
1 0.394042 0.534296 0.392688 0.536101 0.392011 0.536101 0.391334 0.537004 0.391334 0.537906 0.389303 0.540614 0.389303 0.546029 0.389980 0.546931 0.389980 0.547834 0.390657 0.548736 0.390657 0.549639 0.392688 0.552347 0.394719 0.552347 0.395396 0.553249 0.397427 0.553249 0.397427 0.535199 0.396750 0.534296
2 0.035884 0.796029 0.035206 0.796931 0.033852 0.796931 0.033175 0.797834 0.031821 0.797834 0.031144 0.798736 0.027082 0.798736 0.026405 0.799639 0.025728 0.799639 0.025051 0.798736 0.023697 0.798736 0.023020 0.797834 0.022343 0.797834 0.021666 0.798736 0.020988 0.798736 0.020311 0.799639 0.020311 0.801444 0.019634 0.802347 0.019634 0.804152 0.018957 0.805054 0.018957 0.807762 0.019634 0.808664 0.020311 0.808664 0.020988 0.809567 0.023020 0.809567 0.023697 0.810469 0.026405 0.810469 0.027082 0.811372 0.030467 0.811372 0.031144 0.812274 0.036561 0.812274 0.037238 0.813177 0.042654 0.813177 0.043331 0.812274 0.048070 0.812274 0.048747 0.811372 0.049425 0.811372 0.050102 0.810469 0.050102 0.805957 0.046716 0.801444 0.046039 0.801444 0.045362 0.800542 0.044685 0.800542 0.042654 0.797834 0.041977 0.797834 0.040623 0.796029
2 0.090047 0.798736 0.089370 0.799639 0.088016 0.799639 0.088016 0.802347 0.087339 0.803249 0.087339 0.808664 0.088016 0.809567 0.088016 0.811372 0.088693 0.812274 0.088693 0.813177 0.091401 0.816787 0.091401 0.817690 0.092079 0.817690 0.092756 0.818592 0.094110 0.818592 0.094787 0.819495 0.096818 0.819495 0.097495 0.820397 0.102234 0.820397 0.102911 0.819495 0.103588 0.819495 0.104265 0.818592 0.104942 0.818592 0.105619 0.817690 0.105619 0.815884 0.106297 0.814982 0.106297 0.813177 0.105619 0.812274 0.105619 0.811372 0.104942 0.810469 0.104265 0.810469 0.103588 0.809567 0.102911 0.809567 0.102234 0.808664 0.098172 0.808664 0.097495 0.807762 0.095464 0.807762 0.092756 0.804152 0.092756 0.803249 0.092079 0.802347 0.092079 0.801444 0.091401 0.800542 0.091401 0.798736
2 0.074475 0.768953 0.073798 0.769856 0.073798 0.770758 0.073121 0.771661 0.073121 0.775271 0.072444 0.776173 0.072444 0.783394 0.071767 0.784296 0.071767 0.796931 0.071090 0.797834 0.071090 0.804152 0.070413 0.805054 0.070413 0.811372 0.069736 0.812274 0.069736 0.814079 0.069059 0.814982 0.069059 0.816787 0.068382 0.817690 0.068382 0.819495 0.067705 0.820397 0.067705 0.824910 0.067028 0.825812 0.067028 0.828520 0.069059 0.831227 0.074475 0.831227 0.075152 0.832130 0.079215 0.832130 0.079892 0.833032 0.081923 0.833032 0.082600 0.833935 0.096818 0.833935 0.097495 0.833032 0.099526 0.833032 0.100880 0.831227 0.100880 0.826715 0.100203 0.825812 0.100203 0.824910 0.098172 0.822202 0.096818 0.822202 0.095464 0.820397 0.094787 0.820397 0.093433 0.818592 0.092756 0.818592 0.089370 0.814079 0.089370 0.813177 0.088016 0.811372 0.088016 0.810469 0.087339 0.809567 0.087339 0.807762 0.086662 0.806859 0.087339 0.805957 0.087339 0.803249 0.088693 0.801444 0.088693 0.799639 0.089370 0.798736 0.089370 0.797834 0.090047 0.796931 0.090047 0.793321 0.090724 0.792419 0.090724 0.791516 0.091401 0.790614 0.091401 0.787906 0.092079 0.787004 0.092079 0.783394 0.092756 0.782491 0.092756 0.780686 0.093433 0.779783 0.093433 0.777076 0.094110 0.776173 0.094110 0.774368 0.092756 0.772563 0.090047 0.772563 0.089370 0.771661 0.083277 0.771661 0.082600 0.770758 0.079892 0.770758 0.079215 0.769856 0.076506 0.769856 0.075829 0.768953
2 0.056872 0.786101 0.056195 0.787004 0.054841 0.787004 0.054164 0.787906 0.053487 0.787906 0.051456 0.790614 0.050102 0.790614 0.049425 0.791516 0.045362 0.791516 0.044685 0.790614 0.044008 0.790614 0.043331 0.789711 0.042654 0.790614 0.041977 0.790614 0.041300 0.791516 0.040623 0.791516 0.039946 0.792419 0.039946 0.795126 0.040623 0.796029 0.040623 0.796931 0.041300 0.796931 0.041977 0.797834 0.042654 0.797834 0.045362 0.801444 0.046039 0.801444 0.046716 0.802347 0.047393 0.802347 0.048070 0.803249 0.048747 0.803249 0.049425 0.804152 0.062288 0.804152 0.062965 0.803249 0.065674 0.803249 0.066351 0.802347 0.067705 0.802347 0.068382 0.801444 0.069059 0.801444 0.069736 0.800542 0.069736 0.796029 0.068382 0.794224 0.067028 0.794224 0.066351 0.793321 0.064320 0.793321 0.063643 0.792419 0.061611 0.792419 0.060934 0.791516 0.060257 0.791516 0.056872 0.787004