0 0.498307 0.356498 0.496953 0.358303 0.496953 0.360108 0.496276 0.361011 0.496276 0.366426 0.495599 0.367329 0.495599 0.376354 0.496276 0.377256 0.496276 0.379061 0.496953 0.379964 0.496953 0.381769 0.497630 0.382671 0.497630 0.383574 0.498307 0.384477 0.498307 0.385379 0.498984 0.385379 0.499661 0.386282 0.503724 0.386282 0.505078 0.384477 0.505078 0.379061 0.505755 0.378159 0.505755 0.375451 0.506432 0.374549 0.506432 0.371841 0.505755 0.370939 0.505755 0.369134 0.505078 0.368231 0.505078 0.367329 0.504401 0.366426 0.504401 0.365523 0.503724 0.364621 0.503724 0.363718 0.503047 0.362816 0.503047 0.361011 0.502370 0.360108 0.502370 0.358303 0.501016 0.356498
0 0.754909 0.384477 0.752877 0.387184 0.752877 0.398014 0.752200 0.398917 0.752200 0.399819 0.751523 0.400722 0.751523 0.402527 0.750846 0.403430 0.750846 0.404332 0.749492 0.406137 0.748815 0.406137 0.748138 0.407040 0.747461 0.407040 0.744076 0.411552 0.744076 0.412455 0.743399 0.413357 0.743399 0.414260 0.742722 0.415162 0.742722 0.416065 0.741368 0.417870 0.741368 0.418773 0.740691 0.419675 0.740691 0.421480 0.740014 0.422383 0.740014 0.424188 0.739336 0.425090 0.739336 0.425993 0.738659 0.426895 0.738659 0.428700 0.737982 0.429603 0.737982 0.434116 0.737305 0.435018 0.737305 0.442238 0.737982 0.443141 0.737982 0.447653 0.738659 0.448556 0.738659 0.450361 0.739336 0.451264 0.739336 0.453069 0.740014 0.453971 0.740014 0.454874 0.740691 0.455776 0.740691 0.457581 0.741368 0.458484 0.741368 0.459386 0.742722 0.461191 0.742722 0.462094 0.743399 0.462996 0.743399 0.463899 0.744753 0.465704 0.744753 0.466606 0.745430 0.467509 0.745430 0.468412 0.746107 0.469314 0.746107 0.470217 0.746784 0.471119 0.746784 0.472022 0.747461 0.472924 0.747461 0.474729 0.748138 0.475632 0.748138 0.477437 0.748815 0.478339 0.748815 0.479242 0.749492 0.480144 0.749492 0.482852 0.750169 0.483755 0.750169 0.484657 0.750846 0.485560 0.750846 0.486462 0.751523 0.486462 0.752877 0.488267 0.754232 0.488267 0.754909 0.489170 0.756940 0.486462 0.756940 0.484657 0.757617 0.483755 0.757617 0.472022 0.756940 0.471119 0.756940 0.465704 0.757617 0.464801 0.757617 0.460289 0.758294 0.459386 0.758294 0.410650 0.757617 0.409747 0.757617 0.405235 0.758294 0.404332 0.758294 0.395307 0.756940 0.393502 0.756940 0.388087 0.757617 0.387184 0.757617 0.386282 0.756263 0.384477
0 0.299932 0.388989 0.299255 0.389892 0.298578 0.389892 0.297901 0.390794 0.296547 0.390794 0.295870 0.391697 0.295193 0.391697 0.294516 0.392599 0.293839 0.392599 0.293162 0.393502 0.292485 0.393502 0.291131 0.395307 0.290454 0.395307 0.289777 0.396209 0.289100 0.396209 0.288422 0.397112 0.287745 0.397112 0.285037 0.400722 0.284360 0.400722 0.284360 0.401625 0.283006 0.403430 0.283006 0.405235 0.282329 0.406137 0.282329 0.415162 0.283683 0.416968 0.284360 0.416968 0.285037 0.417870 0.295870 0.417870 0.296547 0.416968 0.300609 0.416968 0.301286 0.416065 0.302640 0.416065 0.303318 0.415162 0.303995 0.415162 0.303995 0.414260 0.304672 0.413357 0.304672 0.402527 0.303995 0.401625 0.303995 0.398014 0.303318 0.397112 0.303318 0.395307 0.302640 0.394404 0.302640 0.392599 0.301963 0.391697 0.301963 0.390794 0.300609 0.388989
0 0.418416 0.337545 0.417739 0.338448 0.417739 0.341155 0.417062 0.342058 0.417062 0.342960 0.416385 0.343863 0.416385 0.344765 0.415708 0.345668 0.415708 0.346570 0.415030 0.347473 0.415030 0.348375 0.414353 0.349278 0.414353 0.351986 0.413676 0.352888 0.413676 0.354693 0.412999 0.355596 0.413676 0.356498 0.413676 0.368231 0.414353 0.369134 0.414353 0.380866 0.413676 0.381769 0.413676 0.387184 0.412999 0.388087 0.412999 0.397112 0.414353 0.398917 0.415708 0.398917 0.417062 0.397112 0.417062 0.396209 0.417739 0.395307 0.417739 0.390794 0.418416 0.389892 0.418416 0.388087 0.419093 0.387184 0.419093 0.385379 0.419770 0.384477 0.419770 0.382671 0.420447 0.381769 0.420447 0.380866 0.421801 0.379061 0.421801 0.378159 0.422478 0.377256 0.422478 0.371841 0.423155 0.370939 0.423155 0.364621 0.423832 0.363718 0.423832 0.350181 0.423155 0.349278 0.423155 0.346570 0.422478 0.345668 0.422478 0.337545
0 0.327014 0.390794 0.326337 0.391697 0.324306 0.391697 0.322952 0.393502 0.322275 0.393502 0.322275 0.394404 0.321598 0.395307 0.321598 0.396209 0.320921 0.397112 0.320921 0.399819 0.320244 0.400722 0.320244 0.406137 0.319567 0.407040 0.319567 0.415162 0.318890 0.416065 0.318890 0.416968 0.316181 0.420578 0.316181 0.421480 0.314827 0.423285 0.314827 0.424188 0.313473 0.425993 0.313473 0.427798 0.312796 0.428700 0.312796 0.430505 0.312119 0.431408 0.312119 0.433213 0.311442 0.434116 0.311442 0.435921 0.310765 0.436823 0.310765 0.437726 0.310088 0.438628 0.310088 0.440433 0.309411 0.441336 0.309411 0.444043 0.308734 0.444946 0.308734 0.447653 0.308057 0.448556 0.308057 0.450361 0.307380 0.451264 0.307380 0.453069 0.306703 0.453971 0.306703 0.462996 0.307380 0.463899 0.307380 0.464801 0.308057 0.465704 0.308057 0.466606 0.308734 0.467509 0.308734 0.468412 0.310088 0.470217 0.310088 0.471119 0.310765 0.471119 0.311442 0.472022 0.312796 0.472022 0.313473 0.472924 0.314150 0.472924 0.314827 0.473827 0.323629 0.473827 0.324306 0.474729 0.324983 0.473827 0.332431 0.473827 0.333108 0.472924 0.334462 0.472924 0.337170 0.469314 0.337170 0.468412 0.337847 0.467509 0.337847 0.466606 0.338524 0.465704 0.338524 0.464801 0.339201 0.463899 0.339201 0.462094 0.339878 0.461191 0.339878 0.460289 0.340555 0.459386 0.340555 0.458484 0.341909 0.456679 0.341909 0.455776 0.342586 0.454874 0.342586 0.453971 0.343263 0.453069 0.343263 0.452166 0.343940 0.451264 0.343940 0.450361 0.345295 0.448556 0.345295 0.447653 0.346649 0.445848 0.346649 0.444946 0.348680 0.442238 0.348680 0.431408 0.348003 0.430505 0.348003 0.429603 0.347326 0.428700 0.347326 0.426895 0.346649 0.425993 0.346649 0.424188 0.345972 0.423285 0.345972 0.421480 0.345295 0.420578 0.345295 0.417870 0.344617 0.416968 0.344617 0.415162 0.343940 0.414260 0.343940 0.413357 0.343263 0.412455 0.343263 0.410650 0.342586 0.409747 0.342586 0.407942 0.341909 0.407040 0.341909 0.406137 0.341232 0.405235 0.341232 0.403430 0.339201 0.400722 0.339201 0.399819 0.334462 0.393502 0.333785 0.393502 0.333108 0.392599 0.332431 0.392599 0.331754 0.391697 0.329045 0.391697 0.328368 0.390794
0 0.545701 0.962094 0.545024 0.962996 0.544347 0.962996 0.544347 0.972022 0.545024 0.972924 0.545024 0.975632 0.545701 0.976534 0.545701 0.981949 0.545024 0.982852 0.545024 0.984657 0.545701 0.985560 0.545701 0.988267 0.545024 0.989170 0.545024 0.990072 0.544347 0.990975 0.543670 0.990975 0.545701 0.993682 0.547055 0.993682 0.547732 0.992780 0.547732 0.990072 0.548409 0.989170 0.549763 0.989170 0.550440 0.988267 0.551117 0.988267 0.553825 0.984657 0.555179 0.984657 0.555856 0.983755 0.556534 0.983755 0.556534 0.978339 0.557211 0.977437 0.557211 0.976534 0.556534 0.975632 0.556534 0.974729 0.555179 0.974729 0.553825 0.972924 0.553825 0.970217 0.553148 0.969314 0.552471 0.969314 0.550440 0.966606 0.550440 0.964801 0.549763 0.963899 0.549763 0.962996 0.549086 0.962996 0.548409 0.962094
0 0.416385 0.580325 0.415708 0.581227 0.412999 0.581227 0.412322 0.582130 0.410968 0.582130 0.410291 0.583032 0.409614 0.583032 0.408937 0.583935 0.408260 0.583935 0.407583 0.584838 0.406906 0.584838 0.402844 0.590253 0.402167 0.590253 0.399458 0.593863 0.398781 0.593863 0.396750 0.596570 0.396073 0.596570 0.392688 0.601083 0.392688 0.601986 0.391334 0.603791 0.391334 0.604693 0.389980 0.606498 0.389980 0.607401 0.388626 0.609206 0.388626 0.610108 0.387949 0.611011 0.387949 0.611913 0.386594 0.613718 0.386594 0.614621 0.385917 0.615523 0.385917 0.616426 0.385240 0.617329 0.385240 0.618231 0.384563 0.619134 0.384563 0.621841 0.383886 0.622744 0.383886 0.624549 0.383209 0.625451 0.383209 0.635379 0.382532 0.636282 0.382532 0.640794 0.381855 0.641697 0.381855 0.642599 0.381178 0.643502 0.381178 0.644404 0.379147 0.647112 0.379147 0.648014 0.378470 0.648917 0.378470 0.649819 0.377793 0.650722 0.377793 0.657040 0.378470 0.657942 0.378470 0.658845 0.379147 0.659747 0.379147 0.660650 0.381855 0.664260 0.381855 0.665162 0.383209 0.666968 0.383209 0.667870 0.383886 0.668773 0.383886 0.671480 0.384563 0.672383 0.384563 0.675090 0.385240 0.675993 0.385240 0.677798 0.385917 0.678700 0.385917 0.679603 0.386594 0.680505 0.386594 0.700361 0.387271 0.701264 0.387271 0.703069 0.386594 0.703971 0.386594 0.704874 0.377116 0.717509 0.376439 0.717509 0.375085 0.719314 0.374408 0.719314 0.373053 0.721119 0.372376 0.721119 0.371699 0.722022 0.370345 0.722022 0.369668 0.722924 0.368991 0.722924 0.368314 0.723827 0.367637 0.723827 0.366960 0.724729 0.365606 0.724729 0.364252 0.726534 0.363575 0.726534 0.362898 0.727437 0.362221 0.727437 0.359513 0.731047 0.358835 0.731047 0.352065 0.740072 0.352065 0.740975 0.351388 0.741877 0.351388 0.742780 0.350034 0.744585 0.350034 0.746390 0.349357 0.747292 0.349357 0.748195 0.348680 0.749097 0.348680 0.750000 0.348003 0.750903 0.348003 0.752708 0.347326 0.753610 0.347326 0.754513 0.346649 0.755415 0.346649 0.756318 0.345972 0.757220 0.345972 0.758123 0.345295 0.759025 0.345295 0.759928 0.344617 0.760830 0.344617 0.761733 0.343940 0.762635 0.343940 0.764440 0.343263 0.765343 0.343263 0.767148 0.342586 0.768051 0.342586 0.768953 0.341909 0.769856 0.341909 0.770758 0.341232 0.771661 0.341232 0.774368 0.340555 0.775271 0.340555 0.777978 0.339878 0.778881 0.339878 0.783394 0.339201 0.784296 0.339201 0.786101 0.338524 0.787004 0.338524 0.788809 0.337847 0.789711 0.337847 0.791516 0.337170 0.792419 0.337170 0.798736 0.336493 0.799639 0.336493 0.800542 0.335816 0.801444 0.335816 0.802347 0.335139 0.803249 0.335139 0.804152 0.334462 0.805054 0.334462 0.805957 0.333785 0.806859 0.333785 0.807762 0.333108 0.808664 0.333108 0.810469 0.332431 0.811372 0.332431 0.814982 0.331754 0.815884 0.331754 0.817690 0.331077 0.818592 0.331077 0.821300 0.330399 0.822202 0.330399 0.826715 0.329722 0.827617 0.329722 0.832130 0.329045 0.833032 0.329045 0.837545 0.328368 0.838448 0.328368 0.842960 0.327691 0.843863 0.327691 0.849278 0.327014 0.850181 0.327014 0.870939 0.326337 0.871841 0.326337 0.894404 0.325660 0.895307 0.325660 0.900722 0.324983 0.901625 0.324983 0.911552 0.324306 0.912455 0.324306 0.916968 0.323629 0.917870 0.323629 0.925090 0.322952 0.925993 0.322952 0.931408 0.322275 0.932310 0.322275 0.950361 0.322952 0.951264 0.322952 0.957581 0.323629 0.958484 0.323629 0.962996 0.324306 0.963899 0.324306 0.972924 0.324983 0.973827 0.324983 0.975632 0.325660 0.976534 0.325660 0.977437 0.328368 0.981047 0.328368 0.981949 0.333108 0.988267 0.333108 0.989170 0.333785 0.990072 0.334462 0.990072 0.338524 0.995487 0.339201 0.995487 0.340555 0.997292 0.341232 0.997292 0.341909 0.998195 0.341909 0.999097 0.388626 0.999097 0.388626 0.998195 0.389303 0.997292 0.396750 0.997292 0.397427 0.998195 0.397427 0.999097 0.451591 0.999097 0.451591 0.998195 0.452268 0.997292 0.453622 0.997292 0.454299 0.996390 0.455653 0.996390 0.457684 0.993682 0.457684 0.992780 0.458362 0.991877 0.458362 0.990975 0.460393 0.988267 0.460393 0.987365 0.461070 0.986462 0.461070 0.985560 0.467840 0.976534 0.467840 0.975632 0.471225 0.971119 0.471225 0.970217 0.471903 0.969314 0.471903 0.968412 0.472580 0.967509 0.472580 0.966606 0.473257 0.965704 0.473257 0.964801 0.475965 0.961191 0.475965 0.960289 0.477996 0.957581 0.477996 0.956679 0.478673 0.955776 0.478673 0.954874 0.479350 0.953971 0.479350 0.953069 0.480704 0.951264 0.480704 0.950361 0.481381 0.949458 0.481381 0.948556 0.482735 0.946751 0.482735 0.945848 0.485443 0.942238 0.485443 0.941336 0.486121 0.940433 0.486121 0.938628 0.486798 0.937726 0.486798 0.936823 0.487475 0.935921 0.488152 0.935921 0.490860 0.932310 0.491537 0.933213 0.491537 0.934116 0.492214 0.935018 0.492214 0.935921 0.492891 0.936823 0.492891 0.937726 0.493568 0.938628 0.493568 0.943141 0.492891 0.944043 0.492891 0.948556 0.492214 0.949458 0.492214 0.952166 0.491537 0.953069 0.491537 0.956679 0.490860 0.957581 0.490860 0.959386 0.490183 0.960289 0.490183 0.971119 0.490860 0.972022 0.490860 0.981047 0.490183 0.981949 0.490183 0.985560 0.489506 0.986462 0.489506 0.990975 0.488829 0.991877 0.488829 0.994585 0.490183 0.996390 0.490860 0.996390 0.491537 0.997292 0.492214 0.997292 0.492891 0.998195 0.492891 0.999097 0.530129 0.999097 0.530129 0.998195 0.530806 0.997292 0.533514 0.997292 0.534191 0.996390 0.535545 0.996390 0.536222 0.995487 0.536899 0.995487 0.538253 0.993682 0.538253 0.981949 0.538930 0.981047 0.538930 0.971119 0.538253 0.970217 0.538253 0.944946 0.537576 0.944043 0.537576 0.937726 0.536899 0.936823 0.536899 0.930505 0.536222 0.929603 0.536222 0.926895 0.535545 0.925993 0.535545 0.909747 0.534868 0.908845 0.534868 0.888989 0.534191 0.888087 0.534191 0.878159 0.533514 0.877256 0.533514 0.870036 0.532837 0.869134 0.532837 0.861011 0.532160 0.860108 0.532160 0.854693 0.531483 0.853791 0.531483 0.849278 0.530806 0.848375 0.530806 0.843863 0.530129 0.842960 0.530129 0.838448 0.529452 0.837545 0.529452 0.835740 0.528775 0.834838 0.528775 0.833032 0.528097 0.832130 0.528097 0.831227 0.527420 0.830325 0.527420 0.829422 0.526743 0.828520 0.526743 0.827617 0.526066 0.826715 0.526066 0.824910 0.524712 0.823105 0.524712 0.822202 0.524035 0.821300 0.524035 0.820397 0.523358 0.819495 0.523358 0.813177 0.524035 0.812274 0.524035 0.810469 0.524712 0.809567 0.524712 0.808664 0.525389 0.807762 0.525389 0.803249 0.526066 0.802347 0.526066 0.795126 0.525389 0.794224 0.525389 0.793321 0.524712 0.792419 0.524712 0.791516 0.523358 0.789711 0.523358 0.788809 0.520650 0.785199 0.519973 0.785199 0.513879 0.777076 0.513202 0.777076 0.511848 0.775271 0.510494 0.775271 0.509817 0.774368 0.508463 0.774368 0.507786 0.773466 0.503047 0.773466 0.502370 0.772563 0.495599 0.772563 0.494922 0.771661 0.490860 0.771661 0.490183 0.770758 0.488152 0.770758 0.487475 0.769856 0.485443 0.769856 0.484766 0.768953 0.483412 0.768953 0.482735 0.768051 0.481381 0.768051 0.480704 0.767148 0.480027 0.767148 0.479350 0.766245 0.478673 0.766245 0.477319 0.764440 0.475965 0.764440 0.475288 0.763538 0.474611 0.763538 0.473934 0.762635 0.472580 0.762635 0.471903 0.761733 0.471225 0.761733 0.470548 0.760830 0.469194 0.760830 0.468517 0.759928 0.467840 0.759928 0.467163 0.759025 0.466486 0.759025 0.465132 0.757220 0.464455 0.757220 0.463778 0.756318 0.463101 0.756318 0.460393 0.752708 0.459716 0.752708 0.459039 0.751805 0.458362 0.751805 0.457007 0.750000 0.456330 0.750000 0.455653 0.749097 0.454976 0.749097 0.454299 0.748195 0.453622 0.748195 0.452945 0.747292 0.452268 0.747292 0.451591 0.746390 0.450914 0.746390 0.450237 0.745487 0.449560 0.745487 0.448883 0.744585 0.448206 0.744585 0.447529 0.743682 0.446175 0.743682 0.445498 0.742780 0.444821 0.742780 0.444144 0.741877 0.442789 0.741877 0.442112 0.740975 0.440758 0.740975 0.440081 0.740072 0.438727 0.740072 0.438050 0.739170 0.437373 0.739170 0.436696 0.738267 0.436019 0.738267 0.435342 0.737365 0.433988 0.737365 0.433311 0.736462 0.432634 0.736462 0.431957 0.735560 0.429926 0.735560 0.429248 0.734657 0.428571 0.734657 0.426540 0.731949 0.426540 0.728339 0.427217 0.727437 0.427217 0.726534 0.427894 0.725632 0.427894 0.724729 0.432634 0.718412 0.433311 0.718412 0.434665 0.716606 0.435342 0.716606 0.437373 0.713899 0.438050 0.713899 0.442112 0.708484 0.442112 0.707581 0.442789 0.706679 0.442789 0.705776 0.444144 0.703971 0.444144 0.703069 0.444821 0.702166 0.444821 0.701264 0.445498 0.700361 0.445498 0.699458 0.446175 0.698556 0.446175 0.697653 0.446852 0.696751 0.446852 0.694946 0.447529 0.694043 0.447529 0.692238 0.448206 0.691336 0.448206 0.687726 0.448883 0.686823 0.448883 0.682310 0.449560 0.681408 0.449560 0.672383 0.448883 0.671480 0.448883 0.667870 0.449560 0.666968 0.449560 0.663357 0.450237 0.662455 0.450237 0.660650 0.454976 0.654332 0.455653 0.654332 0.458362 0.650722 0.458362 0.649819 0.459716 0.648014 0.459716 0.647112 0.460393 0.646209 0.460393 0.636282 0.459716 0.635379 0.459716 0.634477 0.458362 0.632671 0.458362 0.631769 0.456330 0.629061 0.455653 0.629061 0.454299 0.627256 0.454299 0.626354 0.453622 0.625451 0.453622 0.624549 0.452945 0.623646 0.452945 0.620939 0.452268 0.620036 0.452268 0.617329 0.451591 0.616426 0.451591 0.614621 0.450914 0.613718 0.450914 0.611913 0.449560 0.610108 0.449560 0.609206 0.448206 0.607401 0.448206 0.606498 0.446852 0.604693 0.446852 0.603791 0.444821 0.601083 0.444821 0.600181 0.441435 0.595668 0.440758 0.595668 0.439404 0.593863 0.438727 0.593863 0.437373 0.592058 0.436696 0.592058 0.435342 0.590253 0.434665 0.590253 0.430603 0.584838 0.430603 0.583935 0.429926 0.583935 0.428571 0.582130 0.427894 0.582130 0.427217 0.581227 0.425863 0.581227 0.425186 0.580325
0 0.442112 0.400722 0.442112 0.404332 0.442789 0.405235 0.443466 0.405235 0.443466 0.402527 0.442789 0.401625 0.442789 0.400722
0 0.423832 0.334838 0.423832 0.335740 0.423155 0.336643 0.423155 0.337545 0.422478 0.338448 0.422478 0.342058 0.423155 0.342960 0.423155 0.366426 0.422478 0.367329 0.422478 0.378159 0.423155 0.379061 0.423155 0.389892 0.423832 0.390794 0.423832 0.394404 0.424509 0.395307 0.424509 0.398014 0.425186 0.398917 0.425186 0.399819 0.425863 0.400722 0.425863 0.403430 0.426540 0.404332 0.426540 0.405235 0.427894 0.407040 0.428571 0.407040 0.429926 0.405235 0.429926 0.404332 0.431957 0.401625 0.431957 0.400722 0.432634 0.399819 0.432634 0.398917 0.433311 0.398014 0.433311 0.396209 0.433988 0.395307 0.433988 0.393502 0.434665 0.392599 0.434665 0.390794 0.436019 0.388989 0.436019 0.388087 0.436696 0.387184 0.436696 0.385379 0.437373 0.384477 0.437373 0.379964 0.438727 0.378159 0.438727 0.377256 0.439404 0.376354 0.439404 0.374549 0.440081 0.373646 0.440081 0.371841 0.439404 0.370939 0.439404 0.369134 0.438727 0.368231 0.438727 0.366426 0.438050 0.365523 0.438050 0.364621 0.437373 0.363718 0.437373 0.361913 0.436696 0.361011 0.436696 0.359206 0.436019 0.358303 0.436019 0.356498 0.435342 0.355596 0.435342 0.353791 0.434665 0.352888 0.434665 0.351986 0.433311 0.350181 0.433311 0.349278 0.431957 0.347473 0.431957 0.346570 0.431280 0.345668 0.431280 0.342960 0.430603 0.342058 0.430603 0.337545 0.428571 0.334838
1 0.914692 0.337545 0.914015 0.338448 0.913338 0.338448 0.912661 0.339350 0.911307 0.339350 0.910630 0.340253 0.909953 0.340253 0.906567 0.344765 0.906567 0.355596 0.907921 0.357401 0.908599 0.357401 0.909276 0.358303 0.909953 0.358303 0.910630 0.359206 0.913338 0.359206 0.914015 0.360108 0.919431 0.360108 0.920108 0.359206 0.921462 0.359206 0.922139 0.358303 0.922139 0.357401 0.922817 0.356498 0.922817 0.355596 0.923494 0.354693 0.923494 0.353791 0.924171 0.352888 0.924171 0.349278 0.924848 0.348375 0.924848 0.347473 0.924171 0.346570 0.924171 0.342960 0.923494 0.342058 0.923494 0.341155 0.922139 0.339350 0.921462 0.339350 0.920785 0.338448 0.918754 0.338448 0.918077 0.337545
1 0.799594 0.365523 0.798917 0.366426 0.796886 0.366426 0.796209 0.367329 0.795531 0.367329 0.794854 0.368231 0.794177 0.368231 0.792146 0.370939 0.792146 0.371841 0.791469 0.372744 0.791469 0.375451 0.790792 0.376354 0.790792 0.380866 0.790115 0.381769 0.790115 0.382671 0.790792 0.383574 0.790792 0.387184 0.791469 0.388087 0.791469 0.388989 0.792146 0.389892 0.792146 0.390794 0.792823 0.390794 0.793500 0.391697 0.794854 0.391697 0.795531 0.392599 0.799594 0.392599 0.800271 0.391697 0.801625 0.391697 0.802302 0.390794 0.802979 0.390794 0.805687 0.387184 0.805687 0.386282 0.806364 0.385379 0.806364 0.384477 0.807041 0.383574 0.807041 0.381769 0.807718 0.380866 0.807718 0.377256 0.808395 0.376354 0.807718 0.375451 0.807718 0.370939 0.807041 0.370036 0.807041 0.369134 0.806364 0.368231 0.805687 0.368231 0.804333 0.366426 0.802302 0.366426 0.801625 0.365523
1 0.417739 0.331227 0.416385 0.333032 0.415708 0.333032 0.415030 0.333935 0.415030 0.340253 0.414353 0.341155 0.414353 0.342960 0.415030 0.343863 0.415030 0.344765 0.415708 0.345668 0.417062 0.345668 0.417739 0.346570 0.418416 0.345668 0.419770 0.345668 0.420447 0.344765 0.421124 0.344765 0.421801 0.343863 0.421801 0.342058 0.422478 0.341155 0.422478 0.335740 0.423155 0.334838 0.421124 0.334838 0.420447 0.333935 0.419770 0.333935
1 0.140826 0.387184 0.140826 0.395307 0.141503 0.396209 0.141503 0.397112 0.142180 0.397112 0.142857 0.398014 0.144211 0.398014 0.144888 0.397112 0.144888 0.396209 0.145565 0.395307 0.145565 0.392599 0.144888 0.391697 0.144888 0.388989 0.144211 0.388087 0.144211 0.387184
1 0.303318 0.385379 0.302640 0.386282 0.299932 0.386282 0.299932 0.388087 0.298578 0.389892 0.298578 0.391697 0.299932 0.393502 0.301963 0.393502 0.302640 0.394404 0.303318 0.394404 0.304672 0.392599 0.304672 0.391697 0.305349 0.390794 0.305349 0.388989 0.304672 0.388087 0.304672 0.387184
1 0.326337 0.390794 0.325660 0.391697 0.324306 0.391697 0.323629 0.392599 0.322952 0.392599 0.322275 0.393502 0.322275 0.394404 0.320921 0.396209 0.320921 0.398917 0.320244 0.399819 0.320244 0.404332 0.319567 0.405235 0.319567 0.410650 0.320244 0.411552 0.326337 0.411552 0.327014 0.410650 0.334462 0.410650 0.335139 0.409747 0.337847 0.409747 0.338524 0.408845 0.339201 0.408845 0.339878 0.407942 0.340555 0.407942 0.340555 0.407040 0.341232 0.406137 0.341232 0.403430 0.339878 0.401625 0.339878 0.400722 0.337170 0.397112 0.337170 0.396209 0.335816 0.394404 0.335139 0.394404 0.334462 0.393502 0.333785 0.393502 0.333108 0.392599 0.332431 0.392599 0.331754 0.391697 0.329722 0.391697 0.329045 0.390794
1 0.758294 0.379964 0.757617 0.380866 0.754909 0.380866 0.752200 0.384477 0.752200 0.385379 0.750169 0.388087 0.750169 0.388989 0.749492 0.389892 0.749492 0.393502 0.750169 0.393502 0.750846 0.394404 0.755586 0.394404 0.756263 0.393502 0.758294 0.393502 0.758294 0.390794 0.758971 0.389892 0.758971 0.382671 0.758294 0.381769
1 0.299932 0.388087 0.298578 0.389892 0.297224 0.389892 0.296547 0.390794 0.295870 0.390794 0.293839 0.393502 0.294516 0.394404 0.294516 0.395307 0.295870 0.397112 0.297224 0.397112 0.297901 0.398014 0.298578 0.398014 0.299255 0.398917 0.301286 0.398917 0.301963 0.398014 0.302640 0.398014 0.303318 0.397112 0.303318 0.390794 0.303995 0.389892 0.303318 0.388989 0.303318 0.388087
1 0.498307 0.356498 0.496953 0.358303 0.496953 0.361011 0.498307 0.362816 0.501693 0.362816 0.502370 0.361913 0.502370 0.358303 0.501693 0.357401 0.501693 0.356498
1 0.424509 0.333935 0.423832 0.334838 0.423155 0.334838 0.423155 0.335740 0.422478 0.336643 0.422478 0.337545 0.421801 0.338448 0.421801 0.342058 0.423832 0.344765 0.428571 0.344765 0.429248 0.343863 0.429926 0.343863 0.430603 0.342960 0.430603 0.342058 0.431280 0.341155 0.431280 0.338448 0.430603 0.337545 0.430603 0.336643 0.428571 0.333935
1 0.415708 0.580325 0.415030 0.581227 0.412999 0.581227 0.412322 0.582130 0.410968 0.582130 0.410291 0.583032 0.409614 0.583032 0.408937 0.583935 0.408260 0.583935 0.407583 0.584838 0.406906 0.584838 0.402167 0.591155 0.401490 0.591155 0.398781 0.594765 0.398104 0.594765 0.396073 0.597473 0.395396 0.597473 0.392011 0.601986 0.392011 0.602888 0.389980 0.605596 0.389980 0.606498 0.389303 0.607401 0.389303 0.608303 0.388626 0.609206 0.388626 0.610108 0.387949 0.611011 0.387949 0.611913 0.386594 0.613718 0.386594 0.614621 0.385917 0.615523 0.385917 0.616426 0.385240 0.617329 0.385240 0.618231 0.384563 0.619134 0.384563 0.621841 0.383886 0.622744 0.383886 0.624549 0.383209 0.625451 0.383209 0.636282 0.382532 0.637184 0.382532 0.640794 0.381855 0.641697 0.381855 0.642599 0.379147 0.646209 0.379147 0.647112 0.378470 0.648014 0.378470 0.648917 0.377793 0.649819 0.377793 0.651625 0.377116 0.652527 0.377116 0.655235 0.377793 0.656137 0.377793 0.658845 0.378470 0.659747 0.378470 0.660650 0.379824 0.662455 0.380501 0.662455 0.382532 0.665162 0.382532 0.666065 0.384563 0.668773 0.384563 0.673285 0.385240 0.674188 0.385240 0.675090 0.385917 0.675993 0.385917 0.676895 0.387271 0.678700 0.392688 0.678700 0.393365 0.677798 0.394719 0.677798 0.395396 0.678700 0.401490 0.678700 0.402167 0.679603 0.403521 0.679603 0.404198 0.680505 0.406906 0.680505 0.407583 0.681408 0.419770 0.681408 0.420447 0.680505 0.421801 0.680505 0.422478 0.679603 0.423832 0.679603 0.424509 0.678700 0.425863 0.678700 0.426540 0.677798 0.426540 0.675993 0.427217 0.675090 0.427217 0.674188 0.427894 0.673285 0.427894 0.672383 0.429248 0.670578 0.432634 0.670578 0.433311 0.669675 0.435342 0.669675 0.437373 0.666968 0.438050 0.666968 0.438727 0.666065 0.440081 0.666065 0.440758 0.665162 0.441435 0.665162 0.442112 0.664260 0.442789 0.664260 0.444144 0.662455 0.445498 0.662455 0.446175 0.661552 0.447529 0.661552 0.448883 0.659747 0.449560 0.659747 0.450914 0.657942 0.451591 0.657942 0.452945 0.656137 0.453622 0.656137 0.455653 0.653430 0.456330 0.653430 0.459716 0.648917 0.459716 0.648014 0.460393 0.647112 0.460393 0.635379 0.459716 0.634477 0.459716 0.633574 0.455653 0.628159 0.454976 0.628159 0.454299 0.627256 0.454299 0.626354 0.453622 0.625451 0.453622 0.624549 0.452945 0.623646 0.452945 0.619134 0.452268 0.618231 0.452268 0.616426 0.451591 0.615523 0.451591 0.613718 0.450914 0.612816 0.450914 0.611913 0.450237 0.611011 0.450237 0.610108 0.448883 0.608303 0.448883 0.607401 0.447529 0.605596 0.447529 0.604693 0.446175 0.602888 0.446175 0.601986 0.441435 0.595668 0.440758 0.595668 0.438727 0.592960 0.438050 0.592960 0.436696 0.591155 0.436019 0.591155 0.429248 0.582130 0.428571 0.582130 0.427894 0.581227 0.426540 0.581227 0.425863 0.580325
1 0.520650 0.317690 0.519973 0.318592 0.518619 0.318592 0.515911 0.322202 0.515911 0.323105 0.515234 0.324007 0.515234 0.326715 0.514557 0.327617 0.514557 0.332130 0.515234 0.333032 0.515234 0.333935 0.518619 0.338448 0.521327 0.338448 0.522004 0.339350 0.522681 0.338448 0.524035 0.338448 0.525389 0.336643 0.526066 0.336643 0.526066 0.335740 0.526743 0.334838 0.526743 0.333935 0.527420 0.333032 0.527420 0.324007 0.526743 0.323105 0.526743 0.321300 0.524712 0.318592 0.524035 0.318592 0.523358 0.317690
2 0.545701 0.957581 0.545024 0.958484 0.542316 0.958484 0.540961 0.960289 0.540284 0.960289 0.539607 0.961191 0.539607 0.962094 0.538930 0.962996 0.538930 0.988267 0.538253 0.989170 0.538253 0.990975 0.537576 0.991877 0.537576 0.992780 0.536222 0.994585 0.536222 0.996390 0.535545 0.997292 0.535545 0.999097 0.552471 0.999097 0.552471 0.998195 0.553148 0.997292 0.553825 0.997292 0.554502 0.996390 0.555179 0.996390 0.556534 0.994585 0.556534 0.993682 0.557211 0.992780 0.557211 0.991877 0.557888 0.990975 0.557888 0.986462 0.558565 0.985560 0.558565 0.977437 0.559242 0.976534 0.558565 0.975632 0.558565 0.971119 0.557888 0.970217 0.557888 0.968412 0.557211 0.967509 0.557211 0.966606 0.555179 0.963899 0.555179 0.962996 0.553148 0.960289 0.552471 0.960289 0.551117 0.958484 0.548409 0.958484 0.547732 0.957581
2 0.442789 0.398917 0.442112 0.399819 0.442112 0.402527 0.441435 0.403430 0.441435 0.404332 0.442112 0.405235 0.442112 0.411552 0.445498 0.411552 0.446852 0.409747 0.446852 0.408845 0.447529 0.407942 0.447529 0.407040 0.448206 0.406137 0.448206 0.403430 0.447529 0.402527 0.447529 0.401625 0.446852 0.400722 0.446175 0.400722 0.445498 0.399819 0.443466 0.399819