0 0.000000 0.287887 0.000000 0.369166 0.001166 0.369166 0.002331 0.369691 0.002331 0.372313 0.003497 0.372837 0.003497 0.373361 0.004662 0.373886 0.004662 0.374410 0.006993 0.374410 0.008159 0.374934 0.009324 0.374934 0.010490 0.374410 0.012821 0.374410 0.015152 0.373361 0.015152 0.372837 0.016317 0.372313 0.016317 0.370739 0.017483 0.370215 0.017483 0.367069 0.018648 0.366544 0.018648 0.363922 0.019814 0.363398 0.019814 0.361825 0.020979 0.361300 0.020979 0.360776 0.022145 0.360252 0.022145 0.359203 0.023310 0.358679 0.023310 0.358154 0.026807 0.356581 0.026807 0.356057 0.027972 0.355532 0.027972 0.350813 0.026807 0.350288 0.026807 0.348191 0.025641 0.347666 0.025641 0.346093 0.024476 0.345569 0.024476 0.339801 0.023310 0.339276 0.023310 0.335606 0.022145 0.335081 0.022145 0.333508 0.023310 0.332984 0.023310 0.331935 0.025641 0.330886 0.029138 0.332459 0.030303 0.332459 0.032634 0.333508 0.032634 0.334033 0.037296 0.336130 0.037296 0.336654 0.038462 0.337179 0.038462 0.337703 0.039627 0.338228 0.039627 0.338752 0.040793 0.339276 0.040793 0.339801 0.041958 0.340325 0.044289 0.340325 0.046620 0.339276 0.046620 0.334557 0.044289 0.333508 0.044289 0.332984 0.041958 0.331935 0.041958 0.331411 0.037296 0.329313 0.037296 0.328789 0.036131 0.328264 0.036131 0.327740 0.034965 0.327216 0.034965 0.326691 0.033800 0.326167 0.033800 0.325642 0.032634 0.325118 0.032634 0.324594 0.031469 0.324069 0.031469 0.323545 0.030303 0.323020 0.030303 0.322496 0.029138 0.321972 0.029138 0.320923 0.027972 0.320399 0.027972 0.319350 0.026807 0.318825 0.026807 0.317252 0.025641 0.316728 0.025641 0.315155 0.024476 0.314630 0.024476 0.313057 0.023310 0.312533 0.023310 0.311484 0.022145 0.310960 0.022145 0.309911 0.019814 0.308862 0.019814 0.308338 0.018648 0.307813 0.018648 0.307289 0.016317 0.306240 0.016317 0.304667 0.015152 0.304143 0.015152 0.302569 0.016317 0.302045 0.016317 0.299948 0.017483 0.299423 0.017483 0.297326 0.018648 0.296801 0.018648 0.295752 0.017483 0.295228 0.017483 0.292606 0.016317 0.292082 0.016317 0.291033 0.015152 0.290509 0.015152 0.289984 0.012821 0.288936 0.011655 0.288936 0.010490 0.288411 0.009324 0.288411 0.008159 0.287887
0 0.424242 0.378081 0.423077 0.378605 0.419580 0.378605 0.418415 0.379130 0.417249 0.379130 0.416084 0.379654 0.413753 0.379654 0.412587 0.380178 0.410256 0.380178 0.407925 0.381227 0.406760 0.381227 0.402098 0.383325 0.402098 0.383849 0.399767 0.384898 0.399767 0.385422 0.397436 0.386471 0.397436 0.386995 0.396270 0.387520 0.396270 0.388044 0.395105 0.388568 0.395105 0.389093 0.393939 0.389617 0.393939 0.390142 0.392774 0.390666 0.392774 0.391715 0.391608 0.392239 0.391608 0.392764 0.390443 0.393288 0.390443 0.393812 0.389277 0.394337 0.389277 0.394861 0.388112 0.395385 0.388112 0.396434 0.386946 0.396959 0.386946 0.400629 0.385781 0.401154 0.385781 0.404824 0.384615 0.405349 0.384615 0.407446 0.383450 0.407971 0.383450 0.410593 0.382284 0.411117 0.382284 0.411641 0.381119 0.412166 0.381119 0.412690 0.372960 0.416361 0.371795 0.416361 0.369464 0.417410 0.367133 0.417410 0.363636 0.418983 0.363636 0.419507 0.360140 0.421080 0.360140 0.422653 0.358974 0.423178 0.358974 0.429470 0.357809 0.429995 0.357809 0.433665 0.358974 0.434190 0.358974 0.444678 0.357809 0.445202 0.357809 0.446775 0.356643 0.447299 0.356643 0.449397 0.355478 0.449921 0.355478 0.451494 0.354312 0.452019 0.354312 0.453592 0.353147 0.454116 0.353147 0.457787 0.351981 0.458311 0.351981 0.460933 0.350816 0.461458 0.350816 0.462507 0.349650 0.463031 0.349650 0.464080 0.348485 0.464604 0.348485 0.465128 0.347319 0.465653 0.347319 0.466177 0.346154 0.466702 0.346154 0.467226 0.344988 0.467750 0.344988 0.468799 0.343823 0.469324 0.343823 0.470372 0.342657 0.470897 0.342657 0.471421 0.341492 0.471945 0.341492 0.472470 0.340326 0.472994 0.340326 0.474043 0.339161 0.474567 0.339161 0.475616 0.337995 0.476141 0.337995 0.476665 0.336830 0.477189 0.336830 0.478762 0.335664 0.479287 0.335664 0.480860 0.334499 0.481384 0.334499 0.483482 0.333333 0.484006 0.333333 0.488201 0.334499 0.488726 0.334499 0.490823 0.335664 0.491348 0.335664 0.492921 0.336830 0.493445 0.336830 0.493970 0.337995 0.494494 0.337995 0.495018 0.339161 0.495543 0.339161 0.496592 0.340326 0.496592 0.342657 0.497640 0.343823 0.497640 0.349650 0.500262 0.350816 0.500262 0.355478 0.502360 0.358974 0.502360 0.360140 0.502884 0.363636 0.502884 0.364802 0.503408 0.372960 0.503408 0.374126 0.503933 0.378788 0.503933 0.379953 0.503408 0.384615 0.503408 0.385781 0.502884 0.391608 0.502884 0.392774 0.503408 0.393939 0.503408 0.395105 0.502884 0.397436 0.502884 0.398601 0.502360 0.399767 0.502360 0.400932 0.501835 0.402098 0.502360 0.407925 0.502360 0.409091 0.502884 0.411422 0.502884 0.412587 0.503408 0.413753 0.503408 0.414918 0.503933 0.421911 0.503933 0.423077 0.503408 0.426573 0.503408 0.427739 0.502884 0.432401 0.502884 0.433566 0.503408 0.433566 0.503933 0.434732 0.504457 0.434732 0.506030 0.435897 0.506555 0.435897 0.507079 0.437063 0.507604 0.437063 0.508128 0.438228 0.508128 0.439394 0.508652 0.445221 0.508652 0.446387 0.509177 0.447552 0.509177 0.448718 0.509701 0.469697 0.509701 0.470862 0.509177 0.476690 0.509177 0.477855 0.508652 0.479021 0.508652 0.480186 0.508128 0.480186 0.504457 0.479021 0.504457 0.477855 0.503933 0.476690 0.503933 0.470862 0.501311 0.470862 0.500787 0.463869 0.497640 0.463869 0.496592 0.462704 0.496067 0.462704 0.493970 0.463869 0.493445 0.463869 0.490823 0.465035 0.490299 0.465035 0.488726 0.466200 0.488201 0.466200 0.486628 0.467366 0.486104 0.467366 0.484531 0.468531 0.484006 0.468531 0.483482 0.469697 0.482958 0.469697 0.481909 0.470862 0.481384 0.470862 0.480336 0.473193 0.479287 0.473193 0.478762 0.474359 0.478238 0.474359 0.477714 0.475524 0.477189 0.475524 0.476665 0.476690 0.476141 0.476690 0.475616 0.479021 0.474567 0.479021 0.474043 0.480186 0.473519 0.480186 0.472994 0.481352 0.472470 0.481352 0.471421 0.482517 0.470897 0.482517 0.469848 0.483683 0.469324 0.487179 0.469324 0.488345 0.469848 0.494172 0.469848 0.495338 0.469324 0.497669 0.469324 0.498834 0.468799 0.502331 0.468799 0.503497 0.468275 0.504662 0.468275 0.505828 0.467750 0.505828 0.467226 0.508159 0.466177 0.508159 0.465128 0.509324 0.464604 0.509324 0.463555 0.510490 0.463031 0.510490 0.460409 0.511655 0.459885 0.511655 0.459360 0.510490 0.458836 0.510490 0.452543 0.509324 0.452019 0.509324 0.445726 0.508159 0.445202 0.508159 0.442580 0.506993 0.442056 0.506993 0.441531 0.504662 0.440482 0.504662 0.439958 0.502331 0.438909 0.502331 0.437336 0.501166 0.436812 0.501166 0.433665 0.500000 0.433141 0.500000 0.432617 0.498834 0.432092 0.498834 0.431568 0.496503 0.430519 0.495338 0.430519 0.494172 0.429995 0.493007 0.429995 0.491841 0.429470 0.490676 0.429470 0.487179 0.431044 0.483683 0.431044 0.481352 0.429995 0.480186 0.429995 0.476690 0.428422 0.475524 0.428422 0.465035 0.423702 0.463869 0.423702 0.461538 0.422653 0.460373 0.422653 0.459207 0.422129 0.459207 0.421080 0.458042 0.420556 0.458042 0.416885 0.459207 0.416361 0.459207 0.413214 0.460373 0.412690 0.460373 0.411641 0.461538 0.411117 0.461538 0.410593 0.463869 0.409544 0.465035 0.409544 0.466200 0.409019 0.467366 0.409019 0.468531 0.408495 0.469697 0.408495 0.470862 0.407971 0.472028 0.407971 0.481352 0.403776 0.481352 0.402202 0.482517 0.401678 0.482517 0.399580 0.481352 0.399056 0.481352 0.397483 0.480186 0.396959 0.480186 0.396434 0.476690 0.394861 0.476690 0.394337 0.474359 0.393288 0.473193 0.393288 0.472028 0.392764 0.470862 0.392764 0.469697 0.392239 0.468531 0.392239 0.467366 0.391715 0.466200 0.391715 0.465035 0.391190 0.463869 0.391190 0.462704 0.390666 0.461538 0.390666 0.458042 0.389093 0.458042 0.388044 0.456876 0.387520 0.456876 0.386995 0.453380 0.385422 0.453380 0.384898 0.446387 0.381751 0.445221 0.381751 0.442890 0.380703 0.441725 0.380703 0.439394 0.379654 0.438228 0.379654 0.437063 0.379130 0.435897 0.379130 0.434732 0.378605 0.433566 0.378605 0.432401 0.378081
0 0.930070 0.396434 0.928904 0.396959 0.925408 0.396959 0.924242 0.397483 0.923077 0.397483 0.921911 0.398007 0.920746 0.398007 0.919580 0.398532 0.918415 0.398532 0.917249 0.399056 0.916084 0.399056 0.914918 0.399580 0.913753 0.399580 0.912587 0.400105 0.911422 0.400105 0.902098 0.404300 0.902098 0.404824 0.898601 0.406397 0.898601 0.406922 0.897436 0.407446 0.897436 0.408495 0.896270 0.409019 0.896270 0.410068 0.895105 0.410593 0.895105 0.412690 0.893939 0.413214 0.893939 0.416361 0.895105 0.416885 0.895105 0.418983 0.896270 0.419507 0.896270 0.421605 0.897436 0.422129 0.897436 0.423178 0.898601 0.423702 0.898601 0.425275 0.899767 0.425800 0.899767 0.427897 0.900932 0.428422 0.899767 0.428946 0.899767 0.429470 0.898601 0.429995 0.898601 0.430519 0.897436 0.431044 0.897436 0.431568 0.896270 0.432092 0.896270 0.432617 0.895105 0.433141 0.895105 0.434714 0.893939 0.435239 0.893939 0.437336 0.895105 0.437861 0.895105 0.439958 0.896270 0.440482 0.896270 0.441007 0.897436 0.441531 0.898601 0.441531 0.900932 0.442580 0.914918 0.442580 0.916084 0.442056 0.917249 0.442056 0.918415 0.441531 0.921911 0.441531 0.923077 0.441007 0.925408 0.441007 0.926573 0.440482 0.928904 0.440482 0.933566 0.438385 0.934732 0.438385 0.935897 0.437861 0.937063 0.437861 0.938228 0.437336 0.940559 0.437336 0.941725 0.436812 0.945221 0.436812 0.948718 0.438385 0.948718 0.438909 0.949883 0.439434 0.949883 0.441007 0.951049 0.441531 0.951049 0.443104 0.952214 0.443629 0.952214 0.444153 0.953380 0.444678 0.953380 0.445202 0.954545 0.445726 0.954545 0.448348 0.953380 0.448873 0.953380 0.449397 0.949883 0.450970 0.949883 0.451494 0.948718 0.452019 0.948718 0.452543 0.947552 0.453068 0.947552 0.454116 0.933566 0.460409 0.933566 0.460933 0.932401 0.461458 0.931235 0.461458 0.927739 0.463031 0.926573 0.463031 0.924242 0.464080 0.923077 0.464080 0.918415 0.466177 0.917249 0.466177 0.916084 0.466702 0.916084 0.467226 0.911422 0.469324 0.910256 0.469324 0.906760 0.470897 0.906760 0.471421 0.903263 0.472994 0.903263 0.473519 0.902098 0.474043 0.902098 0.474567 0.900932 0.475092 0.900932 0.475616 0.899767 0.476141 0.899767 0.476665 0.898601 0.477189 0.898601 0.477714 0.899767 0.478238 0.899767 0.482958 0.900932 0.483482 0.900932 0.485579 0.903263 0.486628 0.904429 0.486628 0.905594 0.487153 0.907925 0.487153 0.909091 0.487677 0.911422 0.487677 0.912587 0.488201 0.913753 0.488201 0.917249 0.489775 0.917249 0.490299 0.921911 0.492396 0.923077 0.492396 0.924242 0.492921 0.926573 0.492921 0.927739 0.493445 0.931235 0.493445 0.932401 0.492921 0.933566 0.492921 0.934732 0.492396 0.935897 0.492396 0.940559 0.490299 0.941725 0.490299 0.942890 0.489775 0.946387 0.489775 0.947552 0.489250 0.955711 0.489250 0.956876 0.488726 0.960373 0.488726 0.963869 0.490299 0.966200 0.490299 0.968531 0.491348 0.969697 0.491348 0.970862 0.491872 0.970862 0.492396 0.972028 0.492921 0.972028 0.493970 0.973193 0.494494 0.973193 0.496067 0.974359 0.496592 0.974359 0.497116 0.975524 0.497640 0.975524 0.499213 0.976690 0.499738 0.976690 0.500262 0.977855 0.500262 0.979021 0.500787 0.986014 0.500787 0.987179 0.501311 0.989510 0.501311 0.990676 0.501835 0.994172 0.501835 0.995338 0.501311 0.996503 0.501311 0.997669 0.500787 0.998834 0.500787 0.998834 0.413739 0.997669 0.413739 0.996503 0.413214 0.996503 0.412690 0.995338 0.412166 0.994172 0.412166 0.991841 0.411117 0.990676 0.411117 0.989510 0.410593 0.989510 0.410068 0.988345 0.409544 0.988345 0.409019 0.987179 0.408495 0.987179 0.407446 0.986014 0.406922 0.986014 0.406397 0.982517 0.404824 0.981352 0.404824 0.980186 0.404300 0.979021 0.404824 0.972028 0.404824 0.970862 0.404300 0.967366 0.404300 0.963869 0.402727 0.962704 0.402727 0.958042 0.400629 0.956876 0.400629 0.954545 0.399580 0.953380 0.399580 0.952214 0.399056 0.951049 0.399056 0.949883 0.398532 0.948718 0.398532 0.947552 0.398007 0.946387 0.398007 0.945221 0.397483 0.942890 0.397483 0.941725 0.396959 0.938228 0.396959 0.937063 0.396434
0 0.358974 0.280545 0.356643 0.281594 0.355478 0.281594 0.354312 0.282119 0.354312 0.282643 0.353147 0.283167 0.353147 0.285265 0.351981 0.285789 0.351981 0.286838 0.353147 0.287362 0.353147 0.288936 0.354312 0.289460 0.354312 0.291557 0.353147 0.292082 0.353147 0.293655 0.351981 0.294179 0.351981 0.294704 0.350816 0.295228 0.350816 0.296277 0.349650 0.296801 0.349650 0.297850 0.348485 0.298374 0.346154 0.298374 0.344988 0.298899 0.343823 0.298374 0.339161 0.298374 0.337995 0.297850 0.334499 0.297850 0.333333 0.297326 0.332168 0.297326 0.331002 0.296801 0.328671 0.296801 0.327506 0.296277 0.325175 0.296277 0.324009 0.295752 0.322844 0.295752 0.321678 0.295228 0.319347 0.295228 0.318182 0.294704 0.313520 0.294704 0.313520 0.295228 0.312354 0.295752 0.312354 0.297326 0.318182 0.299948 0.319347 0.299948 0.320513 0.300472 0.321678 0.300472 0.322844 0.300996 0.325175 0.300996 0.327506 0.302045 0.328671 0.302045 0.329837 0.302569 0.331002 0.302569 0.332168 0.303094 0.334499 0.303094 0.335664 0.303618 0.341492 0.303618 0.342657 0.304143 0.344988 0.304143 0.346154 0.303618 0.348485 0.303618 0.351981 0.302045 0.354312 0.302045 0.355478 0.302569 0.356643 0.302569 0.357809 0.303094 0.357809 0.303618 0.358974 0.304143 0.358974 0.305716 0.360140 0.306240 0.360140 0.315679 0.361305 0.316203 0.361305 0.318301 0.362471 0.318825 0.362471 0.319874 0.363636 0.320399 0.363636 0.326167 0.362471 0.326691 0.362471 0.336130 0.361305 0.336654 0.361305 0.338228 0.360140 0.338752 0.360140 0.340325 0.358974 0.340850 0.358974 0.345045 0.360140 0.345045 0.361305 0.345569 0.362471 0.345569 0.363636 0.345045 0.364802 0.345045 0.365967 0.344520 0.365967 0.343996 0.367133 0.343471 0.367133 0.342947 0.368298 0.342423 0.368298 0.341898 0.369464 0.341374 0.369464 0.340325 0.370629 0.339801 0.370629 0.338228 0.371795 0.337703 0.371795 0.335606 0.372960 0.335081 0.372960 0.334033 0.374126 0.333508 0.374126 0.332984 0.375291 0.332459 0.377622 0.332459 0.381119 0.334033 0.381119 0.334557 0.385781 0.336654 0.385781 0.337179 0.386946 0.337703 0.386946 0.338228 0.389277 0.339276 0.389277 0.340325 0.390443 0.340850 0.390443 0.342423 0.391608 0.342423 0.392774 0.342947 0.393939 0.342423 0.393939 0.339276 0.392774 0.338752 0.392774 0.337179 0.391608 0.336654 0.391608 0.334033 0.390443 0.333508 0.390443 0.331935 0.389277 0.331411 0.389277 0.330362 0.388112 0.329837 0.388112 0.329313 0.385781 0.328264 0.385781 0.327740 0.384615 0.327216 0.384615 0.326691 0.383450 0.326167 0.383450 0.325118 0.382284 0.324594 0.382284 0.323545 0.381119 0.323020 0.381119 0.321972 0.379953 0.321447 0.379953 0.319874 0.381119 0.319350 0.381119 0.318825 0.383450 0.317777 0.383450 0.317252 0.386946 0.315679 0.388112 0.315679 0.388112 0.315155 0.390443 0.314106 0.390443 0.313582 0.393939 0.312008 0.399767 0.312008 0.400932 0.312533 0.402098 0.312008 0.403263 0.312008 0.403263 0.311484 0.404429 0.310960 0.404429 0.310435 0.403263 0.309911 0.403263 0.309386 0.402098 0.308862 0.402098 0.308338 0.400932 0.307813 0.400932 0.307289 0.395105 0.304667 0.395105 0.304143 0.393939 0.303618 0.393939 0.303094 0.391608 0.302045 0.391608 0.301521 0.390443 0.300996 0.390443 0.299948 0.389277 0.299423 0.389277 0.298899 0.388112 0.298374 0.388112 0.297850 0.386946 0.297326 0.386946 0.296277 0.384615 0.295228 0.384615 0.294704 0.383450 0.294179 0.383450 0.293655 0.381119 0.292606 0.381119 0.292082 0.379953 0.291557 0.378788 0.291557 0.375291 0.289984 0.375291 0.289460 0.372960 0.288411 0.372960 0.287887 0.371795 0.287362 0.371795 0.286314 0.370629 0.285789 0.370629 0.285265 0.369464 0.284740 0.369464 0.283167 0.368298 0.282643 0.368298 0.282119 0.365967 0.281070 0.364802 0.281070 0.363636 0.280545
0 0.637529 0.340325 0.636364 0.340850 0.635198 0.340850 0.634033 0.341374 0.632867 0.341374 0.631702 0.341898 0.630536 0.341898 0.623543 0.345045 0.623543 0.345569 0.622378 0.346093 0.622378 0.346618 0.620047 0.347666 0.620047 0.348191 0.618881 0.348715 0.618881 0.349240 0.617716 0.349764 0.617716 0.350288 0.616550 0.350813 0.616550 0.351337 0.615385 0.351862 0.615385 0.353435 0.614219 0.353959 0.614219 0.355532 0.613054 0.356057 0.613054 0.357105 0.611888 0.357630 0.611888 0.358154 0.610723 0.358679 0.610723 0.360776 0.609557 0.361300 0.609557 0.367069 0.608392 0.367593 0.608392 0.371788 0.607226 0.372313 0.607226 0.375983 0.606061 0.376508 0.606061 0.379654 0.604895 0.380178 0.604895 0.381751 0.603730 0.382276 0.603730 0.383325 0.602564 0.383849 0.602564 0.385422 0.601399 0.385947 0.601399 0.389093 0.600233 0.389617 0.600233 0.393288 0.599068 0.393812 0.599068 0.404824 0.600233 0.405349 0.600233 0.406397 0.601399 0.406922 0.601399 0.407446 0.602564 0.407971 0.603730 0.407971 0.604895 0.408495 0.611888 0.408495 0.613054 0.407971 0.613054 0.406922 0.614219 0.406397 0.614219 0.405873 0.615385 0.405349 0.615385 0.404824 0.616550 0.404300 0.616550 0.402727 0.617716 0.402202 0.617716 0.400629 0.618881 0.400105 0.618881 0.398532 0.620047 0.398007 0.620047 0.396959 0.621212 0.396434 0.621212 0.394861 0.622378 0.394337 0.623543 0.394337 0.625874 0.395385 0.625874 0.396434 0.627040 0.396959 0.627040 0.397483 0.628205 0.398007 0.628205 0.398532 0.630536 0.399580 0.630536 0.400105 0.631702 0.400629 0.632867 0.400629 0.636364 0.402202 0.645688 0.402202 0.646853 0.401678 0.646853 0.401154 0.648019 0.400629 0.646853 0.400105 0.646853 0.398532 0.645688 0.398007 0.645688 0.396959 0.644522 0.396434 0.644522 0.395910 0.643357 0.395385 0.643357 0.394337 0.642191 0.393812 0.642191 0.393288 0.641026 0.392764 0.641026 0.392239 0.639860 0.391715 0.639860 0.390666 0.638695 0.390142 0.638695 0.389617 0.637529 0.389093 0.637529 0.388568 0.636364 0.388044 0.636364 0.379654 0.637529 0.379130 0.637529 0.378605 0.638695 0.378081 0.638695 0.377556 0.639860 0.377032 0.639860 0.376508 0.642191 0.375459 0.642191 0.374934 0.643357 0.374410 0.655012 0.374410 0.656177 0.374934 0.657343 0.374934 0.663170 0.377556 0.664336 0.377556 0.666667 0.378605 0.667832 0.378605 0.668998 0.379130 0.668998 0.379654 0.672494 0.381227 0.672494 0.381751 0.674825 0.382800 0.674825 0.383325 0.675991 0.383849 0.675991 0.384373 0.677156 0.384898 0.677156 0.385947 0.678322 0.386471 0.678322 0.390666 0.677156 0.391190 0.677156 0.392239 0.675991 0.392764 0.675991 0.398007 0.677156 0.398532 0.677156 0.401154 0.681818 0.403251 0.681818 0.403776 0.682984 0.403776 0.684149 0.404300 0.686480 0.404300 0.688811 0.405349 0.689977 0.405349 0.693473 0.406922 0.694639 0.406922 0.695804 0.407446 0.702797 0.407446 0.703963 0.406922 0.706294 0.406922 0.713287 0.403776 0.713287 0.403251 0.716783 0.401678 0.716783 0.401154 0.717949 0.400629 0.717949 0.399580 0.719114 0.399056 0.719114 0.398532 0.720280 0.398007 0.720280 0.394337 0.721445 0.393812 0.721445 0.391715 0.722611 0.391190 0.722611 0.381227 0.721445 0.380703 0.721445 0.378081 0.720280 0.377556 0.720280 0.367069 0.721445 0.366544 0.721445 0.359203 0.720280 0.358679 0.720280 0.357630 0.719114 0.357105 0.719114 0.356581 0.717949 0.356057 0.717949 0.355532 0.716783 0.355008 0.716783 0.354483 0.713287 0.352910 0.713287 0.352386 0.712121 0.351862 0.710956 0.351862 0.709790 0.351337 0.708625 0.351337 0.706294 0.350288 0.705128 0.350288 0.700466 0.348191 0.699301 0.348191 0.695804 0.346618 0.695804 0.346093 0.691142 0.343996 0.689977 0.343996 0.688811 0.343471 0.687646 0.343471 0.686480 0.342947 0.684149 0.342947 0.682984 0.342423 0.678322 0.342423 0.677156 0.341898 0.672494 0.341898 0.671329 0.341374 0.662005 0.341374 0.660839 0.340850 0.657343 0.340850 0.656177 0.341374 0.653846 0.341374 0.652681 0.340850 0.649184 0.340850 0.648019 0.340325
1 0.000000 0.287887 0.000000 0.298374 0.004662 0.298374 0.005828 0.297850 0.012821 0.297850 0.013986 0.298374 0.015152 0.298374 0.016317 0.297850 0.017483 0.297850 0.017483 0.297326 0.018648 0.296801 0.018648 0.293655 0.017483 0.293131 0.017483 0.292082 0.016317 0.291557 0.016317 0.291033 0.015152 0.290509 0.015152 0.289984 0.011655 0.288411 0.009324 0.288411 0.008159 0.287887
1 0.424242 0.378081 0.423077 0.378605 0.420746 0.378605 0.419580 0.379130 0.416084 0.379130 0.414918 0.379654 0.412587 0.379654 0.411422 0.380178 0.410256 0.380178 0.407925 0.381227 0.406760 0.381227 0.403263 0.382800 0.403263 0.383325 0.400932 0.384373 0.400932 0.384898 0.397436 0.386471 0.397436 0.386995 0.396270 0.387520 0.396270 0.388044 0.395105 0.388568 0.395105 0.389093 0.393939 0.389617 0.393939 0.390142 0.392774 0.390666 0.392774 0.391190 0.391608 0.391715 0.391608 0.392239 0.390443 0.392764 0.390443 0.393812 0.389277 0.394337 0.389277 0.394861 0.388112 0.395385 0.388112 0.396434 0.386946 0.396959 0.386946 0.401678 0.388112 0.402202 0.388112 0.402727 0.395105 0.405873 0.396270 0.405873 0.397436 0.406397 0.398601 0.406397 0.399767 0.406922 0.400932 0.406922 0.402098 0.407446 0.403263 0.407446 0.404429 0.407971 0.406760 0.407971 0.407925 0.408495 0.412587 0.408495 0.413753 0.409019 0.431235 0.409019 0.432401 0.408495 0.438228 0.408495 0.439394 0.407971 0.444056 0.407971 0.445221 0.407446 0.446387 0.407446 0.447552 0.406922 0.448718 0.406922 0.453380 0.404824 0.453380 0.404300 0.454545 0.403776 0.454545 0.403251 0.455711 0.402727 0.455711 0.401678 0.456876 0.401154 0.456876 0.399580 0.458042 0.399056 0.458042 0.389617 0.456876 0.389093 0.456876 0.388044 0.455711 0.387520 0.455711 0.386995 0.454545 0.386471 0.454545 0.385947 0.452214 0.384898 0.452214 0.384373 0.445221 0.381227 0.444056 0.381227 0.440559 0.379654 0.439394 0.379654 0.438228 0.379130 0.437063 0.379130 0.435897 0.378605 0.433566 0.378605 0.432401 0.378081
1 0.928904 0.396434 0.927739 0.396959 0.925408 0.396959 0.924242 0.397483 0.921911 0.397483 0.919580 0.398532 0.918415 0.398532 0.917249 0.399056 0.916084 0.399056 0.914918 0.399580 0.913753 0.399580 0.912587 0.400105 0.911422 0.400105 0.905594 0.402727 0.904429 0.402727 0.903263 0.403251 0.903263 0.403776 0.902098 0.404300 0.902098 0.404824 0.898601 0.406397 0.898601 0.406922 0.897436 0.407446 0.897436 0.408495 0.896270 0.409019 0.896270 0.409544 0.895105 0.410068 0.895105 0.411641 0.893939 0.412166 0.893939 0.414263 0.892774 0.414788 0.893939 0.415312 0.893939 0.416885 0.895105 0.417410 0.895105 0.418983 0.896270 0.419507 0.896270 0.421605 0.897436 0.422129 0.897436 0.423702 0.898601 0.424227 0.898601 0.425275 0.899767 0.425800 0.899767 0.426848 0.900932 0.427373 0.900932 0.427897 0.902098 0.428422 0.902098 0.428946 0.900932 0.429470 0.900932 0.429995 0.899767 0.430519 0.899767 0.431044 0.898601 0.431568 0.898601 0.432092 0.897436 0.432617 0.897436 0.433141 0.896270 0.433665 0.896270 0.434190 0.895105 0.434714 0.895105 0.435239 0.893939 0.435763 0.895105 0.436287 0.895105 0.439434 0.900932 0.442056 0.903263 0.442056 0.904429 0.442580 0.911422 0.442580 0.912587 0.442056 0.914918 0.442056 0.917249 0.441007 0.918415 0.441007 0.919580 0.440482 0.920746 0.440482 0.921911 0.439958 0.926573 0.439958 0.927739 0.439434 0.928904 0.439434 0.931235 0.438385 0.931235 0.437861 0.934732 0.436287 0.937063 0.436287 0.938228 0.435763 0.942890 0.435763 0.945221 0.434714 0.945221 0.434190 0.948718 0.432617 0.949883 0.432617 0.952214 0.431568 0.952214 0.431044 0.953380 0.430519 0.953380 0.429995 0.954545 0.429470 0.955711 0.429470 0.955711 0.428946 0.956876 0.428422 0.956876 0.427373 0.958042 0.426848 0.958042 0.426324 0.960373 0.425275 0.960373 0.422653 0.961538 0.422129 0.961538 0.421080 0.962704 0.420556 0.962704 0.419507 0.963869 0.418983 0.963869 0.417934 0.965035 0.417410 0.966200 0.417410 0.966200 0.416885 0.967366 0.416361 0.968531 0.416361 0.970862 0.415312 0.972028 0.415312 0.973193 0.414788 0.974359 0.414788 0.977855 0.413214 0.979021 0.413214 0.980186 0.412690 0.981352 0.412690 0.983683 0.411641 0.984848 0.411641 0.986014 0.411117 0.986014 0.410068 0.987179 0.409544 0.987179 0.406922 0.984848 0.405873 0.984848 0.405349 0.983683 0.405349 0.982517 0.404824 0.981352 0.404824 0.980186 0.404300 0.979021 0.404824 0.969697 0.404824 0.968531 0.404300 0.967366 0.404300 0.959207 0.400629 0.958042 0.400629 0.956876 0.400105 0.955711 0.400105 0.953380 0.399056 0.952214 0.399056 0.951049 0.398532 0.949883 0.398532 0.948718 0.398007 0.947552 0.398007 0.946387 0.397483 0.944056 0.397483 0.942890 0.396959 0.940559 0.396959 0.939394 0.396434
1 0.698135 0.349764 0.696970 0.350288 0.694639 0.350288 0.693473 0.350813 0.691142 0.350813 0.689977 0.351337 0.688811 0.351337 0.682984 0.353959 0.682984 0.354483 0.681818 0.355008 0.681818 0.356057 0.680653 0.356581 0.680653 0.358154 0.679487 0.358679 0.679487 0.360252 0.678322 0.360776 0.678322 0.361825 0.677156 0.362349 0.677156 0.363398 0.674825 0.364447 0.674825 0.365496 0.673660 0.366020 0.673660 0.372837 0.674825 0.373361 0.674825 0.373886 0.677156 0.374934 0.677156 0.375459 0.679487 0.376508 0.679487 0.377032 0.680653 0.377556 0.680653 0.378081 0.685315 0.380178 0.686480 0.380178 0.687646 0.380703 0.691142 0.380703 0.692308 0.381227 0.696970 0.381227 0.698135 0.380703 0.707459 0.380703 0.708625 0.380178 0.710956 0.380178 0.713287 0.379130 0.713287 0.378605 0.716783 0.377032 0.716783 0.376508 0.717949 0.375983 0.717949 0.372837 0.719114 0.372313 0.719114 0.369691 0.720280 0.369166 0.720280 0.366544 0.721445 0.366020 0.721445 0.358679 0.720280 0.358154 0.720280 0.357105 0.719114 0.356581 0.719114 0.356057 0.717949 0.355532 0.717949 0.355008 0.713287 0.352910 0.713287 0.352386 0.712121 0.351862 0.710956 0.351862 0.708625 0.350813 0.707459 0.350813 0.706294 0.350288 0.703963 0.350288 0.702797 0.349764
1 0.595571 0.349240 0.594406 0.349764 0.593240 0.349764 0.592075 0.350288 0.590909 0.350288 0.589744 0.350813 0.587413 0.350813 0.586247 0.351337 0.586247 0.351862 0.585082 0.352386 0.585082 0.352910 0.582751 0.353959 0.582751 0.354483 0.581585 0.355008 0.581585 0.357630 0.580420 0.358154 0.580420 0.360252 0.581585 0.360776 0.581585 0.365496 0.580420 0.366020 0.582751 0.367069 0.583916 0.367069 0.585082 0.367593 0.587413 0.367593 0.588578 0.368117 0.588578 0.368642 0.590909 0.369691 0.594406 0.369691 0.595571 0.370215 0.604895 0.370215 0.607226 0.369166 0.607226 0.368642 0.608392 0.368117 0.608392 0.363922 0.609557 0.363398 0.609557 0.360252 0.610723 0.359727 0.610723 0.358679 0.611888 0.358154 0.611888 0.357105 0.613054 0.356581 0.613054 0.354483 0.614219 0.353959 0.614219 0.350813 0.611888 0.349764 0.601399 0.349764 0.600233 0.349240
1 0.357809 0.280545 0.353147 0.282643 0.353147 0.283692 0.351981 0.284216 0.351981 0.286838 0.353147 0.286838 0.354312 0.287362 0.360140 0.287362 0.361305 0.286838 0.369464 0.286838 0.370629 0.286314 0.370629 0.285265 0.369464 0.284740 0.369464 0.282643 0.368298 0.282119 0.368298 0.281594 0.365967 0.280545
1 0.512821 0.290509 0.506993 0.293131 0.506993 0.294179 0.505828 0.294704 0.505828 0.296801 0.508159 0.297850 0.509324 0.297326 0.517483 0.297326 0.518648 0.296801 0.518648 0.292606 0.517483 0.292082 0.517483 0.291557 0.515152 0.290509
2 0.462704 0.495543 0.462704 0.496067 0.458042 0.498165 0.458042 0.498689 0.455711 0.499738 0.453380 0.499738 0.452214 0.500262 0.451049 0.499738 0.448718 0.499738 0.447552 0.499213 0.444056 0.499213 0.442890 0.499738 0.441725 0.499738 0.440559 0.500262 0.439394 0.500262 0.434732 0.502360 0.434732 0.502884 0.433566 0.503408 0.433566 0.503933 0.432401 0.504457 0.432401 0.506030 0.433566 0.506555 0.433566 0.508128 0.434732 0.508652 0.434732 0.509177 0.435897 0.509701 0.438228 0.509701 0.439394 0.510225 0.445221 0.510225 0.446387 0.510750 0.449883 0.510750 0.451049 0.511274 0.458042 0.511274 0.459207 0.510750 0.474359 0.510750 0.475524 0.510225 0.479021 0.510225 0.482517 0.508652 0.482517 0.503933 0.481352 0.503408 0.481352 0.502884 0.479021 0.501835 0.477855 0.501835 0.476690 0.501311 0.475524 0.501311 0.474359 0.500787 0.473193 0.500787 0.466200 0.497640 0.466200 0.496592 0.465035 0.496067 0.465035 0.495543