0 0.293149 0.857471 0.292618 0.858621 0.293149 0.859770 0.293149 0.882759 0.293680 0.883908 0.293680 0.910345 0.294211 0.911494 0.294742 0.911494 0.295273 0.912644 0.298460 0.912644 0.298991 0.911494 0.300053 0.911494 0.302177 0.906897 0.302177 0.905747 0.303240 0.903448 0.303240 0.902299 0.303771 0.901149 0.303771 0.882759 0.303240 0.881609 0.303240 0.877011 0.302708 0.875862 0.302708 0.873563 0.302177 0.872414 0.302177 0.871264 0.300053 0.866667 0.300053 0.865517 0.296867 0.858621 0.295273 0.858621 0.294742 0.857471
0 0.237387 0.690805 0.236856 0.691954 0.234732 0.691954 0.234201 0.693103 0.233670 0.693103 0.232608 0.695402 0.232076 0.695402 0.232076 0.696552 0.231545 0.697701 0.231545 0.698851 0.230483 0.701149 0.230483 0.703448 0.229952 0.704598 0.229952 0.705747 0.229421 0.706897 0.229421 0.709195 0.228890 0.710345 0.228890 0.712644 0.228359 0.713793 0.228359 0.714943 0.227828 0.716092 0.227828 0.717241 0.226766 0.719540 0.226766 0.720690 0.225704 0.722989 0.225704 0.724138 0.224110 0.727586 0.224110 0.728736 0.223579 0.729885 0.223579 0.731034 0.223048 0.732184 0.223048 0.733333 0.221986 0.735632 0.221986 0.736782 0.220924 0.739080 0.220924 0.740230 0.219862 0.742529 0.219862 0.743678 0.218269 0.747126 0.218269 0.748276 0.217738 0.749425 0.217738 0.750575 0.215082 0.756322 0.215082 0.757471 0.212427 0.763218 0.212427 0.764368 0.211365 0.766667 0.211365 0.767816 0.209772 0.771264 0.209772 0.772414 0.209241 0.773563 0.209241 0.774713 0.208710 0.775862 0.208710 0.777011 0.208178 0.778161 0.208178 0.779310 0.207647 0.780460 0.207647 0.781609 0.207116 0.782759 0.207116 0.783908 0.206585 0.785057 0.206585 0.786207 0.205523 0.788506 0.205523 0.790805 0.204992 0.791954 0.204992 0.793103 0.204461 0.794253 0.204461 0.795402 0.203930 0.796552 0.203930 0.797701 0.203399 0.798851 0.203399 0.800000 0.201806 0.803448 0.201806 0.804598 0.200743 0.806897 0.200743 0.808046 0.200212 0.809195 0.200212 0.810345 0.199681 0.811494 0.199681 0.816092 0.199150 0.817241 0.199150 0.826437 0.199681 0.827586 0.199681 0.833333 0.200212 0.834483 0.200212 0.840230 0.200743 0.841379 0.200743 0.845977 0.201275 0.847126 0.201275 0.849425 0.201806 0.850575 0.201806 0.851724 0.202337 0.852874 0.202337 0.854023 0.203930 0.857471 0.203930 0.858621 0.204992 0.860920 0.204992 0.862069 0.206054 0.864368 0.206054 0.865517 0.207116 0.867816 0.207116 0.868966 0.207647 0.870115 0.208178 0.870115 0.209241 0.872414 0.209772 0.872414 0.210834 0.874713 0.211365 0.874713 0.212427 0.877011 0.212958 0.877011 0.213489 0.878161 0.214020 0.878161 0.214551 0.879310 0.215082 0.879310 0.215613 0.880460 0.216676 0.880460 0.217207 0.881609 0.218800 0.881609 0.219331 0.882759 0.219862 0.882759 0.220393 0.883908 0.221455 0.883908 0.222517 0.886207 0.223048 0.886207 0.226766 0.894253 0.226235 0.895402 0.226235 0.896552 0.225704 0.897701 0.225704 0.898851 0.225173 0.900000 0.225173 0.911494 0.224642 0.912644 0.224642 0.919540 0.225173 0.920690 0.225173 0.924138 0.225704 0.925287 0.225704 0.927586 0.226235 0.928736 0.226235 0.931034 0.226766 0.932184 0.226766 0.933333 0.227297 0.934483 0.227297 0.935632 0.229952 0.941379 0.229952 0.942529 0.232076 0.947126 0.232076 0.948276 0.232608 0.949425 0.232608 0.950575 0.233139 0.951724 0.233139 0.952874 0.233670 0.954023 0.233670 0.957471 0.234201 0.958621 0.234201 0.963218 0.234732 0.964368 0.234732 0.965517 0.235263 0.966667 0.235263 0.967816 0.235794 0.968966 0.235794 0.970115 0.237387 0.973563 0.239511 0.973563 0.240042 0.974713 0.244822 0.974713 0.245353 0.973563 0.248540 0.973563 0.249071 0.972414 0.250133 0.972414 0.250664 0.971264 0.251726 0.971264 0.252788 0.968966 0.253850 0.968966 0.254381 0.967816 0.254912 0.967816 0.255443 0.966667 0.255975 0.966667 0.257037 0.964368 0.257037 0.960920 0.257568 0.959770 0.257037 0.958621 0.257037 0.954023 0.256506 0.952874 0.257037 0.951724 0.257037 0.949425 0.258099 0.947126 0.259161 0.947126 0.259692 0.945977 0.260223 0.945977 0.261285 0.943678 0.261816 0.943678 0.262878 0.941379 0.263409 0.941379 0.264472 0.939080 0.265003 0.939080 0.265534 0.937931 0.266065 0.937931 0.266596 0.936782 0.267127 0.936782 0.267658 0.935632 0.268189 0.935632 0.268720 0.934483 0.269782 0.934483 0.270313 0.933333 0.270844 0.933333 0.271375 0.932184 0.271907 0.932184 0.272438 0.931034 0.272969 0.931034 0.273500 0.929885 0.274562 0.929885 0.275093 0.928736 0.275624 0.928736 0.276155 0.927586 0.276686 0.927586 0.277217 0.926437 0.277748 0.926437 0.278279 0.925287 0.278810 0.925287 0.279341 0.924138 0.279873 0.924138 0.280935 0.921839 0.280935 0.919540 0.281466 0.918391 0.281466 0.900000 0.280935 0.898851 0.280935 0.856322 0.280404 0.855172 0.280404 0.848276 0.279873 0.847126 0.279873 0.842529 0.279341 0.841379 0.279341 0.839080 0.278810 0.837931 0.278810 0.835632 0.278279 0.834483 0.278279 0.833333 0.277217 0.831034 0.277217 0.829885 0.276686 0.828736 0.276686 0.826437 0.276155 0.825287 0.276155 0.824138 0.275624 0.822989 0.275624 0.821839 0.275093 0.820690 0.275093 0.813793 0.275624 0.812644 0.275624 0.810345 0.276155 0.809195 0.276155 0.808046 0.276686 0.806897 0.276686 0.805747 0.278279 0.802299 0.278279 0.801149 0.278810 0.800000 0.278810 0.763218 0.278279 0.762069 0.278279 0.735632 0.277748 0.734483 0.277748 0.732184 0.278279 0.731034 0.278279 0.729885 0.277748 0.728736 0.277748 0.700000 0.277217 0.698851 0.277217 0.696552 0.276155 0.694253 0.274562 0.694253 0.274031 0.693103 0.264472 0.693103 0.263941 0.691954 0.256506 0.691954 0.255975 0.690805
0 0.299522 0.677011 0.298991 0.678161 0.296336 0.678161 0.295805 0.679310 0.295273 0.679310 0.294211 0.681609 0.293680 0.681609 0.290494 0.688506 0.290494 0.690805 0.289963 0.691954 0.290494 0.693103 0.290494 0.701149 0.291025 0.702299 0.291025 0.703448 0.290494 0.704598 0.290494 0.705747 0.291025 0.706897 0.291025 0.714943 0.291556 0.716092 0.291556 0.720690 0.292087 0.721839 0.292087 0.722989 0.293149 0.725287 0.294742 0.725287 0.295273 0.726437 0.299522 0.726437 0.300053 0.727586 0.304302 0.727586 0.304833 0.728736 0.308019 0.728736 0.308550 0.729885 0.311737 0.729885 0.312268 0.731034 0.312799 0.731034 0.313330 0.732184 0.314392 0.732184 0.314923 0.733333 0.314923 0.734483 0.315454 0.735632 0.315454 0.737931 0.314923 0.739080 0.314923 0.740230 0.312799 0.744828 0.312799 0.745977 0.309612 0.752874 0.309081 0.752874 0.308019 0.755172 0.307488 0.755172 0.305364 0.759770 0.304833 0.759770 0.303771 0.762069 0.303240 0.762069 0.301115 0.766667 0.300584 0.766667 0.300053 0.767816 0.299522 0.767816 0.297398 0.772414 0.296867 0.772414 0.295805 0.774713 0.295273 0.774713 0.294742 0.775862 0.294742 0.777011 0.293149 0.780460 0.293149 0.781609 0.292618 0.782759 0.292618 0.787356 0.292087 0.788506 0.292087 0.794253 0.291556 0.795402 0.291556 0.797701 0.292087 0.798851 0.292087 0.808046 0.292618 0.809195 0.292618 0.811494 0.293149 0.812644 0.293149 0.813793 0.296336 0.813793 0.297398 0.811494 0.297929 0.811494 0.298460 0.810345 0.299522 0.810345 0.300584 0.808046 0.301115 0.808046 0.301646 0.806897 0.302708 0.806897 0.303240 0.805747 0.303771 0.805747 0.306957 0.798851 0.306957 0.796552 0.307488 0.795402 0.307488 0.788506 0.308019 0.787356 0.308019 0.786207 0.309612 0.782759 0.310143 0.782759 0.310674 0.781609 0.311206 0.781609 0.311737 0.780460 0.312268 0.780460 0.312799 0.779310 0.313861 0.779310 0.314923 0.777011 0.315985 0.777011 0.316516 0.775862 0.317578 0.775862 0.318640 0.773563 0.319172 0.773563 0.319703 0.772414 0.320234 0.772414 0.321296 0.770115 0.321827 0.770115 0.322358 0.768966 0.322889 0.768966 0.323420 0.767816 0.323951 0.767816 0.324482 0.766667 0.325013 0.766667 0.327138 0.762069 0.327669 0.762069 0.331917 0.752874 0.332448 0.752874 0.338290 0.740230 0.338290 0.739080 0.339352 0.736782 0.339352 0.735632 0.339883 0.734483 0.339883 0.733333 0.340414 0.732184 0.340414 0.726437 0.339883 0.725287 0.339883 0.724138 0.338821 0.721839 0.338821 0.720690 0.335635 0.713793 0.335104 0.713793 0.334041 0.711494 0.333510 0.711494 0.332979 0.710345 0.332448 0.710345 0.331917 0.709195 0.331386 0.709195 0.330324 0.706897 0.329793 0.706897 0.329262 0.705747 0.328200 0.705747 0.327669 0.704598 0.327138 0.704598 0.326606 0.703448 0.326075 0.703448 0.325544 0.702299 0.324482 0.702299 0.323951 0.701149 0.323420 0.701149 0.322889 0.700000 0.321827 0.700000 0.321296 0.698851 0.320234 0.698851 0.319703 0.697701 0.319172 0.697701 0.318109 0.695402 0.317578 0.695402 0.317047 0.694253 0.316516 0.694253 0.315985 0.693103 0.315454 0.693103 0.314392 0.690805 0.313330 0.690805 0.312268 0.688506 0.311737 0.688506 0.311206 0.687356 0.310674 0.687356 0.310143 0.686207 0.309612 0.686207 0.309081 0.685057 0.308550 0.685057 0.308019 0.683908 0.307488 0.683908 0.306957 0.682759 0.306426 0.682759 0.305895 0.681609 0.305364 0.681609 0.304833 0.680460 0.303771 0.680460 0.303240 0.679310 0.302708 0.679310 0.302177 0.678161 0.300584 0.678161 0.300053 0.677011
0 0.275093 0.544828 0.274562 0.545977 0.271907 0.545977 0.270313 0.549425 0.269251 0.549425 0.267127 0.554023 0.267127 0.555172 0.266596 0.556322 0.265534 0.556322 0.265534 0.557471 0.264472 0.559770 0.264472 0.562069 0.263409 0.564368 0.263409 0.565517 0.262878 0.566667 0.262347 0.566667 0.261816 0.567816 0.261816 0.570115 0.261285 0.571264 0.261285 0.577011 0.261816 0.578161 0.261816 0.579310 0.262878 0.579310 0.263409 0.578161 0.265534 0.578161 0.266065 0.577011 0.271907 0.577011 0.272438 0.575862 0.272969 0.575862 0.273500 0.574713 0.274562 0.574713 0.275093 0.573563 0.278810 0.573563 0.279341 0.574713 0.279873 0.574713 0.280404 0.573563 0.285714 0.573563 0.286245 0.574713 0.289963 0.574713 0.290494 0.573563 0.290494 0.563218 0.289963 0.562069 0.289963 0.560920 0.288901 0.558621 0.288370 0.558621 0.287839 0.557471 0.287839 0.556322 0.285714 0.551724 0.284652 0.551724 0.283590 0.549425 0.283059 0.549425 0.281997 0.547126 0.281466 0.547126 0.280935 0.545977 0.279873 0.545977 0.279341 0.544828
0 0.528412 0.393103 0.527881 0.394253 0.526819 0.394253 0.526288 0.395402 0.525757 0.395402 0.525226 0.396552 0.524695 0.396552 0.523101 0.400000 0.523101 0.401149 0.522570 0.402299 0.522570 0.403448 0.522039 0.404598 0.522039 0.406897 0.521508 0.408046 0.522039 0.409195 0.522039 0.428736 0.521508 0.429885 0.521508 0.433333 0.520977 0.434483 0.520977 0.436782 0.520446 0.437931 0.520446 0.441379 0.519915 0.442529 0.519915 0.443678 0.520446 0.444828 0.520446 0.456322 0.520977 0.457471 0.520977 0.460920 0.521508 0.462069 0.521508 0.464368 0.522039 0.465517 0.522039 0.473563 0.522570 0.474713 0.522570 0.478161 0.523101 0.479310 0.523101 0.486207 0.523633 0.487356 0.523633 0.488506 0.523101 0.489655 0.523101 0.494253 0.525226 0.498851 0.528943 0.498851 0.529474 0.497701 0.530005 0.497701 0.531067 0.495402 0.531599 0.495402 0.532130 0.494253 0.533192 0.494253 0.534254 0.491954 0.534785 0.491954 0.535316 0.490805 0.535847 0.490805 0.536378 0.489655 0.539565 0.489655 0.540096 0.490805 0.540096 0.491954 0.540627 0.493103 0.540627 0.494253 0.542220 0.497701 0.542751 0.497701 0.543282 0.498851 0.544875 0.498851 0.545406 0.497701 0.546468 0.497701 0.546999 0.496552 0.546999 0.495402 0.547531 0.494253 0.547531 0.489655 0.546999 0.488506 0.546999 0.481609 0.546468 0.480460 0.546468 0.472414 0.545937 0.471264 0.545937 0.460920 0.545406 0.459770 0.545406 0.454023 0.545937 0.452874 0.545937 0.436782 0.546468 0.435632 0.546468 0.428736 0.545937 0.427586 0.545937 0.424138 0.545406 0.422989 0.545406 0.420690 0.544344 0.418391 0.544344 0.416092 0.543813 0.414943 0.543813 0.408046 0.543282 0.406897 0.543282 0.404598 0.542751 0.403448 0.542751 0.402299 0.541158 0.398851 0.541158 0.397701 0.540627 0.396552 0.540096 0.396552 0.539565 0.395402 0.538502 0.395402 0.537971 0.394253 0.536909 0.394253 0.536378 0.393103
0 0.429102 0.593103 0.428571 0.594253 0.428040 0.594253 0.428040 0.603448 0.428571 0.604598 0.428571 0.605747 0.429102 0.605747 0.429634 0.606897 0.430165 0.606897 0.431227 0.609195 0.434413 0.609195 0.434944 0.610345 0.436537 0.610345 0.437069 0.609195 0.440255 0.609195 0.441317 0.606897 0.441848 0.606897 0.442379 0.605747 0.442910 0.605747 0.442910 0.603448 0.443441 0.602299 0.443441 0.595402 0.442910 0.594253 0.440786 0.594253 0.440255 0.593103
0 0.385555 0.593103 0.385024 0.594253 0.383962 0.594253 0.383431 0.595402 0.382900 0.595402 0.381837 0.597701 0.381837 0.598851 0.380775 0.601149 0.380775 0.602299 0.380244 0.603448 0.380244 0.608046 0.380775 0.608046 0.381306 0.609195 0.386086 0.609195 0.386617 0.608046 0.394583 0.608046 0.395114 0.606897 0.395645 0.606897 0.396176 0.605747 0.396707 0.605747 0.397238 0.604598 0.397238 0.602299 0.397770 0.601149 0.397770 0.594253 0.397238 0.593103
0 0.431227 0.444828 0.430696 0.445977 0.430165 0.445977 0.429634 0.447126 0.428571 0.447126 0.428040 0.448276 0.427509 0.448276 0.426978 0.449425 0.426447 0.449425 0.425916 0.450575 0.425385 0.450575 0.424854 0.451724 0.424323 0.451724 0.423792 0.452874 0.422730 0.452874 0.422199 0.454023 0.420605 0.454023 0.420074 0.455172 0.417950 0.455172 0.417419 0.456322 0.415826 0.456322 0.415295 0.457471 0.414233 0.457471 0.413702 0.458621 0.412639 0.458621 0.412108 0.459770 0.411577 0.459770 0.411046 0.460920 0.410515 0.460920 0.409453 0.463218 0.408922 0.463218 0.407860 0.465517 0.407860 0.466667 0.406267 0.470115 0.405736 0.470115 0.405736 0.471264 0.404673 0.473563 0.404142 0.473563 0.404142 0.475862 0.403611 0.477011 0.403611 0.479310 0.403080 0.480460 0.403080 0.482759 0.402549 0.483908 0.402549 0.488506 0.402018 0.489655 0.402018 0.493103 0.401487 0.494253 0.401487 0.496552 0.400956 0.497701 0.400956 0.506897 0.400425 0.508046 0.400425 0.510345 0.399894 0.511494 0.399894 0.514943 0.399363 0.516092 0.399363 0.517241 0.398832 0.518391 0.398832 0.519540 0.398301 0.520690 0.398301 0.521839 0.397770 0.522989 0.397770 0.526437 0.397238 0.527586 0.397238 0.529885 0.396176 0.532184 0.396176 0.533333 0.395645 0.534483 0.395645 0.535632 0.394052 0.539080 0.394052 0.540230 0.393521 0.541379 0.393521 0.543678 0.392990 0.544828 0.392990 0.545977 0.392459 0.547126 0.392459 0.548276 0.391397 0.550575 0.391397 0.551724 0.390866 0.552874 0.390866 0.554023 0.390335 0.555172 0.390335 0.556322 0.389804 0.557471 0.389804 0.558621 0.389272 0.559770 0.389272 0.562069 0.388741 0.563218 0.388741 0.564368 0.388210 0.565517 0.388210 0.566667 0.387679 0.567816 0.387679 0.568966 0.387148 0.570115 0.387148 0.572414 0.386617 0.573563 0.387148 0.574713 0.389804 0.574713 0.390335 0.575862 0.397770 0.575862 0.398301 0.574713 0.402018 0.574713 0.402549 0.573563 0.403080 0.573563 0.404142 0.571264 0.404142 0.570115 0.404673 0.568966 0.404673 0.567816 0.406798 0.563218 0.408391 0.563218 0.409453 0.565517 0.409984 0.565517 0.410515 0.566667 0.411046 0.566667 0.411577 0.567816 0.412108 0.567816 0.413702 0.571264 0.414233 0.571264 0.414764 0.572414 0.415826 0.572414 0.416357 0.573563 0.416888 0.573563 0.417419 0.574713 0.422730 0.574713 0.423261 0.573563 0.423792 0.573563 0.423792 0.570115 0.423261 0.568966 0.423261 0.567816 0.422199 0.565517 0.422199 0.564368 0.421136 0.562069 0.420605 0.562069 0.419012 0.558621 0.418481 0.558621 0.414764 0.550575 0.414764 0.549425 0.413702 0.547126 0.413702 0.545977 0.413170 0.544828 0.413170 0.541379 0.412639 0.540230 0.412639 0.539080 0.413170 0.537931 0.413170 0.534483 0.414764 0.531034 0.419543 0.531034 0.420074 0.532184 0.421668 0.532184 0.422199 0.533333 0.423261 0.533333 0.423792 0.534483 0.424323 0.534483 0.426447 0.539080 0.426447 0.543678 0.426978 0.544828 0.426978 0.548276 0.427509 0.549425 0.427509 0.550575 0.428040 0.551724 0.428040 0.552874 0.428571 0.554023 0.428571 0.555172 0.429102 0.556322 0.429102 0.558621 0.428571 0.559770 0.428571 0.566667 0.427509 0.568966 0.427509 0.572414 0.428040 0.573563 0.429634 0.573563 0.430165 0.574713 0.441848 0.574713 0.442379 0.573563 0.442379 0.571264 0.441848 0.570115 0.441848 0.568966 0.441317 0.567816 0.441317 0.563218 0.440786 0.562069 0.440786 0.552874 0.441317 0.551724 0.441317 0.547126 0.441848 0.545977 0.441848 0.542529 0.442379 0.541379 0.442379 0.537931 0.442910 0.536782 0.442910 0.534483 0.443441 0.533333 0.443441 0.531034 0.443972 0.529885 0.443972 0.528736 0.444503 0.527586 0.444503 0.524138 0.445035 0.522989 0.445035 0.514943 0.444503 0.513793 0.444503 0.502299 0.445035 0.501149 0.445035 0.491954 0.445566 0.490805 0.445566 0.483908 0.445035 0.482759 0.445035 0.480460 0.444503 0.479310 0.444503 0.475862 0.443972 0.474713 0.443972 0.470115 0.443441 0.468966 0.443441 0.463218 0.442910 0.462069 0.442910 0.459770 0.442379 0.458621 0.442379 0.457471 0.441317 0.455172 0.441317 0.454023 0.438131 0.447126 0.437600 0.447126 0.437069 0.445977 0.436537 0.445977 0.436006 0.444828
1 0.532130 0.451724 0.531599 0.452874 0.531067 0.452874 0.530536 0.454023 0.530536 0.457471 0.530005 0.458621 0.530005 0.466667 0.530536 0.467816 0.530536 0.472414 0.531067 0.473563 0.531067 0.474713 0.531599 0.474713 0.532661 0.477011 0.533192 0.477011 0.533723 0.475862 0.535316 0.475862 0.535847 0.474713 0.536909 0.474713 0.537971 0.472414 0.537971 0.463218 0.538502 0.462069 0.538502 0.457471 0.537971 0.456322 0.537971 0.455172 0.536909 0.452874 0.534785 0.452874 0.534254 0.451724
1 0.274562 0.542529 0.274031 0.543678 0.272438 0.543678 0.271907 0.544828 0.271375 0.544828 0.270844 0.545977 0.270313 0.545977 0.269782 0.547126 0.269251 0.547126 0.267658 0.550575 0.267127 0.550575 0.263941 0.557471 0.263941 0.558621 0.261816 0.563218 0.261816 0.564368 0.261285 0.565517 0.261285 0.566667 0.260754 0.567816 0.260754 0.568966 0.260223 0.570115 0.260223 0.572414 0.259692 0.573563 0.259692 0.580460 0.260223 0.581609 0.260223 0.582759 0.260754 0.582759 0.261285 0.583908 0.262347 0.583908 0.262878 0.582759 0.263941 0.582759 0.264472 0.581609 0.266065 0.581609 0.266596 0.580460 0.267658 0.580460 0.268189 0.579310 0.269782 0.579310 0.270313 0.578161 0.272969 0.578161 0.273500 0.577011 0.288901 0.577011 0.289432 0.578161 0.289963 0.577011 0.291025 0.577011 0.292087 0.574713 0.292087 0.566667 0.291556 0.565517 0.291556 0.564368 0.291025 0.563218 0.291025 0.562069 0.290494 0.560920 0.290494 0.559770 0.284652 0.547126 0.284121 0.547126 0.283590 0.545977 0.283059 0.545977 0.282528 0.544828 0.281466 0.544828 0.280935 0.543678 0.279873 0.543678 0.279341 0.542529
1 0.532661 0.409195 0.532130 0.410345 0.531599 0.410345 0.530536 0.412644 0.530005 0.412644 0.528943 0.414943 0.528943 0.417241 0.528412 0.418391 0.528412 0.420690 0.527881 0.421839 0.527881 0.443678 0.530536 0.449425 0.531067 0.449425 0.531599 0.450575 0.533192 0.450575 0.533723 0.451724 0.534785 0.451724 0.535316 0.452874 0.536909 0.452874 0.537440 0.451724 0.538502 0.451724 0.539033 0.450575 0.539565 0.450575 0.541158 0.447126 0.541158 0.445977 0.542751 0.442529 0.542751 0.441379 0.543282 0.440230 0.543282 0.439080 0.543813 0.437931 0.543813 0.435632 0.544344 0.434483 0.544344 0.421839 0.543813 0.420690 0.543813 0.419540 0.543282 0.418391 0.543282 0.417241 0.542751 0.416092 0.542751 0.414943 0.542220 0.413793 0.541689 0.413793 0.540627 0.411494 0.540096 0.411494 0.539565 0.410345 0.537971 0.410345 0.537440 0.409195
1 0.431227 0.444828 0.430696 0.445977 0.430165 0.445977 0.429634 0.447126 0.428571 0.447126 0.428040 0.448276 0.427509 0.448276 0.425916 0.451724 0.425385 0.451724 0.424854 0.452874 0.424323 0.452874 0.422730 0.456322 0.422199 0.456322 0.422199 0.457471 0.419543 0.463218 0.419012 0.463218 0.419012 0.466667 0.418481 0.467816 0.417950 0.467816 0.417419 0.468966 0.417419 0.472414 0.417950 0.473563 0.416357 0.477011 0.416888 0.478161 0.416888 0.481609 0.416357 0.482759 0.416357 0.483908 0.416888 0.485057 0.416888 0.486207 0.417419 0.487356 0.417419 0.490805 0.417950 0.491954 0.417950 0.493103 0.418481 0.494253 0.419012 0.494253 0.420074 0.496552 0.420074 0.497701 0.420605 0.497701 0.421668 0.500000 0.421668 0.501149 0.422730 0.501149 0.423261 0.502299 0.423792 0.502299 0.424323 0.503448 0.424854 0.503448 0.425385 0.504598 0.428040 0.504598 0.428571 0.505747 0.429634 0.505747 0.430165 0.506897 0.431227 0.506897 0.431758 0.508046 0.432820 0.508046 0.433351 0.509195 0.434944 0.509195 0.435475 0.510345 0.436006 0.509195 0.439193 0.509195 0.439724 0.508046 0.440255 0.508046 0.443441 0.501149 0.443441 0.500000 0.443972 0.498851 0.443972 0.494253 0.444503 0.493103 0.444503 0.489655 0.445035 0.488506 0.445035 0.482759 0.444503 0.481609 0.444503 0.475862 0.443972 0.474713 0.443972 0.468966 0.443441 0.467816 0.443441 0.463218 0.442910 0.462069 0.442910 0.459770 0.442379 0.458621 0.442379 0.456322 0.438131 0.447126 0.437600 0.447126 0.437069 0.445977 0.436537 0.445977 0.436006 0.444828
2 0.533723 0.477011 0.533192 0.478161 0.532661 0.478161 0.531599 0.480460 0.531599 0.482759 0.531067 0.483908 0.531067 0.494253 0.531599 0.494253 0.532130 0.495402 0.534254 0.495402 0.534785 0.494253 0.535847 0.494253 0.536378 0.493103 0.536909 0.493103 0.537440 0.491954 0.537971 0.491954 0.537971 0.490805 0.538502 0.489655 0.538502 0.487356 0.539033 0.486207 0.539033 0.483908 0.538502 0.482759 0.538502 0.480460 0.536909 0.477011
2 0.524695 0.494253 0.524164 0.495402 0.523633 0.495402 0.523101 0.496552 0.523101 0.501149 0.523633 0.502299 0.523633 0.503448 0.524695 0.505747 0.528412 0.505747 0.528943 0.504598 0.529474 0.504598 0.530005 0.503448 0.530005 0.501149 0.530536 0.500000 0.530536 0.496552 0.530005 0.495402 0.529474 0.495402 0.528943 0.494253
2 0.226766 0.896552 0.225704 0.898851 0.225704 0.906897 0.225173 0.908046 0.225173 0.916092 0.224642 0.917241 0.224642 0.919540 0.225173 0.920690 0.225173 0.924138 0.225704 0.925287 0.225704 0.928736 0.226235 0.929885 0.226235 0.932184 0.226766 0.933333 0.226766 0.934483 0.227828 0.936782 0.227828 0.937931 0.230483 0.943678 0.230483 0.944828 0.232608 0.949425 0.232608 0.950575 0.233139 0.951724 0.233139 0.952874 0.233670 0.954023 0.233670 0.957471 0.234201 0.958621 0.234201 0.965517 0.234732 0.966667 0.234732 0.967816 0.235263 0.968966 0.235263 0.970115 0.236325 0.972414 0.236325 0.973563 0.236856 0.973563 0.237387 0.974713 0.239511 0.974713 0.240042 0.975862 0.244291 0.975862 0.244822 0.974713 0.248008 0.974713 0.248540 0.973563 0.250133 0.973563 0.250664 0.972414 0.251726 0.972414 0.252257 0.971264 0.253319 0.971264 0.253850 0.970115 0.254381 0.970115 0.254912 0.968966 0.255443 0.968966 0.257037 0.965517 0.257037 0.964368 0.257568 0.963218 0.257568 0.957471 0.257037 0.956322 0.257037 0.955172 0.256506 0.954023 0.256506 0.952874 0.252788 0.944828 0.252788 0.943678 0.252257 0.942529 0.252257 0.940230 0.251726 0.939080 0.251726 0.932184 0.251195 0.931034 0.251195 0.927586 0.250664 0.926437 0.250664 0.925287 0.250133 0.924138 0.250133 0.922989 0.249602 0.921839 0.249602 0.919540 0.249071 0.918391 0.249071 0.917241 0.248540 0.916092 0.248540 0.914943 0.246415 0.910345 0.246415 0.909195 0.245884 0.908046 0.245884 0.906897 0.244822 0.904598 0.244291 0.904598 0.243760 0.903448 0.243229 0.903448 0.242698 0.902299 0.242167 0.902299 0.241636 0.901149 0.240574 0.901149 0.240042 0.900000 0.237918 0.900000 0.237387 0.898851 0.235794 0.898851 0.235263 0.897701 0.233670 0.897701 0.233139 0.896552
2 0.524695 0.497701 0.524164 0.498851 0.523633 0.498851 0.523633 0.500000 0.523101 0.501149 0.523101 0.505747 0.522039 0.508046 0.522039 0.512644 0.522570 0.513793 0.522570 0.516092 0.523101 0.516092 0.523633 0.517241 0.527881 0.517241 0.528412 0.516092 0.529474 0.516092 0.530005 0.514943 0.530005 0.513793 0.530536 0.512644 0.530536 0.509195 0.531067 0.508046 0.531067 0.505747 0.530536 0.504598 0.530536 0.500000 0.530005 0.498851 0.530005 0.497701
2 0.543282 0.494253 0.542751 0.495402 0.542220 0.495402 0.541158 0.497701 0.541158 0.500000 0.541689 0.501149 0.541689 0.502299 0.542751 0.504598 0.544344 0.504598 0.544875 0.505747 0.546468 0.505747 0.546999 0.504598 0.547531 0.504598 0.549124 0.501149 0.549124 0.500000 0.548593 0.498851 0.548593 0.497701 0.547531 0.495402 0.546999 0.495402 0.546468 0.494253