0 0.400722 0.622884 0.399819 0.623561 0.399819 0.626269 0.398917 0.626947 0.398917 0.633040 0.398014 0.633717 0.398014 0.643873 0.397112 0.644550 0.397112 0.655383 0.399819 0.657414 0.400722 0.657414 0.401625 0.658091 0.410650 0.658091 0.411552 0.657414 0.412455 0.658091 0.416065 0.658091 0.416968 0.657414 0.425993 0.657414 0.426895 0.656737 0.445848 0.656737 0.446751 0.656060 0.449458 0.656060 0.450361 0.655383 0.452166 0.655383 0.453069 0.654705 0.453971 0.654705 0.454874 0.654028 0.453971 0.653351 0.453971 0.652674 0.453069 0.651997 0.453069 0.651320 0.452166 0.650643 0.451264 0.650643 0.450361 0.649966 0.449458 0.649966 0.441336 0.643873 0.440433 0.643873 0.438628 0.642519 0.437726 0.642519 0.434116 0.639810 0.433213 0.639810 0.432310 0.639133 0.430505 0.639133 0.428700 0.637779 0.427798 0.637779 0.426895 0.637102 0.425993 0.637102 0.418773 0.631686 0.417870 0.631686 0.414260 0.628978 0.413357 0.628978 0.410650 0.626947 0.409747 0.626947 0.408845 0.626269 0.407942 0.626269 0.406137 0.624915 0.405235 0.624915 0.403430 0.623561 0.401625 0.623561
0 0.435018 0.469194 0.434116 0.469871 0.433213 0.469871 0.430505 0.471903 0.429603 0.471903 0.427798 0.473257 0.426895 0.473257 0.424188 0.475288 0.423285 0.475288 0.422383 0.475965 0.421480 0.475965 0.420578 0.476642 0.418773 0.476642 0.417870 0.477319 0.416065 0.477319 0.415162 0.477996 0.414260 0.477996 0.413357 0.478673 0.412455 0.478673 0.411552 0.479350 0.409747 0.479350 0.408845 0.480027 0.407942 0.480027 0.407040 0.480704 0.405235 0.480704 0.404332 0.481381 0.403430 0.481381 0.402527 0.482058 0.399819 0.482058 0.398917 0.482735 0.397112 0.482735 0.395307 0.484089 0.394404 0.484089 0.392599 0.485443 0.391697 0.485443 0.390794 0.486121 0.389892 0.486121 0.388989 0.486798 0.388087 0.486798 0.386282 0.488152 0.385379 0.488152 0.384477 0.488829 0.383574 0.488829 0.382671 0.489506 0.381769 0.489506 0.375451 0.494245 0.375451 0.494922 0.374549 0.495599 0.374549 0.496276 0.372744 0.497630 0.372744 0.498307 0.371841 0.498984 0.371841 0.499661 0.370939 0.500339 0.370939 0.501016 0.369134 0.502370 0.369134 0.503047 0.368231 0.503724 0.368231 0.504401 0.367329 0.505078 0.367329 0.506432 0.365523 0.507786 0.365523 0.509140 0.364621 0.509817 0.364621 0.511171 0.363718 0.511848 0.363718 0.513879 0.362816 0.514557 0.362816 0.519296 0.363718 0.519973 0.364621 0.519973 0.365523 0.520650 0.366426 0.519973 0.368231 0.519973 0.369134 0.519296 0.370036 0.519296 0.370939 0.518619 0.371841 0.518619 0.372744 0.517942 0.373646 0.517942 0.374549 0.517265 0.375451 0.517265 0.376354 0.516588 0.377256 0.516588 0.378159 0.515911 0.379061 0.515911 0.379964 0.515234 0.380866 0.515234 0.381769 0.514557 0.382671 0.514557 0.383574 0.513879 0.384477 0.513879 0.385379 0.513202 0.386282 0.513202 0.387184 0.512525 0.388989 0.512525 0.390794 0.511171 0.391697 0.511171 0.393502 0.509817 0.394404 0.509817 0.395307 0.509140 0.396209 0.509140 0.397112 0.508463 0.398014 0.508463 0.399819 0.507109 0.400722 0.507109 0.401625 0.506432 0.402527 0.506432 0.403430 0.505755 0.404332 0.505755 0.407942 0.503047 0.408845 0.503047 0.409747 0.502370 0.410650 0.502370 0.412455 0.501016 0.412455 0.500339 0.416968 0.496953 0.418773 0.496953 0.419675 0.496276 0.423285 0.496276 0.424188 0.495599 0.425993 0.495599 0.429603 0.492891 0.430505 0.492891 0.431408 0.492214 0.432310 0.492214 0.433213 0.491537 0.434116 0.491537 0.435018 0.490860 0.435921 0.490860 0.436823 0.490183 0.437726 0.490183 0.439531 0.488829 0.440433 0.488829 0.441336 0.488152 0.442238 0.488152 0.443141 0.487475 0.444946 0.487475 0.447653 0.485443 0.449458 0.485443 0.450361 0.484766 0.451264 0.484766 0.452166 0.484089 0.453069 0.484089 0.454874 0.482735 0.455776 0.482735 0.456679 0.482058 0.458484 0.482058 0.462996 0.478673 0.463899 0.478673 0.464801 0.477996 0.466606 0.477996 0.469314 0.475965 0.470217 0.475965 0.472924 0.473934 0.473827 0.473934 0.473827 0.473257 0.472022 0.471903 0.468412 0.471903 0.467509 0.472580 0.463899 0.472580 0.462996 0.473257 0.462094 0.472580 0.457581 0.472580 0.456679 0.473257 0.455776 0.472580 0.451264 0.472580 0.450361 0.471903 0.447653 0.471903 0.446751 0.471225 0.444946 0.471225 0.444043 0.470548 0.443141 0.470548 0.442238 0.469871 0.440433 0.469871 0.439531 0.469194
0 0.524368 0.465132 0.523466 0.465809 0.521661 0.465809 0.520758 0.466486 0.512635 0.466486 0.510830 0.467840 0.509928 0.467840 0.508123 0.469194 0.507220 0.469194 0.498195 0.475965 0.497292 0.475965 0.497292 0.476642 0.496390 0.477319 0.496390 0.477996 0.494585 0.479350 0.493682 0.479350 0.492780 0.480027 0.490975 0.480027 0.490072 0.480704 0.487365 0.480704 0.486462 0.481381 0.484657 0.481381 0.483755 0.482058 0.481949 0.482058 0.481047 0.482735 0.479242 0.482735 0.477437 0.484089 0.476534 0.484089 0.475632 0.484766 0.474729 0.484766 0.472924 0.486121 0.471119 0.486121 0.467509 0.488829 0.466606 0.488829 0.464801 0.490183 0.463899 0.490183 0.462094 0.491537 0.461191 0.491537 0.460289 0.492214 0.459386 0.492214 0.458484 0.492891 0.457581 0.492891 0.456679 0.493568 0.455776 0.493568 0.453971 0.494922 0.453069 0.494922 0.451264 0.496276 0.450361 0.496276 0.448556 0.497630 0.446751 0.497630 0.444043 0.499661 0.443141 0.499661 0.442238 0.500339 0.441336 0.500339 0.440433 0.501016 0.438628 0.501016 0.434116 0.504401 0.433213 0.504401 0.431408 0.505755 0.429603 0.505755 0.427798 0.507109 0.426895 0.507109 0.425993 0.507786 0.425090 0.507786 0.423285 0.509140 0.422383 0.509140 0.421480 0.509817 0.420578 0.509817 0.419675 0.510494 0.417870 0.510494 0.416968 0.511171 0.416065 0.511171 0.415162 0.511848 0.414260 0.511848 0.413357 0.512525 0.411552 0.512525 0.410650 0.513202 0.409747 0.513202 0.407942 0.514557 0.407040 0.514557 0.406137 0.515234 0.405235 0.515234 0.402527 0.517265 0.401625 0.517265 0.398014 0.519973 0.397112 0.519973 0.395307 0.521327 0.394404 0.521327 0.393502 0.522004 0.392599 0.522004 0.391697 0.522681 0.390794 0.522681 0.389892 0.523358 0.388989 0.523358 0.388087 0.524035 0.387184 0.524035 0.386282 0.524712 0.385379 0.524712 0.384477 0.525389 0.383574 0.525389 0.379964 0.528097 0.379061 0.528097 0.378159 0.528775 0.377256 0.528775 0.374549 0.530806 0.373646 0.530806 0.371841 0.532160 0.370939 0.532160 0.370036 0.532837 0.369134 0.532837 0.367329 0.534191 0.367329 0.534868 0.366426 0.535545 0.366426 0.538253 0.367329 0.538930 0.367329 0.539607 0.368231 0.540284 0.368231 0.541638 0.369134 0.542316 0.369134 0.542993 0.370036 0.543670 0.370036 0.544347 0.370939 0.545024 0.370939 0.546378 0.371841 0.547055 0.371841 0.549086 0.372744 0.549763 0.372744 0.552471 0.373646 0.553148 0.377256 0.553148 0.378159 0.552471 0.379964 0.552471 0.380866 0.551794 0.383574 0.551794 0.384477 0.551117 0.385379 0.551117 0.386282 0.550440 0.387184 0.550440 0.388087 0.551117 0.388989 0.551117 0.390794 0.552471 0.390794 0.553148 0.391697 0.553825 0.391697 0.558565 0.390794 0.559242 0.390794 0.559919 0.389892 0.560596 0.386282 0.560596 0.386282 0.561273 0.384477 0.562627 0.383574 0.562627 0.382671 0.563304 0.381769 0.563304 0.380866 0.563981 0.379964 0.563981 0.379964 0.564658 0.381769 0.566012 0.381769 0.567366 0.382671 0.567366 0.384477 0.568720 0.384477 0.569397 0.385379 0.570074 0.385379 0.570752 0.386282 0.571429 0.386282 0.576168 0.387184 0.576845 0.387184 0.582261 0.388087 0.582938 0.388087 0.586324 0.388989 0.587001 0.388989 0.589709 0.389892 0.590386 0.389892 0.593771 0.390794 0.594448 0.390794 0.597156 0.391697 0.597833 0.391697 0.599865 0.392599 0.600542 0.392599 0.602573 0.393502 0.603250 0.393502 0.604604 0.394404 0.605281 0.394404 0.605958 0.395307 0.606635 0.395307 0.607312 0.398014 0.609343 0.398917 0.609343 0.400722 0.610697 0.402527 0.610697 0.405235 0.612729 0.406137 0.612729 0.407942 0.614083 0.408845 0.614083 0.413357 0.617468 0.414260 0.617468 0.415162 0.618145 0.416065 0.618145 0.418773 0.620176 0.419675 0.620176 0.421480 0.621530 0.422383 0.621530 0.423285 0.622207 0.424188 0.622207 0.425090 0.622884 0.425993 0.622884 0.426895 0.623561 0.431408 0.623561 0.432310 0.622884 0.432310 0.622207 0.433213 0.621530 0.433213 0.620853 0.434116 0.620176 0.434116 0.619499 0.435018 0.618822 0.435018 0.617468 0.435921 0.616791 0.435921 0.613406 0.436823 0.612729 0.436823 0.608666 0.437726 0.607989 0.437726 0.601896 0.438628 0.601219 0.438628 0.585647 0.439531 0.584970 0.439531 0.576168 0.440433 0.575491 0.440433 0.570074 0.441336 0.569397 0.441336 0.568720 0.442238 0.568043 0.443141 0.568720 0.443141 0.569397 0.444043 0.570074 0.444043 0.570752 0.446751 0.572783 0.447653 0.572783 0.448556 0.573460 0.449458 0.573460 0.457581 0.579553 0.457581 0.580230 0.458484 0.580907 0.458484 0.583615 0.459386 0.584292 0.459386 0.584970 0.458484 0.585647 0.458484 0.587678 0.457581 0.588355 0.457581 0.589032 0.456679 0.589709 0.456679 0.590386 0.455776 0.591063 0.455776 0.595125 0.456679 0.595802 0.456679 0.596479 0.457581 0.597156 0.457581 0.598510 0.459386 0.599865 0.459386 0.600542 0.460289 0.600542 0.462094 0.601896 0.462996 0.601896 0.463899 0.602573 0.465704 0.602573 0.466606 0.603250 0.467509 0.603250 0.468412 0.602573 0.470217 0.602573 0.473827 0.599865 0.473827 0.587001 0.474729 0.586324 0.474729 0.584970 0.475632 0.584292 0.475632 0.581584 0.476534 0.580907 0.476534 0.578199 0.477437 0.577522 0.477437 0.573460 0.478339 0.572783 0.478339 0.570752 0.479242 0.570074 0.479242 0.567366 0.480144 0.566689 0.480144 0.563981 0.481047 0.563304 0.481047 0.561950 0.481949 0.561273 0.481949 0.558565 0.482852 0.557888 0.482852 0.555856 0.483755 0.555179 0.483755 0.550440 0.484657 0.549763 0.484657 0.549086 0.485560 0.548409 0.485560 0.545701 0.486462 0.545024 0.486462 0.542993 0.487365 0.542316 0.487365 0.540961 0.488267 0.540284 0.488267 0.538930 0.489170 0.538253 0.489170 0.536899 0.490072 0.536222 0.490072 0.535545 0.490975 0.534868 0.490975 0.533514 0.491877 0.532837 0.491877 0.532160 0.492780 0.531483 0.492780 0.530129 0.493682 0.529452 0.493682 0.528775 0.495487 0.527420 0.495487 0.526066 0.496390 0.525389 0.496390 0.524712 0.498195 0.523358 0.498195 0.522681 0.499097 0.522004 0.499097 0.521327 0.501805 0.519296 0.501805 0.518619 0.502708 0.517942 0.502708 0.517265 0.503610 0.516588 0.503610 0.515911 0.504513 0.515234 0.504513 0.513879 0.505415 0.513202 0.505415 0.509817 0.506318 0.509140 0.506318 0.507786 0.505415 0.507109 0.505415 0.503047 0.504513 0.502370 0.504513 0.501016 0.503610 0.500339 0.503610 0.498984 0.502708 0.498307 0.502708 0.493568 0.504513 0.492214 0.506318 0.492214 0.507220 0.492891 0.512635 0.492891 0.513538 0.492214 0.514440 0.492214 0.516245 0.490860 0.516245 0.490183 0.519856 0.487475 0.519856 0.486121 0.521661 0.484766 0.521661 0.483412 0.522563 0.482735 0.522563 0.481381 0.523466 0.480704 0.523466 0.479350 0.524368 0.478673 0.524368 0.477996 0.526173 0.476642 0.527978 0.476642 0.528881 0.475965 0.530686 0.475965 0.531588 0.475288 0.532491 0.475288 0.535199 0.473257 0.535199 0.469871 0.530686 0.466486 0.529783 0.466486 0.528881 0.465809 0.527076 0.465809 0.526173 0.465132
0 0.498195 0.443466 0.497292 0.444144 0.493682 0.444144 0.492780 0.444821 0.491877 0.444821 0.490975 0.445498 0.490072 0.445498 0.489170 0.446175 0.488267 0.446175 0.482852 0.450237 0.482852 0.450914 0.481047 0.452268 0.481047 0.452945 0.480144 0.453622 0.480144 0.454299 0.479242 0.454976 0.479242 0.455653 0.478339 0.456330 0.478339 0.457684 0.477437 0.458362 0.477437 0.459039 0.476534 0.459716 0.476534 0.461747 0.475632 0.462424 0.475632 0.463778 0.474729 0.464455 0.474729 0.467163 0.475632 0.467840 0.475632 0.470548 0.476534 0.471225 0.480144 0.471225 0.481949 0.469871 0.482852 0.469871 0.484657 0.468517 0.485560 0.468517 0.486462 0.467840 0.487365 0.467840 0.489170 0.466486 0.490072 0.466486 0.490975 0.465809 0.492780 0.465809 0.493682 0.465132 0.494585 0.465132 0.495487 0.464455 0.496390 0.464455 0.497292 0.463778 0.498195 0.463778 0.499097 0.463101 0.500903 0.463101 0.501805 0.462424 0.502708 0.462424 0.503610 0.461747 0.504513 0.461747 0.505415 0.461070 0.506318 0.461070 0.507220 0.460393 0.508123 0.460393 0.509025 0.459716 0.509928 0.459716 0.510830 0.459039 0.511733 0.459039 0.512635 0.458362 0.515343 0.458362 0.521661 0.453622 0.521661 0.451591 0.520758 0.450914 0.520758 0.449560 0.519856 0.448883 0.518953 0.448883 0.516245 0.446852 0.515343 0.446852 0.513538 0.445498 0.512635 0.445498 0.511733 0.444821 0.509928 0.444821 0.509025 0.444144 0.505415 0.444144 0.504513 0.443466
1 0.525271 0.465809 0.524368 0.466486 0.524368 0.467840 0.525271 0.468517 0.525271 0.469194 0.526173 0.469871 0.526173 0.470548 0.525271 0.471225 0.525271 0.473934 0.526173 0.474611 0.526173 0.475288 0.527978 0.476642 0.528881 0.476642 0.529783 0.475965 0.532491 0.475965 0.536101 0.473257 0.536101 0.469194 0.534296 0.467840 0.533394 0.467840 0.531588 0.466486 0.530686 0.466486 0.529783 0.465809
1 0.497292 0.443466 0.496390 0.444144 0.493682 0.444144 0.492780 0.444821 0.490975 0.444821 0.490072 0.445498 0.489170 0.445498 0.488267 0.446175 0.487365 0.446175 0.482852 0.449560 0.482852 0.450237 0.481949 0.450914 0.481949 0.451591 0.481047 0.452268 0.481047 0.452945 0.480144 0.453622 0.480144 0.454299 0.479242 0.454976 0.479242 0.455653 0.478339 0.456330 0.478339 0.457007 0.477437 0.457684 0.477437 0.458362 0.476534 0.459039 0.476534 0.461747 0.475632 0.462424 0.475632 0.463778 0.476534 0.464455 0.478339 0.464455 0.479242 0.463778 0.480144 0.463778 0.481047 0.463101 0.485560 0.463101 0.486462 0.463778 0.490975 0.463778 0.491877 0.463101 0.498195 0.463101 0.499097 0.462424 0.500903 0.462424 0.501805 0.461747 0.503610 0.461747 0.504513 0.461070 0.506318 0.461070 0.507220 0.460393 0.508123 0.460393 0.509025 0.459716 0.509928 0.459716 0.510830 0.459039 0.511733 0.459039 0.512635 0.458362 0.515343 0.458362 0.522563 0.452945 0.522563 0.452268 0.521661 0.451591 0.521661 0.450237 0.518051 0.447529 0.517148 0.447529 0.515343 0.446175 0.514440 0.446175 0.513538 0.445498 0.512635 0.445498 0.511733 0.444821 0.510830 0.444821 0.509928 0.444144 0.508123 0.444144 0.507220 0.443466
2 0.427798 0.638456 0.425993 0.639810 0.425993 0.640487 0.424188 0.641842 0.424188 0.642519 0.422383 0.643873 0.422383 0.644550 0.416968 0.648612 0.416065 0.648612 0.414260 0.649966 0.412455 0.649966 0.411552 0.650643 0.408845 0.650643 0.407942 0.651320 0.401625 0.651320 0.400722 0.650643 0.398917 0.650643 0.398014 0.651320 0.397112 0.651320 0.397112 0.653351 0.396209 0.654028 0.396209 0.655383 0.397112 0.656060 0.397112 0.657414 0.398917 0.657414 0.399819 0.658091 0.401625 0.658091 0.402527 0.658768 0.408845 0.658768 0.409747 0.658091 0.413357 0.658091 0.414260 0.658768 0.415162 0.658768 0.416065 0.658091 0.423285 0.658091 0.424188 0.657414 0.446751 0.657414 0.447653 0.656737 0.450361 0.656737 0.451264 0.656060 0.453069 0.656060 0.453971 0.655383 0.454874 0.655383 0.456679 0.654028 0.455776 0.653351 0.455776 0.652674 0.453069 0.650643 0.452166 0.650643 0.451264 0.649966 0.450361 0.649966 0.449458 0.649289 0.448556 0.649289 0.441336 0.643873 0.440433 0.643873 0.437726 0.641842 0.436823 0.641842 0.434116 0.639810 0.433213 0.639810 0.432310 0.639133 0.430505 0.639133 0.429603 0.638456
3 0.372744 0.553148 0.372744 0.553825 0.373646 0.553148
3 0.445848 0.498984 0.444946 0.499661 0.442238 0.499661 0.441336 0.500339 0.439531 0.500339 0.438628 0.501016 0.437726 0.501016 0.436823 0.501693 0.435921 0.501693 0.434116 0.503047 0.434116 0.503724 0.433213 0.504401 0.433213 0.505755 0.434116 0.506432 0.434116 0.507109 0.435018 0.507786 0.435018 0.508463 0.436823 0.509817 0.436823 0.510494 0.437726 0.511171 0.437726 0.512525 0.438628 0.513202 0.438628 0.522004 0.437726 0.522681 0.437726 0.526743 0.436823 0.527420 0.436823 0.528775 0.435921 0.529452 0.435921 0.530806 0.435018 0.531483 0.435018 0.532837 0.434116 0.533514 0.434116 0.534868 0.433213 0.535545 0.433213 0.536222 0.432310 0.536899 0.432310 0.538930 0.431408 0.539607 0.431408 0.540961 0.430505 0.541638 0.430505 0.542316 0.428700 0.543670 0.428700 0.544347 0.427798 0.545024 0.427798 0.545701 0.425090 0.547732 0.425090 0.548409 0.424188 0.549086 0.424188 0.549763 0.419675 0.553148 0.419675 0.553825 0.415162 0.557211 0.415162 0.557888 0.413357 0.559242 0.412455 0.559242 0.410650 0.560596 0.409747 0.560596 0.407942 0.561950 0.407040 0.561950 0.406137 0.562627 0.401625 0.562627 0.400722 0.563304 0.399819 0.562627 0.398917 0.562627 0.397112 0.561273 0.397112 0.560596 0.394404 0.558565 0.394404 0.557888 0.393502 0.557211 0.392599 0.557211 0.389892 0.559242 0.388989 0.559242 0.388087 0.559919 0.386282 0.559919 0.381769 0.563304 0.380866 0.563304 0.379964 0.563981 0.379964 0.567366 0.383574 0.570074 0.383574 0.570752 0.384477 0.570752 0.385379 0.571429 0.393502 0.571429 0.394404 0.572106 0.408845 0.572106 0.409747 0.571429 0.414260 0.571429 0.415162 0.570752 0.416065 0.570752 0.417870 0.569397 0.418773 0.569397 0.420578 0.568043 0.421480 0.568043 0.432310 0.559919 0.433213 0.559919 0.435018 0.558565 0.435921 0.558565 0.438628 0.560596 0.440433 0.560596 0.441336 0.559919 0.442238 0.559919 0.442238 0.559242 0.443141 0.558565 0.443141 0.557888 0.444043 0.557211 0.444043 0.556534 0.445848 0.555179 0.445848 0.554502 0.446751 0.553825 0.446751 0.553148 0.447653 0.552471 0.447653 0.551117 0.448556 0.550440 0.448556 0.546378 0.447653 0.545701 0.447653 0.542993 0.446751 0.542316 0.446751 0.540284 0.445848 0.539607 0.445848 0.538253 0.444946 0.537576 0.444946 0.536899 0.444043 0.536222 0.444043 0.534191 0.443141 0.533514 0.443141 0.531483 0.442238 0.530806 0.442238 0.530129 0.441336 0.529452 0.441336 0.527420 0.440433 0.526743 0.440433 0.524035 0.441336 0.523358 0.441336 0.522681 0.444043 0.520650 0.445848 0.520650 0.448556 0.522681 0.448556 0.523358 0.449458 0.524035 0.452166 0.524035 0.453971 0.525389 0.454874 0.525389 0.456679 0.526743 0.457581 0.526743 0.459386 0.528097 0.459386 0.528775 0.460289 0.528775 0.461191 0.529452 0.462094 0.529452 0.462996 0.530129 0.464801 0.530129 0.465704 0.530806 0.466606 0.530806 0.466606 0.530129 0.467509 0.529452 0.467509 0.528775 0.468412 0.528097 0.468412 0.526743 0.469314 0.526066 0.469314 0.524712 0.470217 0.524035 0.470217 0.521327 0.467509 0.519296 0.465704 0.519296 0.464801 0.518619 0.461191 0.518619 0.460289 0.517942 0.459386 0.517942 0.458484 0.517265 0.456679 0.517265 0.453971 0.515234 0.453971 0.514557 0.453069 0.513879 0.453069 0.513202 0.452166 0.512525 0.452166 0.511848 0.450361 0.510494 0.450361 0.509817 0.449458 0.509140 0.449458 0.507786 0.448556 0.507109 0.448556 0.506432 0.447653 0.505755 0.447653 0.503724 0.446751 0.503047 0.446751 0.500339 0.445848 0.499661
3 0.407942 0.481381 0.407040 0.482058 0.406137 0.482058 0.405235 0.482735 0.404332 0.482735 0.403430 0.483412 0.401625 0.483412 0.400722 0.484089 0.399819 0.484089 0.400722 0.484766 0.400722 0.487475 0.401625 0.488152 0.402527 0.488152 0.404332 0.489506 0.405235 0.489506 0.407040 0.490860 0.407942 0.490860 0.408845 0.491537 0.409747 0.491537 0.411552 0.492891 0.412455 0.492891 0.415162 0.494922 0.416065 0.494922 0.417870 0.496276 0.419675 0.496276 0.420578 0.496953 0.422383 0.496953 0.423285 0.496276 0.425090 0.496276 0.425993 0.495599 0.426895 0.495599 0.428700 0.494245 0.429603 0.494245 0.429603 0.492214 0.430505 0.491537 0.430505 0.490860 0.427798 0.490860 0.425090 0.488829 0.424188 0.488829 0.420578 0.486121 0.419675 0.486121 0.418773 0.485443 0.417870 0.485443 0.415162 0.483412 0.414260 0.483412 0.413357 0.482735 0.412455 0.482735 0.411552 0.482058 0.408845 0.482058
3 0.435018 0.468517 0.434116 0.469194 0.433213 0.469194 0.432310 0.469871 0.431408 0.469871 0.421480 0.477319 0.422383 0.477319 0.423285 0.477996 0.424188 0.477996 0.425090 0.478673 0.425993 0.478673 0.430505 0.482058 0.430505 0.482735 0.431408 0.483412 0.431408 0.484089 0.432310 0.484766 0.432310 0.485443 0.433213 0.486121 0.433213 0.490183 0.432310 0.490860 0.433213 0.490860 0.434116 0.491537 0.435921 0.491537 0.436823 0.490860 0.437726 0.490860 0.438628 0.490183 0.439531 0.490183 0.441336 0.488829 0.442238 0.488829 0.444043 0.487475 0.444043 0.484766 0.444946 0.484089 0.444043 0.483412 0.444043 0.482735 0.443141 0.482058 0.443141 0.479350 0.442238 0.478673 0.442238 0.477319 0.444043 0.475965 0.444946 0.475965 0.445848 0.475288 0.450361 0.475288 0.451264 0.474611 0.452166 0.474611 0.453069 0.473934 0.453069 0.473257 0.452166 0.472580 0.450361 0.472580 0.448556 0.471225 0.447653 0.471225 0.445848 0.469871 0.443141 0.469871 0.442238 0.469194 0.440433 0.469194 0.439531 0.468517