0 0.291808 0.388989 0.290454 0.390794 0.290454 0.392599 0.289777 0.393502 0.289777 0.398014 0.289100 0.398917 0.289100 0.435018 0.289777 0.435921 0.289777 0.438628 0.292485 0.442238 0.293839 0.442238 0.294516 0.443141 0.299932 0.443141 0.300609 0.442238 0.300609 0.440433 0.301286 0.439531 0.301286 0.433213 0.300609 0.432310 0.300609 0.414260 0.299932 0.413357 0.299932 0.409747 0.299255 0.408845 0.299255 0.403430 0.298578 0.402527 0.298578 0.400722 0.297901 0.399819 0.297901 0.398014 0.297224 0.397112 0.297224 0.392599 0.296547 0.391697 0.296547 0.388989
0 0.696005 0.633574 0.695328 0.634477 0.694651 0.634477 0.693974 0.635379 0.693297 0.635379 0.692620 0.636282 0.691266 0.636282 0.690589 0.637184 0.688558 0.637184 0.687204 0.638989 0.686527 0.638989 0.685850 0.639892 0.685173 0.639892 0.684496 0.640794 0.683819 0.640794 0.681787 0.643502 0.681787 0.647112 0.683142 0.648917 0.683819 0.648917 0.685173 0.650722 0.686527 0.650722 0.687204 0.651625 0.689235 0.651625 0.689912 0.652527 0.692620 0.652527 0.693297 0.653430 0.693974 0.653430 0.695328 0.655235 0.698714 0.655235 0.699391 0.656137 0.700068 0.655235 0.706161 0.655235 0.706838 0.654332 0.707515 0.654332 0.708192 0.653430 0.708869 0.653430 0.711578 0.649819 0.711578 0.648917 0.712255 0.648014 0.712255 0.646209 0.711578 0.645307 0.711578 0.644404 0.709546 0.641697 0.708192 0.641697 0.706838 0.639892 0.705484 0.639892 0.704807 0.638989 0.704130 0.638989 0.703453 0.638087 0.702099 0.638087 0.700745 0.636282 0.699391 0.636282 0.698714 0.635379 0.697360 0.635379
0 0.747461 0.416065 0.747461 0.417870 0.748138 0.417870 0.748138 0.416065
0 0.709546 0.347473 0.708869 0.348375 0.708192 0.348375 0.706838 0.350181 0.706161 0.350181 0.705484 0.351083 0.704807 0.351083 0.704130 0.351986 0.703453 0.351986 0.698714 0.358303 0.698714 0.359206 0.698037 0.360108 0.698037 0.361011 0.697360 0.361913 0.697360 0.363718 0.696005 0.365523 0.696005 0.366426 0.694651 0.368231 0.694651 0.370036 0.693974 0.370939 0.693974 0.371841 0.692620 0.373646 0.692620 0.374549 0.691943 0.375451 0.691943 0.376354 0.691266 0.377256 0.691266 0.386282 0.691943 0.387184 0.691943 0.388087 0.692620 0.388989 0.692620 0.390794 0.693297 0.391697 0.693297 0.393502 0.693974 0.394404 0.693974 0.395307 0.695328 0.397112 0.695328 0.398014 0.696682 0.399819 0.696682 0.402527 0.696005 0.403430 0.696005 0.405235 0.695328 0.406137 0.695328 0.407942 0.694651 0.408845 0.694651 0.410650 0.693974 0.411552 0.693974 0.412455 0.693297 0.413357 0.693297 0.414260 0.691943 0.416065 0.691943 0.417870 0.691266 0.418773 0.691266 0.419675 0.690589 0.420578 0.690589 0.421480 0.685850 0.427798 0.685173 0.427798 0.684496 0.428700 0.683819 0.428700 0.683142 0.429603 0.683142 0.430505 0.681110 0.433213 0.681110 0.434116 0.679756 0.435921 0.679756 0.436823 0.679079 0.437726 0.679079 0.438628 0.678402 0.439531 0.678402 0.441336 0.677725 0.442238 0.677725 0.444043 0.677048 0.444946 0.677048 0.445848 0.676371 0.446751 0.676371 0.454874 0.677048 0.455776 0.677048 0.457581 0.677725 0.458484 0.677725 0.459386 0.679079 0.461191 0.679756 0.461191 0.680433 0.462094 0.681110 0.462094 0.681787 0.462996 0.682464 0.462996 0.683142 0.463899 0.684496 0.463899 0.686527 0.466606 0.686527 0.469314 0.687204 0.470217 0.687204 0.472924 0.686527 0.473827 0.686527 0.483755 0.685850 0.484657 0.685850 0.488267 0.685173 0.489170 0.685173 0.500000 0.685850 0.500903 0.685850 0.506318 0.686527 0.507220 0.686527 0.512635 0.687204 0.513538 0.687204 0.518051 0.687881 0.518953 0.687881 0.520758 0.688558 0.521661 0.688558 0.522563 0.689235 0.523466 0.689235 0.525271 0.689912 0.526173 0.689912 0.536101 0.689235 0.537004 0.689235 0.542419 0.688558 0.543321 0.688558 0.549639 0.687881 0.550542 0.687881 0.557762 0.687204 0.558664 0.687204 0.568592 0.687881 0.569495 0.687881 0.574910 0.688558 0.575812 0.688558 0.579422 0.689235 0.580325 0.689235 0.582130 0.689912 0.583032 0.689912 0.584838 0.690589 0.585740 0.690589 0.586643 0.691266 0.587545 0.691266 0.589350 0.691943 0.590253 0.691943 0.592960 0.692620 0.593863 0.692620 0.595668 0.693297 0.596570 0.693297 0.597473 0.693974 0.598375 0.693974 0.601083 0.694651 0.601986 0.694651 0.605596 0.695328 0.606498 0.695328 0.609206 0.696005 0.610108 0.696005 0.611913 0.698037 0.614621 0.698714 0.614621 0.699391 0.615523 0.700068 0.615523 0.700745 0.616426 0.702776 0.616426 0.703453 0.617329 0.703453 0.619134 0.704130 0.620036 0.704807 0.620036 0.705484 0.620939 0.706161 0.620939 0.706838 0.621841 0.707515 0.621841 0.708192 0.622744 0.708869 0.622744 0.709546 0.623646 0.710900 0.623646 0.711578 0.624549 0.712255 0.624549 0.712932 0.625451 0.714286 0.625451 0.714963 0.624549 0.715640 0.624549 0.716317 0.623646 0.716317 0.617329 0.716994 0.616426 0.716994 0.606498 0.717671 0.605596 0.717671 0.599278 0.718348 0.598375 0.718348 0.593863 0.719025 0.592960 0.719025 0.589350 0.719702 0.588448 0.719702 0.584838 0.720379 0.583935 0.720379 0.573105 0.721056 0.572202 0.721056 0.558664 0.721733 0.557762 0.721733 0.553249 0.722410 0.552347 0.722410 0.548736 0.723087 0.547834 0.723087 0.546029 0.723764 0.545126 0.723764 0.542419 0.724441 0.541516 0.724441 0.537004 0.725118 0.536101 0.725118 0.527978 0.728504 0.523466 0.728504 0.522563 0.729181 0.521661 0.729181 0.520758 0.729858 0.519856 0.729858 0.518953 0.730535 0.518051 0.730535 0.516245 0.731212 0.515343 0.731212 0.513538 0.731889 0.512635 0.731889 0.509928 0.732566 0.509025 0.732566 0.505415 0.733243 0.504513 0.733243 0.502708 0.733920 0.501805 0.733920 0.500903 0.734597 0.500000 0.734597 0.495487 0.735274 0.494585 0.735274 0.489170 0.735951 0.488267 0.735951 0.484657 0.736628 0.483755 0.736628 0.481047 0.737305 0.480144 0.737305 0.477437 0.737982 0.476534 0.737982 0.472924 0.738659 0.472022 0.738659 0.467509 0.739336 0.466606 0.739336 0.463899 0.740014 0.462996 0.740014 0.447653 0.739336 0.446751 0.739336 0.417870 0.736628 0.414260 0.736628 0.413357 0.735274 0.411552 0.735274 0.410650 0.734597 0.409747 0.734597 0.407942 0.731212 0.403430 0.730535 0.403430 0.727827 0.399819 0.727827 0.398014 0.727150 0.397112 0.727827 0.396209 0.727827 0.395307 0.730535 0.391697 0.730535 0.390794 0.731212 0.389892 0.731212 0.388087 0.731889 0.387184 0.731889 0.382671 0.731212 0.381769 0.731212 0.379964 0.730535 0.379061 0.730535 0.377256 0.729181 0.375451 0.729181 0.371841 0.728504 0.370939 0.728504 0.367329 0.727827 0.366426 0.727827 0.363718 0.727150 0.362816 0.727150 0.361011 0.726473 0.360108 0.726473 0.359206 0.725796 0.358303 0.725796 0.357401 0.725118 0.356498 0.725118 0.355596 0.723764 0.353791 0.723764 0.352888 0.722410 0.351083 0.721733 0.351083 0.721056 0.350181 0.720379 0.350181 0.719025 0.348375 0.717671 0.348375 0.716994 0.347473
0 0.399458 0.377256 0.398781 0.378159 0.397427 0.378159 0.396073 0.379964 0.396073 0.380866 0.394719 0.382671 0.394719 0.385379 0.394042 0.386282 0.394042 0.390794 0.395396 0.392599 0.395396 0.393502 0.396073 0.394404 0.396073 0.398917 0.394042 0.401625 0.393365 0.401625 0.390657 0.405235 0.389980 0.405235 0.388626 0.407040 0.388626 0.407942 0.387949 0.408845 0.387949 0.409747 0.387271 0.410650 0.387271 0.412455 0.386594 0.413357 0.386594 0.424188 0.385917 0.425090 0.385917 0.429603 0.385240 0.430505 0.385240 0.437726 0.384563 0.438628 0.384563 0.450361 0.385240 0.451264 0.385240 0.455776 0.385917 0.456679 0.385917 0.459386 0.386594 0.460289 0.386594 0.462996 0.387271 0.463899 0.387271 0.467509 0.387949 0.468412 0.387949 0.486462 0.388626 0.487365 0.388626 0.488267 0.387949 0.489170 0.387949 0.499097 0.387271 0.500000 0.387271 0.502708 0.387949 0.503610 0.387949 0.505415 0.387271 0.506318 0.386594 0.506318 0.385240 0.508123 0.385917 0.509025 0.385917 0.509928 0.386594 0.510830 0.387271 0.510830 0.387949 0.509928 0.388626 0.509928 0.389303 0.509025 0.390657 0.509025 0.391334 0.508123 0.392011 0.508123 0.392011 0.507220 0.393365 0.505415 0.394042 0.505415 0.396073 0.502708 0.396073 0.495487 0.396750 0.494585 0.396750 0.493682 0.397427 0.492780 0.397427 0.490975 0.398104 0.490072 0.398104 0.488267 0.398781 0.487365 0.398781 0.485560 0.399458 0.484657 0.399458 0.481949 0.400135 0.481047 0.400135 0.478339 0.400812 0.477437 0.401490 0.478339 0.401490 0.481047 0.402167 0.481949 0.402167 0.484657 0.402844 0.485560 0.402844 0.495487 0.402167 0.496390 0.402167 0.502708 0.401490 0.503610 0.401490 0.505415 0.402167 0.506318 0.402167 0.508123 0.402844 0.508123 0.404198 0.509928 0.404875 0.509928 0.405552 0.510830 0.406229 0.510830 0.406906 0.511733 0.410968 0.511733 0.410968 0.510830 0.411645 0.509928 0.411645 0.496390 0.412322 0.495487 0.412322 0.492780 0.412999 0.491877 0.412999 0.487365 0.413676 0.486462 0.413676 0.481047 0.414353 0.480144 0.414353 0.474729 0.415030 0.473827 0.415030 0.469314 0.415708 0.468412 0.415708 0.464801 0.416385 0.463899 0.416385 0.461191 0.417739 0.459386 0.417739 0.458484 0.418416 0.457581 0.418416 0.456679 0.419093 0.455776 0.419093 0.452166 0.419770 0.451264 0.419770 0.436823 0.420447 0.435921 0.420447 0.435018 0.419770 0.434116 0.419770 0.428700 0.419093 0.427798 0.419093 0.423285 0.418416 0.422383 0.418416 0.417870 0.417739 0.416968 0.417739 0.415162 0.417062 0.414260 0.417062 0.412455 0.416385 0.411552 0.416385 0.410650 0.415708 0.409747 0.415708 0.408845 0.415030 0.407942 0.415030 0.407040 0.414353 0.406137 0.413676 0.406137 0.412322 0.404332 0.412322 0.403430 0.410291 0.400722 0.410291 0.389892 0.409614 0.388989 0.409614 0.387184 0.408937 0.386282 0.408937 0.385379 0.407583 0.383574 0.407583 0.382671 0.404198 0.378159 0.402844 0.378159 0.402167 0.377256
0 0.576168 0.367329 0.574137 0.370036 0.574137 0.370939 0.573460 0.371841 0.573460 0.374549 0.574137 0.375451 0.574137 0.379964 0.573460 0.380866 0.573460 0.381769 0.568720 0.388087 0.568043 0.388087 0.566689 0.389892 0.566012 0.389892 0.565335 0.390794 0.565335 0.391697 0.564658 0.392599 0.564658 0.396209 0.565335 0.397112 0.565335 0.398014 0.567366 0.400722 0.568720 0.400722 0.569397 0.401625 0.570074 0.401625 0.572106 0.404332 0.572106 0.410650 0.572783 0.411552 0.572783 0.415162 0.573460 0.416065 0.573460 0.422383 0.574137 0.423285 0.574137 0.435921 0.576168 0.438628 0.576845 0.438628 0.577522 0.439531 0.578199 0.439531 0.578876 0.440433 0.579553 0.440433 0.580230 0.441336 0.584292 0.441336 0.584292 0.440433 0.584970 0.439531 0.584970 0.431408 0.584292 0.430505 0.584292 0.428700 0.582261 0.425993 0.582261 0.425090 0.580907 0.423285 0.580907 0.420578 0.581584 0.419675 0.581584 0.417870 0.582938 0.416065 0.582938 0.415162 0.583615 0.414260 0.583615 0.412455 0.584292 0.411552 0.584292 0.407942 0.584970 0.407040 0.584970 0.403430 0.585647 0.402527 0.585647 0.397112 0.586324 0.396209 0.586324 0.394404 0.589032 0.390794 0.589709 0.390794 0.589709 0.389892 0.591063 0.388087 0.591063 0.387184 0.591740 0.386282 0.591740 0.383574 0.590386 0.381769 0.589709 0.381769 0.589032 0.380866 0.588355 0.380866 0.587678 0.379964 0.583615 0.379964 0.582261 0.378159 0.582261 0.371841 0.581584 0.370939 0.581584 0.370036 0.579553 0.367329
1 0.577522 0.366426 0.576845 0.367329 0.576168 0.367329 0.575491 0.368231 0.574814 0.368231 0.574137 0.369134 0.574137 0.370036 0.573460 0.370939 0.573460 0.374549 0.574814 0.376354 0.580907 0.376354 0.581584 0.375451 0.581584 0.374549 0.582261 0.373646 0.582261 0.372744 0.581584 0.371841 0.581584 0.370036 0.580907 0.369134 0.580907 0.368231 0.580230 0.368231 0.579553 0.367329 0.578876 0.367329 0.578199 0.366426
1 0.712255 0.346570 0.711578 0.347473 0.708869 0.347473 0.708192 0.348375 0.707515 0.348375 0.706161 0.350181 0.705484 0.350181 0.704807 0.351083 0.704130 0.351083 0.702776 0.352888 0.702099 0.352888 0.700068 0.355596 0.700068 0.356498 0.698714 0.358303 0.698714 0.359206 0.698037 0.360108 0.698037 0.361913 0.697360 0.362816 0.697360 0.364621 0.696005 0.366426 0.696005 0.367329 0.694651 0.369134 0.694651 0.370036 0.695328 0.370939 0.695328 0.371841 0.696005 0.372744 0.698037 0.372744 0.698714 0.373646 0.701422 0.373646 0.702099 0.374549 0.705484 0.374549 0.706161 0.375451 0.727150 0.375451 0.727827 0.374549 0.728504 0.374549 0.729181 0.373646 0.729181 0.370036 0.728504 0.369134 0.728504 0.366426 0.727827 0.365523 0.727827 0.363718 0.727150 0.362816 0.727150 0.360108 0.726473 0.359206 0.726473 0.358303 0.725118 0.356498 0.725118 0.355596 0.724441 0.354693 0.724441 0.353791 0.721733 0.350181 0.721056 0.350181 0.719702 0.348375 0.719025 0.348375 0.718348 0.347473 0.715640 0.347473 0.714963 0.346570
1 0.291808 0.388989 0.290454 0.390794 0.290454 0.397112 0.291131 0.397112 0.291808 0.398014 0.296547 0.398014 0.296547 0.397112 0.297224 0.396209 0.297224 0.392599 0.296547 0.391697 0.296547 0.389892 0.295870 0.388989
1 0.685850 0.387184 0.685173 0.388087 0.685173 0.389892 0.684496 0.390794 0.684496 0.393502 0.685173 0.394404 0.685173 0.396209 0.688558 0.396209 0.689235 0.395307 0.690589 0.395307 0.691266 0.394404 0.691943 0.394404 0.692620 0.393502 0.691943 0.392599 0.691943 0.388989 0.691266 0.388087 0.690589 0.388087 0.689912 0.387184
1 0.399458 0.377256 0.398781 0.378159 0.397427 0.378159 0.395396 0.380866 0.395396 0.381769 0.394719 0.382671 0.394719 0.384477 0.394042 0.385379 0.394042 0.390794 0.394719 0.391697 0.395396 0.391697 0.396073 0.392599 0.401490 0.392599 0.402167 0.391697 0.405552 0.391697 0.406229 0.390794 0.408260 0.390794 0.408937 0.389892 0.409614 0.389892 0.409614 0.386282 0.408260 0.384477 0.408260 0.383574 0.406229 0.380866 0.406229 0.379964 0.405552 0.379061 0.404875 0.379061 0.404198 0.378159 0.403521 0.378159 0.402844 0.377256
1 0.731889 0.393502 0.731212 0.394404 0.729858 0.394404 0.729181 0.395307 0.728504 0.395307 0.727827 0.396209 0.727827 0.400722 0.728504 0.401625 0.729181 0.401625 0.730535 0.403430 0.731889 0.403430 0.732566 0.404332 0.737305 0.404332 0.737982 0.403430 0.737982 0.402527 0.738659 0.401625 0.738659 0.399819 0.737982 0.398917 0.737982 0.397112 0.736628 0.395307 0.735951 0.395307 0.735274 0.394404 0.734597 0.394404 0.733920 0.393502
2 0.689235 0.636282 0.688558 0.637184 0.687204 0.637184 0.686527 0.638087 0.685173 0.638087 0.683819 0.639892 0.682464 0.639892 0.679756 0.643502 0.679756 0.645307 0.679079 0.646209 0.679079 0.647112 0.681787 0.650722 0.682464 0.650722 0.683142 0.651625 0.683819 0.651625 0.684496 0.652527 0.685173 0.652527 0.685850 0.653430 0.687881 0.653430 0.688558 0.654332 0.693297 0.654332 0.693974 0.655235 0.694651 0.655235 0.695328 0.656137 0.698037 0.656137 0.698714 0.657040 0.701422 0.657040 0.702099 0.656137 0.706161 0.656137 0.706838 0.655235 0.707515 0.655235 0.708192 0.654332 0.709546 0.654332 0.712932 0.649819 0.712932 0.648014 0.713609 0.647112 0.712932 0.646209 0.712932 0.645307 0.711578 0.643502 0.710900 0.643502 0.710223 0.642599 0.709546 0.642599 0.708869 0.641697 0.707515 0.641697 0.706838 0.640794 0.706161 0.640794 0.705484 0.639892 0.704130 0.639892 0.703453 0.638989 0.701422 0.638989 0.700745 0.638087 0.700068 0.638087 0.699391 0.637184 0.695328 0.637184 0.694651 0.636282
2 0.404875 0.506318 0.404198 0.507220 0.403521 0.507220 0.402844 0.508123 0.402167 0.508123 0.402844 0.509025 0.402844 0.510830 0.403521 0.511733 0.406229 0.511733 0.406906 0.512635 0.411645 0.512635 0.412322 0.511733 0.412322 0.507220 0.411645 0.506318
2 0.385917 0.505415 0.385240 0.506318 0.382532 0.506318 0.381178 0.508123 0.381178 0.510830 0.381855 0.511733 0.382532 0.511733 0.383209 0.512635 0.385917 0.512635 0.386594 0.513538 0.387271 0.513538 0.387949 0.512635 0.390657 0.512635 0.391334 0.511733 0.392688 0.511733 0.394042 0.509928 0.394719 0.509928 0.395396 0.509025 0.396073 0.509025 0.396750 0.508123 0.396073 0.508123 0.395396 0.507220 0.394042 0.507220 0.393365 0.506318 0.391334 0.506318 0.390657 0.505415
2 0.688558 0.636282 0.687881 0.637184 0.685850 0.637184 0.685173 0.638087 0.684496 0.638087 0.683819 0.638989 0.683142 0.638989 0.682464 0.639892 0.681787 0.639892 0.679079 0.643502 0.679079 0.644404 0.678402 0.645307 0.678402 0.648014 0.680433 0.650722 0.681110 0.650722 0.681787 0.651625 0.683142 0.651625 0.683819 0.652527 0.686527 0.652527 0.687204 0.653430 0.689912 0.653430 0.690589 0.652527 0.691943 0.652527 0.692620 0.651625 0.692620 0.650722 0.693297 0.649819 0.693297 0.648014 0.693974 0.647112 0.693974 0.638989 0.693297 0.638087 0.693297 0.637184 0.692620 0.636282
2 0.684496 0.609206 0.683819 0.610108 0.683142 0.610108 0.682464 0.611011 0.681787 0.611011 0.681110 0.611913 0.681110 0.612816 0.680433 0.613718 0.680433 0.617329 0.681110 0.618231 0.681110 0.619134 0.681787 0.620036 0.681787 0.620939 0.682464 0.620939 0.683142 0.621841 0.683819 0.621841 0.684496 0.622744 0.685850 0.622744 0.686527 0.623646 0.687204 0.623646 0.687881 0.624549 0.689235 0.624549 0.689912 0.625451 0.690589 0.625451 0.691266 0.626354 0.691943 0.626354 0.692620 0.627256 0.693974 0.625451 0.695328 0.625451 0.696005 0.624549 0.698037 0.624549 0.698714 0.623646 0.700068 0.623646 0.700745 0.622744 0.701422 0.622744 0.703453 0.620036 0.703453 0.619134 0.700745 0.615523 0.700745 0.614621 0.699391 0.612816 0.698714 0.612816 0.698037 0.611913 0.697360 0.611913 0.696682 0.611011 0.691943 0.611011 0.691266 0.610108 0.689235 0.610108 0.688558 0.609206