0 0.565766 0.180461 0.564865 0.181140 0.561261 0.181140 0.560360 0.181818 0.557658 0.181818 0.556757 0.182497 0.554054 0.182497 0.553153 0.183175 0.552252 0.183175 0.551351 0.183853 0.549550 0.183853 0.548649 0.184532 0.547748 0.184532 0.546847 0.185210 0.545946 0.185210 0.544144 0.186567 0.543243 0.186567 0.536036 0.191995 0.536036 0.192673 0.534234 0.194030 0.534234 0.194708 0.531532 0.196744 0.531532 0.197422 0.529730 0.198779 0.529730 0.199457 0.528829 0.200136 0.528829 0.200814 0.527928 0.201493 0.527928 0.202171 0.527027 0.202849 0.527027 0.203528 0.526126 0.204206 0.526126 0.204885 0.525225 0.205563 0.525225 0.206242 0.524324 0.206920 0.524324 0.208277 0.523423 0.208955 0.523423 0.210312 0.522523 0.210991 0.522523 0.213704 0.521622 0.214383 0.521622 0.217775 0.520721 0.218453 0.520721 0.221845 0.519820 0.222524 0.519820 0.227273 0.518919 0.227951 0.518919 0.231343 0.518018 0.232022 0.518018 0.232700 0.517117 0.233379 0.517117 0.235414 0.516216 0.236092 0.516216 0.237449 0.515315 0.238128 0.515315 0.240163 0.514414 0.240841 0.514414 0.244912 0.515315 0.245590 0.515315 0.246947 0.516216 0.247626 0.516216 0.248982 0.517117 0.249661 0.517117 0.251018 0.518018 0.251696 0.518018 0.252374 0.518919 0.253053 0.518919 0.253731 0.519820 0.254410 0.519820 0.256445 0.520721 0.257123 0.520721 0.259159 0.519820 0.259837 0.519820 0.260516 0.518919 0.261194 0.518018 0.261194 0.517117 0.261872 0.512613 0.261872 0.511712 0.262551 0.509910 0.262551 0.509009 0.263229 0.507207 0.263229 0.506306 0.263908 0.504505 0.263908 0.503604 0.264586 0.501802 0.264586 0.500901 0.265265 0.500000 0.265265 0.499099 0.265943 0.497297 0.265943 0.496396 0.266621 0.494595 0.266621 0.493694 0.267300 0.491892 0.267300 0.490991 0.267978 0.490090 0.267978 0.489189 0.268657 0.487387 0.268657 0.486486 0.269335 0.484685 0.269335 0.483784 0.270014 0.482883 0.270014 0.481982 0.270692 0.480180 0.270692 0.479279 0.271370 0.478378 0.271370 0.476577 0.272727 0.475676 0.272727 0.472072 0.275441 0.471171 0.275441 0.470270 0.276119 0.470270 0.276798 0.469369 0.277476 0.469369 0.278155 0.467568 0.279512 0.467568 0.280190 0.466667 0.280868 0.466667 0.281547 0.465766 0.282225 0.465766 0.282904 0.464865 0.283582 0.464865 0.284261 0.463964 0.284939 0.463964 0.285617 0.463063 0.286296 0.463063 0.287653 0.462162 0.288331 0.462162 0.290366 0.461261 0.291045 0.461261 0.292402 0.460360 0.293080 0.460360 0.295115 0.459459 0.295794 0.459459 0.299186 0.458559 0.299864 0.458559 0.303256 0.457658 0.303935 0.457658 0.308684 0.456757 0.309362 0.456757 0.312076 0.455856 0.312754 0.455856 0.315468 0.454955 0.316147 0.454955 0.318182 0.454054 0.318860 0.454054 0.324288 0.453153 0.324966 0.453153 0.328358 0.452252 0.329037 0.452252 0.332429 0.451351 0.333107 0.451351 0.335821 0.450450 0.336499 0.450450 0.339213 0.449550 0.339891 0.449550 0.342605 0.448649 0.343284 0.448649 0.346676 0.447748 0.347354 0.447748 0.352103 0.446847 0.352782 0.446847 0.357531 0.445946 0.358209 0.445946 0.362958 0.447748 0.364315 0.447748 0.364993 0.448649 0.365672 0.448649 0.366350 0.449550 0.367028 0.449550 0.367707 0.450450 0.368385 0.450450 0.377205 0.449550 0.377883 0.449550 0.386703 0.450450 0.387381 0.450450 0.390773 0.451351 0.391452 0.451351 0.393487 0.452252 0.394166 0.452252 0.395522 0.453153 0.396201 0.453153 0.397558 0.454054 0.398236 0.454054 0.398915 0.455856 0.400271 0.455856 0.400950 0.457658 0.402307 0.457658 0.402985 0.458559 0.403664 0.458559 0.404342 0.459459 0.405020 0.459459 0.407734 0.458559 0.408412 0.458559 0.409091 0.457658 0.409769 0.457658 0.411126 0.456757 0.411805 0.456757 0.412483 0.455856 0.413161 0.455856 0.415197 0.454955 0.415875 0.454955 0.417232 0.454054 0.417910 0.454054 0.420624 0.453153 0.421303 0.453153 0.428765 0.454054 0.429444 0.454054 0.430122 0.454955 0.430801 0.454955 0.432157 0.455856 0.432836 0.455856 0.434193 0.456757 0.434871 0.456757 0.435550 0.458559 0.436906 0.458559 0.437585 0.461261 0.439620 0.461261 0.440299 0.464865 0.443012 0.465766 0.443012 0.466667 0.443691 0.472072 0.443691 0.472973 0.443012 0.481982 0.443012 0.482883 0.442334 0.483784 0.442334 0.483784 0.441655 0.484685 0.440977 0.484685 0.428087 0.483784 0.427408 0.483784 0.424016 0.482883 0.423338 0.482883 0.420624 0.481982 0.419946 0.481982 0.415197 0.481081 0.414518 0.481081 0.409769 0.480180 0.409091 0.480180 0.407056 0.479279 0.406377 0.479279 0.401628 0.478378 0.400950 0.478378 0.396879 0.477477 0.396201 0.477477 0.394166 0.476577 0.393487 0.476577 0.390773 0.475676 0.390095 0.475676 0.386703 0.474775 0.386024 0.474775 0.383311 0.473874 0.382632 0.473874 0.375170 0.472973 0.374491 0.472973 0.371777 0.472072 0.371099 0.472072 0.370421 0.471171 0.369742 0.471171 0.369064 0.472072 0.368385 0.472072 0.365672 0.472973 0.364993 0.472973 0.363636 0.473874 0.362958 0.473874 0.360923 0.474775 0.360244 0.474775 0.348033 0.477477 0.345997 0.478378 0.346676 0.480180 0.346676 0.482883 0.348711 0.482883 0.351425 0.483784 0.352103 0.483784 0.354817 0.484685 0.355495 0.484685 0.359566 0.485586 0.360244 0.485586 0.360923 0.486486 0.361601 0.486486 0.362280 0.487387 0.362958 0.487387 0.363636 0.488288 0.364315 0.488288 0.364993 0.490991 0.367028 0.490991 0.368385 0.491892 0.369064 0.491892 0.374491 0.490991 0.375170 0.490991 0.381275 0.490090 0.381954 0.490090 0.399593 0.490991 0.400271 0.490991 0.405699 0.491892 0.406377 0.491892 0.409769 0.492793 0.410448 0.492793 0.412483 0.493694 0.413161 0.493694 0.414518 0.494595 0.415197 0.494595 0.417232 0.495495 0.417910 0.495495 0.419946 0.496396 0.420624 0.496396 0.423338 0.497297 0.424016 0.497297 0.426730 0.498198 0.427408 0.498198 0.429444 0.499099 0.430122 0.499099 0.432836 0.500000 0.433514 0.500000 0.436228 0.500901 0.436906 0.500901 0.439620 0.501802 0.440299 0.501802 0.441655 0.502703 0.442334 0.502703 0.443012 0.503604 0.443691 0.503604 0.454545 0.504505 0.455224 0.504505 0.457938 0.505405 0.458616 0.505405 0.460651 0.506306 0.461330 0.506306 0.462008 0.507207 0.462687 0.507207 0.464043 0.508108 0.464722 0.508108 0.465400 0.509910 0.466757 0.509910 0.467436 0.513514 0.470149 0.513514 0.474220 0.514414 0.474898 0.514414 0.475577 0.515315 0.476255 0.515315 0.475577 0.517117 0.474220 0.517117 0.472863 0.518919 0.471506 0.519820 0.472185 0.520721 0.472185 0.521622 0.472863 0.522523 0.472185 0.527027 0.472185 0.527928 0.472863 0.528829 0.472863 0.529730 0.473541 0.529730 0.474220 0.530631 0.474898 0.530631 0.475577 0.533333 0.477612 0.533333 0.478290 0.534234 0.478969 0.534234 0.479647 0.535135 0.480326 0.535135 0.481004 0.536937 0.482361 0.537838 0.482361 0.541441 0.485075 0.541441 0.485753 0.542342 0.486431 0.542342 0.487788 0.543243 0.488467 0.543243 0.489145 0.544144 0.489824 0.544144 0.491859 0.543243 0.492537 0.543243 0.497286 0.542342 0.497965 0.542342 0.498643 0.543243 0.499322 0.543243 0.508141 0.544144 0.508820 0.544144 0.517639 0.545045 0.518318 0.545045 0.521031 0.545946 0.521710 0.545946 0.524423 0.546847 0.525102 0.546847 0.525780 0.548649 0.527137 0.554054 0.527137 0.554955 0.526459 0.555856 0.526459 0.556757 0.525780 0.557658 0.525780 0.557658 0.525102 0.561261 0.522388 0.561261 0.521710 0.562162 0.521031 0.562162 0.519674 0.563063 0.518996 0.563063 0.518318 0.563964 0.517639 0.563964 0.500000 0.564865 0.499322 0.564865 0.491180 0.563964 0.490502 0.563964 0.486431 0.563063 0.485753 0.563063 0.484396 0.562162 0.483718 0.562162 0.483039 0.558559 0.480326 0.558559 0.479647 0.557658 0.478969 0.557658 0.476255 0.556757 0.475577 0.556757 0.470828 0.555856 0.470149 0.554054 0.470149 0.552252 0.468792 0.552252 0.467436 0.551351 0.466757 0.552252 0.466079 0.552252 0.462687 0.553153 0.462008 0.553153 0.461330 0.554054 0.460651 0.554054 0.459973 0.554955 0.459294 0.554955 0.457938 0.555856 0.457259 0.555856 0.454545 0.556757 0.453867 0.556757 0.444369 0.555856 0.443691 0.555856 0.440977 0.554955 0.440299 0.554955 0.438263 0.554054 0.437585 0.554054 0.436228 0.553153 0.435550 0.553153 0.434871 0.554054 0.434193 0.554054 0.432836 0.555856 0.431479 0.556757 0.431479 0.557658 0.430801 0.557658 0.430122 0.558559 0.429444 0.558559 0.428087 0.559459 0.427408 0.559459 0.421303 0.560360 0.420624 0.560360 0.418589 0.563964 0.415875 0.568468 0.415875 0.569369 0.416554 0.570270 0.416554 0.572973 0.418589 0.572973 0.419267 0.573874 0.419946 0.573874 0.420624 0.574775 0.421303 0.574775 0.422659 0.575676 0.423338 0.576577 0.423338 0.577477 0.424016 0.583784 0.419267 0.584685 0.419267 0.587387 0.417232 0.588288 0.417232 0.589189 0.416554 0.590090 0.416554 0.592793 0.414518 0.593694 0.414518 0.594595 0.413840 0.595495 0.413840 0.600000 0.417232 0.600000 0.418589 0.599099 0.419267 0.599099 0.419946 0.598198 0.420624 0.598198 0.421303 0.597297 0.421981 0.597297 0.422659 0.590991 0.427408 0.590991 0.428087 0.590090 0.428765 0.590090 0.430122 0.589189 0.430801 0.589189 0.432157 0.588288 0.432836 0.586486 0.431479 0.585586 0.431479 0.584685 0.430801 0.582883 0.432157 0.581982 0.432157 0.581982 0.432836 0.581081 0.433514 0.581081 0.434871 0.580180 0.435550 0.580180 0.436906 0.579279 0.437585 0.578378 0.437585 0.577477 0.438263 0.577477 0.455902 0.578378 0.456581 0.578378 0.457938 0.578378 0.453867 0.579279 0.453189 0.579279 0.449796 0.580180 0.449118 0.579279 0.448440 0.579279 0.442334 0.581081 0.440977 0.582883 0.442334 0.582883 0.443012 0.583784 0.443691 0.588288 0.443691 0.592793 0.447083 0.592793 0.447761 0.595495 0.449796 0.595495 0.450475 0.600901 0.454545 0.601802 0.454545 0.603604 0.455902 0.603604 0.456581 0.604505 0.457259 0.605405 0.457259 0.607207 0.458616 0.608108 0.458616 0.610811 0.460651 0.611712 0.460651 0.612613 0.461330 0.613514 0.461330 0.615315 0.462687 0.616216 0.462687 0.618919 0.464722 0.619820 0.464722 0.620721 0.465400 0.621622 0.465400 0.622523 0.466079 0.623423 0.466079 0.631532 0.472185 0.631532 0.472863 0.632432 0.473541 0.632432 0.474898 0.633333 0.475577 0.633333 0.478290 0.632432 0.478969 0.632432 0.481682 0.631532 0.482361 0.631532 0.484396 0.630631 0.485075 0.630631 0.489145 0.629730 0.489824 0.629730 0.496608 0.628829 0.497286 0.628829 0.499322 0.629730 0.500000 0.629730 0.504071 0.630631 0.504749 0.630631 0.506106 0.631532 0.506784 0.631532 0.507463 0.632432 0.508141 0.632432 0.508820 0.633333 0.509498 0.633333 0.510176 0.634234 0.510855 0.634234 0.518318 0.635135 0.518996 0.635135 0.525780 0.636036 0.526459 0.636036 0.527815 0.636937 0.528494 0.636937 0.529172 0.639640 0.531208 0.639640 0.531886 0.640541 0.532564 0.641441 0.532564 0.643243 0.533921 0.644144 0.533921 0.645045 0.533243 0.645946 0.533243 0.650450 0.529851 0.655856 0.529851 0.656757 0.530529 0.657658 0.530529 0.658559 0.529851 0.660360 0.529851 0.672072 0.521031 0.672072 0.520353 0.673874 0.518996 0.673874 0.518318 0.675676 0.516961 0.675676 0.516282 0.676577 0.515604 0.676577 0.508141 0.675676 0.507463 0.675676 0.505427 0.674775 0.504749 0.674775 0.503392 0.673874 0.502714 0.673874 0.500678 0.672973 0.500000 0.672973 0.498643 0.672072 0.497965 0.672072 0.496608 0.671171 0.495929 0.671171 0.495251 0.670270 0.494573 0.670270 0.492537 0.669369 0.491859 0.669369 0.490502 0.668468 0.489824 0.668468 0.488467 0.667568 0.487788 0.667568 0.485075 0.668468 0.484396 0.674775 0.484396 0.675676 0.483718 0.676577 0.483718 0.677477 0.483039 0.678378 0.483039 0.682883 0.479647 0.682883 0.478969 0.684685 0.477612 0.684685 0.476934 0.687387 0.474898 0.687387 0.474220 0.688288 0.473541 0.688288 0.472863 0.689189 0.472185 0.689189 0.470828 0.690090 0.470149 0.690090 0.459294 0.689189 0.458616 0.689189 0.454545 0.688288 0.453867 0.688288 0.451153 0.687387 0.450475 0.687387 0.448440 0.686486 0.447761 0.686486 0.446404 0.685586 0.445726 0.685586 0.444369 0.684685 0.443691 0.684685 0.442334 0.683784 0.441655 0.683784 0.440977 0.682883 0.440299 0.682883 0.439620 0.681982 0.438942 0.681982 0.437585 0.681081 0.436906 0.681081 0.436228 0.680180 0.435550 0.680180 0.434871 0.679279 0.434193 0.679279 0.433514 0.678378 0.432836 0.678378 0.432157 0.674775 0.429444 0.674775 0.428765 0.672072 0.426730 0.672072 0.426052 0.671171 0.425373 0.671171 0.424695 0.670270 0.424016 0.670270 0.423338 0.669369 0.422659 0.669369 0.421981 0.668468 0.421303 0.668468 0.419946 0.667568 0.419267 0.667568 0.415875 0.666667 0.415197 0.666667 0.402985 0.665766 0.402307 0.665766 0.394844 0.664865 0.394166 0.664865 0.381954 0.663964 0.381275 0.663964 0.379240 0.664865 0.378562 0.664865 0.373813 0.665766 0.373134 0.665766 0.337178 0.664865 0.336499 0.664865 0.324288 0.663964 0.323609 0.663964 0.311398 0.663063 0.310719 0.663063 0.308005 0.662162 0.307327 0.662162 0.305292 0.661261 0.304613 0.661261 0.299186 0.660360 0.298507 0.660360 0.296472 0.659459 0.295794 0.659459 0.295115 0.658559 0.294437 0.658559 0.293080 0.657658 0.292402 0.657658 0.291723 0.656757 0.291045 0.656757 0.290366 0.655856 0.289688 0.655856 0.289009 0.654955 0.288331 0.654955 0.287653 0.654054 0.286974 0.654054 0.285617 0.649550 0.282225 0.648649 0.282225 0.646847 0.280868 0.645946 0.280868 0.643243 0.278833 0.642342 0.278833 0.641441 0.278155 0.640541 0.278155 0.639640 0.277476 0.638739 0.277476 0.637838 0.276798 0.636937 0.276798 0.635135 0.275441 0.634234 0.275441 0.633333 0.274763 0.632432 0.274763 0.630631 0.273406 0.629730 0.273406 0.627928 0.272049 0.627027 0.272049 0.626126 0.271370 0.625225 0.271370 0.623423 0.270014 0.622523 0.270014 0.621622 0.269335 0.620721 0.269335 0.619820 0.268657 0.618018 0.268657 0.617117 0.267978 0.615315 0.267978 0.614414 0.267300 0.612613 0.267300 0.611712 0.266621 0.609910 0.266621 0.608108 0.265265 0.608108 0.261872 0.609009 0.261194 0.609009 0.260516 0.609910 0.259837 0.609910 0.259159 0.611712 0.257802 0.611712 0.257123 0.613514 0.255767 0.613514 0.255088 0.618018 0.251696 0.618018 0.251018 0.620721 0.248982 0.620721 0.248304 0.621622 0.247626 0.621622 0.246947 0.623423 0.245590 0.623423 0.244233 0.624324 0.243555 0.624324 0.235414 0.623423 0.234735 0.623423 0.232700 0.622523 0.232022 0.622523 0.229986 0.621622 0.229308 0.621622 0.225916 0.620721 0.225237 0.620721 0.220488 0.619820 0.219810 0.619820 0.215739 0.618919 0.215061 0.618919 0.212347 0.618018 0.211669 0.618018 0.208955 0.617117 0.208277 0.617117 0.206242 0.616216 0.205563 0.616216 0.204206 0.615315 0.203528 0.615315 0.202171 0.614414 0.201493 0.614414 0.200814 0.613514 0.200136 0.613514 0.198779 0.612613 0.198100 0.612613 0.197422 0.611712 0.196744 0.611712 0.196065 0.609910 0.194708 0.609910 0.194030 0.601802 0.187924 0.600901 0.187924 0.597297 0.185210 0.596396 0.185210 0.595495 0.184532 0.594595 0.184532 0.593694 0.183853 0.592793 0.183853 0.591892 0.183175 0.590991 0.183175 0.590090 0.182497 0.588288 0.182497 0.587387 0.181818 0.585586 0.181818 0.584685 0.181140 0.579279 0.181140 0.578378 0.180461
1 0.572072 0.179783 0.571171 0.180461 0.565766 0.180461 0.564865 0.181140 0.560360 0.181140 0.559459 0.181818 0.556757 0.181818 0.555856 0.182497 0.554054 0.182497 0.553153 0.183175 0.552252 0.183175 0.551351 0.183853 0.549550 0.183853 0.548649 0.184532 0.547748 0.184532 0.546847 0.185210 0.545946 0.185210 0.544144 0.186567 0.543243 0.186567 0.536036 0.191995 0.536036 0.192673 0.532432 0.195387 0.532432 0.196065 0.530631 0.197422 0.530631 0.198100 0.528829 0.199457 0.528829 0.200136 0.527928 0.200814 0.527928 0.201493 0.527027 0.202171 0.527027 0.203528 0.526126 0.204206 0.526126 0.204885 0.525225 0.205563 0.525225 0.206920 0.524324 0.207598 0.524324 0.208955 0.523423 0.209634 0.523423 0.210991 0.522523 0.211669 0.522523 0.213704 0.521622 0.214383 0.521622 0.217096 0.520721 0.217775 0.520721 0.221845 0.519820 0.222524 0.519820 0.226594 0.518919 0.227273 0.518919 0.230665 0.518018 0.231343 0.518018 0.232700 0.517117 0.233379 0.517117 0.234735 0.516216 0.235414 0.516216 0.236771 0.515315 0.237449 0.515315 0.238806 0.514414 0.239484 0.514414 0.244912 0.515315 0.245590 0.515315 0.246947 0.516216 0.247626 0.516216 0.248304 0.517117 0.248982 0.517117 0.249661 0.518018 0.250339 0.518018 0.251018 0.518919 0.251696 0.518919 0.252374 0.519820 0.253053 0.519820 0.253731 0.520721 0.254410 0.520721 0.255088 0.526126 0.259159 0.527027 0.259159 0.528829 0.260516 0.530631 0.260516 0.531532 0.261194 0.532432 0.261194 0.533333 0.261872 0.535135 0.261872 0.536036 0.262551 0.537838 0.262551 0.538739 0.263229 0.539640 0.263229 0.540541 0.263908 0.541441 0.263908 0.542342 0.264586 0.544144 0.264586 0.545045 0.265265 0.547748 0.265265 0.548649 0.265943 0.553153 0.265943 0.554054 0.266621 0.565766 0.266621 0.566667 0.267300 0.569369 0.267300 0.570270 0.266621 0.572973 0.266621 0.573874 0.265943 0.578378 0.265943 0.579279 0.266621 0.581982 0.266621 0.582883 0.265943 0.586486 0.265943 0.587387 0.265265 0.588288 0.265265 0.589189 0.264586 0.590090 0.264586 0.590991 0.263908 0.591892 0.263908 0.592793 0.263229 0.594595 0.263229 0.595495 0.262551 0.596396 0.262551 0.597297 0.261872 0.598198 0.261872 0.599099 0.261194 0.600000 0.261194 0.600901 0.260516 0.601802 0.260516 0.602703 0.259837 0.604505 0.259837 0.605405 0.259159 0.606306 0.259159 0.607207 0.258480 0.608108 0.258480 0.609910 0.257123 0.610811 0.257123 0.613514 0.255088 0.613514 0.254410 0.620721 0.248982 0.620721 0.248304 0.622523 0.246947 0.622523 0.246269 0.623423 0.245590 0.623423 0.244912 0.624324 0.244233 0.624324 0.242877 0.625225 0.242198 0.625225 0.237449 0.624324 0.236771 0.624324 0.234735 0.623423 0.234057 0.623423 0.232022 0.622523 0.231343 0.622523 0.228630 0.621622 0.227951 0.621622 0.225237 0.620721 0.224559 0.620721 0.219810 0.619820 0.219132 0.619820 0.215061 0.618919 0.214383 0.618919 0.211669 0.618018 0.210991 0.618018 0.208955 0.617117 0.208277 0.617117 0.206242 0.616216 0.205563 0.616216 0.203528 0.615315 0.202849 0.615315 0.202171 0.614414 0.201493 0.614414 0.200136 0.613514 0.199457 0.613514 0.198779 0.612613 0.198100 0.612613 0.196744 0.610811 0.195387 0.610811 0.194708 0.600000 0.186567 0.599099 0.186567 0.596396 0.184532 0.595495 0.184532 0.594595 0.183853 0.592793 0.183853 0.591892 0.183175 0.590991 0.183175 0.590090 0.182497 0.589189 0.182497 0.588288 0.181818 0.586486 0.181818 0.585586 0.181140 0.581081 0.181140 0.580180 0.180461 0.576577 0.180461 0.575676 0.179783
2 0.577477 0.444369 0.576577 0.445047 0.576577 0.445726 0.575676 0.446404 0.575676 0.450475 0.574775 0.451153 0.574775 0.453867 0.575676 0.454545 0.575676 0.470149 0.576577 0.470828 0.576577 0.478290 0.577477 0.478969 0.577477 0.480326 0.578378 0.481004 0.583784 0.481004 0.584685 0.480326 0.585586 0.480326 0.586486 0.479647 0.587387 0.479647 0.588288 0.478969 0.589189 0.478969 0.590090 0.478290 0.590991 0.478290 0.591892 0.477612 0.592793 0.477612 0.594595 0.476255 0.594595 0.475577 0.596396 0.474220 0.596396 0.473541 0.597297 0.472863 0.597297 0.471506 0.598198 0.470828 0.598198 0.468792 0.599099 0.468114 0.599099 0.464043 0.600000 0.463365 0.600000 0.462008 0.600901 0.461330 0.600901 0.460651 0.601802 0.459973 0.601802 0.459294 0.600901 0.458616 0.600901 0.457938 0.600000 0.457259 0.600000 0.455902 0.598198 0.454545 0.598198 0.453867 0.597297 0.453189 0.597297 0.452510 0.595495 0.451153 0.595495 0.450475 0.591892 0.447761 0.589189 0.447761 0.588288 0.447083 0.585586 0.447083 0.584685 0.446404 0.581982 0.446404 0.581081 0.445726 0.580180 0.445726 0.578378 0.444369
2 0.536036 0.500678 0.536036 0.502035 0.535135 0.502714 0.535135 0.503392 0.531532 0.506106 0.530631 0.506106 0.530631 0.506784 0.529730 0.507463 0.529730 0.508141 0.528829 0.508820 0.528829 0.510176 0.527928 0.510855 0.527928 0.512212 0.527027 0.512890 0.527027 0.514247 0.526126 0.514925 0.526126 0.515604 0.525225 0.516282 0.525225 0.518996 0.524324 0.519674 0.524324 0.525102 0.525225 0.525780 0.525225 0.529851 0.526126 0.530529 0.526126 0.531208 0.527928 0.532564 0.527928 0.533921 0.528829 0.534600 0.528829 0.535278 0.529730 0.535278 0.530631 0.534600 0.532432 0.534600 0.533333 0.533921 0.534234 0.533921 0.535135 0.533243 0.535135 0.532564 0.536036 0.531886 0.536036 0.530529 0.536937 0.529851 0.536937 0.525102 0.536036 0.524423 0.536036 0.523745 0.535135 0.523066 0.535135 0.516282 0.536036 0.515604 0.536036 0.513569 0.536937 0.512890 0.536937 0.506784 0.536036 0.506106
2 0.560360 0.479647 0.557658 0.481682 0.556757 0.481682 0.554955 0.483039 0.554054 0.483039 0.547748 0.487788 0.547748 0.488467 0.546847 0.489145 0.545946 0.489145 0.545946 0.489824 0.543243 0.491859 0.543243 0.492537 0.541441 0.493894 0.541441 0.497286 0.540541 0.497965 0.541441 0.498643 0.541441 0.514247 0.542342 0.514925 0.542342 0.517639 0.543243 0.518318 0.543243 0.519674 0.542342 0.520353 0.542342 0.523745 0.541441 0.524423 0.541441 0.528494 0.542342 0.529172 0.542342 0.531208 0.543243 0.531886 0.544144 0.531208 0.545946 0.531208 0.546847 0.530529 0.548649 0.530529 0.549550 0.529851 0.551351 0.529851 0.552252 0.529172 0.553153 0.529172 0.554054 0.528494 0.554955 0.528494 0.555856 0.527815 0.556757 0.527815 0.557658 0.527137 0.558559 0.527137 0.562162 0.524423 0.562162 0.523745 0.563964 0.522388 0.563964 0.521710 0.564865 0.521031 0.564865 0.519674 0.565766 0.518996 0.565766 0.489824 0.564865 0.489145 0.564865 0.487110 0.563964 0.486431 0.563964 0.485075 0.563063 0.484396 0.563063 0.483039 0.562162 0.482361 0.562162 0.481682 0.561261 0.481004 0.561261 0.480326
3 0.560360 0.445047 0.560360 0.445726 0.559459 0.446404 0.559459 0.447761 0.558559 0.448440 0.558559 0.453867 0.559459 0.454545 0.559459 0.455224 0.560360 0.455902 0.562162 0.454545 0.562162 0.453189 0.563063 0.452510 0.563063 0.451832 0.562162 0.451153 0.562162 0.447083 0.561261 0.446404 0.561261 0.445726
3 0.546847 0.391452 0.545946 0.392130 0.543243 0.392130 0.542342 0.392809 0.540541 0.392809 0.539640 0.393487 0.538739 0.393487 0.537838 0.394166 0.537838 0.394844 0.536036 0.396201 0.535135 0.396201 0.534234 0.396879 0.532432 0.396879 0.532432 0.398236 0.537838 0.402307 0.537838 0.402985 0.538739 0.403664 0.538739 0.404342 0.539640 0.405020 0.539640 0.405699 0.540541 0.406377 0.540541 0.407734 0.541441 0.408412 0.541441 0.410448 0.542342 0.411126 0.542342 0.413840 0.543243 0.414518 0.543243 0.416554 0.544144 0.417232 0.544144 0.417910 0.545045 0.418589 0.545045 0.421303 0.545946 0.421981 0.545946 0.424016 0.546847 0.424695 0.546847 0.426052 0.547748 0.426730 0.547748 0.428087 0.548649 0.428765 0.548649 0.429444 0.549550 0.430122 0.549550 0.430801 0.552252 0.432836 0.552252 0.433514 0.553153 0.434193 0.553153 0.434871 0.554955 0.434871 0.559459 0.431479 0.559459 0.430801 0.560360 0.430122 0.560360 0.420624 0.561261 0.419946 0.561261 0.412483 0.560360 0.411805 0.560360 0.409091 0.559459 0.408412 0.559459 0.407056 0.558559 0.406377 0.558559 0.404342 0.557658 0.403664 0.557658 0.401628 0.556757 0.400950 0.556757 0.397558 0.555856 0.396879 0.555856 0.396201 0.554955 0.395522 0.554955 0.394166 0.553153 0.392809 0.552252 0.392809 0.551351 0.392130 0.550450 0.392130 0.549550 0.391452
3 0.622523 0.386024 0.621622 0.386703 0.621622 0.387381 0.619820 0.388738 0.618919 0.388738 0.615315 0.391452 0.615315 0.392130 0.613514 0.393487 0.613514 0.394166 0.600000 0.404342 0.600000 0.405020 0.596396 0.407734 0.596396 0.408412 0.594595 0.409769 0.594595 0.410448 0.593694 0.411126 0.593694 0.411805 0.592793 0.412483 0.592793 0.413161 0.590991 0.414518 0.591892 0.415197 0.596396 0.415197 0.597297 0.414518 0.598198 0.414518 0.599099 0.413840 0.600000 0.413840 0.600901 0.413161 0.604505 0.413161 0.606306 0.414518 0.605405 0.415197 0.604505 0.415197 0.603604 0.415875 0.602703 0.415875 0.600901 0.417232 0.600901 0.417910 0.599099 0.419267 0.598198 0.419267 0.590991 0.424695 0.590090 0.424695 0.590090 0.425373 0.589189 0.426052 0.588288 0.426052 0.582883 0.430122 0.581982 0.430122 0.581081 0.430801 0.580180 0.430801 0.577477 0.432836 0.576577 0.432836 0.574775 0.434193 0.574775 0.438263 0.575676 0.438942 0.575676 0.439620 0.578378 0.441655 0.579279 0.441655 0.580180 0.442334 0.581081 0.442334 0.581982 0.443012 0.583784 0.443012 0.584685 0.443691 0.586486 0.443691 0.587387 0.444369 0.588288 0.444369 0.589189 0.443691 0.590090 0.443691 0.590991 0.443012 0.591892 0.443012 0.591892 0.442334 0.592793 0.441655 0.592793 0.440977 0.593694 0.440299 0.593694 0.439620 0.594595 0.438942 0.594595 0.438263 0.595495 0.437585 0.595495 0.436906 0.596396 0.436228 0.596396 0.435550 0.597297 0.434871 0.597297 0.434193 0.601802 0.430801 0.601802 0.430122 0.603604 0.428765 0.603604 0.428087 0.605405 0.426730 0.605405 0.426052 0.607207 0.424695 0.607207 0.424016 0.609910 0.421981 0.609910 0.421303 0.610811 0.420624 0.610811 0.419946 0.613514 0.417910 0.613514 0.417232 0.617117 0.414518 0.617117 0.413161 0.619820 0.411126 0.620721 0.411126 0.620721 0.409091 0.618919 0.407734 0.619820 0.407056 0.621622 0.407056 0.623423 0.405699 0.624324 0.405699 0.627027 0.403664 0.627928 0.403664 0.629730 0.402307 0.629730 0.398236 0.630631 0.397558 0.630631 0.396879 0.629730 0.396201 0.629730 0.391452 0.628829 0.390773 0.628829 0.389417 0.627928 0.388738 0.627928 0.387381 0.626126 0.386024
3 0.560360 0.447761 0.560360 0.448440 0.559459 0.449118 0.559459 0.453189 0.560360 0.453867 0.561261 0.453189 0.561261 0.448440
3 0.623423 0.384668 0.621622 0.386024 0.621622 0.386703 0.615315 0.391452 0.615315 0.392130 0.613514 0.393487 0.613514 0.394166 0.600901 0.403664 0.600901 0.404342 0.598198 0.406377 0.598198 0.407056 0.596396 0.408412 0.596396 0.409091 0.593694 0.411126 0.593694 0.413161 0.591892 0.414518 0.592793 0.415197 0.595495 0.415197 0.596396 0.414518 0.597297 0.414518 0.598198 0.413840 0.599099 0.413840 0.600000 0.413161 0.600901 0.413161 0.601802 0.412483 0.603604 0.412483 0.604505 0.411805 0.605405 0.411805 0.606306 0.412483 0.606306 0.413161 0.607207 0.413840 0.607207 0.414518 0.604505 0.416554 0.603604 0.416554 0.600000 0.419267 0.599099 0.419267 0.596396 0.421303 0.595495 0.421303 0.595495 0.421981 0.591892 0.424695 0.590991 0.424695 0.590991 0.425373 0.585586 0.429444 0.584685 0.429444 0.582883 0.430801 0.581982 0.430801 0.576577 0.434871 0.576577 0.439620 0.577477 0.440299 0.578378 0.440299 0.581081 0.442334 0.582883 0.442334 0.583784 0.443012 0.585586 0.443012 0.586486 0.443691 0.589189 0.443691 0.590090 0.443012 0.590991 0.443012 0.591892 0.442334 0.591892 0.441655 0.592793 0.440977 0.592793 0.440299 0.594595 0.438942 0.594595 0.438263 0.595495 0.437585 0.595495 0.436906 0.596396 0.436228 0.596396 0.435550 0.598198 0.434193 0.598198 0.433514 0.600901 0.431479 0.600901 0.430801 0.602703 0.429444 0.602703 0.428765 0.603604 0.428087 0.603604 0.427408 0.607207 0.424695 0.607207 0.424016 0.609009 0.422659 0.609009 0.421981 0.609910 0.421303 0.609910 0.420624 0.612613 0.418589 0.612613 0.417910 0.613514 0.417232 0.613514 0.416554 0.616216 0.414518 0.616216 0.413161 0.617117 0.412483 0.617117 0.411805 0.618018 0.411126 0.619820 0.411126 0.619820 0.410448 0.618919 0.409769 0.618919 0.408412 0.618018 0.407734 0.618919 0.407056 0.619820 0.407056 0.622523 0.405020 0.623423 0.405020 0.624324 0.404342 0.625225 0.404342 0.629730 0.400950 0.629730 0.392809 0.628829 0.392130 0.628829 0.390095 0.627928 0.389417 0.627928 0.388060 0.627027 0.387381 0.627027 0.386024 0.626126 0.385346 0.626126 0.384668
3 0.518018 0.290366 0.517117 0.291045 0.517117 0.291723 0.516216 0.292402 0.516216 0.293080 0.517117 0.293758 0.517117 0.302578 0.518018 0.303256 0.518018 0.332429 0.517117 0.333107 0.517117 0.336499 0.516216 0.337178 0.516216 0.338535 0.515315 0.339213 0.515315 0.339891 0.514414 0.340570 0.514414 0.341248 0.513514 0.341927 0.513514 0.343284 0.512613 0.343962 0.512613 0.345319 0.511712 0.345997 0.511712 0.352103 0.510811 0.352782 0.510811 0.355495 0.509910 0.356174 0.509910 0.358209 0.509009 0.358887 0.509009 0.359566 0.508108 0.360244 0.508108 0.361601 0.507207 0.362280 0.507207 0.362958 0.506306 0.363636 0.506306 0.364993 0.505405 0.365672 0.505405 0.369742 0.504505 0.370421 0.504505 0.373134 0.503604 0.373813 0.503604 0.377205 0.504505 0.377883 0.504505 0.379240 0.505405 0.379919 0.505405 0.380597 0.506306 0.381275 0.506306 0.382632 0.507207 0.383311 0.507207 0.383989 0.508108 0.384668 0.508108 0.385346 0.509009 0.386024 0.509009 0.386703 0.509910 0.387381 0.509910 0.388060 0.510811 0.388738 0.510811 0.390095 0.512613 0.391452 0.512613 0.392130 0.514414 0.393487 0.514414 0.394166 0.518018 0.396879 0.518018 0.397558 0.518919 0.397558 0.520721 0.398915 0.521622 0.398915 0.522523 0.399593 0.523423 0.399593 0.525225 0.400950 0.527928 0.400950 0.528829 0.401628 0.530631 0.401628 0.531532 0.400950 0.534234 0.400950 0.535135 0.401628 0.536036 0.401628 0.537838 0.402985 0.537838 0.403664 0.538739 0.404342 0.538739 0.405020 0.540541 0.406377 0.540541 0.407734 0.541441 0.408412 0.541441 0.410448 0.542342 0.411126 0.542342 0.413840 0.543243 0.414518 0.543243 0.416554 0.544144 0.417232 0.544144 0.417910 0.545045 0.418589 0.545045 0.420624 0.545946 0.421303 0.545946 0.423338 0.546847 0.424016 0.546847 0.425373 0.547748 0.426052 0.547748 0.427408 0.548649 0.428087 0.548649 0.428765 0.549550 0.429444 0.549550 0.430122 0.551351 0.431479 0.551351 0.432157 0.553153 0.433514 0.553153 0.434193 0.554955 0.434193 0.555856 0.433514 0.556757 0.433514 0.556757 0.432836 0.558559 0.431479 0.558559 0.430801 0.559459 0.430122 0.559459 0.429444 0.560360 0.428765 0.560360 0.419267 0.561261 0.418589 0.561261 0.413161 0.560360 0.412483 0.560360 0.409769 0.559459 0.409091 0.559459 0.407056 0.558559 0.406377 0.558559 0.404342 0.557658 0.403664 0.557658 0.400950 0.556757 0.400271 0.556757 0.396879 0.555856 0.396201 0.555856 0.395522 0.554955 0.394844 0.554955 0.393487 0.554054 0.392809 0.553153 0.392809 0.552252 0.392130 0.551351 0.392130 0.550450 0.391452 0.545946 0.391452 0.545045 0.392130 0.542342 0.392130 0.541441 0.392809 0.539640 0.392809 0.536036 0.395522 0.535135 0.394844 0.534234 0.394844 0.531532 0.392809 0.531532 0.392130 0.530631 0.391452 0.530631 0.390773 0.529730 0.390095 0.529730 0.388738 0.528829 0.388060 0.528829 0.386703 0.527928 0.386024 0.527928 0.384668 0.527027 0.383989 0.527027 0.381954 0.526126 0.381275 0.526126 0.378562 0.525225 0.377883 0.525225 0.369064 0.526126 0.368385 0.526126 0.365672 0.527027 0.364993 0.527027 0.362958 0.527928 0.362280 0.527928 0.360923 0.528829 0.360244 0.528829 0.358887 0.529730 0.358209 0.529730 0.357531 0.532432 0.355495 0.535135 0.355495 0.536036 0.356174 0.536937 0.356174 0.540541 0.358887 0.540541 0.359566 0.541441 0.360244 0.541441 0.360923 0.544144 0.362958 0.545946 0.362958 0.546847 0.363636 0.550450 0.363636 0.551351 0.364315 0.553153 0.364315 0.554054 0.364993 0.557658 0.364993 0.560360 0.367028 0.560360 0.367707 0.561261 0.368385 0.561261 0.371777 0.562162 0.372456 0.562162 0.374491 0.563063 0.375170 0.563063 0.375848 0.563964 0.376526 0.564865 0.376526 0.565766 0.377205 0.570270 0.377205 0.574775 0.373813 0.575676 0.373813 0.577477 0.372456 0.578378 0.372456 0.581081 0.370421 0.581081 0.369064 0.581982 0.368385 0.581982 0.367707 0.582883 0.367028 0.582883 0.366350 0.585586 0.364315 0.585586 0.363636 0.587387 0.362280 0.587387 0.361601 0.588288 0.360923 0.588288 0.360244 0.590090 0.358887 0.590090 0.357531 0.590991 0.356852 0.590991 0.355495 0.591892 0.354817 0.591892 0.354138 0.592793 0.353460 0.592793 0.352103 0.598198 0.348033 0.599099 0.348033 0.600000 0.347354 0.600901 0.347354 0.601802 0.346676 0.602703 0.347354 0.602703 0.348033 0.603604 0.348711 0.603604 0.349389 0.604505 0.350068 0.604505 0.350746 0.606306 0.352103 0.606306 0.352782 0.607207 0.353460 0.607207 0.354817 0.608108 0.355495 0.608108 0.356174 0.609009 0.356852 0.609009 0.357531 0.609910 0.358209 0.609910 0.358887 0.610811 0.359566 0.610811 0.360923 0.611712 0.361601 0.611712 0.364315 0.612613 0.364993 0.612613 0.367707 0.611712 0.368385 0.611712 0.369742 0.612613 0.370421 0.612613 0.372456 0.614414 0.373813 0.615315 0.373813 0.616216 0.374491 0.617117 0.374491 0.618018 0.375170 0.618919 0.375170 0.619820 0.375848 0.621622 0.374491 0.621622 0.368385 0.620721 0.367707 0.620721 0.364993 0.619820 0.364315 0.619820 0.361601 0.618919 0.360923 0.618919 0.358887 0.618018 0.358209 0.618018 0.339213 0.618919 0.338535 0.618919 0.336499 0.618018 0.335821 0.618018 0.328358 0.617117 0.327680 0.617117 0.326323 0.616216 0.325645 0.616216 0.324288 0.614414 0.322931 0.614414 0.321574 0.613514 0.320896 0.613514 0.318182 0.612613 0.317503 0.612613 0.312076 0.611712 0.311398 0.611712 0.305292 0.610811 0.304613 0.610811 0.303935 0.609009 0.302578 0.607207 0.302578 0.606306 0.303256 0.600000 0.303256 0.599099 0.303935 0.595495 0.303935 0.594595 0.304613 0.593694 0.304613 0.592793 0.305292 0.591892 0.305292 0.591892 0.305970 0.590991 0.306649 0.590991 0.308005 0.591892 0.308684 0.591892 0.310719 0.592793 0.311398 0.592793 0.312076 0.593694 0.312754 0.593694 0.315468 0.594595 0.316147 0.594595 0.321574 0.595495 0.322252 0.595495 0.332429 0.594595 0.333107 0.594595 0.333786 0.593694 0.334464 0.593694 0.335142 0.592793 0.335821 0.592793 0.336499 0.590991 0.337856 0.590991 0.338535 0.589189 0.339891 0.589189 0.340570 0.587387 0.341927 0.587387 0.342605 0.584685 0.344640 0.584685 0.345319 0.583784 0.345997 0.583784 0.346676 0.581081 0.348711 0.581081 0.349389 0.577477 0.352103 0.577477 0.352782 0.576577 0.353460 0.576577 0.354138 0.575676 0.354817 0.575676 0.355495 0.574775 0.356174 0.574775 0.356852 0.572973 0.358209 0.572973 0.358887 0.569369 0.361601 0.568468 0.361601 0.567568 0.362280 0.566667 0.362280 0.564865 0.360923 0.563964 0.360923 0.563063 0.360244 0.563063 0.359566 0.559459 0.356852 0.559459 0.356174 0.554955 0.352782 0.554955 0.352103 0.554054 0.351425 0.553153 0.351425 0.548649 0.348033 0.547748 0.348033 0.545946 0.346676 0.545045 0.346676 0.542342 0.344640 0.541441 0.344640 0.537838 0.341927 0.537838 0.339891 0.536937 0.339213 0.536937 0.317503 0.537838 0.316825 0.537838 0.307327 0.535135 0.305292 0.534234 0.305292 0.533333 0.304613 0.531532 0.304613 0.529730 0.303256 0.528829 0.303256 0.527928 0.302578 0.527027 0.302578 0.524324 0.300543 0.524324 0.299864 0.523423 0.299186 0.523423 0.297829 0.522523 0.297151 0.522523 0.296472 0.521622 0.295794 0.521622 0.295115 0.519820 0.293758 0.519820 0.292402 0.518919 0.291723 0.518919 0.290366
3 0.521622 0.267978 0.519820 0.269335 0.518919 0.269335 0.518919 0.270692 0.518018 0.271370 0.518018 0.276119 0.518919 0.276119 0.518919 0.274763 0.519820 0.274084 0.519820 0.273406 0.521622 0.272049