0 0.583615 0.973827 0.582261 0.975632 0.581584 0.975632 0.580907 0.976534 0.580230 0.976534 0.580230 0.977437 0.579553 0.978339 0.579553 0.979242 0.578199 0.981047 0.578199 0.981949 0.577522 0.982852 0.577522 0.989170 0.578199 0.990072 0.578199 0.991877 0.578876 0.992780 0.578876 0.994585 0.580907 0.997292 0.580907 0.999097 0.611374 0.999097 0.611374 0.998195 0.612729 0.996390 0.612729 0.994585 0.612051 0.994585 0.610697 0.992780 0.610020 0.992780 0.609343 0.991877 0.608666 0.991877 0.607989 0.990975 0.607312 0.990975 0.606635 0.990072 0.605958 0.990072 0.605281 0.989170 0.604604 0.989170 0.602573 0.986462 0.601896 0.986462 0.598510 0.981949 0.597833 0.981949 0.597156 0.981047 0.596479 0.981047 0.595125 0.979242 0.593771 0.979242 0.592417 0.977437 0.591740 0.977437 0.591063 0.976534 0.590386 0.976534 0.589032 0.974729 0.588355 0.974729 0.587678 0.973827
0 0.699391 0.402527 0.693297 0.410650 0.693297 0.411552 0.692620 0.412455 0.691943 0.412455 0.691266 0.413357 0.690589 0.413357 0.690589 0.414260 0.689235 0.416065 0.688558 0.416065 0.685850 0.419675 0.685173 0.419675 0.685173 0.420578 0.683819 0.422383 0.683819 0.423285 0.682464 0.425090 0.682464 0.425993 0.681787 0.426895 0.681787 0.428700 0.681110 0.429603 0.681110 0.430505 0.680433 0.431408 0.680433 0.434116 0.679756 0.435018 0.679756 0.438628 0.679079 0.439531 0.679079 0.441336 0.678402 0.442238 0.678402 0.444043 0.675017 0.448556 0.672986 0.448556 0.672309 0.449458 0.671632 0.449458 0.671632 0.452166 0.675017 0.452166 0.675694 0.453069 0.677048 0.453069 0.677725 0.453971 0.678402 0.453971 0.679756 0.455776 0.679756 0.460289 0.680433 0.461191 0.680433 0.462094 0.681110 0.462996 0.681110 0.467509 0.681787 0.468412 0.681787 0.475632 0.682464 0.476534 0.682464 0.484657 0.683142 0.485560 0.683142 0.488267 0.683819 0.489170 0.683819 0.491877 0.684496 0.492780 0.684496 0.497292 0.685173 0.498195 0.685173 0.500903 0.687204 0.503610 0.687204 0.504513 0.687881 0.505415 0.688558 0.505415 0.689235 0.506318 0.689912 0.506318 0.690589 0.507220 0.691266 0.507220 0.691943 0.508123 0.692620 0.508123 0.693297 0.509025 0.693974 0.509025 0.696005 0.511733 0.696005 0.512635 0.693297 0.516245 0.692620 0.516245 0.691266 0.518051 0.690589 0.518051 0.689235 0.519856 0.688558 0.519856 0.687881 0.520758 0.686527 0.520758 0.685850 0.521661 0.683819 0.521661 0.683142 0.522563 0.671632 0.522563 0.670955 0.523466 0.667569 0.523466 0.666892 0.524368 0.664861 0.524368 0.664184 0.525271 0.661476 0.525271 0.660799 0.526173 0.655383 0.526173 0.654705 0.527076 0.648612 0.527076 0.647935 0.527978 0.637102 0.527978 0.636425 0.528881 0.634394 0.528881 0.633717 0.529783 0.632363 0.529783 0.631686 0.530686 0.630332 0.530686 0.629655 0.531588 0.628978 0.531588 0.628301 0.530686 0.618822 0.530686 0.618145 0.529783 0.616114 0.529783 0.615437 0.528881 0.613406 0.528881 0.612729 0.527978 0.603250 0.527978 0.602573 0.527076 0.599865 0.527076 0.599188 0.526173 0.596479 0.526173 0.595802 0.525271 0.592417 0.525271 0.591740 0.524368 0.589032 0.524368 0.588355 0.523466 0.584970 0.523466 0.584292 0.522563 0.582938 0.522563 0.582261 0.521661 0.580907 0.521661 0.580230 0.520758 0.578876 0.520758 0.578199 0.519856 0.577522 0.519856 0.576845 0.518953 0.575491 0.518953 0.574814 0.518051 0.570074 0.518051 0.569397 0.517148 0.562627 0.517148 0.561950 0.516245 0.556534 0.516245 0.555856 0.517148 0.555179 0.517148 0.554502 0.518051 0.553825 0.518051 0.551794 0.520758 0.551794 0.521661 0.551117 0.522563 0.551117 0.523466 0.550440 0.524368 0.550440 0.528881 0.551117 0.529783 0.551794 0.529783 0.553148 0.531588 0.553148 0.532491 0.555856 0.532491 0.556534 0.533394 0.559919 0.533394 0.560596 0.534296 0.561273 0.534296 0.562627 0.536101 0.563304 0.536101 0.563981 0.537004 0.564658 0.537004 0.565335 0.537906 0.566012 0.537906 0.566689 0.538809 0.567366 0.538809 0.568043 0.539711 0.568720 0.539711 0.569397 0.540614 0.570074 0.540614 0.571429 0.542419 0.572106 0.542419 0.573460 0.544224 0.574137 0.544224 0.574814 0.545126 0.575491 0.545126 0.576845 0.546931 0.577522 0.546931 0.578876 0.548736 0.579553 0.548736 0.580907 0.550542 0.581584 0.550542 0.582261 0.551444 0.582938 0.551444 0.584292 0.553249 0.584970 0.553249 0.586324 0.555054 0.587001 0.555054 0.587678 0.555957 0.588355 0.555957 0.589032 0.556859 0.589709 0.556859 0.591063 0.558664 0.591740 0.558664 0.593094 0.560469 0.593771 0.560469 0.595125 0.562274 0.595802 0.562274 0.597156 0.564079 0.597833 0.564079 0.598510 0.564982 0.599188 0.564982 0.600542 0.566787 0.601219 0.566787 0.601896 0.567690 0.602573 0.567690 0.603250 0.568592 0.603927 0.568592 0.604604 0.569495 0.605281 0.569495 0.605958 0.570397 0.606635 0.570397 0.607312 0.571300 0.607989 0.571300 0.608666 0.572202 0.610020 0.572202 0.610697 0.573105 0.611374 0.573105 0.612051 0.574007 0.612729 0.574007 0.613406 0.574910 0.614083 0.574910 0.615437 0.576715 0.616114 0.576715 0.616791 0.577617 0.618145 0.577617 0.618822 0.578520 0.620853 0.578520 0.621530 0.579422 0.623561 0.579422 0.624238 0.580325 0.625592 0.580325 0.626269 0.581227 0.627624 0.581227 0.628301 0.582130 0.628978 0.582130 0.629655 0.583032 0.631009 0.583032 0.631686 0.583935 0.633040 0.583935 0.633717 0.584838 0.635071 0.584838 0.635748 0.585740 0.636425 0.585740 0.637102 0.586643 0.637779 0.586643 0.639133 0.588448 0.639810 0.588448 0.640487 0.589350 0.641842 0.589350 0.642519 0.590253 0.643196 0.590253 0.643873 0.591155 0.645904 0.591155 0.646581 0.592058 0.651320 0.592058 0.651997 0.592960 0.653351 0.592960 0.655383 0.595668 0.655383 0.606498 0.654705 0.607401 0.654705 0.611011 0.654028 0.611913 0.654028 0.637184 0.653351 0.638087 0.653351 0.642599 0.652674 0.643502 0.652674 0.647112 0.651997 0.648014 0.651997 0.651625 0.651320 0.652527 0.651320 0.654332 0.650643 0.655235 0.650643 0.657040 0.649966 0.657942 0.649966 0.659747 0.649289 0.660650 0.649289 0.661552 0.648612 0.662455 0.648612 0.663357 0.647935 0.664260 0.647935 0.665162 0.647258 0.666065 0.647258 0.667870 0.646581 0.668773 0.646581 0.669675 0.645904 0.670578 0.645904 0.673285 0.645227 0.674188 0.645227 0.675993 0.644550 0.676895 0.644550 0.678700 0.643873 0.679603 0.643873 0.683213 0.643196 0.684116 0.643196 0.687726 0.642519 0.688628 0.642519 0.706679 0.643196 0.707581 0.643196 0.710289 0.643873 0.711191 0.643873 0.718412 0.643196 0.719314 0.643196 0.722924 0.642519 0.723827 0.642519 0.725632 0.641842 0.726534 0.641842 0.730144 0.641165 0.731047 0.641165 0.735560 0.640487 0.736462 0.640487 0.738267 0.639810 0.739170 0.639810 0.740072 0.639133 0.740975 0.639133 0.744585 0.638456 0.745487 0.638456 0.747292 0.637779 0.748195 0.637779 0.750000 0.637102 0.750903 0.637102 0.752708 0.636425 0.753610 0.636425 0.758123 0.635748 0.759025 0.635748 0.767148 0.635071 0.768051 0.635071 0.775271 0.634394 0.776173 0.634394 0.777978 0.633717 0.778881 0.633717 0.782491 0.633040 0.783394 0.633040 0.787906 0.632363 0.788809 0.632363 0.793321 0.631686 0.794224 0.631686 0.800542 0.631009 0.801444 0.631009 0.820397 0.630332 0.821300 0.630332 0.870939 0.631009 0.871841 0.631009 0.875451 0.631686 0.876354 0.631686 0.879964 0.632363 0.880866 0.632363 0.882671 0.633040 0.883574 0.633040 0.890794 0.633717 0.891697 0.633717 0.907040 0.634394 0.907942 0.634394 0.909747 0.635071 0.910650 0.635071 0.911552 0.635748 0.912455 0.635748 0.913357 0.636425 0.914260 0.636425 0.916065 0.637779 0.917870 0.637779 0.918773 0.638456 0.919675 0.638456 0.921480 0.639133 0.922383 0.639133 0.923285 0.639810 0.924188 0.639810 0.941336 0.639133 0.942238 0.639133 0.951264 0.638456 0.952166 0.638456 0.961191 0.637779 0.962094 0.637779 0.965704 0.637102 0.966606 0.637102 0.967509 0.636425 0.968412 0.636425 0.969314 0.631009 0.976534 0.630332 0.976534 0.626269 0.981949 0.626269 0.982852 0.625592 0.983755 0.625592 0.986462 0.624915 0.987365 0.624915 0.990072 0.624238 0.990975 0.624238 0.996390 0.625592 0.998195 0.625592 0.999097 0.652674 0.999097 0.652674 0.998195 0.653351 0.997292 0.667569 0.997292 0.668246 0.996390 0.669601 0.996390 0.670278 0.995487 0.670955 0.995487 0.672309 0.993682 0.672309 0.985560 0.672986 0.984657 0.672986 0.981949 0.673663 0.981047 0.673663 0.978339 0.674340 0.977437 0.674340 0.975632 0.675017 0.974729 0.675017 0.971119 0.675694 0.970217 0.675694 0.966606 0.676371 0.965704 0.676371 0.962996 0.677048 0.962094 0.677048 0.960289 0.677725 0.959386 0.677725 0.955776 0.678402 0.954874 0.678402 0.953069 0.679079 0.952166 0.679079 0.951264 0.679756 0.950361 0.679756 0.949458 0.681787 0.946751 0.682464 0.946751 0.683819 0.948556 0.683819 0.949458 0.686527 0.953069 0.687204 0.953069 0.689912 0.956679 0.689912 0.957581 0.691266 0.959386 0.691266 0.960289 0.691943 0.961191 0.691943 0.962094 0.692620 0.962996 0.692620 0.964801 0.693297 0.965704 0.693297 0.968412 0.693974 0.969314 0.693974 0.972924 0.694651 0.973827 0.694651 0.978339 0.695328 0.979242 0.695328 0.982852 0.696005 0.983755 0.696005 0.984657 0.697360 0.986462 0.697360 0.987365 0.702776 0.994585 0.704807 0.994585 0.705484 0.995487 0.713609 0.995487 0.714286 0.994585 0.714963 0.994585 0.714963 0.993682 0.715640 0.992780 0.715640 0.990975 0.716317 0.990072 0.716317 0.987365 0.716994 0.986462 0.716994 0.984657 0.718348 0.982852 0.718348 0.981949 0.721056 0.978339 0.721733 0.978339 0.725796 0.972924 0.725796 0.972022 0.727827 0.969314 0.727827 0.968412 0.729181 0.966606 0.729181 0.961191 0.729858 0.960289 0.729858 0.956679 0.729181 0.955776 0.729181 0.936823 0.729858 0.935921 0.729858 0.921480 0.730535 0.920578 0.730535 0.887184 0.729858 0.886282 0.729858 0.881769 0.729181 0.880866 0.729181 0.875451 0.728504 0.874549 0.728504 0.869134 0.727827 0.868231 0.727827 0.861913 0.727150 0.861011 0.727150 0.857401 0.726473 0.856498 0.726473 0.854693 0.725796 0.853791 0.725796 0.851083 0.725118 0.850181 0.725118 0.847473 0.724441 0.846570 0.724441 0.843863 0.723764 0.842960 0.723764 0.841155 0.723087 0.840253 0.723087 0.838448 0.722410 0.837545 0.722410 0.831227 0.721733 0.830325 0.721733 0.825812 0.721056 0.824910 0.721056 0.818592 0.720379 0.817690 0.720379 0.814982 0.719702 0.814079 0.719702 0.811372 0.719025 0.810469 0.719025 0.805957 0.718348 0.805054 0.718348 0.796931 0.717671 0.796029 0.717671 0.791516 0.718348 0.790614 0.718348 0.788809 0.719025 0.787906 0.719702 0.787906 0.720379 0.787004 0.720379 0.786101 0.721056 0.785199 0.721056 0.782491 0.721733 0.781588 0.721733 0.777978 0.722410 0.777076 0.722410 0.776173 0.723764 0.774368 0.725118 0.774368 0.725796 0.775271 0.727150 0.775271 0.727150 0.769856 0.726473 0.768953 0.726473 0.767148 0.725796 0.766245 0.725796 0.764440 0.726473 0.763538 0.726473 0.761733 0.727150 0.760830 0.727150 0.758123 0.727827 0.757220 0.727827 0.756318 0.729858 0.753610 0.730535 0.753610 0.732566 0.750903 0.733243 0.750903 0.733920 0.750000 0.735274 0.750000 0.735951 0.750903 0.737305 0.750903 0.737982 0.750000 0.737982 0.747292 0.737305 0.746390 0.737305 0.744585 0.735951 0.744585 0.731889 0.739170 0.731889 0.738267 0.731212 0.737365 0.731212 0.715704 0.731889 0.714801 0.731889 0.709386 0.731212 0.708484 0.731212 0.703971 0.730535 0.703069 0.730535 0.693141 0.731212 0.692238 0.731212 0.687726 0.731889 0.686823 0.731889 0.682310 0.732566 0.681408 0.732566 0.675090 0.733243 0.674188 0.733243 0.668773 0.733920 0.667870 0.733920 0.666065 0.733243 0.665162 0.733243 0.652527 0.733920 0.651625 0.733920 0.649819 0.734597 0.648917 0.734597 0.648014 0.735951 0.646209 0.735951 0.645307 0.736628 0.644404 0.736628 0.643502 0.737305 0.642599 0.737305 0.641697 0.738659 0.639892 0.738659 0.638989 0.739336 0.638087 0.739336 0.637184 0.740014 0.636282 0.740014 0.634477 0.741368 0.632671 0.741368 0.631769 0.742045 0.630866 0.742045 0.629964 0.742722 0.629061 0.742722 0.628159 0.743399 0.627256 0.743399 0.626354 0.744076 0.625451 0.744076 0.624549 0.744753 0.623646 0.744753 0.621841 0.745430 0.620939 0.745430 0.619134 0.746107 0.618231 0.746107 0.616426 0.746784 0.615523 0.746784 0.613718 0.747461 0.612816 0.747461 0.611913 0.748138 0.611011 0.748138 0.607401 0.748815 0.606498 0.748815 0.602888 0.749492 0.601986 0.749492 0.600181 0.750169 0.599278 0.750169 0.596570 0.750846 0.595668 0.750846 0.593863 0.751523 0.592960 0.751523 0.592058 0.752200 0.591155 0.752200 0.589350 0.752877 0.588448 0.752877 0.586643 0.753555 0.585740 0.753555 0.582130 0.754232 0.581227 0.754232 0.579422 0.754909 0.578520 0.754909 0.576715 0.755586 0.575812 0.755586 0.574007 0.756263 0.573105 0.756263 0.571300 0.756940 0.570397 0.756940 0.566787 0.757617 0.565884 0.757617 0.564079 0.758294 0.563177 0.758294 0.561372 0.758971 0.560469 0.758971 0.559567 0.760325 0.557762 0.760325 0.556859 0.762356 0.554152 0.762356 0.553249 0.763033 0.552347 0.763033 0.551444 0.763710 0.550542 0.763710 0.549639 0.764387 0.548736 0.764387 0.546931 0.765064 0.546029 0.765064 0.543321 0.765741 0.542419 0.765741 0.537004 0.766418 0.536101 0.766418 0.531588 0.765741 0.530686 0.765741 0.527978 0.765064 0.527076 0.765064 0.526173 0.763710 0.524368 0.763710 0.523466 0.762356 0.521661 0.762356 0.520758 0.755586 0.511733 0.754909 0.511733 0.754232 0.510830 0.753555 0.510830 0.750169 0.506318 0.750169 0.505415 0.748815 0.503610 0.748815 0.502708 0.748138 0.501805 0.748138 0.500903 0.747461 0.500000 0.746784 0.500000 0.746107 0.499097 0.746107 0.498195 0.744753 0.496390 0.744753 0.495487 0.743399 0.493682 0.743399 0.492780 0.742722 0.491877 0.742722 0.490975 0.742045 0.490072 0.742045 0.488267 0.741368 0.487365 0.741368 0.475632 0.740691 0.474729 0.740691 0.468412 0.742045 0.466606 0.742045 0.465704 0.744753 0.462094 0.745430 0.462094 0.746107 0.461191 0.746784 0.461191 0.747461 0.460289 0.748815 0.460289 0.749492 0.459386 0.750846 0.459386 0.751523 0.458484 0.751523 0.457581 0.752200 0.456679 0.752200 0.452166 0.751523 0.451264 0.751523 0.448556 0.750846 0.447653 0.750846 0.438628 0.750169 0.437726 0.750169 0.433213 0.749492 0.432310 0.749492 0.429603 0.748815 0.428700 0.748815 0.427798 0.748138 0.426895 0.748138 0.425090 0.747461 0.424188 0.747461 0.423285 0.746784 0.422383 0.746784 0.421480 0.746107 0.420578 0.746107 0.419675 0.745430 0.418773 0.745430 0.417870 0.742722 0.414260 0.742045 0.414260 0.740691 0.412455 0.740014 0.412455 0.738659 0.410650 0.737982 0.410650 0.737305 0.409747 0.735951 0.409747 0.735274 0.408845 0.734597 0.408845 0.733920 0.407942 0.732566 0.407942 0.731889 0.407040 0.729858 0.407040 0.729181 0.406137 0.727827 0.406137 0.727150 0.405235 0.725118 0.405235 0.724441 0.404332 0.722410 0.404332 0.721733 0.403430 0.718348 0.403430 0.717671 0.402527
0 0.678402 0.393502 0.678402 0.394404 0.679079 0.394404 0.679756 0.393502
0 0.691943 0.386282 0.691943 0.389892 0.692620 0.390794 0.693297 0.389892 0.693974 0.389892 0.693297 0.389892 0.692620 0.388989 0.692620 0.387184
0 0.677725 0.343863 0.677048 0.344765 0.676371 0.344765 0.676371 0.346570 0.677725 0.348375 0.677048 0.349278 0.677048 0.350181 0.676371 0.351083 0.676371 0.351986 0.675694 0.352888 0.675694 0.355596 0.675017 0.356498 0.675017 0.359206 0.675694 0.360108 0.676371 0.360108 0.677048 0.361011 0.677725 0.361011 0.678402 0.361913 0.679079 0.361011 0.679079 0.351083 0.678402 0.350181 0.678402 0.343863
0 0.664861 0.333935 0.662153 0.337545 0.660799 0.337545 0.660122 0.338448 0.660122 0.349278 0.660799 0.350181 0.660799 0.352888 0.661476 0.353791 0.661476 0.354693 0.662830 0.354693 0.664184 0.356498 0.664184 0.359206 0.664861 0.359206 0.665538 0.360108 0.666215 0.360108 0.666892 0.361011 0.666892 0.361913 0.667569 0.362816 0.669601 0.362816 0.671632 0.365523 0.672986 0.365523 0.675017 0.368231 0.675017 0.378159 0.675017 0.376354 0.675694 0.375451 0.675694 0.374549 0.676371 0.373646 0.677725 0.373646 0.678402 0.372744 0.679756 0.372744 0.681110 0.370939 0.681787 0.370939 0.682464 0.370036 0.682464 0.369134 0.681787 0.368231 0.681787 0.366426 0.675694 0.366426 0.675017 0.365523 0.674340 0.365523 0.672309 0.362816 0.672309 0.361913 0.671632 0.361913 0.668246 0.357401 0.667569 0.357401 0.664184 0.352888 0.664184 0.351083 0.663507 0.350181 0.663507 0.343863 0.662830 0.342960 0.662830 0.340253 0.663507 0.339350 0.663507 0.338448 0.664861 0.336643 0.665538 0.336643 0.666215 0.335740 0.666215 0.333935
0 0.666892 0.331227 0.666892 0.332130 0.668246 0.332130 0.668923 0.331227
0 0.475288 0.412455 0.474611 0.413357 0.473934 0.413357 0.473934 0.414260 0.471903 0.416968 0.471903 0.417870 0.471225 0.418773 0.471225 0.425090 0.471903 0.425993 0.471903 0.427798 0.472580 0.428700 0.472580 0.435018 0.471903 0.435921 0.471903 0.438628 0.471225 0.439531 0.471225 0.460289 0.469194 0.462996 0.469194 0.464801 0.469871 0.465704 0.469871 0.466606 0.471225 0.468412 0.471225 0.469314 0.471903 0.470217 0.471903 0.471119 0.472580 0.472022 0.472580 0.476534 0.471903 0.477437 0.471903 0.501805 0.471225 0.502708 0.471225 0.509928 0.471903 0.510830 0.471903 0.526173 0.472580 0.527076 0.472580 0.527978 0.473257 0.528881 0.473934 0.528881 0.474611 0.529783 0.475965 0.529783 0.480027 0.535199 0.480704 0.535199 0.482058 0.533394 0.482735 0.533394 0.483412 0.532491 0.483412 0.531588 0.484089 0.530686 0.484089 0.527076 0.484766 0.526173 0.484766 0.521661 0.485443 0.520758 0.485443 0.513538 0.486121 0.512635 0.486121 0.494585 0.486798 0.493682 0.486798 0.485560 0.487475 0.484657 0.487475 0.482852 0.488152 0.481949 0.488152 0.480144 0.488829 0.479242 0.488829 0.462094 0.488152 0.461191 0.488152 0.458484 0.487475 0.457581 0.487475 0.456679 0.486798 0.455776 0.486798 0.454874 0.486121 0.453971 0.486121 0.451264 0.485443 0.450361 0.485443 0.444043 0.484766 0.443141 0.484766 0.440433 0.484089 0.439531 0.484089 0.437726 0.483412 0.436823 0.483412 0.434116 0.482735 0.433213 0.482735 0.416065 0.482058 0.415162 0.482058 0.414260 0.481381 0.413357 0.479350 0.413357 0.478673 0.412455
0 0.351388 0.495487 0.350711 0.496390 0.350034 0.496390 0.349357 0.497292 0.348680 0.497292 0.348680 0.498195 0.348003 0.499097 0.348003 0.509928 0.347326 0.510830 0.347326 0.518051 0.346649 0.518953 0.346649 0.524368 0.345972 0.525271 0.345972 0.535199 0.346649 0.536101 0.346649 0.541516 0.347326 0.542419 0.347326 0.553249 0.346649 0.554152 0.346649 0.555957 0.345972 0.556859 0.345972 0.557762 0.344617 0.559567 0.343940 0.559567 0.343263 0.560469 0.343263 0.561372 0.341909 0.563177 0.341909 0.565884 0.343263 0.567690 0.352742 0.567690 0.353419 0.566787 0.356804 0.566787 0.358158 0.564982 0.358158 0.559567 0.357481 0.558664 0.357481 0.555054 0.358158 0.554152 0.358158 0.546931 0.360190 0.544224 0.360867 0.544224 0.361544 0.543321 0.366283 0.543321 0.366960 0.544224 0.368314 0.544224 0.368991 0.545126 0.370345 0.545126 0.371699 0.546931 0.372376 0.546931 0.373053 0.547834 0.373731 0.547834 0.377793 0.553249 0.377793 0.555054 0.377116 0.555957 0.377116 0.556859 0.377793 0.557762 0.377793 0.560469 0.379147 0.562274 0.381178 0.562274 0.381855 0.563177 0.383209 0.563177 0.384563 0.561372 0.385240 0.561372 0.386594 0.559567 0.386594 0.558664 0.387271 0.557762 0.387271 0.555957 0.387949 0.555054 0.387949 0.554152 0.388626 0.553249 0.388626 0.544224 0.387949 0.543321 0.387949 0.542419 0.387271 0.541516 0.386594 0.541516 0.385917 0.540614 0.384563 0.540614 0.383886 0.539711 0.383209 0.539711 0.382532 0.538809 0.381855 0.538809 0.379824 0.536101 0.379147 0.536101 0.378470 0.535199 0.377793 0.535199 0.375762 0.532491 0.375085 0.532491 0.374408 0.531588 0.373731 0.531588 0.369668 0.526173 0.369668 0.509025 0.370345 0.508123 0.370345 0.506318 0.371022 0.505415 0.371022 0.503610 0.369668 0.501805 0.368991 0.501805 0.368314 0.500903 0.367637 0.500903 0.366960 0.500000 0.366283 0.500000 0.364252 0.497292 0.363575 0.497292 0.362898 0.496390 0.360190 0.496390 0.359513 0.495487
0 0.352742 0.417870 0.352065 0.418773 0.350711 0.418773 0.350034 0.419675 0.348680 0.419675 0.347326 0.421480 0.347326 0.422383 0.346649 0.423285 0.346649 0.425090 0.345972 0.425993 0.345972 0.431408 0.346649 0.432310 0.346649 0.435921 0.347326 0.436823 0.347326 0.438628 0.348003 0.439531 0.348003 0.440433 0.348680 0.441336 0.348680 0.442238 0.349357 0.443141 0.349357 0.444946 0.350034 0.445848 0.350034 0.450361 0.349357 0.451264 0.349357 0.457581 0.348680 0.458484 0.348680 0.460289 0.349357 0.461191 0.349357 0.469314 0.350034 0.470217 0.350034 0.471119 0.351388 0.472924 0.352065 0.472924 0.352742 0.473827 0.354096 0.473827 0.354773 0.474729 0.358158 0.474729 0.358835 0.473827 0.360867 0.473827 0.361544 0.474729 0.366283 0.474729 0.366960 0.475632 0.368991 0.475632 0.369668 0.476534 0.370345 0.476534 0.371022 0.477437 0.371699 0.477437 0.372376 0.478339 0.374408 0.478339 0.375085 0.477437 0.375762 0.477437 0.376439 0.476534 0.376439 0.469314 0.375762 0.468412 0.375762 0.463899 0.375085 0.462996 0.375085 0.460289 0.374408 0.459386 0.374408 0.457581 0.373731 0.456679 0.373731 0.454874 0.373053 0.453971 0.373053 0.452166 0.371699 0.450361 0.371699 0.449458 0.370345 0.447653 0.370345 0.446751 0.369668 0.445848 0.368991 0.445848 0.368314 0.444946 0.367637 0.444946 0.366960 0.444043 0.365606 0.444043 0.364929 0.443141 0.364252 0.443141 0.362898 0.441336 0.362898 0.439531 0.362221 0.438628 0.362221 0.435018 0.362898 0.434116 0.362898 0.426895 0.362221 0.425993 0.362221 0.424188 0.361544 0.423285 0.361544 0.422383 0.359513 0.419675 0.358835 0.419675 0.358158 0.418773 0.357481 0.418773 0.356804 0.417870
0 0.146919 0.281588 0.146242 0.282491 0.145565 0.282491 0.144888 0.283394 0.144211 0.283394 0.143534 0.284296 0.142180 0.284296 0.141503 0.285199 0.138795 0.285199 0.138118 0.286101 0.133378 0.286101 0.132701 0.287004 0.132024 0.287004 0.131347 0.287906 0.130670 0.287906 0.129316 0.289711 0.129316 0.290614 0.128639 0.291516 0.128639 0.292419 0.127962 0.293321 0.127962 0.295126 0.127285 0.296029 0.127285 0.297834 0.125931 0.299639 0.122546 0.299639 0.121869 0.298736 0.121192 0.298736 0.119160 0.296029 0.117806 0.296029 0.117129 0.295126 0.115098 0.295126 0.114421 0.294224 0.113067 0.294224 0.112390 0.293321 0.109005 0.293321 0.109005 0.296931 0.109682 0.296931 0.114421 0.303249 0.114421 0.304152 0.116452 0.306859 0.117129 0.306859 0.118483 0.308664 0.119160 0.308664 0.121192 0.311372 0.121869 0.311372 0.123900 0.314079 0.124577 0.314079 0.125254 0.314982 0.125931 0.314982 0.127285 0.316787 0.127962 0.316787 0.128639 0.317690 0.129316 0.317690 0.129993 0.318592 0.130670 0.318592 0.131347 0.319495 0.132024 0.319495 0.133378 0.321300 0.134733 0.321300 0.135410 0.322202 0.136087 0.322202 0.136764 0.323105 0.137441 0.323105 0.138118 0.324007 0.138795 0.324007 0.139472 0.324910 0.140826 0.324910 0.141503 0.325812 0.142180 0.325812 0.142857 0.326715 0.143534 0.326715 0.144211 0.327617 0.144888 0.327617 0.145565 0.328520 0.146242 0.328520 0.146919 0.329422 0.148274 0.329422 0.148951 0.330325 0.149628 0.330325 0.150305 0.331227 0.150982 0.331227 0.151659 0.332130 0.152336 0.332130 0.153013 0.333032 0.154367 0.333032 0.155044 0.333935 0.155721 0.333935 0.156398 0.334838 0.157075 0.334838 0.157752 0.335740 0.159106 0.335740 0.159783 0.336643 0.161814 0.336643 0.162492 0.337545 0.165877 0.337545 0.166554 0.338448 0.176032 0.338448 0.176710 0.339350 0.178064 0.339350 0.179418 0.341155 0.179418 0.342058 0.186865 0.351986 0.186865 0.352888 0.188219 0.354693 0.188219 0.355596 0.190251 0.358303 0.190251 0.359206 0.193636 0.363718 0.194313 0.363718 0.194990 0.364621 0.195667 0.364621 0.197021 0.366426 0.197021 0.367329 0.197698 0.367329 0.201760 0.372744 0.201760 0.373646 0.202437 0.374549 0.202437 0.375451 0.203791 0.377256 0.203791 0.378159 0.204469 0.379061 0.204469 0.380866 0.203114 0.382671 0.200406 0.382671 0.199729 0.383574 0.198375 0.383574 0.197698 0.384477 0.196344 0.384477 0.195667 0.385379 0.194313 0.385379 0.193636 0.386282 0.191605 0.386282 0.190928 0.387184 0.189573 0.387184 0.188896 0.388087 0.187542 0.388087 0.186865 0.388989 0.185511 0.388989 0.184834 0.389892 0.184157 0.389892 0.182803 0.391697 0.182126 0.391697 0.181449 0.392599 0.180772 0.392599 0.178741 0.395307 0.178064 0.395307 0.174678 0.399819 0.174678 0.400722 0.174001 0.401625 0.174001 0.403430 0.173324 0.404332 0.173324 0.407942 0.172647 0.408845 0.172647 0.411552 0.171970 0.412455 0.171970 0.414260 0.171293 0.415162 0.171293 0.423285 0.170616 0.424188 0.170616 0.428700 0.171293 0.429603 0.171293 0.435018 0.170616 0.435921 0.170616 0.436823 0.169939 0.437726 0.169939 0.441336 0.170616 0.442238 0.172647 0.442238 0.173324 0.443141 0.178741 0.443141 0.179418 0.444043 0.180095 0.444043 0.182803 0.447653 0.182803 0.448556 0.184157 0.450361 0.184157 0.451264 0.184834 0.452166 0.184834 0.462094 0.185511 0.462996 0.185511 0.464801 0.186188 0.465704 0.186188 0.466606 0.188896 0.470217 0.189573 0.470217 0.191605 0.472924 0.192282 0.472924 0.197698 0.480144 0.197698 0.483755 0.198375 0.484657 0.198375 0.490975 0.196344 0.493682 0.195667 0.493682 0.194990 0.494585 0.194313 0.494585 0.193636 0.495487 0.192959 0.495487 0.192282 0.496390 0.191605 0.496390 0.190928 0.497292 0.189573 0.497292 0.188896 0.498195 0.188219 0.498195 0.188219 0.499097 0.186865 0.500903 0.186865 0.501805 0.187542 0.502708 0.187542 0.504513 0.188219 0.505415 0.188219 0.507220 0.188896 0.508123 0.188219 0.509025 0.188219 0.510830 0.187542 0.511733 0.187542 0.512635 0.186865 0.513538 0.186865 0.514440 0.185511 0.516245 0.185511 0.517148 0.184834 0.518051 0.184834 0.519856 0.183480 0.521661 0.183480 0.522563 0.182803 0.523466 0.182803 0.524368 0.182126 0.525271 0.182126 0.526173 0.181449 0.527076 0.181449 0.528881 0.180772 0.529783 0.180772 0.532491 0.180095 0.533394 0.180095 0.539711 0.180772 0.540614 0.180772 0.541516 0.181449 0.542419 0.181449 0.543321 0.182126 0.544224 0.182126 0.545126 0.184834 0.548736 0.184834 0.549639 0.187542 0.553249 0.187542 0.554152 0.188219 0.555054 0.188219 0.555957 0.188896 0.556859 0.188896 0.559567 0.189573 0.560469 0.189573 0.564982 0.190251 0.565884 0.190251 0.573105 0.190928 0.574007 0.190928 0.578520 0.191605 0.579422 0.191605 0.582130 0.192282 0.583032 0.192282 0.584838 0.192959 0.585740 0.192959 0.586643 0.193636 0.587545 0.193636 0.588448 0.194313 0.589350 0.194313 0.590253 0.194990 0.591155 0.194990 0.592058 0.195667 0.592960 0.195667 0.594765 0.196344 0.595668 0.196344 0.597473 0.197021 0.598375 0.197021 0.601083 0.197698 0.601986 0.197698 0.602888 0.198375 0.603791 0.198375 0.605596 0.199052 0.606498 0.199052 0.608303 0.199729 0.609206 0.199729 0.610108 0.200406 0.611011 0.200406 0.611913 0.201083 0.612816 0.201083 0.614621 0.201760 0.615523 0.201760 0.616426 0.202437 0.617329 0.202437 0.618231 0.203114 0.619134 0.203114 0.620036 0.204469 0.621841 0.204469 0.622744 0.205823 0.624549 0.205823 0.626354 0.207177 0.628159 0.207177 0.629061 0.207854 0.629964 0.207854 0.630866 0.209208 0.632671 0.209208 0.634477 0.209885 0.635379 0.209885 0.636282 0.210562 0.637184 0.210562 0.638087 0.211239 0.638989 0.211239 0.648014 0.210562 0.648917 0.210562 0.650722 0.209208 0.652527 0.209208 0.653430 0.208531 0.654332 0.208531 0.655235 0.207854 0.656137 0.207854 0.657040 0.207177 0.657942 0.207177 0.658845 0.205823 0.660650 0.205823 0.661552 0.204469 0.663357 0.204469 0.664260 0.203791 0.665162 0.203791 0.666065 0.202437 0.667870 0.202437 0.668773 0.201760 0.669675 0.201760 0.670578 0.201083 0.671480 0.201083 0.673285 0.199729 0.675090 0.199729 0.675993 0.199052 0.676895 0.199052 0.678700 0.198375 0.679603 0.198375 0.680505 0.197698 0.681408 0.197698 0.683213 0.197021 0.684116 0.197021 0.686823 0.196344 0.687726 0.196344 0.710289 0.195667 0.711191 0.195667 0.718412 0.196344 0.719314 0.196344 0.726534 0.197021 0.727437 0.197021 0.729242 0.197698 0.730144 0.197698 0.737365 0.198375 0.738267 0.198375 0.742780 0.199052 0.743682 0.199052 0.746390 0.199729 0.747292 0.199729 0.748195 0.200406 0.749097 0.200406 0.750000 0.201083 0.750903 0.201083 0.751805 0.201760 0.752708 0.201760 0.753610 0.202437 0.754513 0.202437 0.755415 0.203114 0.756318 0.203114 0.757220 0.203791 0.758123 0.203791 0.759025 0.204469 0.759928 0.204469 0.760830 0.205146 0.761733 0.205146 0.762635 0.205823 0.763538 0.205823 0.764440 0.206500 0.765343 0.206500 0.766245 0.207177 0.767148 0.207177 0.768051 0.207854 0.768953 0.207854 0.769856 0.208531 0.770758 0.208531 0.771661 0.209208 0.772563 0.209208 0.774368 0.209885 0.775271 0.209885 0.777978 0.210562 0.778881 0.210562 0.782491 0.211239 0.783394 0.211239 0.785199 0.211916 0.786101 0.211916 0.787906 0.212593 0.788809 0.212593 0.791516 0.213270 0.792419 0.213270 0.794224 0.212593 0.795126 0.212593 0.797834 0.211916 0.798736 0.211916 0.800542 0.211239 0.801444 0.211239 0.803249 0.210562 0.804152 0.210562 0.805054 0.209885 0.805957 0.209885 0.806859 0.209208 0.807762 0.209208 0.810469 0.208531 0.811372 0.208531 0.814079 0.207854 0.814982 0.207854 0.815884 0.207177 0.816787 0.207177 0.818592 0.206500 0.819495 0.206500 0.825812 0.205823 0.826715 0.205823 0.838448 0.205146 0.839350 0.205146 0.846570 0.204469 0.847473 0.204469 0.853791 0.203791 0.854693 0.203791 0.858303 0.203114 0.859206 0.203114 0.865523 0.202437 0.866426 0.202437 0.871841 0.201760 0.872744 0.201760 0.883574 0.201083 0.884477 0.201083 0.900722 0.200406 0.901625 0.200406 0.912455 0.199729 0.913357 0.199729 0.921480 0.200406 0.922383 0.200406 0.925090 0.201083 0.925993 0.201083 0.927798 0.201760 0.928700 0.201760 0.931408 0.202437 0.932310 0.202437 0.936823 0.203114 0.937726 0.203114 0.938628 0.202437 0.939531 0.202437 0.944946 0.201760 0.945848 0.201760 0.950361 0.202437 0.951264 0.202437 0.953069 0.203114 0.953971 0.205146 0.953971 0.205823 0.954874 0.206500 0.954874 0.207177 0.953971 0.208531 0.953971 0.209208 0.953069 0.209885 0.953069 0.210562 0.952166 0.211239 0.952166 0.212593 0.950361 0.213947 0.950361 0.215301 0.952166 0.215301 0.954874 0.215978 0.955776 0.215978 0.956679 0.215301 0.957581 0.215301 0.964801 0.214624 0.965704 0.214624 0.969314 0.213947 0.970217 0.213947 0.980144 0.213270 0.981047 0.213270 0.985560 0.212593 0.986462 0.212593 0.994585 0.213270 0.995487 0.213270 0.996390 0.213947 0.997292 0.214624 0.997292 0.215301 0.998195 0.215301 0.999097 0.230873 0.999097 0.230873 0.998195 0.231550 0.997292 0.233582 0.997292 0.234259 0.996390 0.238998 0.996390 0.239675 0.997292 0.246445 0.997292 0.247123 0.998195 0.247123 0.999097 0.257955 0.999097 0.257955 0.998195 0.258632 0.997292 0.259986 0.997292 0.260664 0.996390 0.262695 0.996390 0.263372 0.995487 0.264726 0.995487 0.265403 0.994585 0.266080 0.994585 0.266080 0.991877 0.266757 0.990975 0.266757 0.990072 0.267434 0.989170 0.267434 0.984657 0.266757 0.983755 0.266757 0.976534 0.267434 0.975632 0.267434 0.972022 0.268111 0.971119 0.268111 0.970217 0.268788 0.969314 0.268788 0.968412 0.269465 0.967509 0.269465 0.966606 0.270142 0.965704 0.270142 0.963899 0.270819 0.962996 0.270819 0.956679 0.271496 0.955776 0.270819 0.954874 0.270819 0.936823 0.271496 0.935921 0.271496 0.928700 0.272173 0.927798 0.272173 0.924188 0.272850 0.923285 0.272850 0.919675 0.273527 0.918773 0.273527 0.916968 0.274204 0.916065 0.274204 0.914260 0.274882 0.913357 0.274882 0.911552 0.275559 0.910650 0.275559 0.906137 0.276236 0.905235 0.276236 0.903430 0.276913 0.902527 0.276913 0.900722 0.277590 0.899819 0.277590 0.898917 0.278267 0.898014 0.278267 0.897112 0.279621 0.895307 0.279621 0.894404 0.280298 0.893502 0.280298 0.892599 0.280975 0.891697 0.280975 0.890794 0.281652 0.889892 0.281652 0.888989 0.282329 0.888087 0.282329 0.886282 0.283006 0.885379 0.283006 0.884477 0.283683 0.883574 0.283683 0.881769 0.284360 0.880866 0.284360 0.878159 0.285037 0.877256 0.285037 0.875451 0.285714 0.874549 0.285714 0.872744 0.286391 0.871841 0.286391 0.868231 0.287068 0.867329 0.287068 0.862816 0.287745 0.861913 0.287745 0.857401 0.288422 0.856498 0.288422 0.850181 0.289100 0.849278 0.289100 0.846570 0.289777 0.845668 0.289777 0.837545 0.290454 0.836643 0.290454 0.826715 0.291131 0.825812 0.291131 0.820397 0.290454 0.819495 0.290454 0.810469 0.289777 0.809567 0.289777 0.795126 0.289100 0.794224 0.289100 0.775271 0.288422 0.774368 0.288422 0.758123 0.287745 0.757220 0.287745 0.704874 0.288422 0.703971 0.288422 0.703069 0.289777 0.701264 0.290454 0.701264 0.290454 0.700361 0.291808 0.698556 0.291808 0.687726 0.291131 0.686823 0.291131 0.684116 0.290454 0.683213 0.290454 0.679603 0.289777 0.678700 0.289777 0.675090 0.289100 0.674188 0.289100 0.670578 0.288422 0.669675 0.288422 0.664260 0.287745 0.663357 0.287745 0.654332 0.287068 0.653430 0.287068 0.639892 0.286391 0.638989 0.286391 0.637184 0.285714 0.636282 0.285714 0.634477 0.285037 0.633574 0.285037 0.631769 0.284360 0.630866 0.284360 0.628159 0.283683 0.627256 0.283683 0.625451 0.283006 0.624549 0.283006 0.620939 0.282329 0.620036 0.282329 0.618231 0.281652 0.617329 0.281652 0.613718 0.280975 0.612816 0.280975 0.609206 0.280298 0.608303 0.280298 0.605596 0.279621 0.604693 0.279621 0.599278 0.278944 0.598375 0.278944 0.593863 0.278267 0.592960 0.278267 0.588448 0.277590 0.587545 0.277590 0.583935 0.276913 0.583032 0.276913 0.577617 0.276236 0.576715 0.276236 0.573105 0.275559 0.572202 0.275559 0.570397 0.274882 0.569495 0.274882 0.567690 0.274204 0.566787 0.274204 0.563177 0.273527 0.562274 0.273527 0.558664 0.272850 0.557762 0.272850 0.555054 0.272173 0.554152 0.272173 0.550542 0.271496 0.549639 0.271496 0.541516 0.270819 0.540614 0.270819 0.539711 0.271496 0.538809 0.271496 0.537004 0.272173 0.536101 0.272173 0.535199 0.272850 0.534296 0.272850 0.533394 0.273527 0.532491 0.274204 0.532491 0.274882 0.531588 0.276236 0.531588 0.276913 0.530686 0.279621 0.530686 0.280298 0.529783 0.280975 0.529783 0.281652 0.528881 0.282329 0.528881 0.283683 0.527076 0.284360 0.527076 0.285037 0.526173 0.286391 0.526173 0.287068 0.525271 0.288422 0.525271 0.289100 0.524368 0.289777 0.524368 0.290454 0.523466 0.292485 0.523466 0.293162 0.522563 0.295193 0.522563 0.295870 0.521661 0.297901 0.521661 0.298578 0.520758 0.299255 0.520758 0.299932 0.519856 0.300609 0.519856 0.302640 0.517148 0.303318 0.517148 0.303995 0.516245 0.305349 0.516245 0.306026 0.515343 0.308734 0.515343 0.309411 0.514440 0.310765 0.514440 0.311442 0.513538 0.312119 0.513538 0.312796 0.512635 0.314827 0.512635 0.315504 0.511733 0.317536 0.511733 0.318890 0.509928 0.320244 0.509928 0.320921 0.509025 0.322275 0.509025 0.322952 0.508123 0.324983 0.508123 0.325660 0.507220 0.326337 0.507220 0.327014 0.506318 0.327691 0.506318 0.328368 0.505415 0.329045 0.505415 0.329722 0.504513 0.329722 0.503610 0.330399 0.502708 0.331077 0.502708 0.331754 0.501805 0.332431 0.501805 0.333108 0.500903 0.334462 0.500903 0.335139 0.500000 0.335816 0.500000 0.336493 0.499097 0.337170 0.499097 0.337847 0.498195 0.338524 0.498195 0.338524 0.497292 0.339878 0.495487 0.340555 0.495487 0.341909 0.493682 0.342586 0.493682 0.343940 0.491877 0.344617 0.491877 0.345295 0.490975 0.350034 0.490975 0.350711 0.491877 0.352742 0.491877 0.353419 0.490975 0.359513 0.490975 0.360190 0.491877 0.360867 0.491877 0.361544 0.492780 0.362898 0.492780 0.363575 0.493682 0.364252 0.493682 0.364929 0.494585 0.365606 0.494585 0.366283 0.495487 0.368314 0.495487 0.368991 0.496390 0.371022 0.496390 0.371699 0.497292 0.376439 0.497292 0.376439 0.495487 0.377116 0.494585 0.377116 0.484657 0.376439 0.483755 0.376439 0.482852 0.375085 0.482852 0.374408 0.481949 0.373731 0.481949 0.373053 0.481047 0.371699 0.481047 0.371022 0.480144 0.368991 0.480144 0.368314 0.479242 0.366960 0.479242 0.366283 0.478339 0.360867 0.478339 0.360190 0.479242 0.354773 0.479242 0.354096 0.478339 0.352742 0.478339 0.352065 0.477437 0.351388 0.477437 0.350711 0.476534 0.350034 0.476534 0.349357 0.475632 0.348003 0.475632 0.347326 0.474729 0.343263 0.474729 0.342586 0.475632 0.341232 0.475632 0.340555 0.476534 0.339201 0.476534 0.338524 0.477437 0.337170 0.477437 0.336493 0.478339 0.333785 0.478339 0.333108 0.479242 0.323629 0.479242 0.322952 0.480144 0.321598 0.480144 0.320921 0.481047 0.319567 0.481047 0.318890 0.481949 0.314827 0.481949 0.314150 0.482852 0.313473 0.482852 0.312796 0.481949 0.303995 0.481949 0.303318 0.482852 0.295870 0.482852 0.295193 0.483755 0.293839 0.483755 0.293162 0.484657 0.290454 0.484657 0.289777 0.485560 0.288422 0.485560 0.287745 0.486462 0.287068 0.486462 0.286391 0.487365 0.280298 0.487365 0.279621 0.488267 0.276236 0.488267 0.275559 0.489170 0.265403 0.489170 0.264726 0.488267 0.263372 0.488267 0.261341 0.485560 0.261341 0.483755 0.260664 0.482852 0.260664 0.477437 0.261341 0.476534 0.261341 0.475632 0.262018 0.474729 0.262018 0.473827 0.262695 0.472924 0.262695 0.471119 0.263372 0.470217 0.263372 0.465704 0.262695 0.464801 0.262695 0.420578 0.262018 0.419675 0.262018 0.415162 0.261341 0.414260 0.261341 0.413357 0.260664 0.412455 0.260664 0.410650 0.259986 0.409747 0.259986 0.407942 0.259309 0.407040 0.259309 0.406137 0.257278 0.403430 0.257278 0.402527 0.253893 0.398014 0.253893 0.397112 0.253216 0.396209 0.253216 0.395307 0.251862 0.393502 0.251862 0.392599 0.248477 0.388087 0.248477 0.387184 0.245768 0.383574 0.245768 0.382671 0.244414 0.380866 0.244414 0.379964 0.242383 0.377256 0.242383 0.376354 0.241706 0.375451 0.241029 0.375451 0.239675 0.373646 0.239675 0.372744 0.237644 0.370036 0.237644 0.369134 0.233582 0.363718 0.232905 0.363718 0.232227 0.362816 0.232227 0.361913 0.229519 0.358303 0.228842 0.358303 0.222749 0.350181 0.222072 0.350181 0.210562 0.334838 0.209885 0.334838 0.208531 0.333032 0.207854 0.333032 0.205823 0.330325 0.205146 0.330325 0.204469 0.329422 0.203791 0.329422 0.202437 0.327617 0.201760 0.327617 0.201083 0.326715 0.200406 0.326715 0.199052 0.324910 0.198375 0.324910 0.194313 0.319495 0.194313 0.318592 0.193636 0.317690 0.193636 0.316787 0.192282 0.314982 0.191605 0.314982 0.189573 0.312274 0.188896 0.312274 0.186865 0.309567 0.186188 0.309567 0.183480 0.305957 0.182803 0.305957 0.180772 0.303249 0.180095 0.303249 0.179418 0.302347 0.178064 0.302347 0.177387 0.301444 0.176032 0.301444 0.175355 0.300542 0.174678 0.300542 0.174001 0.299639 0.173324 0.299639 0.172647 0.298736 0.171970 0.298736 0.169939 0.296029 0.169262 0.296029 0.168585 0.295126 0.167908 0.295126 0.167231 0.294224 0.166554 0.294224 0.165877 0.293321 0.165200 0.293321 0.163846 0.291516 0.163169 0.291516 0.161814 0.289711 0.161137 0.289711 0.160460 0.288809 0.159783 0.288809 0.158429 0.287004 0.157752 0.287004 0.154367 0.282491 0.153013 0.282491 0.152336 0.281588
0 0.306703 0.523466 0.306026 0.524368 0.300609 0.524368 0.299932 0.525271 0.299255 0.524368 0.293162 0.524368 0.292485 0.525271 0.291131 0.525271 0.290454 0.526173 0.289777 0.526173 0.289100 0.527076 0.287745 0.527076 0.287068 0.527978 0.285714 0.527978 0.285037 0.528881 0.283683 0.528881 0.282329 0.530686 0.280298 0.530686 0.279621 0.531588 0.277590 0.531588 0.276913 0.532491 0.275559 0.532491 0.273527 0.535199 0.273527 0.536101 0.272850 0.537004 0.272850 0.538809 0.272173 0.539711 0.272173 0.542419 0.272850 0.543321 0.272850 0.549639 0.273527 0.550542 0.273527 0.553249 0.274204 0.554152 0.274204 0.556859 0.274882 0.557762 0.274882 0.562274 0.275559 0.563177 0.275559 0.565884 0.276236 0.566787 0.276236 0.567690 0.276913 0.568592 0.276913 0.571300 0.277590 0.572202 0.277590 0.574910 0.278267 0.575812 0.278267 0.581227 0.278944 0.582130 0.278944 0.588448 0.279621 0.589350 0.279621 0.591155 0.280298 0.592058 0.280298 0.597473 0.280975 0.598375 0.280975 0.602888 0.281652 0.603791 0.281652 0.606498 0.282329 0.607401 0.282329 0.611011 0.283006 0.611913 0.283006 0.613718 0.283683 0.614621 0.283683 0.617329 0.284360 0.618231 0.284360 0.622744 0.285037 0.623646 0.285037 0.628159 0.285714 0.629061 0.285714 0.631769 0.286391 0.632671 0.286391 0.633574 0.289100 0.629964 0.289100 0.627256 0.289777 0.626354 0.289777 0.610108 0.290454 0.609206 0.290454 0.592960 0.289777 0.592058 0.289777 0.575812 0.290454 0.574910 0.290454 0.541516 0.291131 0.540614 0.291131 0.539711 0.292485 0.537906 0.298578 0.537906 0.299932 0.539711 0.301286 0.539711 0.301963 0.540614 0.303995 0.540614 0.304672 0.541516 0.307380 0.541516 0.308057 0.542419 0.310765 0.542419 0.311442 0.543321 0.312119 0.543321 0.313473 0.545126 0.313473 0.549639 0.312796 0.550542 0.312796 0.551444 0.311442 0.553249 0.310765 0.553249 0.308057 0.556859 0.307380 0.556859 0.308057 0.557762 0.308057 0.558664 0.308734 0.559567 0.308734 0.560469 0.309411 0.560469 0.310088 0.561372 0.310088 0.562274 0.310765 0.563177 0.311442 0.563177 0.312119 0.564079 0.312796 0.564079 0.313473 0.564982 0.314827 0.564982 0.315504 0.564079 0.316858 0.564079 0.317536 0.563177 0.318213 0.563177 0.318890 0.562274 0.319567 0.562274 0.320244 0.561372 0.320921 0.561372 0.320921 0.559567 0.322275 0.557762 0.322275 0.556859 0.322952 0.555957 0.322952 0.555054 0.324306 0.553249 0.324306 0.547834 0.323629 0.546931 0.323629 0.546029 0.322275 0.544224 0.322275 0.543321 0.321598 0.542419 0.321598 0.535199 0.320921 0.534296 0.320921 0.532491 0.319567 0.530686 0.319567 0.529783 0.318213 0.527978 0.317536 0.527978 0.316858 0.527076 0.316181 0.527076 0.314827 0.525271 0.314150 0.525271 0.313473 0.524368 0.310765 0.524368 0.310088 0.523466
0 0.305349 0.452166 0.304672 0.453069 0.306703 0.455776 0.306703 0.452166
0 0.299932 0.451264 0.298578 0.453069 0.298578 0.458484 0.299255 0.459386 0.299255 0.460289 0.300609 0.460289 0.300609 0.458484 0.301286 0.457581 0.301286 0.455776 0.301963 0.454874 0.301963 0.452166 0.301286 0.452166 0.300609 0.451264
0 0.265403 0.430505 0.264726 0.431408 0.264726 0.432310 0.264049 0.433213 0.264049 0.459386 0.264726 0.460289 0.264726 0.472924 0.264049 0.473827 0.264049 0.474729 0.263372 0.475632 0.263372 0.476534 0.262695 0.477437 0.262695 0.479242 0.262018 0.480144 0.262018 0.482852 0.262695 0.483755 0.262695 0.484657 0.264726 0.487365 0.277590 0.487365 0.278267 0.486462 0.279621 0.486462 0.280298 0.485560 0.283006 0.485560 0.283683 0.484657 0.286391 0.484657 0.287068 0.483755 0.287745 0.483755 0.289100 0.481949 0.293162 0.481949 0.293839 0.481047 0.299932 0.481047 0.300609 0.480144 0.302640 0.480144 0.303995 0.478339 0.304672 0.478339 0.305349 0.477437 0.307380 0.477437 0.307380 0.474729 0.306703 0.473827 0.303318 0.473827 0.302640 0.472924 0.303318 0.472022 0.303318 0.470217 0.301963 0.470217 0.299932 0.467509 0.299255 0.468412 0.296547 0.468412 0.295870 0.467509 0.295870 0.465704 0.293839 0.462996 0.293839 0.459386 0.293162 0.458484 0.293162 0.463899 0.291808 0.465704 0.290454 0.465704 0.289777 0.466606 0.282329 0.466606 0.281652 0.465704 0.280298 0.465704 0.278944 0.463899 0.278944 0.462094 0.279621 0.461191 0.279621 0.459386 0.280298 0.458484 0.280298 0.457581 0.280975 0.456679 0.280975 0.453971 0.281652 0.453069 0.281652 0.444946 0.282329 0.444043 0.282329 0.439531 0.283006 0.438628 0.282329 0.437726 0.282329 0.436823 0.280298 0.434116 0.279621 0.434116 0.278944 0.433213 0.278267 0.433213 0.277590 0.432310 0.274882 0.432310 0.274204 0.431408 0.272850 0.431408 0.272173 0.430505
0 0.292485 0.400722 0.289777 0.404332 0.289777 0.405235 0.288422 0.407040 0.288422 0.407942 0.287745 0.408845 0.287068 0.408845 0.286391 0.409747 0.285714 0.409747 0.285037 0.410650 0.283683 0.410650 0.283006 0.411552 0.282329 0.411552 0.281652 0.412455 0.280975 0.412455 0.280298 0.413357 0.279621 0.413357 0.278944 0.414260 0.278944 0.416065 0.278267 0.416968 0.278267 0.421480 0.278944 0.422383 0.278944 0.427798 0.279621 0.428700 0.279621 0.430505 0.280298 0.431408 0.280298 0.432310 0.280975 0.433213 0.280975 0.434116 0.281652 0.435018 0.281652 0.435921 0.283683 0.438628 0.283683 0.444043 0.283006 0.444946 0.283006 0.446751 0.282329 0.447653 0.282329 0.450361 0.281652 0.451264 0.281652 0.453069 0.280975 0.453971 0.280975 0.455776 0.280298 0.456679 0.280298 0.461191 0.279621 0.462094 0.279621 0.463899 0.280298 0.464801 0.280975 0.464801 0.281652 0.465704 0.286391 0.465704 0.287068 0.466606 0.288422 0.466606 0.289100 0.467509 0.290454 0.467509 0.291131 0.468412 0.292485 0.468412 0.293162 0.469314 0.293839 0.469314 0.294516 0.470217 0.294516 0.472022 0.295193 0.472924 0.295193 0.473827 0.295870 0.474729 0.295870 0.479242 0.295193 0.480144 0.293839 0.480144 0.300609 0.480144 0.301286 0.479242 0.302640 0.479242 0.303318 0.478339 0.308057 0.478339 0.308734 0.477437 0.309411 0.477437 0.310088 0.476534 0.310088 0.467509 0.310765 0.466606 0.310765 0.460289 0.310088 0.459386 0.310088 0.452166 0.309411 0.451264 0.309411 0.448556 0.308734 0.447653 0.308734 0.444946 0.308057 0.444043 0.308057 0.438628 0.307380 0.437726 0.307380 0.433213 0.306703 0.432310 0.306703 0.430505 0.306026 0.429603 0.306026 0.428700 0.303318 0.425090 0.303318 0.423285 0.302640 0.422383 0.302640 0.420578 0.301963 0.419675 0.301963 0.417870 0.301286 0.416968 0.301286 0.412455 0.300609 0.411552 0.300609 0.405235 0.301286 0.404332 0.300609 0.403430 0.299932 0.403430 0.298578 0.401625 0.297901 0.401625 0.297224 0.400722
0 0.496953 0.371841 0.496276 0.372744 0.495599 0.372744 0.492891 0.376354 0.492891 0.377256 0.490183 0.380866 0.490183 0.381769 0.489506 0.382671 0.489506 0.383574 0.488829 0.384477 0.488829 0.391697 0.487475 0.393502 0.487475 0.394404 0.486798 0.395307 0.486798 0.397112 0.486121 0.398014 0.486121 0.400722 0.485443 0.401625 0.485443 0.405235 0.484766 0.406137 0.484766 0.412455 0.484089 0.413357 0.484089 0.442238 0.484766 0.443141 0.484766 0.445848 0.485443 0.446751 0.485443 0.450361 0.486121 0.451264 0.486121 0.453971 0.486798 0.454874 0.486798 0.455776 0.487475 0.456679 0.487475 0.458484 0.488829 0.460289 0.488829 0.461191 0.489506 0.462094 0.489506 0.468412 0.490183 0.469314 0.490183 0.472924 0.489506 0.473827 0.489506 0.478339 0.488829 0.479242 0.488829 0.481047 0.487475 0.482852 0.487475 0.504513 0.486798 0.505415 0.486798 0.514440 0.486121 0.515343 0.486121 0.521661 0.485443 0.522563 0.485443 0.532491 0.484766 0.533394 0.484766 0.535199 0.484089 0.536101 0.484089 0.537004 0.483412 0.537906 0.483412 0.540614 0.482735 0.541516 0.482735 0.544224 0.482058 0.545126 0.482058 0.555957 0.482735 0.556859 0.482735 0.571300 0.482058 0.572202 0.482058 0.581227 0.481381 0.582130 0.481381 0.595668 0.480704 0.596570 0.480704 0.602888 0.480027 0.603791 0.480027 0.607401 0.479350 0.608303 0.479350 0.612816 0.478673 0.613718 0.478673 0.617329 0.477996 0.618231 0.477996 0.620939 0.477319 0.621841 0.477319 0.623646 0.476642 0.624549 0.476642 0.629964 0.475965 0.630866 0.475965 0.631769 0.469194 0.640794 0.469194 0.641697 0.467840 0.643502 0.467840 0.647112 0.468517 0.648014 0.474611 0.648014 0.475288 0.647112 0.477319 0.647112 0.477996 0.646209 0.478673 0.646209 0.479350 0.645307 0.480704 0.645307 0.481381 0.644404 0.482735 0.644404 0.483412 0.643502 0.484089 0.643502 0.484766 0.642599 0.485443 0.642599 0.486798 0.640794 0.486798 0.638989 0.487475 0.638087 0.487475 0.636282 0.488152 0.635379 0.488152 0.634477 0.488829 0.633574 0.488829 0.632671 0.490860 0.629964 0.490860 0.629061 0.491537 0.628159 0.491537 0.625451 0.492214 0.624549 0.492214 0.618231 0.492891 0.617329 0.492891 0.611913 0.493568 0.611011 0.493568 0.605596 0.494245 0.604693 0.494245 0.600181 0.494922 0.599278 0.494922 0.596570 0.495599 0.595668 0.495599 0.593863 0.496276 0.592960 0.496276 0.591155 0.496953 0.590253 0.496953 0.589350 0.497630 0.588448 0.497630 0.587545 0.498307 0.586643 0.498307 0.584838 0.498984 0.583935 0.498984 0.583032 0.499661 0.582130 0.499661 0.581227 0.500339 0.580325 0.500339 0.579422 0.501016 0.578520 0.501016 0.577617 0.501693 0.576715 0.501693 0.575812 0.503047 0.574007 0.503047 0.573105 0.505078 0.570397 0.505755 0.571300 0.505755 0.572202 0.506432 0.573105 0.506432 0.574007 0.507109 0.574910 0.507109 0.576715 0.507786 0.577617 0.507786 0.579422 0.508463 0.580325 0.508463 0.581227 0.509140 0.582130 0.509140 0.583032 0.509817 0.583935 0.509817 0.584838 0.510494 0.585740 0.510494 0.587545 0.511171 0.588448 0.511171 0.591155 0.511848 0.592058 0.511848 0.594765 0.512525 0.595668 0.512525 0.596570 0.513202 0.597473 0.513202 0.599278 0.513879 0.600181 0.513879 0.602888 0.514557 0.603791 0.514557 0.618231 0.515234 0.619134 0.515234 0.622744 0.515911 0.623646 0.515911 0.626354 0.516588 0.627256 0.516588 0.629964 0.517265 0.630866 0.517265 0.632671 0.517942 0.633574 0.517942 0.635379 0.518619 0.636282 0.518619 0.638087 0.519296 0.638989 0.519296 0.639892 0.519973 0.640794 0.519973 0.641697 0.520650 0.642599 0.520650 0.648014 0.521327 0.648917 0.521327 0.649819 0.524035 0.653430 0.524712 0.653430 0.526066 0.655235 0.526743 0.655235 0.528775 0.657942 0.529452 0.657942 0.530806 0.659747 0.531483 0.659747 0.532160 0.660650 0.532837 0.660650 0.533514 0.661552 0.535545 0.661552 0.536222 0.662455 0.539607 0.662455 0.540284 0.661552 0.540961 0.661552 0.541638 0.660650 0.542316 0.660650 0.542993 0.659747 0.542993 0.653430 0.542316 0.652527 0.542316 0.651625 0.541638 0.650722 0.541638 0.649819 0.539607 0.647112 0.538930 0.647112 0.533514 0.639892 0.533514 0.638989 0.532837 0.638087 0.532837 0.636282 0.532160 0.635379 0.532160 0.627256 0.531483 0.626354 0.531483 0.620036 0.530806 0.619134 0.530806 0.612816 0.530129 0.611913 0.530129 0.606498 0.529452 0.605596 0.529452 0.597473 0.528775 0.596570 0.528775 0.566787 0.528097 0.565884 0.528097 0.553249 0.527420 0.552347 0.527420 0.547834 0.526743 0.546931 0.526743 0.533394 0.526066 0.532491 0.526066 0.507220 0.525389 0.506318 0.525389 0.491877 0.526066 0.490975 0.526066 0.488267 0.526743 0.487365 0.526743 0.486462 0.527420 0.485560 0.527420 0.484657 0.529452 0.481949 0.529452 0.481047 0.531483 0.478339 0.531483 0.477437 0.532837 0.475632 0.532837 0.474729 0.533514 0.473827 0.533514 0.465704 0.532837 0.464801 0.532837 0.462996 0.528775 0.457581 0.528097 0.457581 0.527420 0.456679 0.526743 0.456679 0.526066 0.455776 0.524712 0.455776 0.524035 0.454874 0.522681 0.454874 0.520650 0.452166 0.520650 0.451264 0.519973 0.450361 0.519973 0.448556 0.520650 0.447653 0.520650 0.446751 0.522004 0.444946 0.522004 0.444043 0.522681 0.443141 0.522681 0.442238 0.523358 0.441336 0.523358 0.439531 0.524035 0.438628 0.524035 0.436823 0.524712 0.435921 0.524712 0.435018 0.525389 0.434116 0.525389 0.432310 0.526066 0.431408 0.526066 0.423285 0.525389 0.422383 0.525389 0.419675 0.524712 0.418773 0.524712 0.416968 0.524035 0.416065 0.524035 0.415162 0.519296 0.408845 0.518619 0.408845 0.517942 0.407942 0.515911 0.407942 0.515234 0.407040 0.514557 0.407942 0.513202 0.407942 0.512525 0.408845 0.511848 0.408845 0.511171 0.409747 0.510494 0.409747 0.509817 0.410650 0.509140 0.410650 0.505755 0.415162 0.505755 0.416065 0.504401 0.417870 0.504401 0.418773 0.503724 0.419675 0.503724 0.422383 0.503047 0.423285 0.503047 0.435018 0.503724 0.435921 0.503724 0.439531 0.503047 0.440433 0.503047 0.444043 0.502370 0.444946 0.502370 0.445848 0.501693 0.446751 0.499661 0.446751 0.498984 0.445848 0.498984 0.444043 0.498307 0.443141 0.498307 0.442238 0.497630 0.442238 0.494922 0.438628 0.494922 0.435921 0.494245 0.435018 0.494245 0.432310 0.493568 0.431408 0.493568 0.424188 0.492891 0.423285 0.492891 0.409747 0.493568 0.408845 0.493568 0.404332 0.494245 0.403430 0.494245 0.399819 0.494922 0.398917 0.494922 0.395307 0.495599 0.394404 0.495599 0.392599 0.497630 0.389892 0.498307 0.389892 0.500339 0.387184 0.501016 0.387184 0.503047 0.384477 0.503724 0.384477 0.505078 0.382671 0.505078 0.381769 0.506432 0.379964 0.506432 0.379061 0.508463 0.376354 0.508463 0.375451 0.507786 0.374549 0.505078 0.374549 0.504401 0.373646 0.503724 0.373646 0.503047 0.372744 0.501693 0.372744 0.501016 0.371841
0 0.639810 0.710289 0.637779 0.712996 0.637779 0.713899 0.637102 0.714801 0.637102 0.715704 0.636425 0.716606 0.636425 0.718412 0.635748 0.719314 0.635748 0.720217 0.635071 0.721119 0.635071 0.722022 0.634394 0.722924 0.634394 0.723827 0.633717 0.724729 0.633717 0.726534 0.633040 0.727437 0.633040 0.728339 0.632363 0.729242 0.632363 0.731047 0.631686 0.731949 0.631686 0.735560 0.632363 0.736462 0.632363 0.737365 0.633040 0.738267 0.633717 0.738267 0.634394 0.739170 0.635748 0.739170 0.636425 0.740072 0.638456 0.737365 0.638456 0.735560 0.639133 0.734657 0.639133 0.731949 0.639810 0.731047 0.639810 0.729242 0.640487 0.728339 0.640487 0.724729 0.641165 0.723827 0.641165 0.711191 0.640487 0.710289
0 0.607989 0.574910 0.607312 0.575812 0.606635 0.575812 0.605281 0.577617 0.605281 0.578520 0.603927 0.580325 0.603927 0.581227 0.603250 0.582130 0.603250 0.605596 0.603927 0.606498 0.603927 0.611011 0.604604 0.611913 0.604604 0.620939 0.605281 0.621841 0.605281 0.626354 0.605958 0.627256 0.605958 0.628159 0.606635 0.629061 0.606635 0.630866 0.607312 0.631769 0.607312 0.633574 0.607989 0.634477 0.607989 0.637184 0.608666 0.638087 0.608666 0.648917 0.607989 0.649819 0.607989 0.657040 0.607312 0.657942 0.607312 0.661552 0.606635 0.662455 0.606635 0.665162 0.605958 0.666065 0.605958 0.674188 0.605281 0.675090 0.605281 0.675993 0.603927 0.677798 0.603250 0.677798 0.602573 0.678700 0.601896 0.678700 0.599865 0.681408 0.599188 0.681408 0.597156 0.684116 0.596479 0.684116 0.595125 0.685921 0.594448 0.685921 0.593771 0.686823 0.592417 0.686823 0.591740 0.687726 0.591063 0.687726 0.590386 0.688628 0.589709 0.688628 0.589032 0.689531 0.589032 0.691336 0.588355 0.692238 0.588355 0.694043 0.589032 0.694946 0.589032 0.696751 0.589709 0.697653 0.589709 0.698556 0.591063 0.700361 0.592417 0.700361 0.593094 0.701264 0.594448 0.701264 0.595125 0.702166 0.599188 0.702166 0.599865 0.703069 0.620176 0.703069 0.620853 0.702166 0.621530 0.702166 0.622207 0.701264 0.622884 0.701264 0.622884 0.700361 0.623561 0.699458 0.623561 0.698556 0.624238 0.697653 0.624238 0.683213 0.624915 0.682310 0.624915 0.679603 0.625592 0.678700 0.625592 0.677798 0.626269 0.676895 0.626269 0.675090 0.626947 0.674188 0.626947 0.670578 0.627624 0.669675 0.627624 0.666968 0.628301 0.666065 0.628301 0.662455 0.628978 0.661552 0.628978 0.658845 0.629655 0.657942 0.630332 0.658845 0.630332 0.659747 0.631009 0.660650 0.631009 0.662455 0.631686 0.663357 0.631686 0.665162 0.632363 0.666065 0.632363 0.666968 0.635748 0.671480 0.635748 0.672383 0.637779 0.675090 0.637779 0.675993 0.638456 0.676895 0.638456 0.679603 0.639133 0.680505 0.639133 0.685921 0.639810 0.686823 0.639810 0.689531 0.640487 0.689531 0.640487 0.686823 0.641165 0.685921 0.641165 0.681408 0.641842 0.680505 0.641842 0.677798 0.642519 0.676895 0.642519 0.675090 0.643196 0.674188 0.643196 0.673285 0.643873 0.672383 0.643873 0.670578 0.644550 0.669675 0.644550 0.668773 0.645227 0.667870 0.645227 0.665162 0.645904 0.664260 0.645904 0.662455 0.646581 0.661552 0.646581 0.660650 0.647258 0.659747 0.647258 0.658845 0.647935 0.657942 0.647935 0.656137 0.648612 0.655235 0.648612 0.653430 0.649289 0.652527 0.649289 0.650722 0.649966 0.649819 0.649966 0.648014 0.650643 0.647112 0.650643 0.644404 0.651320 0.643502 0.651320 0.640794 0.651997 0.639892 0.651997 0.617329 0.652674 0.616426 0.652674 0.608303 0.653351 0.607401 0.653351 0.603791 0.654028 0.602888 0.654028 0.598375 0.653351 0.597473 0.653351 0.596570 0.652674 0.595668 0.652674 0.594765 0.651997 0.594765 0.651320 0.593863 0.650643 0.593863 0.649966 0.592960 0.645904 0.592960 0.645227 0.592058 0.643196 0.592058 0.642519 0.591155 0.641842 0.591155 0.641165 0.590253 0.640487 0.590253 0.639810 0.589350 0.639133 0.589350 0.638456 0.588448 0.637102 0.588448 0.636425 0.587545 0.635748 0.587545 0.635071 0.586643 0.634394 0.586643 0.633040 0.584838 0.632363 0.584838 0.631686 0.583935 0.631009 0.583935 0.630332 0.583032 0.628978 0.583032 0.628301 0.582130 0.627624 0.582130 0.626947 0.581227 0.622207 0.581227 0.621530 0.580325 0.620176 0.580325 0.619499 0.579422 0.617468 0.579422 0.616791 0.578520 0.615437 0.578520 0.614760 0.577617 0.614083 0.577617 0.613406 0.576715 0.612729 0.576715 0.612051 0.575812 0.610697 0.575812 0.610020 0.574910
0 0.678402 0.394404 0.678402 0.398917 0.679079 0.398917 0.679756 0.398014 0.679756 0.395307 0.679079 0.394404
0 0.685173 0.393502 0.685173 0.397112 0.683819 0.398917 0.683819 0.399819 0.683142 0.400722 0.683142 0.402527 0.684496 0.404332 0.681787 0.407942 0.681787 0.417870 0.683142 0.417870 0.683819 0.416968 0.684496 0.416968 0.685173 0.416065 0.685850 0.416065 0.686527 0.415162 0.687204 0.415162 0.687881 0.414260 0.688558 0.414260 0.688558 0.411552 0.685173 0.411552 0.684496 0.410650 0.684496 0.407942 0.685173 0.407040 0.686527 0.408845 0.687204 0.408845 0.687881 0.409747 0.691943 0.409747 0.692620 0.408845 0.692620 0.407942 0.693297 0.407040 0.693297 0.406137 0.694651 0.404332 0.696005 0.404332 0.696005 0.402527 0.696682 0.401625 0.696682 0.398917 0.696005 0.398014 0.696005 0.396209 0.695328 0.395307 0.693974 0.397112 0.693297 0.397112 0.692620 0.398014 0.691943 0.398014 0.691266 0.397112 0.690589 0.397112 0.689912 0.396209 0.689912 0.395307 0.689235 0.394404 0.689235 0.393502
0 0.681787 0.375451 0.681110 0.376354 0.680433 0.376354 0.680433 0.377256 0.681110 0.378159 0.681110 0.379061 0.681787 0.379964 0.682464 0.379061 0.682464 0.375451
0 0.675017 0.374549 0.673663 0.376354 0.674340 0.377256 0.674340 0.378159 0.675017 0.379061 0.675694 0.379061 0.676371 0.378159 0.677048 0.378159 0.677048 0.377256 0.677725 0.376354 0.677048 0.375451 0.676371 0.375451 0.675694 0.374549
0 0.616114 0.368231 0.613406 0.371841 0.612729 0.371841 0.612051 0.372744 0.610697 0.372744 0.610020 0.373646 0.609343 0.373646 0.608666 0.374549 0.607989 0.374549 0.605958 0.377256 0.605958 0.378159 0.605281 0.379061 0.605281 0.384477 0.604604 0.385379 0.604604 0.388989 0.603927 0.389892 0.603927 0.393502 0.603250 0.394404 0.603250 0.398917 0.602573 0.399819 0.602573 0.403430 0.601896 0.404332 0.601896 0.406137 0.601219 0.407040 0.601219 0.408845 0.600542 0.409747 0.600542 0.410650 0.599865 0.411552 0.599865 0.413357 0.599188 0.414260 0.599188 0.415162 0.598510 0.416065 0.598510 0.418773 0.597833 0.419675 0.597833 0.422383 0.597156 0.423285 0.597156 0.426895 0.596479 0.427798 0.596479 0.434116 0.595802 0.435018 0.596479 0.435921 0.596479 0.442238 0.597833 0.444043 0.597833 0.444946 0.605281 0.454874 0.605958 0.454874 0.606635 0.455776 0.606635 0.456679 0.605281 0.458484 0.604604 0.458484 0.603927 0.459386 0.601219 0.459386 0.600542 0.460289 0.599865 0.460289 0.599188 0.461191 0.595125 0.461191 0.594448 0.460289 0.588355 0.460289 0.587678 0.461191 0.586324 0.461191 0.584970 0.462996 0.584292 0.462996 0.584292 0.463899 0.583615 0.464801 0.583615 0.465704 0.582938 0.466606 0.582938 0.470217 0.583615 0.471119 0.583615 0.472022 0.584970 0.473827 0.587678 0.473827 0.588355 0.474729 0.589032 0.473827 0.593771 0.473827 0.594448 0.472924 0.597156 0.472924 0.597833 0.472022 0.602573 0.472022 0.603250 0.471119 0.606635 0.471119 0.607312 0.472022 0.610697 0.472022 0.611374 0.472924 0.612051 0.472924 0.612729 0.473827 0.614760 0.473827 0.615437 0.474729 0.616114 0.474729 0.616791 0.475632 0.617468 0.475632 0.618145 0.476534 0.618822 0.476534 0.620853 0.479242 0.620853 0.481949 0.620176 0.482852 0.620176 0.484657 0.619499 0.485560 0.619499 0.488267 0.618822 0.489170 0.618822 0.492780 0.618145 0.493682 0.618145 0.495487 0.617468 0.496390 0.617468 0.498195 0.616791 0.499097 0.616791 0.502708 0.616114 0.503610 0.616114 0.506318 0.615437 0.507220 0.615437 0.509928 0.614760 0.510830 0.614760 0.513538 0.614083 0.514440 0.614083 0.518051 0.613406 0.518953 0.613406 0.521661 0.612729 0.522563 0.612729 0.525271 0.614760 0.527978 0.616114 0.527978 0.616791 0.528881 0.620176 0.528881 0.620853 0.529783 0.631009 0.529783 0.631686 0.528881 0.633717 0.528881 0.634394 0.527978 0.637102 0.527978 0.637779 0.527076 0.641842 0.527076 0.642519 0.526173 0.645227 0.526173 0.645904 0.527076 0.647935 0.527076 0.648612 0.526173 0.653351 0.526173 0.654028 0.525271 0.656737 0.525271 0.657414 0.524368 0.658768 0.524368 0.660799 0.521661 0.660799 0.520758 0.661476 0.519856 0.661476 0.518953 0.662153 0.518051 0.662153 0.515343 0.662830 0.514440 0.662830 0.511733 0.663507 0.510830 0.663507 0.509025 0.664184 0.508123 0.664184 0.507220 0.664861 0.506318 0.664861 0.504513 0.665538 0.503610 0.665538 0.502708 0.666215 0.501805 0.666215 0.500903 0.666892 0.500000 0.666892 0.498195 0.667569 0.497292 0.667569 0.496390 0.668246 0.495487 0.668246 0.493682 0.668923 0.492780 0.668923 0.490975 0.669601 0.490072 0.669601 0.489170 0.670278 0.488267 0.670278 0.486462 0.670955 0.485560 0.670955 0.484657 0.671632 0.483755 0.671632 0.481949 0.672309 0.481047 0.672309 0.477437 0.672986 0.476534 0.672986 0.464801 0.672309 0.463899 0.672309 0.462996 0.670955 0.461191 0.670278 0.461191 0.669601 0.460289 0.668923 0.460289 0.668246 0.459386 0.667569 0.459386 0.666892 0.458484 0.665538 0.458484 0.664861 0.457581 0.662830 0.457581 0.662153 0.456679 0.661476 0.456679 0.660122 0.454874 0.660122 0.453971 0.659445 0.453069 0.659445 0.446751 0.660122 0.445848 0.660122 0.443141 0.661476 0.441336 0.661476 0.440433 0.662153 0.439531 0.662153 0.438628 0.662830 0.437726 0.662830 0.436823 0.663507 0.435921 0.663507 0.435018 0.666215 0.431408 0.666215 0.430505 0.666892 0.429603 0.666892 0.428700 0.667569 0.427798 0.667569 0.422383 0.668246 0.421480 0.668246 0.417870 0.667569 0.416968 0.667569 0.412455 0.666892 0.411552 0.666892 0.409747 0.666215 0.408845 0.666215 0.407942 0.665538 0.407040 0.665538 0.406137 0.660799 0.399819 0.660122 0.399819 0.659445 0.398917 0.658091 0.398917 0.657414 0.398014 0.656737 0.398014 0.656060 0.397112 0.654705 0.397112 0.654028 0.396209 0.650643 0.396209 0.649966 0.397112 0.647935 0.397112 0.647258 0.398014 0.646581 0.398014 0.645904 0.398917 0.645227 0.398917 0.644550 0.399819 0.643873 0.399819 0.643196 0.400722 0.642519 0.400722 0.642519 0.401625 0.638456 0.407040 0.638456 0.407942 0.637779 0.408845 0.637779 0.409747 0.634394 0.414260 0.633717 0.414260 0.633717 0.416065 0.633040 0.416968 0.633040 0.417870 0.633717 0.418773 0.633717 0.419675 0.634394 0.420578 0.634394 0.445848 0.633040 0.447653 0.628978 0.447653 0.628301 0.446751 0.624915 0.446751 0.624238 0.445848 0.621530 0.445848 0.620853 0.444946 0.618822 0.444946 0.618145 0.444043 0.616791 0.444043 0.614760 0.441336 0.614083 0.441336 0.613406 0.440433 0.612729 0.440433 0.609343 0.435921 0.609343 0.434116 0.608666 0.433213 0.608666 0.416968 0.609343 0.416065 0.609343 0.411552 0.610020 0.410650 0.610020 0.407942 0.610697 0.407040 0.610697 0.405235 0.611374 0.404332 0.611374 0.402527 0.612051 0.401625 0.612051 0.399819 0.612729 0.398917 0.612729 0.393502 0.613406 0.392599 0.613406 0.391697 0.614760 0.389892 0.614760 0.388087 0.616114 0.386282 0.616114 0.384477 0.616791 0.383574 0.616791 0.381769 0.617468 0.380866 0.617468 0.379061 0.618145 0.378159 0.618145 0.372744 0.617468 0.371841 0.617468 0.370036
0 0.675017 0.309567 0.675017 0.311372 0.674340 0.312274 0.674340 0.325812 0.672986 0.327617 0.672986 0.328520 0.672309 0.329422 0.672309 0.330325 0.671632 0.331227 0.671632 0.338448 0.671632 0.337545 0.672986 0.335740 0.675017 0.335740 0.675694 0.336643 0.675694 0.337545 0.676371 0.338448 0.675694 0.339350 0.675694 0.340253 0.675017 0.341155 0.673663 0.341155 0.674340 0.341155 0.675017 0.342058 0.675694 0.342058 0.676371 0.342960 0.677725 0.342960 0.678402 0.343863 0.678402 0.342960 0.679079 0.342058 0.679079 0.326715 0.679756 0.325812 0.679756 0.321300 0.679079 0.320397 0.679079 0.316787 0.678402 0.315884 0.678402 0.313177 0.676371 0.310469 0.675694 0.310469
1 0.536222 0.424188 0.534868 0.425993 0.534868 0.429603 0.536222 0.431408 0.540284 0.431408 0.541638 0.429603 0.541638 0.426895 0.540961 0.425993 0.540961 0.425090 0.540284 0.425090 0.539607 0.424188
1 0.650643 0.396209 0.649966 0.397112 0.647258 0.397112 0.646581 0.398014 0.645904 0.398014 0.645227 0.398917 0.644550 0.398917 0.643873 0.399819 0.643196 0.399819 0.641842 0.401625 0.641842 0.402527 0.638456 0.407040 0.638456 0.407942 0.635748 0.411552 0.635748 0.412455 0.635071 0.413357 0.634394 0.413357 0.633040 0.415162 0.633040 0.416968 0.632363 0.417870 0.633040 0.418773 0.635071 0.418773 0.635748 0.419675 0.637102 0.419675 0.637779 0.418773 0.639133 0.418773 0.639810 0.417870 0.643196 0.417870 0.643873 0.418773 0.653351 0.418773 0.654028 0.419675 0.655383 0.419675 0.656060 0.420578 0.656737 0.420578 0.658091 0.422383 0.658768 0.422383 0.660799 0.425090 0.661476 0.425090 0.664184 0.428700 0.664184 0.429603 0.664861 0.429603 0.666215 0.427798 0.666892 0.427798 0.666892 0.426895 0.668246 0.425090 0.668246 0.418773 0.668923 0.417870 0.668246 0.416968 0.668246 0.413357 0.667569 0.412455 0.667569 0.410650 0.666892 0.409747 0.666892 0.408845 0.666215 0.407942 0.666215 0.407040 0.665538 0.406137 0.665538 0.405235 0.661476 0.399819 0.660799 0.399819 0.660122 0.398917 0.658768 0.398917 0.658091 0.398014 0.657414 0.398014 0.656737 0.397112 0.654705 0.397112 0.654028 0.396209
1 0.332431 0.417870 0.331754 0.418773 0.331077 0.418773 0.330399 0.419675 0.329722 0.419675 0.328368 0.421480 0.328368 0.422383 0.327691 0.423285 0.327691 0.428700 0.329045 0.430505 0.329722 0.430505 0.330399 0.431408 0.333785 0.431408 0.334462 0.432310 0.335139 0.431408 0.336493 0.431408 0.337170 0.430505 0.337847 0.430505 0.339201 0.428700 0.339201 0.425993 0.339878 0.425090 0.339878 0.421480 0.337847 0.418773 0.337170 0.418773 0.336493 0.417870
1 0.375085 0.437726 0.374408 0.438628 0.373731 0.438628 0.372376 0.440433 0.372376 0.441336 0.371699 0.442238 0.371699 0.444946 0.372376 0.445848 0.372376 0.447653 0.373731 0.449458 0.375762 0.449458 0.376439 0.450361 0.377116 0.449458 0.379147 0.449458 0.379824 0.448556 0.381855 0.448556 0.382532 0.447653 0.383209 0.447653 0.383886 0.446751 0.383886 0.441336 0.383209 0.441336 0.381178 0.438628 0.380501 0.438628 0.379824 0.437726
1 0.351388 0.417870 0.350711 0.418773 0.349357 0.418773 0.348680 0.419675 0.348003 0.419675 0.346649 0.421480 0.346649 0.423285 0.345972 0.424188 0.345972 0.425993 0.345295 0.426895 0.345295 0.427798 0.344617 0.428700 0.344617 0.430505 0.345295 0.431408 0.345295 0.432310 0.345972 0.432310 0.346649 0.433213 0.347326 0.433213 0.348003 0.434116 0.348680 0.434116 0.349357 0.433213 0.350034 0.433213 0.350711 0.432310 0.354096 0.432310 0.354773 0.431408 0.356127 0.431408 0.356804 0.432310 0.358835 0.432310 0.359513 0.433213 0.362221 0.433213 0.362898 0.432310 0.362898 0.425090 0.362221 0.424188 0.362221 0.423285 0.361544 0.422383 0.361544 0.421480 0.360190 0.419675 0.359513 0.419675 0.358835 0.418773 0.358158 0.418773 0.357481 0.417870
1 0.701422 0.401625 0.700745 0.402527 0.700068 0.402527 0.699391 0.403430 0.698714 0.403430 0.698714 0.404332 0.693974 0.410650 0.693974 0.411552 0.692620 0.413357 0.691943 0.413357 0.689235 0.416968 0.688558 0.416968 0.685850 0.420578 0.685173 0.420578 0.684496 0.421480 0.684496 0.422383 0.682464 0.425090 0.682464 0.425993 0.681787 0.426895 0.681787 0.427798 0.681110 0.428700 0.681110 0.430505 0.680433 0.431408 0.680433 0.433213 0.679756 0.434116 0.679756 0.435921 0.679079 0.436823 0.679079 0.439531 0.678402 0.440433 0.678402 0.442238 0.677725 0.443141 0.677725 0.444043 0.675694 0.446751 0.675017 0.446751 0.674340 0.447653 0.673663 0.447653 0.672986 0.448556 0.670955 0.448556 0.670278 0.449458 0.670278 0.451264 0.669601 0.452166 0.670278 0.452166 0.670955 0.453069 0.684496 0.453069 0.685173 0.453971 0.691266 0.453971 0.691943 0.454874 0.702776 0.454874 0.703453 0.455776 0.705484 0.455776 0.706161 0.456679 0.708869 0.456679 0.709546 0.457581 0.718348 0.457581 0.719025 0.458484 0.723087 0.458484 0.723764 0.459386 0.725118 0.459386 0.726473 0.461191 0.727827 0.461191 0.728504 0.462094 0.737982 0.462094 0.738659 0.461191 0.742722 0.461191 0.743399 0.460289 0.748815 0.460289 0.749492 0.459386 0.751523 0.459386 0.752877 0.457581 0.752877 0.453971 0.752200 0.453069 0.752200 0.451264 0.751523 0.450361 0.751523 0.440433 0.750846 0.439531 0.750846 0.434116 0.750169 0.433213 0.750169 0.431408 0.749492 0.430505 0.749492 0.428700 0.748815 0.427798 0.748815 0.425993 0.748138 0.425090 0.748138 0.423285 0.747461 0.422383 0.747461 0.421480 0.746784 0.420578 0.746784 0.419675 0.746107 0.418773 0.746107 0.417870 0.743399 0.414260 0.742722 0.414260 0.740691 0.411552 0.740014 0.411552 0.738659 0.409747 0.737305 0.409747 0.736628 0.408845 0.735951 0.408845 0.735274 0.407942 0.734597 0.407942 0.733920 0.407040 0.732566 0.407040 0.731889 0.406137 0.729858 0.406137 0.729181 0.405235 0.727827 0.405235 0.727150 0.404332 0.724441 0.404332 0.723764 0.403430 0.721056 0.403430 0.720379 0.402527 0.715640 0.402527 0.714963 0.401625
1 0.514557 0.407040 0.513879 0.407942 0.512525 0.407942 0.511848 0.408845 0.511171 0.408845 0.509817 0.410650 0.509140 0.410650 0.504401 0.416968 0.504401 0.417870 0.503724 0.418773 0.503724 0.420578 0.503047 0.421480 0.503047 0.425090 0.504401 0.426895 0.515234 0.426895 0.515911 0.427798 0.519973 0.427798 0.520650 0.428700 0.521327 0.428700 0.522004 0.429603 0.522681 0.429603 0.523358 0.430505 0.524712 0.430505 0.525389 0.431408 0.525389 0.430505 0.526066 0.429603 0.526066 0.428700 0.526743 0.427798 0.526743 0.425090 0.526066 0.424188 0.526066 0.421480 0.525389 0.420578 0.525389 0.417870 0.524035 0.416065 0.524035 0.415162 0.523358 0.414260 0.523358 0.413357 0.519973 0.408845 0.519296 0.408845 0.518619 0.407942 0.517265 0.407942 0.516588 0.407040
1 0.469871 0.397112 0.468517 0.398917 0.467840 0.398917 0.467163 0.399819 0.466486 0.399819 0.466486 0.401625 0.465809 0.402527 0.465809 0.403430 0.466486 0.404332 0.466486 0.405235 0.469194 0.408845 0.473934 0.408845 0.474611 0.407942 0.477319 0.407942 0.480027 0.404332 0.479350 0.403430 0.478673 0.403430 0.477319 0.401625 0.477319 0.400722 0.476642 0.400722 0.475965 0.399819 0.475288 0.399819 0.473934 0.398014 0.472580 0.398014 0.471903 0.397112
1 0.907244 0.449458 0.906567 0.450361 0.905213 0.450361 0.901828 0.454874 0.901828 0.455776 0.900474 0.457581 0.900474 0.459386 0.899797 0.460289 0.899797 0.461191 0.897089 0.464801 0.897089 0.465704 0.896412 0.466606 0.896412 0.468412 0.895735 0.469314 0.895735 0.471119 0.896412 0.472022 0.896412 0.473827 0.897766 0.475632 0.898443 0.475632 0.899797 0.477437 0.901151 0.477437 0.901828 0.478339 0.909276 0.478339 0.909953 0.477437 0.911307 0.477437 0.911984 0.476534 0.911984 0.474729 0.912661 0.473827 0.912661 0.460289 0.911984 0.459386 0.911984 0.456679 0.911307 0.455776 0.911307 0.454874 0.910630 0.453971 0.910630 0.453069 0.907921 0.449458
1 0.286391 0.408845 0.285714 0.409747 0.284360 0.409747 0.283683 0.410650 0.282329 0.410650 0.281652 0.411552 0.280975 0.411552 0.280298 0.412455 0.279621 0.412455 0.278944 0.413357 0.278944 0.414260 0.278267 0.415162 0.278267 0.416968 0.277590 0.417870 0.277590 0.421480 0.278267 0.422383 0.278267 0.423285 0.278944 0.424188 0.278944 0.425090 0.287745 0.425090 0.288422 0.425993 0.289777 0.425993 0.290454 0.425090 0.291131 0.425090 0.292485 0.423285 0.292485 0.418773 0.293162 0.417870 0.292485 0.416968 0.292485 0.414260 0.291808 0.413357 0.291808 0.412455 0.289777 0.409747 0.287068 0.409747
1 0.264726 0.428700 0.264049 0.429603 0.264049 0.430505 0.263372 0.431408 0.263372 0.444043 0.264049 0.444946 0.264049 0.447653 0.264726 0.448556 0.264726 0.449458 0.265403 0.450361 0.265403 0.451264 0.265403 0.450361 0.267434 0.447653 0.267434 0.446751 0.268788 0.444946 0.269465 0.444946 0.270142 0.444043 0.272850 0.444043 0.273527 0.443141 0.275559 0.443141 0.276913 0.441336 0.277590 0.441336 0.278267 0.440433 0.279621 0.440433 0.280298 0.441336 0.280975 0.441336 0.282329 0.443141 0.282329 0.444946 0.282329 0.444043 0.283006 0.443141 0.283006 0.437726 0.282329 0.436823 0.282329 0.435921 0.281652 0.435018 0.280975 0.435018 0.278944 0.432310 0.277590 0.432310 0.276913 0.431408 0.274882 0.431408 0.274204 0.430505 0.271496 0.430505 0.270819 0.429603 0.268111 0.429603 0.267434 0.428700
1 0.293162 0.400722 0.289777 0.405235 0.289100 0.405235 0.287068 0.407942 0.286391 0.407942 0.285037 0.409747 0.284360 0.409747 0.283683 0.410650 0.282329 0.410650 0.280975 0.412455 0.280298 0.412455 0.278944 0.414260 0.278944 0.416065 0.278267 0.416968 0.278267 0.422383 0.278944 0.423285 0.278944 0.424188 0.279621 0.425090 0.285714 0.425090 0.286391 0.424188 0.289777 0.424188 0.291808 0.426895 0.292485 0.426895 0.293162 0.427798 0.295870 0.427798 0.296547 0.428700 0.297224 0.427798 0.297901 0.427798 0.298578 0.426895 0.302640 0.426895 0.303318 0.425993 0.303318 0.423285 0.302640 0.422383 0.302640 0.420578 0.301963 0.419675 0.301963 0.418773 0.301286 0.417870 0.301286 0.415162 0.300609 0.414260 0.300609 0.404332 0.299932 0.403430 0.299255 0.403430 0.298578 0.402527 0.297901 0.402527 0.296547 0.400722
1 0.200406 0.382671 0.199729 0.383574 0.197698 0.383574 0.197021 0.384477 0.195667 0.384477 0.194990 0.385379 0.192959 0.385379 0.192282 0.386282 0.190251 0.386282 0.189573 0.387184 0.188219 0.387184 0.187542 0.388087 0.186188 0.388087 0.185511 0.388989 0.184834 0.388989 0.184157 0.389892 0.183480 0.389892 0.182803 0.390794 0.182126 0.390794 0.180772 0.392599 0.180095 0.392599 0.178741 0.394404 0.178064 0.394404 0.174001 0.399819 0.174001 0.401625 0.173324 0.402527 0.173324 0.403430 0.172647 0.404332 0.172647 0.408845 0.171970 0.409747 0.171970 0.412455 0.171293 0.413357 0.171293 0.417870 0.170616 0.418773 0.170616 0.435018 0.167908 0.438628 0.167908 0.439531 0.168585 0.440433 0.168585 0.441336 0.169262 0.442238 0.170616 0.442238 0.171293 0.443141 0.180095 0.443141 0.180772 0.444043 0.182126 0.444043 0.182803 0.444946 0.183480 0.444946 0.184157 0.445848 0.184157 0.447653 0.184834 0.448556 0.184834 0.449458 0.185511 0.450361 0.194313 0.450361 0.194990 0.449458 0.201083 0.449458 0.201760 0.448556 0.203791 0.448556 0.204469 0.447653 0.206500 0.447653 0.207177 0.446751 0.208531 0.446751 0.209208 0.445848 0.210562 0.445848 0.211916 0.444043 0.212593 0.444043 0.213270 0.443141 0.213947 0.443141 0.215978 0.440433 0.216655 0.440433 0.217332 0.439531 0.218009 0.439531 0.218687 0.438628 0.219364 0.438628 0.220041 0.437726 0.220718 0.437726 0.221395 0.436823 0.222749 0.436823 0.223426 0.435921 0.224103 0.435921 0.224103 0.430505 0.223426 0.429603 0.223426 0.428700 0.221395 0.425993 0.221395 0.425090 0.220041 0.423285 0.220041 0.422383 0.217332 0.418773 0.217332 0.417870 0.216655 0.416968 0.216655 0.416065 0.215301 0.414260 0.215301 0.413357 0.214624 0.412455 0.214624 0.410650 0.213947 0.409747 0.213947 0.408845 0.213270 0.407942 0.213270 0.406137 0.211916 0.404332 0.211916 0.403430 0.210562 0.401625 0.210562 0.400722 0.209885 0.399819 0.209885 0.398917 0.207854 0.396209 0.207854 0.395307 0.207177 0.394404 0.207177 0.392599 0.206500 0.391697 0.206500 0.388087 0.205823 0.387184 0.205823 0.386282 0.205146 0.385379 0.205146 0.384477 0.204469 0.383574 0.203791 0.383574 0.203114 0.382671
1 0.906567 0.448556 0.905890 0.449458 0.905213 0.449458 0.903182 0.452166 0.903182 0.453069 0.901828 0.454874 0.901828 0.455776 0.901151 0.456679 0.901151 0.458484 0.901828 0.459386 0.906567 0.459386 0.907244 0.460289 0.907921 0.460289 0.908599 0.459386 0.911307 0.459386 0.911307 0.453971 0.910630 0.453069 0.910630 0.452166 0.909276 0.450361 0.909276 0.449458 0.908599 0.449458 0.907921 0.448556
1 0.475965 0.413357 0.475288 0.414260 0.474611 0.414260 0.473934 0.415162 0.473257 0.415162 0.471903 0.416968 0.471903 0.418773 0.471225 0.419675 0.471225 0.422383 0.471903 0.423285 0.471903 0.424188 0.472580 0.425090 0.473934 0.425090 0.474611 0.424188 0.474611 0.423285 0.475288 0.422383 0.475288 0.421480 0.475965 0.420578 0.478673 0.420578 0.480027 0.422383 0.483412 0.422383 0.483412 0.419675 0.482735 0.418773 0.482735 0.416968 0.482058 0.416065 0.482058 0.415162 0.481381 0.414260 0.480027 0.414260 0.479350 0.413357
1 0.465809 0.463899 0.465132 0.464801 0.464455 0.464801 0.463101 0.466606 0.463101 0.467509 0.462424 0.468412 0.462424 0.469314 0.461747 0.470217 0.461747 0.473827 0.462424 0.474729 0.462424 0.476534 0.463101 0.477437 0.463101 0.478339 0.463778 0.479242 0.464455 0.479242 0.465132 0.480144 0.468517 0.480144 0.469194 0.479242 0.470548 0.479242 0.472580 0.476534 0.472580 0.471119 0.471903 0.470217 0.471903 0.469314 0.468517 0.464801 0.467840 0.464801 0.467163 0.463899
1 0.264726 0.428700 0.264049 0.429603 0.264049 0.430505 0.263372 0.431408 0.263372 0.450361 0.264049 0.451264 0.264049 0.454874 0.264726 0.455776 0.264726 0.460289 0.265403 0.461191 0.265403 0.462094 0.266080 0.462094 0.266757 0.462996 0.267434 0.462996 0.268788 0.464801 0.269465 0.463899 0.271496 0.463899 0.272173 0.462996 0.272850 0.463899 0.274204 0.463899 0.274882 0.464801 0.276236 0.464801 0.277590 0.462996 0.278267 0.462996 0.278267 0.462094 0.278944 0.461191 0.278944 0.459386 0.279621 0.458484 0.279621 0.457581 0.280298 0.456679 0.280298 0.453971 0.280975 0.453069 0.280975 0.448556 0.283006 0.445848 0.283006 0.444043 0.283683 0.443141 0.283683 0.438628 0.283006 0.437726 0.283006 0.436823 0.282329 0.435921 0.282329 0.435018 0.281652 0.435018 0.280298 0.433213 0.279621 0.433213 0.278944 0.432310 0.277590 0.432310 0.276913 0.431408 0.274882 0.431408 0.274204 0.430505 0.272173 0.430505 0.271496 0.429603 0.268788 0.429603 0.268111 0.428700
2 0.480704 0.527076 0.480027 0.527978 0.479350 0.527978 0.478673 0.528881 0.477996 0.528881 0.477996 0.529783 0.477319 0.530686 0.477319 0.531588 0.476642 0.532491 0.477319 0.533394 0.477319 0.536101 0.477996 0.537004 0.479350 0.537004 0.480027 0.537906 0.481381 0.537906 0.482058 0.537004 0.483412 0.537004 0.484089 0.536101 0.484089 0.534296 0.484766 0.533394 0.484766 0.532491 0.484089 0.531588 0.484089 0.528881 0.483412 0.527978 0.481381 0.527978
2 0.692620 0.964801 0.692620 0.965704 0.691943 0.966606 0.692620 0.967509 0.692620 0.970217 0.693297 0.971119 0.693297 0.973827 0.693974 0.974729 0.693974 0.979242 0.694651 0.980144 0.694651 0.981949 0.695328 0.982852 0.695328 0.984657 0.698037 0.988267 0.698037 0.989170 0.700068 0.991877 0.700745 0.991877 0.702776 0.994585 0.703453 0.994585 0.704130 0.995487 0.705484 0.995487 0.706161 0.996390 0.714286 0.996390 0.714963 0.995487 0.715640 0.995487 0.716317 0.994585 0.716317 0.989170 0.714286 0.989170 0.713609 0.988267 0.710223 0.988267 0.709546 0.987365 0.708869 0.987365 0.708192 0.986462 0.707515 0.986462 0.706838 0.985560 0.706161 0.985560 0.700068 0.977437 0.700068 0.976534 0.699391 0.975632 0.699391 0.974729 0.698037 0.972924 0.698037 0.972022 0.697360 0.971119 0.697360 0.970217 0.696005 0.968412 0.696005 0.967509 0.695328 0.966606 0.693974 0.966606
2 0.386594 0.543321 0.385240 0.545126 0.385240 0.546029 0.383886 0.547834 0.383886 0.548736 0.381178 0.552347 0.381178 0.553249 0.379824 0.555054 0.379824 0.555957 0.379147 0.556859 0.379147 0.557762 0.378470 0.558664 0.378470 0.562274 0.379824 0.564079 0.383209 0.564079 0.383886 0.563177 0.384563 0.563177 0.387271 0.559567 0.387271 0.558664 0.387949 0.557762 0.387949 0.555957 0.388626 0.555054 0.388626 0.554152 0.389303 0.553249 0.389303 0.548736 0.388626 0.547834 0.388626 0.546029 0.387949 0.545126 0.387949 0.544224 0.387271 0.544224
2 0.475965 0.632671 0.475288 0.633574 0.474611 0.633574 0.470548 0.638989 0.469871 0.638989 0.469194 0.639892 0.469194 0.640794 0.467840 0.642599 0.467840 0.643502 0.467163 0.644404 0.467163 0.648014 0.467840 0.648014 0.468517 0.648917 0.473257 0.648917 0.473934 0.648014 0.475965 0.648014 0.476642 0.647112 0.478673 0.647112 0.479350 0.646209 0.480704 0.646209 0.481381 0.645307 0.482058 0.645307 0.482735 0.644404 0.484089 0.644404 0.487475 0.639892 0.487475 0.636282 0.486121 0.636282 0.485443 0.635379 0.482735 0.635379 0.482058 0.634477 0.481381 0.634477 0.480704 0.633574 0.478673 0.633574 0.477996 0.632671
2 0.692620 0.962996 0.692620 0.964801 0.691943 0.965704 0.691943 0.966606 0.692620 0.967509 0.692620 0.971119 0.693297 0.972022 0.693297 0.973827 0.693974 0.974729 0.693974 0.978339 0.694651 0.979242 0.694651 0.981949 0.695328 0.982852 0.695328 0.984657 0.696682 0.986462 0.696682 0.987365 0.697360 0.987365 0.698037 0.988267 0.698037 0.989170 0.701422 0.993682 0.702099 0.993682 0.702776 0.994585 0.703453 0.994585 0.704130 0.995487 0.706161 0.995487 0.706838 0.996390 0.713609 0.996390 0.714286 0.995487 0.714963 0.995487 0.716317 0.993682 0.716317 0.990072 0.715640 0.989170 0.714286 0.989170 0.713609 0.988267 0.710900 0.988267 0.710223 0.987365 0.708869 0.987365 0.708192 0.986462 0.707515 0.986462 0.706161 0.984657 0.705484 0.984657 0.700068 0.977437 0.700068 0.976534 0.699391 0.975632 0.699391 0.974729 0.698037 0.972924 0.698037 0.972022 0.697360 0.971119 0.697360 0.970217 0.696682 0.969314 0.696682 0.968412 0.696005 0.967509 0.696005 0.966606 0.694651 0.966606 0.692620 0.963899
2 0.683142 0.894404 0.682464 0.895307 0.681787 0.895307 0.681787 0.900722 0.681110 0.901625 0.681110 0.908845 0.681787 0.909747 0.681787 0.911552 0.681110 0.912455 0.681110 0.916968 0.681787 0.917870 0.681110 0.918773 0.681110 0.931408 0.680433 0.932310 0.680433 0.936823 0.681110 0.937726 0.681110 0.945848 0.681787 0.946751 0.681787 0.949458 0.682464 0.950361 0.682464 0.951264 0.683142 0.952166 0.683142 0.953069 0.685173 0.955776 0.685850 0.955776 0.686527 0.956679 0.687204 0.956679 0.688558 0.958484 0.689235 0.958484 0.689912 0.957581 0.689912 0.944946 0.690589 0.944043 0.690589 0.941336 0.691266 0.940433 0.691266 0.938628 0.691943 0.937726 0.691943 0.933213 0.692620 0.932310 0.692620 0.928700 0.691943 0.927798 0.691943 0.923285 0.691266 0.922383 0.691266 0.921480 0.690589 0.920578 0.690589 0.918773 0.689912 0.917870 0.689912 0.916968 0.689235 0.916065 0.689235 0.913357 0.688558 0.912455 0.688558 0.909747 0.687881 0.908845 0.687881 0.907040 0.687204 0.906137 0.687204 0.903430 0.686527 0.902527 0.686527 0.898917 0.685850 0.898014 0.685850 0.895307 0.685173 0.894404
2 0.473934 0.519856 0.473257 0.520758 0.473257 0.521661 0.469194 0.527076 0.469194 0.527978 0.468517 0.528881 0.469194 0.529783 0.469871 0.529783 0.470548 0.530686 0.471903 0.530686 0.472580 0.531588 0.474611 0.531588 0.475288 0.530686 0.476642 0.530686 0.477996 0.528881 0.477996 0.527978 0.478673 0.527076 0.478673 0.525271 0.477996 0.524368 0.477996 0.523466 0.477319 0.522563 0.477319 0.521661 0.475965 0.519856
2 0.582938 0.972924 0.582261 0.973827 0.581584 0.973827 0.580907 0.974729 0.580230 0.974729 0.578199 0.977437 0.578199 0.978339 0.577522 0.979242 0.577522 0.980144 0.576845 0.981047 0.576845 0.982852 0.576168 0.983755 0.576168 0.986462 0.576845 0.987365 0.576845 0.990975 0.577522 0.991877 0.577522 0.994585 0.578199 0.995487 0.578199 0.996390 0.578876 0.997292 0.578876 0.999097 0.618145 0.999097 0.618145 0.996390 0.617468 0.995487 0.617468 0.994585 0.616791 0.994585 0.616114 0.993682 0.614083 0.993682 0.613406 0.992780 0.612051 0.992780 0.611374 0.991877 0.610697 0.991877 0.610020 0.990975 0.609343 0.990975 0.608666 0.990072 0.607312 0.990072 0.605958 0.988267 0.605281 0.988267 0.604604 0.987365 0.603927 0.987365 0.601896 0.984657 0.601896 0.983755 0.601219 0.983755 0.599865 0.981949 0.599188 0.981949 0.597833 0.980144 0.596479 0.980144 0.595125 0.978339 0.594448 0.978339 0.593094 0.976534 0.592417 0.976534 0.591740 0.975632 0.591063 0.975632 0.589709 0.973827 0.589032 0.973827 0.588355 0.972924
2 0.203114 0.943141 0.201083 0.945848 0.201083 0.946751 0.200406 0.947653 0.200406 0.948556 0.199729 0.949458 0.199729 0.953069 0.200406 0.953971 0.200406 0.955776 0.202437 0.958484 0.205146 0.958484 0.205823 0.959386 0.206500 0.959386 0.207177 0.958484 0.208531 0.958484 0.209208 0.957581 0.210562 0.957581 0.211239 0.956679 0.211916 0.956679 0.212593 0.955776 0.213270 0.955776 0.213947 0.954874 0.213947 0.953971 0.214624 0.953069 0.214624 0.952166 0.215301 0.951264 0.215301 0.945848 0.213947 0.944043 0.207854 0.944043 0.207177 0.943141
2 0.344617 0.559567 0.343940 0.560469 0.343263 0.560469 0.341232 0.563177 0.341232 0.565884 0.340555 0.566787 0.341232 0.567690 0.342586 0.567690 0.343263 0.568592 0.351388 0.568592 0.352065 0.567690 0.357481 0.567690 0.358158 0.566787 0.358835 0.566787 0.358835 0.563177 0.356127 0.559567
2 0.604604 0.677798 0.603927 0.678700 0.601896 0.678700 0.597833 0.684116 0.597156 0.684116 0.596479 0.685018 0.595802 0.685018 0.594448 0.686823 0.593771 0.686823 0.593094 0.687726 0.591063 0.687726 0.590386 0.688628 0.589032 0.688628 0.589032 0.689531 0.588355 0.690433 0.588355 0.694946 0.589032 0.695848 0.589032 0.697653 0.591063 0.700361 0.591740 0.700361 0.592417 0.701264 0.594448 0.701264 0.595125 0.702166 0.597833 0.702166 0.598510 0.703069 0.620853 0.703069 0.621530 0.702166 0.622207 0.702166 0.623561 0.700361 0.623561 0.698556 0.624238 0.697653 0.624238 0.689531 0.623561 0.688628 0.623561 0.685018 0.622207 0.685018 0.620853 0.686823 0.618145 0.686823 0.617468 0.687726 0.616114 0.687726 0.615437 0.686823 0.614083 0.686823 0.613406 0.685921 0.612729 0.685921 0.612051 0.685018 0.611374 0.685018 0.605958 0.677798
2 0.320921 0.544224 0.320244 0.545126 0.319567 0.545126 0.318890 0.546029 0.318213 0.546029 0.317536 0.546931 0.315504 0.546931 0.314827 0.547834 0.314150 0.547834 0.313473 0.548736 0.313473 0.549639 0.310765 0.553249 0.309411 0.553249 0.308734 0.554152 0.308057 0.554152 0.306703 0.555957 0.306703 0.559567 0.309411 0.563177 0.310088 0.563177 0.310765 0.564079 0.311442 0.564079 0.312119 0.564982 0.312796 0.564982 0.313473 0.565884 0.320921 0.565884 0.320921 0.564079 0.321598 0.563177 0.321598 0.562274 0.322275 0.561372 0.322275 0.560469 0.322952 0.559567 0.322952 0.558664 0.324306 0.556859 0.324306 0.555054 0.324983 0.554152 0.324983 0.547834 0.324306 0.546931 0.324306 0.546029 0.323629 0.545126 0.322275 0.545126 0.321598 0.544224
2 0.531483 0.638989 0.530806 0.639892 0.529452 0.639892 0.528097 0.641697 0.527420 0.641697 0.526743 0.642599 0.525389 0.642599 0.524712 0.643502 0.522681 0.643502 0.521327 0.645307 0.521327 0.646209 0.520650 0.647112 0.520650 0.648014 0.521327 0.648917 0.521327 0.650722 0.522004 0.651625 0.522681 0.651625 0.524712 0.654332 0.525389 0.654332 0.526066 0.655235 0.526743 0.655235 0.528775 0.657942 0.529452 0.657942 0.531483 0.660650 0.532160 0.660650 0.532837 0.661552 0.533514 0.661552 0.534191 0.662455 0.540284 0.662455 0.540961 0.661552 0.541638 0.661552 0.542993 0.659747 0.542993 0.658845 0.543670 0.657942 0.543670 0.654332 0.542993 0.653430 0.542993 0.652527 0.542316 0.651625 0.542316 0.650722 0.539607 0.647112 0.538930 0.647112 0.532837 0.638989
2 0.640487 0.709386 0.639810 0.710289 0.639133 0.710289 0.637779 0.712094 0.637779 0.712996 0.637102 0.713899 0.637102 0.714801 0.636425 0.715704 0.636425 0.717509 0.635748 0.718412 0.635748 0.720217 0.635071 0.721119 0.635071 0.722022 0.634394 0.722924 0.634394 0.723827 0.633717 0.724729 0.633717 0.725632 0.633040 0.726534 0.633040 0.727437 0.632363 0.728339 0.632363 0.729242 0.631686 0.730144 0.631686 0.731047 0.631009 0.731949 0.631009 0.737365 0.633040 0.740072 0.633717 0.740072 0.634394 0.740975 0.637779 0.740975 0.639133 0.739170 0.639133 0.738267 0.639810 0.737365 0.639810 0.734657 0.640487 0.733755 0.640487 0.728339 0.641165 0.727437 0.641165 0.718412 0.641842 0.717509 0.641842 0.712094 0.641165 0.711191 0.641165 0.710289
2 0.284360 0.981047 0.283683 0.981949 0.281652 0.981949 0.280975 0.982852 0.278944 0.982852 0.278267 0.983755 0.277590 0.983755 0.276913 0.984657 0.276236 0.984657 0.274204 0.987365 0.273527 0.987365 0.273527 0.988267 0.271496 0.990975 0.271496 0.991877 0.270819 0.992780 0.270819 0.993682 0.270142 0.994585 0.270142 0.995487 0.269465 0.996390 0.269465 0.997292 0.268788 0.998195 0.268788 0.999097 0.302640 0.999097 0.302640 0.998195 0.303995 0.996390 0.303995 0.986462 0.303318 0.985560 0.303318 0.984657 0.302640 0.983755 0.301286 0.983755 0.300609 0.982852 0.297224 0.982852 0.296547 0.981949 0.287745 0.981949 0.287068 0.981047