0 0.566689 0.577617 0.566012 0.578520 0.563981 0.578520 0.563304 0.579422 0.562627 0.579422 0.561950 0.580325 0.561273 0.580325 0.560596 0.581227 0.559919 0.581227 0.558565 0.583032 0.557888 0.583032 0.557211 0.583935 0.556534 0.583935 0.555856 0.584838 0.554502 0.584838 0.553825 0.585740 0.552471 0.585740 0.551794 0.586643 0.551117 0.586643 0.550440 0.587545 0.549763 0.587545 0.548409 0.589350 0.547732 0.589350 0.547055 0.590253 0.546378 0.590253 0.545701 0.591155 0.545024 0.591155 0.543670 0.592960 0.543670 0.593863 0.542993 0.594765 0.542993 0.601083 0.542316 0.601986 0.542316 0.611011 0.542993 0.611913 0.542993 0.621841 0.543670 0.622744 0.544347 0.622744 0.545024 0.623646 0.545701 0.623646 0.546378 0.624549 0.547055 0.623646 0.547732 0.623646 0.549086 0.621841 0.549086 0.620939 0.549763 0.620036 0.549763 0.616426 0.549086 0.615523 0.549086 0.611011 0.548409 0.610108 0.548409 0.608303 0.549086 0.607401 0.549086 0.604693 0.551794 0.601083 0.552471 0.601083 0.553148 0.600181 0.555179 0.600181 0.555856 0.601083 0.556534 0.601083 0.557888 0.602888 0.557888 0.604693 0.558565 0.605596 0.558565 0.607401 0.559242 0.608303 0.559242 0.612816 0.559919 0.613718 0.559919 0.615523 0.560596 0.616426 0.560596 0.617329 0.561273 0.618231 0.561273 0.619134 0.561950 0.620036 0.561950 0.625451 0.562627 0.626354 0.562627 0.632671 0.563304 0.633574 0.563304 0.638087 0.563981 0.638989 0.563981 0.640794 0.564658 0.641697 0.564658 0.642599 0.565335 0.643502 0.565335 0.644404 0.564658 0.645307 0.564658 0.651625 0.565335 0.652527 0.566012 0.652527 0.566689 0.653430 0.568043 0.653430 0.568720 0.652527 0.570752 0.652527 0.572106 0.650722 0.572106 0.647112 0.572783 0.646209 0.572783 0.644404 0.573460 0.643502 0.573460 0.638989 0.574137 0.638087 0.574137 0.635379 0.574814 0.634477 0.574814 0.633574 0.577522 0.629964 0.578199 0.629964 0.578876 0.630866 0.579553 0.630866 0.580907 0.632671 0.580907 0.633574 0.582938 0.636282 0.582938 0.638989 0.583615 0.639892 0.583615 0.640794 0.584292 0.641697 0.584292 0.642599 0.587001 0.646209 0.587678 0.646209 0.589032 0.648014 0.589709 0.648014 0.591063 0.649819 0.593771 0.649819 0.594448 0.648917 0.595125 0.648917 0.595125 0.645307 0.594448 0.644404 0.594448 0.641697 0.593771 0.640794 0.593771 0.638087 0.593094 0.637184 0.593094 0.634477 0.592417 0.633574 0.592417 0.630866 0.591740 0.629964 0.591740 0.621841 0.591063 0.620939 0.591063 0.614621 0.590386 0.613718 0.590386 0.610108 0.589709 0.609206 0.589709 0.606498 0.589032 0.605596 0.589032 0.602888 0.588355 0.601986 0.588355 0.600181 0.587678 0.599278 0.587678 0.598375 0.587001 0.597473 0.587001 0.596570 0.586324 0.595668 0.586324 0.593863 0.585647 0.592960 0.585647 0.592058 0.584970 0.591155 0.584970 0.589350 0.582938 0.586643 0.582938 0.585740 0.581584 0.583935 0.580907 0.583935 0.580230 0.583032 0.579553 0.583032 0.578876 0.582130 0.578199 0.582130 0.577522 0.581227 0.576168 0.581227 0.575491 0.580325 0.573460 0.580325 0.572783 0.579422 0.572106 0.579422 0.571429 0.578520 0.569397 0.578520 0.568720 0.577617
0 0.417739 0.519856 0.416385 0.521661 0.416385 0.522563 0.415708 0.523466 0.415708 0.524368 0.415030 0.525271 0.415030 0.526173 0.411645 0.530686 0.410968 0.530686 0.410968 0.531588 0.409614 0.533394 0.409614 0.534296 0.408937 0.535199 0.408937 0.537906 0.408260 0.538809 0.408260 0.542419 0.408937 0.543321 0.408937 0.547834 0.409614 0.548736 0.409614 0.552347 0.410291 0.553249 0.410291 0.559567 0.410968 0.560469 0.410968 0.561372 0.410291 0.562274 0.410291 0.567690 0.410968 0.568592 0.410968 0.571300 0.413676 0.571300 0.414353 0.572202 0.415030 0.571300 0.418416 0.571300 0.419770 0.569495 0.419770 0.568592 0.420447 0.567690 0.420447 0.562274 0.421124 0.561372 0.421124 0.558664 0.421801 0.557762 0.421801 0.555054 0.423155 0.553249 0.423155 0.551444 0.424509 0.549639 0.424509 0.547834 0.425186 0.546931 0.425186 0.537906 0.424509 0.537004 0.424509 0.535199 0.423832 0.534296 0.423832 0.532491 0.423155 0.531588 0.423155 0.527978 0.422478 0.527076 0.422478 0.522563 0.421801 0.521661 0.421801 0.520758 0.421124 0.519856
0 0.496953 0.503610 0.496276 0.504513 0.494245 0.504513 0.491537 0.508123 0.491537 0.509928 0.490860 0.510830 0.490860 0.512635 0.490183 0.513538 0.490183 0.518953 0.490860 0.519856 0.490860 0.526173 0.490183 0.527076 0.490183 0.527978 0.488829 0.529783 0.488152 0.529783 0.487475 0.530686 0.486798 0.530686 0.484089 0.534296 0.484089 0.535199 0.483412 0.536101 0.483412 0.537906 0.482735 0.538809 0.482735 0.540614 0.482058 0.541516 0.482058 0.545126 0.481381 0.546029 0.481381 0.549639 0.480704 0.550542 0.480704 0.555054 0.480027 0.555957 0.480027 0.558664 0.479350 0.559567 0.479350 0.561372 0.478673 0.562274 0.478673 0.564982 0.477996 0.565884 0.477996 0.571300 0.477319 0.572202 0.477319 0.576715 0.476642 0.577617 0.476642 0.583935 0.477319 0.584838 0.477319 0.585740 0.477996 0.586643 0.477996 0.587545 0.480027 0.590253 0.480027 0.591155 0.480704 0.591155 0.480704 0.590253 0.481381 0.589350 0.481381 0.588448 0.482058 0.587545 0.482058 0.586643 0.482735 0.585740 0.482735 0.584838 0.483412 0.583935 0.483412 0.583032 0.484089 0.582130 0.487475 0.586643 0.487475 0.587545 0.488152 0.588448 0.488152 0.593863 0.488829 0.594765 0.488829 0.599278 0.489506 0.600181 0.489506 0.603791 0.490183 0.604693 0.490183 0.609206 0.490860 0.610108 0.490860 0.624549 0.491537 0.625451 0.491537 0.629964 0.492214 0.630866 0.492214 0.638087 0.492891 0.638989 0.492891 0.643502 0.492214 0.644404 0.492214 0.645307 0.490860 0.647112 0.490860 0.648917 0.490183 0.649819 0.490860 0.650722 0.493568 0.650722 0.494245 0.651625 0.494922 0.651625 0.495599 0.650722 0.498307 0.650722 0.499661 0.648917 0.499661 0.646209 0.498984 0.645307 0.498984 0.629964 0.498307 0.629061 0.498307 0.606498 0.498984 0.605596 0.498984 0.604693 0.501016 0.601986 0.502370 0.603791 0.502370 0.604693 0.503047 0.605596 0.503047 0.607401 0.503724 0.608303 0.503724 0.618231 0.503047 0.619134 0.503047 0.627256 0.502370 0.628159 0.502370 0.629964 0.503047 0.630866 0.503047 0.632671 0.503724 0.633574 0.503724 0.636282 0.504401 0.637184 0.504401 0.638087 0.505078 0.638989 0.505078 0.639892 0.508463 0.644404 0.509140 0.643502 0.510494 0.643502 0.511171 0.642599 0.511171 0.638087 0.510494 0.637184 0.510494 0.636282 0.509817 0.635379 0.509817 0.633574 0.509140 0.632671 0.509140 0.630866 0.508463 0.629964 0.508463 0.629061 0.509140 0.628159 0.509140 0.622744 0.509817 0.621841 0.509817 0.602888 0.510494 0.601986 0.510494 0.592960 0.511171 0.592058 0.511171 0.589350 0.511848 0.588448 0.513202 0.590253 0.513879 0.590253 0.514557 0.591155 0.515234 0.591155 0.517265 0.588448 0.517265 0.569495 0.516588 0.568592 0.516588 0.562274 0.515911 0.561372 0.515911 0.555957 0.515234 0.555054 0.515234 0.551444 0.514557 0.550542 0.514557 0.546029 0.513879 0.545126 0.513879 0.541516 0.513202 0.540614 0.513202 0.537906 0.512525 0.537004 0.512525 0.535199 0.511848 0.534296 0.511848 0.532491 0.510494 0.530686 0.509817 0.530686 0.508463 0.528881 0.507786 0.528881 0.507109 0.527978 0.505755 0.527978 0.505078 0.527076 0.504401 0.527076 0.503724 0.526173 0.503724 0.525271 0.503047 0.524368 0.503047 0.520758 0.503724 0.519856 0.503724 0.511733 0.503047 0.510830 0.503047 0.509928 0.502370 0.509025 0.502370 0.508123 0.500339 0.505415 0.499661 0.505415 0.498307 0.503610
1 0.372376 0.512635 0.371699 0.513538 0.371022 0.513538 0.369668 0.515343 0.369668 0.516245 0.367637 0.518953 0.367637 0.520758 0.366960 0.521661 0.366960 0.524368 0.367637 0.525271 0.367637 0.526173 0.368314 0.526173 0.368991 0.527076 0.375085 0.527076 0.375762 0.526173 0.376439 0.526173 0.377793 0.524368 0.377793 0.518051 0.377116 0.517148 0.377116 0.516245 0.376439 0.515343 0.376439 0.514440 0.375762 0.514440 0.375085 0.513538 0.374408 0.513538 0.373731 0.512635
1 0.417739 0.519856 0.415708 0.522563 0.415708 0.526173 0.416385 0.526173 0.417062 0.527076 0.421801 0.527076 0.422478 0.526173 0.422478 0.521661 0.421124 0.519856
1 0.375762 0.522563 0.375085 0.523466 0.374408 0.523466 0.373731 0.524368 0.373053 0.524368 0.372376 0.525271 0.371699 0.525271 0.371022 0.526173 0.371022 0.527076 0.370345 0.527978 0.370345 0.530686 0.372376 0.533394 0.373731 0.533394 0.374408 0.532491 0.377116 0.532491 0.379147 0.529783 0.379147 0.527978 0.378470 0.527076 0.378470 0.525271 0.376439 0.522563
1 0.566689 0.577617 0.566012 0.578520 0.563981 0.578520 0.563304 0.579422 0.562627 0.579422 0.561273 0.581227 0.560596 0.581227 0.559919 0.582130 0.559919 0.583032 0.558565 0.584838 0.558565 0.589350 0.557888 0.590253 0.557888 0.597473 0.558565 0.598375 0.558565 0.601986 0.559242 0.602888 0.559242 0.603791 0.559919 0.604693 0.559919 0.605596 0.560596 0.605596 0.561273 0.606498 0.561950 0.606498 0.562627 0.607401 0.566689 0.607401 0.567366 0.606498 0.568043 0.606498 0.570752 0.602888 0.571429 0.602888 0.572106 0.601986 0.572106 0.601083 0.572783 0.600181 0.572783 0.598375 0.573460 0.597473 0.573460 0.594765 0.574137 0.593863 0.574137 0.588448 0.574814 0.587545 0.574814 0.583935 0.574137 0.583032 0.574137 0.581227 0.573460 0.580325 0.572783 0.580325 0.572106 0.579422 0.571429 0.579422 0.570752 0.578520 0.569397 0.578520 0.568720 0.577617
1 0.495599 0.503610 0.494922 0.504513 0.494245 0.504513 0.491537 0.508123 0.491537 0.509025 0.490860 0.509928 0.490860 0.512635 0.490183 0.513538 0.490183 0.518953 0.490860 0.519856 0.490860 0.521661 0.491537 0.521661 0.492214 0.522563 0.498307 0.522563 0.498984 0.521661 0.499661 0.521661 0.500339 0.520758 0.501693 0.520758 0.502370 0.519856 0.503047 0.519856 0.503724 0.518953 0.503724 0.516245 0.504401 0.515343 0.503724 0.514440 0.503724 0.511733 0.503047 0.510830 0.503047 0.509025 0.501693 0.507220 0.501693 0.506318 0.501016 0.506318 0.498984 0.503610
1 0.355450 0.543321 0.354773 0.544224 0.354096 0.544224 0.353419 0.545126 0.353419 0.546029 0.352742 0.546931 0.352742 0.550542 0.353419 0.551444 0.353419 0.553249 0.354773 0.555054 0.356127 0.555054 0.356804 0.554152 0.357481 0.554152 0.360190 0.550542 0.360190 0.546029 0.358835 0.544224 0.357481 0.544224 0.356804 0.543321
1 0.570752 0.524368 0.570752 0.525271 0.570074 0.526173 0.570074 0.532491 0.570752 0.532491 0.571429 0.533394 0.574137 0.533394 0.574814 0.532491 0.575491 0.532491 0.576168 0.531588 0.576168 0.530686 0.576845 0.529783 0.576845 0.527978 0.576168 0.527076 0.576168 0.526173 0.574814 0.524368
2 0.445498 0.722924 0.444821 0.723827 0.442789 0.723827 0.442112 0.724729 0.438727 0.724729 0.438050 0.725632 0.436019 0.725632 0.435342 0.726534 0.434665 0.726534 0.427894 0.735560 0.427217 0.735560 0.426540 0.736462 0.425186 0.736462 0.424509 0.737365 0.423832 0.737365 0.423155 0.738267 0.422478 0.738267 0.421124 0.740072 0.421124 0.744585 0.421801 0.745487 0.421801 0.746390 0.423832 0.749097 0.424509 0.749097 0.425186 0.750000 0.429926 0.750000 0.430603 0.750903 0.436019 0.750903 0.436696 0.751805 0.438727 0.751805 0.439404 0.752708 0.440758 0.752708 0.441435 0.753610 0.442112 0.753610 0.442789 0.754513 0.449560 0.754513 0.450237 0.753610 0.452268 0.753610 0.452945 0.752708 0.454299 0.752708 0.455653 0.750903 0.456330 0.750903 0.458362 0.748195 0.459716 0.748195 0.461747 0.745487 0.463101 0.745487 0.465132 0.742780 0.465132 0.741877 0.466486 0.740072 0.466486 0.734657 0.467163 0.733755 0.466486 0.732852 0.466486 0.730144 0.463101 0.725632 0.461747 0.725632 0.461070 0.724729 0.459716 0.724729 0.459039 0.723827 0.457007 0.723827 0.456330 0.722924
2 0.506432 0.629964 0.505755 0.630866 0.504401 0.630866 0.503047 0.632671 0.503047 0.633574 0.503724 0.634477 0.503724 0.637184 0.504401 0.638087 0.504401 0.638989 0.505078 0.639892 0.505078 0.640794 0.507109 0.643502 0.507786 0.643502 0.508463 0.644404 0.509817 0.644404 0.510494 0.643502 0.511848 0.643502 0.511848 0.642599 0.512525 0.641697 0.512525 0.639892 0.511848 0.638989 0.511848 0.637184 0.511171 0.636282 0.511171 0.635379 0.510494 0.634477 0.510494 0.633574 0.509817 0.632671 0.509817 0.631769 0.508463 0.629964
2 0.566012 0.643502 0.563981 0.646209 0.563981 0.648014 0.563304 0.648917 0.563304 0.653430 0.563981 0.654332 0.565335 0.654332 0.566012 0.655235 0.569397 0.655235 0.570074 0.654332 0.572106 0.654332 0.573460 0.652527 0.573460 0.647112 0.572783 0.646209 0.572783 0.645307 0.572106 0.644404 0.571429 0.644404 0.570752 0.643502
2 0.494922 0.641697 0.494245 0.642599 0.493568 0.642599 0.491537 0.645307 0.490860 0.645307 0.489506 0.647112 0.489506 0.650722 0.490183 0.650722 0.490860 0.651625 0.493568 0.651625 0.494245 0.652527 0.494922 0.651625 0.498307 0.651625 0.498984 0.650722 0.499661 0.650722 0.500339 0.649819 0.500339 0.646209 0.499661 0.645307 0.499661 0.644404 0.498307 0.642599 0.498307 0.641697