0 0.492891 0.319495 0.492214 0.320397 0.490860 0.320397 0.488829 0.323105 0.488152 0.323105 0.487475 0.324007 0.487475 0.324910 0.486798 0.325812 0.486798 0.327617 0.486121 0.328520 0.486121 0.331227 0.485443 0.332130 0.485443 0.335740 0.484766 0.336643 0.484766 0.338448 0.484089 0.339350 0.484089 0.342058 0.483412 0.342960 0.483412 0.345668 0.482735 0.346570 0.482735 0.350181 0.482058 0.351083 0.482058 0.357401 0.482735 0.358303 0.482735 0.360108 0.485443 0.363718 0.485443 0.364621 0.486121 0.365523 0.486121 0.366426 0.486798 0.367329 0.486798 0.369134 0.487475 0.370036 0.487475 0.371841 0.488152 0.372744 0.488152 0.379964 0.488829 0.380866 0.488829 0.387184 0.490183 0.388989 0.491537 0.388989 0.492214 0.388087 0.492891 0.388087 0.493568 0.387184 0.496276 0.387184 0.496953 0.386282 0.498984 0.386282 0.501016 0.383574 0.501016 0.379061 0.500339 0.378159 0.500339 0.376354 0.499661 0.375451 0.499661 0.369134 0.498984 0.368231 0.498984 0.354693 0.498307 0.353791 0.498307 0.349278 0.497630 0.348375 0.497630 0.346570 0.496953 0.345668 0.496953 0.339350 0.497630 0.338448 0.497630 0.333935 0.498307 0.333032 0.498307 0.331227 0.498984 0.330325 0.498984 0.329422 0.498307 0.328520 0.498307 0.327617 0.498984 0.326715 0.498984 0.324007 0.497630 0.322202 0.496953 0.322202 0.494922 0.319495
0 0.886256 0.331227 0.885579 0.332130 0.884225 0.332130 0.883548 0.333032 0.880840 0.333032 0.880162 0.333935 0.878131 0.333935 0.877454 0.334838 0.875423 0.334838 0.874746 0.335740 0.873392 0.335740 0.872715 0.336643 0.872038 0.336643 0.870007 0.339350 0.870007 0.340253 0.869330 0.341155 0.869330 0.342058 0.867976 0.343863 0.867299 0.343863 0.866622 0.344765 0.865944 0.344765 0.865267 0.345668 0.863913 0.345668 0.863236 0.346570 0.859851 0.346570 0.859174 0.347473 0.852404 0.347473 0.851726 0.346570 0.842925 0.346570 0.842248 0.345668 0.838863 0.345668 0.838186 0.346570 0.833446 0.346570 0.832769 0.347473 0.830061 0.347473 0.829384 0.348375 0.828030 0.348375 0.826676 0.350181 0.824645 0.350181 0.823968 0.351083 0.823290 0.351083 0.822613 0.351986 0.821936 0.351986 0.820582 0.353791 0.819905 0.353791 0.819228 0.354693 0.818551 0.354693 0.817874 0.355596 0.817197 0.355596 0.815166 0.358303 0.814489 0.358303 0.806364 0.369134 0.806364 0.370036 0.804333 0.372744 0.804333 0.373646 0.803656 0.374549 0.803656 0.375451 0.802302 0.377256 0.802302 0.378159 0.801625 0.379061 0.801625 0.379964 0.800948 0.380866 0.800948 0.381769 0.800271 0.382671 0.800271 0.383574 0.799594 0.384477 0.799594 0.385379 0.798917 0.386282 0.798917 0.388087 0.798240 0.388989 0.798240 0.389892 0.797563 0.390794 0.797563 0.391697 0.796886 0.392599 0.796886 0.395307 0.797563 0.396209 0.797563 0.397112 0.800948 0.401625 0.801625 0.401625 0.802302 0.402527 0.802302 0.403430 0.805010 0.407040 0.805010 0.407942 0.805687 0.408845 0.805687 0.409747 0.806364 0.410650 0.806364 0.413357 0.807041 0.414260 0.807041 0.416065 0.807718 0.416968 0.807718 0.417870 0.808395 0.418773 0.808395 0.419675 0.809072 0.420578 0.809072 0.421480 0.809749 0.422383 0.809749 0.424188 0.810427 0.425090 0.810427 0.425993 0.811781 0.427798 0.811781 0.428700 0.812458 0.429603 0.812458 0.431408 0.813135 0.432310 0.813135 0.434116 0.813812 0.435018 0.813812 0.435921 0.814489 0.436823 0.814489 0.437726 0.815166 0.438628 0.815166 0.441336 0.815843 0.442238 0.815843 0.452166 0.815166 0.453069 0.815166 0.455776 0.814489 0.456679 0.814489 0.457581 0.813812 0.458484 0.813812 0.459386 0.813135 0.460289 0.813135 0.462094 0.812458 0.462996 0.812458 0.463899 0.810427 0.466606 0.810427 0.467509 0.809749 0.468412 0.809749 0.469314 0.809072 0.470217 0.809072 0.471119 0.807718 0.472924 0.807041 0.472924 0.806364 0.473827 0.805687 0.473827 0.805010 0.474729 0.804333 0.474729 0.803656 0.475632 0.802979 0.475632 0.801625 0.477437 0.801625 0.478339 0.800948 0.479242 0.800948 0.481949 0.801625 0.482852 0.801625 0.484657 0.802979 0.486462 0.802979 0.488267 0.804333 0.490072 0.804333 0.490975 0.805687 0.492780 0.805687 0.493682 0.806364 0.494585 0.806364 0.495487 0.807041 0.496390 0.807718 0.496390 0.809072 0.498195 0.817874 0.498195 0.819228 0.496390 0.819228 0.495487 0.819905 0.494585 0.819905 0.491877 0.819228 0.490975 0.819228 0.487365 0.819905 0.486462 0.819905 0.485560 0.821259 0.483755 0.823290 0.483755 0.823968 0.482852 0.824645 0.483755 0.824645 0.489170 0.825322 0.490072 0.825322 0.499097 0.824645 0.500000 0.824645 0.500903 0.823290 0.502708 0.823290 0.509025 0.823968 0.509025 0.824645 0.509928 0.827353 0.509928 0.828030 0.510830 0.830738 0.510830 0.831415 0.511733 0.852404 0.511733 0.854435 0.509025 0.854435 0.508123 0.851726 0.504513 0.851049 0.504513 0.850372 0.503610 0.849018 0.503610 0.847664 0.501805 0.846987 0.501805 0.843602 0.497292 0.842925 0.497292 0.839540 0.492780 0.839540 0.489170 0.838863 0.488267 0.838863 0.470217 0.839540 0.469314 0.839540 0.453069 0.840217 0.452166 0.840217 0.448556 0.840894 0.447653 0.840894 0.445848 0.841571 0.444946 0.841571 0.434116 0.840894 0.433213 0.840894 0.431408 0.840217 0.430505 0.840217 0.427798 0.839540 0.426895 0.839540 0.421480 0.838863 0.420578 0.838863 0.418773 0.838186 0.417870 0.838186 0.416968 0.837508 0.416065 0.837508 0.412455 0.836831 0.411552 0.837508 0.410650 0.837508 0.409747 0.838186 0.408845 0.838863 0.409747 0.841571 0.409747 0.842248 0.410650 0.842925 0.410650 0.843602 0.411552 0.844279 0.411552 0.844956 0.412455 0.845633 0.412455 0.846310 0.413357 0.846987 0.413357 0.849018 0.416065 0.850372 0.416065 0.851726 0.417870 0.853081 0.417870 0.854435 0.419675 0.855112 0.419675 0.855789 0.420578 0.856466 0.420578 0.858497 0.423285 0.859174 0.423285 0.860528 0.425090 0.861205 0.425090 0.861882 0.425993 0.863913 0.425993 0.864590 0.426895 0.872038 0.426895 0.872715 0.425993 0.876100 0.425993 0.876777 0.425090 0.878131 0.425090 0.879485 0.423285 0.880840 0.423285 0.881517 0.422383 0.882194 0.422383 0.882871 0.421480 0.883548 0.421480 0.883548 0.420578 0.882871 0.419675 0.882871 0.418773 0.882194 0.417870 0.881517 0.417870 0.880840 0.416968 0.879485 0.416968 0.878808 0.416065 0.877454 0.416065 0.876777 0.415162 0.876100 0.415162 0.875423 0.414260 0.874069 0.414260 0.873392 0.413357 0.872715 0.413357 0.872038 0.412455 0.871361 0.412455 0.870007 0.410650 0.868653 0.410650 0.867976 0.409747 0.866622 0.409747 0.865944 0.408845 0.865267 0.408845 0.864590 0.407942 0.863913 0.407942 0.863236 0.407040 0.861882 0.407040 0.861205 0.406137 0.860528 0.406137 0.859851 0.405235 0.859174 0.405235 0.855789 0.400722 0.855789 0.398917 0.855112 0.398014 0.855112 0.397112 0.855789 0.396209 0.855789 0.394404 0.856466 0.393502 0.856466 0.391697 0.857820 0.389892 0.857820 0.388989 0.858497 0.388087 0.858497 0.387184 0.859851 0.385379 0.859851 0.384477 0.860528 0.383574 0.860528 0.382671 0.864590 0.377256 0.865267 0.377256 0.865944 0.376354 0.867299 0.376354 0.867976 0.375451 0.870684 0.375451 0.871361 0.374549 0.874069 0.374549 0.874746 0.375451 0.875423 0.375451 0.876777 0.377256 0.879485 0.377256 0.882194 0.373646 0.883548 0.373646 0.884225 0.372744 0.886256 0.372744 0.886933 0.371841 0.890995 0.371841 0.891672 0.370939 0.893703 0.370939 0.893703 0.370036 0.894381 0.369134 0.894381 0.368231 0.895058 0.367329 0.895058 0.366426 0.897089 0.363718 0.897089 0.362816 0.899120 0.360108 0.899797 0.360108 0.901151 0.358303 0.901151 0.357401 0.901828 0.356498 0.901828 0.355596 0.902505 0.354693 0.902505 0.345668 0.901828 0.344765 0.901828 0.342960 0.901151 0.342058 0.901151 0.341155 0.900474 0.340253 0.900474 0.339350 0.897766 0.335740 0.897766 0.334838 0.897089 0.334838 0.896412 0.333935 0.895735 0.333935 0.895058 0.333032 0.893703 0.333032 0.893026 0.332130 0.892349 0.332130 0.891672 0.331227
0 0.082600 0.408845 0.081923 0.409747 0.080569 0.409747 0.077861 0.413357 0.077861 0.414260 0.075152 0.417870 0.075152 0.418773 0.074475 0.419675 0.074475 0.422383 0.073798 0.423285 0.073798 0.424188 0.073121 0.425090 0.073121 0.425993 0.072444 0.426895 0.071767 0.426895 0.071090 0.427798 0.070413 0.427798 0.067028 0.432310 0.067028 0.433213 0.065674 0.435018 0.065674 0.437726 0.064997 0.438628 0.064997 0.449458 0.064320 0.450361 0.064320 0.459386 0.063643 0.460289 0.063643 0.474729 0.064320 0.475632 0.064997 0.475632 0.065674 0.476534 0.067028 0.476534 0.067705 0.477437 0.069059 0.477437 0.071767 0.481047 0.071767 0.481949 0.072444 0.482852 0.072444 0.484657 0.071767 0.485560 0.071090 0.485560 0.070413 0.486462 0.069736 0.486462 0.069059 0.487365 0.069736 0.488267 0.069736 0.490975 0.073121 0.490975 0.073798 0.491877 0.075152 0.491877 0.075829 0.490975 0.079215 0.490975 0.079892 0.490072 0.080569 0.490072 0.081246 0.489170 0.081923 0.489170 0.083277 0.487365 0.083954 0.487365 0.084631 0.486462 0.087339 0.486462 0.088016 0.485560 0.096141 0.485560 0.098849 0.489170 0.099526 0.489170 0.100203 0.490072 0.106297 0.490072 0.107651 0.488267 0.107651 0.485560 0.106974 0.484657 0.106974 0.481949 0.107651 0.481047 0.107651 0.480144 0.109005 0.478339 0.109005 0.477437 0.109682 0.476534 0.109682 0.474729 0.110359 0.473827 0.110359 0.472924 0.111036 0.472022 0.111036 0.470217 0.111713 0.469314 0.111713 0.465704 0.111036 0.464801 0.111036 0.462996 0.109682 0.461191 0.109682 0.452166 0.110359 0.451264 0.110359 0.449458 0.111036 0.448556 0.111036 0.447653 0.111713 0.446751 0.111713 0.444043 0.112390 0.443141 0.112390 0.442238 0.111036 0.440433 0.111036 0.439531 0.109682 0.437726 0.109005 0.437726 0.106297 0.434116 0.105619 0.434116 0.103588 0.431408 0.102911 0.431408 0.101557 0.429603 0.100880 0.429603 0.099526 0.427798 0.098849 0.427798 0.098172 0.426895 0.097495 0.426895 0.095464 0.424188 0.095464 0.423285 0.094787 0.422383 0.094787 0.417870 0.094110 0.416968 0.094110 0.416065 0.093433 0.415162 0.093433 0.414260 0.090724 0.410650 0.090047 0.410650 0.089370 0.409747 0.087339 0.409747 0.086662 0.408845
0 0.157075 0.392599 0.156398 0.393502 0.153690 0.393502 0.153013 0.394404 0.153013 0.395307 0.151659 0.397112 0.151659 0.402527 0.152336 0.403430 0.152336 0.404332 0.151659 0.405235 0.151659 0.406137 0.150982 0.407040 0.150305 0.407040 0.148951 0.408845 0.148274 0.408845 0.146242 0.411552 0.146242 0.412455 0.144211 0.415162 0.144211 0.423285 0.144888 0.424188 0.144888 0.425090 0.145565 0.425993 0.146242 0.425993 0.146919 0.426895 0.148274 0.426895 0.148951 0.427798 0.154367 0.427798 0.155044 0.428700 0.159783 0.428700 0.160460 0.427798 0.164523 0.427798 0.165200 0.426895 0.167908 0.426895 0.168585 0.425993 0.169262 0.425993 0.169939 0.425090 0.170616 0.425090 0.170616 0.419675 0.171293 0.418773 0.171293 0.417870 0.170616 0.416968 0.170616 0.415162 0.169939 0.414260 0.169939 0.413357 0.168585 0.411552 0.168585 0.410650 0.165200 0.406137 0.163846 0.406137 0.161814 0.403430 0.161814 0.401625 0.161137 0.400722 0.161137 0.398014 0.160460 0.397112 0.160460 0.396209 0.157752 0.392599
0 0.459039 0.349278 0.458362 0.350181 0.457684 0.350181 0.457007 0.351083 0.456330 0.351083 0.455653 0.351986 0.455653 0.352888 0.454976 0.353791 0.454976 0.355596 0.454299 0.356498 0.454299 0.358303 0.453622 0.359206 0.453622 0.361011 0.452945 0.361913 0.452945 0.375451 0.453622 0.376354 0.453622 0.377256 0.454299 0.378159 0.454299 0.379061 0.454976 0.379964 0.452945 0.382671 0.452268 0.382671 0.450914 0.384477 0.449560 0.384477 0.449560 0.385379 0.448883 0.386282 0.449560 0.387184 0.450237 0.386282 0.450914 0.386282 0.450914 0.385379 0.451591 0.384477 0.457684 0.384477 0.458362 0.383574 0.459039 0.383574 0.459716 0.382671 0.460393 0.383574 0.461070 0.383574 0.461747 0.384477 0.462424 0.384477 0.463101 0.385379 0.465132 0.385379 0.466486 0.383574 0.466486 0.382671 0.467163 0.381769 0.467163 0.380866 0.467840 0.379964 0.467840 0.378159 0.468517 0.377256 0.468517 0.374549 0.467840 0.373646 0.467840 0.372744 0.467163 0.371841 0.467163 0.370036 0.466486 0.369134 0.466486 0.368231 0.465809 0.367329 0.465809 0.365523 0.465132 0.364621 0.465132 0.355596 0.464455 0.354693 0.464455 0.351986 0.463101 0.350181 0.461747 0.350181 0.461070 0.349278
0 0.448206 0.321300 0.445498 0.324910 0.445498 0.325812 0.444821 0.326715 0.444821 0.327617 0.444144 0.328520 0.444144 0.330325 0.443466 0.331227 0.443466 0.332130 0.442789 0.333032 0.442789 0.333935 0.442112 0.334838 0.442112 0.352888 0.442789 0.353791 0.442789 0.358303 0.443466 0.359206 0.443466 0.366426 0.444144 0.367329 0.444144 0.370036 0.444821 0.370939 0.444821 0.372744 0.447529 0.376354 0.447529 0.381769 0.446852 0.382671 0.446852 0.384477 0.446175 0.385379 0.446175 0.387184 0.446852 0.387184 0.447529 0.388087 0.450237 0.388087 0.450914 0.387184 0.452268 0.387184 0.452945 0.386282 0.453622 0.386282 0.454299 0.385379 0.454299 0.384477 0.454976 0.383574 0.454299 0.382671 0.454299 0.379964 0.453622 0.379061 0.453622 0.373646 0.452945 0.372744 0.452945 0.368231 0.453622 0.367329 0.453622 0.360108 0.454299 0.359206 0.454299 0.356498 0.454976 0.355596 0.454976 0.351083 0.455653 0.350181 0.455653 0.343863 0.454976 0.342960 0.454976 0.341155 0.454299 0.340253 0.454299 0.338448 0.453622 0.337545 0.453622 0.335740 0.452945 0.334838 0.452945 0.333032 0.452268 0.332130 0.452268 0.328520 0.451591 0.327617 0.451591 0.323105 0.450237 0.321300
0 0.203114 0.351986 0.202437 0.352888 0.201760 0.352888 0.200406 0.354693 0.199729 0.354693 0.197021 0.358303 0.196344 0.358303 0.194990 0.360108 0.194990 0.361011 0.193636 0.362816 0.193636 0.364621 0.192282 0.366426 0.192282 0.367329 0.190928 0.369134 0.190251 0.369134 0.189573 0.370036 0.188896 0.370036 0.186865 0.372744 0.186865 0.373646 0.186188 0.374549 0.186188 0.375451 0.185511 0.376354 0.185511 0.377256 0.184834 0.378159 0.184834 0.379964 0.184157 0.380866 0.184157 0.385379 0.183480 0.386282 0.183480 0.391697 0.182803 0.392599 0.182803 0.395307 0.182126 0.396209 0.182126 0.398917 0.181449 0.399819 0.181449 0.402527 0.180772 0.403430 0.180772 0.405235 0.180095 0.406137 0.180095 0.407942 0.178741 0.409747 0.178741 0.410650 0.178064 0.411552 0.178064 0.412455 0.178741 0.413357 0.178741 0.414260 0.179418 0.414260 0.180095 0.413357 0.182803 0.413357 0.184834 0.410650 0.185511 0.410650 0.186188 0.409747 0.187542 0.409747 0.187542 0.408845 0.188219 0.407942 0.188219 0.406137 0.188896 0.405235 0.189573 0.406137 0.189573 0.412455 0.190251 0.413357 0.190251 0.416065 0.190928 0.416968 0.190928 0.418773 0.191605 0.419675 0.191605 0.421480 0.192282 0.422383 0.192282 0.425090 0.192959 0.425993 0.192959 0.428700 0.193636 0.429603 0.193636 0.431408 0.194313 0.432310 0.194990 0.432310 0.195667 0.433213 0.200406 0.433213 0.201083 0.432310 0.207854 0.432310 0.208531 0.431408 0.213270 0.431408 0.213947 0.430505 0.214624 0.430505 0.215978 0.428700 0.215978 0.426895 0.216655 0.425993 0.216655 0.424188 0.215978 0.423285 0.215978 0.419675 0.215301 0.418773 0.215301 0.416968 0.211239 0.411552 0.211239 0.410650 0.207177 0.405235 0.207177 0.404332 0.205823 0.402527 0.205146 0.402527 0.202437 0.398917 0.201760 0.398917 0.200406 0.397112 0.200406 0.396209 0.199729 0.395307 0.199729 0.394404 0.199052 0.393502 0.199052 0.392599 0.197698 0.390794 0.197698 0.384477 0.198375 0.383574 0.198375 0.382671 0.199729 0.380866 0.199729 0.379964 0.202437 0.376354 0.203114 0.376354 0.205146 0.373646 0.205823 0.373646 0.206500 0.372744 0.211239 0.372744 0.211916 0.371841 0.211916 0.370036 0.213270 0.368231 0.213270 0.364621 0.213947 0.363718 0.213947 0.361913 0.213270 0.361011 0.213270 0.358303 0.212593 0.357401 0.212593 0.356498 0.210562 0.353791 0.209885 0.353791 0.209208 0.352888 0.208531 0.352888 0.207854 0.351986
1 0.884902 0.331227 0.884225 0.332130 0.882871 0.332130 0.882194 0.333032 0.880162 0.333032 0.879485 0.333935 0.877454 0.333935 0.876777 0.334838 0.875423 0.334838 0.874069 0.336643 0.873392 0.336643 0.872038 0.338448 0.872715 0.339350 0.877454 0.339350 0.878131 0.340253 0.880162 0.340253 0.880840 0.341155 0.880840 0.342058 0.882871 0.344765 0.883548 0.344765 0.884225 0.345668 0.884225 0.346570 0.885579 0.348375 0.885579 0.349278 0.887610 0.351986 0.887610 0.352888 0.888287 0.353791 0.888287 0.354693 0.888964 0.355596 0.888964 0.357401 0.889641 0.358303 0.890318 0.358303 0.890995 0.359206 0.889641 0.361011 0.889641 0.362816 0.890995 0.364621 0.890995 0.365523 0.891672 0.366426 0.892349 0.366426 0.893026 0.367329 0.895058 0.367329 0.895735 0.366426 0.896412 0.366426 0.897089 0.365523 0.897089 0.364621 0.897766 0.363718 0.897766 0.362816 0.899120 0.361011 0.899797 0.361011 0.901828 0.358303 0.901828 0.357401 0.902505 0.356498 0.902505 0.353791 0.903182 0.352888 0.903182 0.347473 0.902505 0.346570 0.902505 0.343863 0.901828 0.342960 0.901828 0.342058 0.901151 0.341155 0.901151 0.340253 0.900474 0.339350 0.900474 0.338448 0.896412 0.333032 0.895058 0.333032 0.894381 0.332130 0.893026 0.332130 0.892349 0.331227
1 0.459716 0.349278 0.459039 0.350181 0.457684 0.350181 0.457007 0.351083 0.456330 0.351083 0.455653 0.351986 0.455653 0.354693 0.454976 0.355596 0.454976 0.356498 0.455653 0.357401 0.455653 0.359206 0.457007 0.359206 0.457684 0.360108 0.461070 0.360108 0.461747 0.361011 0.463101 0.361011 0.464455 0.359206 0.464455 0.356498 0.465132 0.355596 0.464455 0.354693 0.464455 0.351986 0.463101 0.350181 0.461747 0.350181 0.461070 0.349278
1 0.081246 0.408845 0.075829 0.416065 0.075829 0.416968 0.075152 0.417870 0.075152 0.419675 0.075829 0.420578 0.077183 0.420578 0.077861 0.421480 0.081246 0.421480 0.081923 0.420578 0.088693 0.420578 0.089370 0.421480 0.093433 0.421480 0.094787 0.419675 0.094787 0.417870 0.094110 0.416968 0.094110 0.415162 0.093433 0.414260 0.093433 0.413357 0.091401 0.410650 0.090047 0.410650 0.089370 0.409747 0.088693 0.409747 0.088016 0.408845
1 0.205146 0.351083 0.204469 0.351986 0.202437 0.351986 0.201083 0.353791 0.200406 0.353791 0.195667 0.360108 0.195667 0.362816 0.196344 0.362816 0.197021 0.363718 0.197698 0.363718 0.199052 0.365523 0.199729 0.365523 0.200406 0.366426 0.201760 0.366426 0.202437 0.367329 0.205146 0.367329 0.205823 0.368231 0.211239 0.368231 0.211916 0.367329 0.212593 0.367329 0.213270 0.366426 0.213270 0.363718 0.213947 0.362816 0.213947 0.361011 0.213270 0.360108 0.213270 0.357401 0.209885 0.352888 0.209208 0.352888 0.208531 0.351986 0.207177 0.351986 0.206500 0.351083
1 0.447529 0.321300 0.445498 0.324007 0.445498 0.326715 0.444821 0.327617 0.445498 0.328520 0.450237 0.328520 0.451591 0.326715 0.451591 0.325812 0.452268 0.324910 0.452268 0.323105 0.451591 0.322202 0.451591 0.321300
1 0.493568 0.318592 0.492891 0.319495 0.491537 0.319495 0.488829 0.323105 0.488829 0.324007 0.488152 0.324910 0.488152 0.326715 0.487475 0.327617 0.488152 0.328520 0.488152 0.329422 0.489506 0.331227 0.490860 0.331227 0.491537 0.332130 0.497630 0.332130 0.498307 0.331227 0.498984 0.331227 0.499661 0.330325 0.499661 0.323105 0.496953 0.319495 0.495599 0.319495 0.494922 0.318592
2 0.494922 0.384477 0.494245 0.385379 0.492214 0.385379 0.491537 0.386282 0.490860 0.386282 0.490183 0.387184 0.490183 0.389892 0.494922 0.389892 0.495599 0.388989 0.496276 0.388989 0.496953 0.388087 0.498307 0.388087 0.498984 0.387184 0.499661 0.387184 0.500339 0.386282 0.498984 0.384477
2 0.838186 0.494585 0.836831 0.496390 0.836154 0.496390 0.835477 0.497292 0.834800 0.497292 0.834123 0.498195 0.833446 0.498195 0.832769 0.499097 0.832092 0.499097 0.831415 0.500000 0.826676 0.500000 0.825999 0.500903 0.825322 0.500903 0.824645 0.501805 0.823968 0.501805 0.823290 0.502708 0.823290 0.503610 0.822613 0.504513 0.822613 0.508123 0.823968 0.509928 0.825322 0.509928 0.825999 0.510830 0.828707 0.510830 0.829384 0.511733 0.836154 0.511733 0.836831 0.512635 0.851726 0.512635 0.852404 0.511733 0.853758 0.511733 0.855112 0.509928 0.855112 0.509025 0.855789 0.508123 0.854435 0.506318 0.853758 0.506318 0.853081 0.505415 0.852404 0.505415 0.851726 0.504513 0.851049 0.504513 0.850372 0.503610 0.849695 0.503610 0.849018 0.502708 0.848341 0.502708 0.847664 0.501805 0.846987 0.501805 0.845633 0.500000 0.844956 0.500000 0.841571 0.495487 0.839540 0.495487 0.838863 0.494585
2 0.070413 0.485560 0.069736 0.486462 0.069059 0.486462 0.068382 0.487365 0.068382 0.488267 0.067705 0.489170 0.067705 0.490975 0.068382 0.491877 0.069059 0.491877 0.069736 0.492780 0.073798 0.492780 0.074475 0.493682 0.075152 0.493682 0.075829 0.492780 0.081246 0.492780 0.082600 0.490975 0.082600 0.490072 0.080569 0.487365 0.077861 0.487365 0.077183 0.486462 0.075829 0.486462 0.075152 0.485560
2 0.101557 0.483755 0.100880 0.484657 0.099526 0.484657 0.097495 0.487365 0.098172 0.488267 0.098172 0.490072 0.098849 0.490975 0.100880 0.490975 0.101557 0.491877 0.106297 0.491877 0.106974 0.490975 0.108328 0.490975 0.109005 0.490072 0.109005 0.485560 0.107651 0.483755
2 0.450914 0.383574 0.450237 0.384477 0.448206 0.384477 0.446852 0.386282 0.446852 0.388087 0.447529 0.388989 0.451591 0.388989 0.452268 0.388087 0.454299 0.388087 0.454976 0.387184 0.456330 0.387184 0.456330 0.383574
2 0.446175 0.383574 0.444144 0.386282 0.444144 0.388087 0.445498 0.389892 0.446175 0.389892 0.446852 0.388989 0.448883 0.388989 0.449560 0.388087 0.450237 0.388087 0.451591 0.386282 0.450237 0.384477 0.448206 0.384477 0.447529 0.383574
2 0.489506 0.385379 0.488152 0.387184 0.488152 0.389892 0.488829 0.389892 0.489506 0.390794 0.491537 0.390794 0.492214 0.389892 0.492891 0.389892 0.493568 0.388989 0.493568 0.388087 0.494245 0.387184 0.492891 0.385379
2 0.803656 0.473827 0.802979 0.474729 0.802302 0.474729 0.801625 0.475632 0.800948 0.475632 0.800271 0.476534 0.800271 0.482852 0.800948 0.483755 0.800948 0.484657 0.801625 0.485560 0.801625 0.486462 0.802302 0.487365 0.802302 0.488267 0.802979 0.489170 0.802979 0.490072 0.803656 0.490975 0.803656 0.491877 0.804333 0.492780 0.804333 0.493682 0.806364 0.496390 0.806364 0.497292 0.807041 0.498195 0.807718 0.498195 0.808395 0.499097 0.809749 0.499097 0.810427 0.500000 0.813812 0.500000 0.814489 0.499097 0.817197 0.499097 0.817874 0.498195 0.819228 0.498195 0.819905 0.497292 0.819905 0.495487 0.820582 0.494585 0.819905 0.493682 0.819905 0.492780 0.818551 0.490975 0.817874 0.490975 0.817197 0.490072 0.811781 0.490072 0.811104 0.489170 0.809749 0.489170 0.809072 0.488267 0.808395 0.488267 0.807718 0.487365 0.807718 0.486462 0.806364 0.484657 0.806364 0.481949 0.807041 0.481047 0.807041 0.478339 0.806364 0.477437 0.806364 0.475632 0.805687 0.474729 0.804333 0.474729