0 0.324306 0.531588 0.320921 0.536101 0.320921 0.539711 0.320244 0.540614 0.320244 0.544224 0.319567 0.545126 0.319567 0.548736 0.316858 0.552347 0.316858 0.555054 0.316181 0.555957 0.316181 0.558664 0.316858 0.559567 0.316858 0.564982 0.316181 0.565884 0.316181 0.566787 0.315504 0.567690 0.315504 0.570397 0.314150 0.572202 0.314150 0.574910 0.313473 0.575812 0.313473 0.584838 0.312796 0.585740 0.312796 0.588448 0.313473 0.589350 0.313473 0.592960 0.314150 0.593863 0.314150 0.594765 0.314827 0.594765 0.315504 0.595668 0.316181 0.595668 0.316858 0.596570 0.316858 0.597473 0.317536 0.598375 0.319567 0.598375 0.320244 0.599278 0.322275 0.599278 0.323629 0.597473 0.324306 0.597473 0.326337 0.594765 0.325660 0.593863 0.325660 0.592960 0.324306 0.591155 0.324983 0.590253 0.324983 0.589350 0.326337 0.587545 0.326337 0.584838 0.325660 0.584838 0.324983 0.583935 0.324306 0.583935 0.323629 0.583032 0.323629 0.582130 0.322952 0.581227 0.322952 0.579422 0.323629 0.578520 0.323629 0.575812 0.324306 0.574910 0.326337 0.574910 0.327691 0.576715 0.327691 0.577617 0.327691 0.570397 0.329722 0.567690 0.329722 0.565884 0.329045 0.564982 0.329045 0.564079 0.330399 0.562274 0.330399 0.561372 0.331077 0.560469 0.331077 0.557762 0.331754 0.556859 0.331077 0.555957 0.331077 0.554152 0.330399 0.553249 0.331077 0.552347 0.331077 0.542419 0.330399 0.541516 0.330399 0.540614 0.329722 0.539711 0.332431 0.536101 0.332431 0.535199 0.330399 0.532491 0.324983 0.532491
0 0.209885 0.517148 0.209208 0.518051 0.208531 0.518051 0.208531 0.521661 0.209208 0.522563 0.209208 0.524368 0.209885 0.525271 0.209885 0.526173 0.213270 0.526173 0.213947 0.525271 0.211916 0.522563 0.211916 0.519856 0.211239 0.518953 0.211239 0.518051 0.210562 0.518051
0 0.553148 0.337545 0.552471 0.338448 0.551794 0.338448 0.550440 0.340253 0.549763 0.340253 0.546378 0.344765 0.545701 0.343863 0.542316 0.343863 0.541638 0.344765 0.540284 0.344765 0.539607 0.345668 0.538253 0.345668 0.537576 0.346570 0.536899 0.346570 0.536222 0.347473 0.534868 0.347473 0.534191 0.348375 0.532837 0.348375 0.532160 0.349278 0.530806 0.349278 0.530129 0.350181 0.528775 0.350181 0.528097 0.351083 0.526743 0.351083 0.526066 0.351986 0.525389 0.351986 0.524712 0.352888 0.524035 0.352888 0.523358 0.353791 0.522004 0.353791 0.520650 0.355596 0.519973 0.355596 0.518619 0.357401 0.517942 0.357401 0.517265 0.358303 0.516588 0.358303 0.515911 0.359206 0.515234 0.359206 0.513879 0.361011 0.513202 0.361011 0.512525 0.361913 0.511171 0.361913 0.510494 0.362816 0.509817 0.362816 0.509140 0.363718 0.508463 0.363718 0.507786 0.364621 0.505755 0.364621 0.505078 0.365523 0.503724 0.365523 0.503047 0.366426 0.501693 0.366426 0.501016 0.367329 0.500339 0.367329 0.499661 0.368231 0.498307 0.368231 0.497630 0.369134 0.495599 0.369134 0.494922 0.370036 0.494245 0.370036 0.493568 0.370939 0.492214 0.370939 0.491537 0.371841 0.490183 0.371841 0.489506 0.372744 0.488152 0.372744 0.487475 0.373646 0.486798 0.373646 0.486121 0.374549 0.484766 0.374549 0.484089 0.375451 0.482735 0.375451 0.482058 0.376354 0.480704 0.376354 0.480027 0.377256 0.479350 0.377256 0.478673 0.378159 0.477319 0.378159 0.476642 0.379061 0.475965 0.379061 0.475288 0.379964 0.474611 0.379964 0.473257 0.381769 0.472580 0.381769 0.471903 0.382671 0.470548 0.382671 0.469871 0.383574 0.469194 0.383574 0.468517 0.384477 0.467840 0.384477 0.467163 0.385379 0.465809 0.385379 0.465132 0.386282 0.463778 0.386282 0.463101 0.387184 0.462424 0.387184 0.461747 0.388087 0.461070 0.388087 0.460393 0.388989 0.459039 0.388989 0.458362 0.389892 0.456330 0.389892 0.455653 0.390794 0.454976 0.390794 0.454299 0.391697 0.452945 0.391697 0.452268 0.392599 0.451591 0.392599 0.450914 0.393502 0.450237 0.393502 0.449560 0.394404 0.448883 0.394404 0.447529 0.396209 0.446175 0.396209 0.444821 0.398014 0.444144 0.398014 0.443466 0.398917 0.442789 0.398917 0.442112 0.399819 0.440758 0.399819 0.440081 0.400722 0.438727 0.400722 0.438050 0.401625 0.437373 0.401625 0.436696 0.402527 0.436019 0.402527 0.435342 0.403430 0.433311 0.403430 0.432634 0.404332 0.431280 0.404332 0.430603 0.405235 0.429248 0.405235 0.428571 0.406137 0.427217 0.406137 0.426540 0.407040 0.425863 0.407040 0.425186 0.407942 0.424509 0.407942 0.423832 0.408845 0.423155 0.408845 0.422478 0.409747 0.421124 0.409747 0.420447 0.410650 0.419093 0.410650 0.418416 0.411552 0.417739 0.411552 0.416385 0.413357 0.415030 0.413357 0.414353 0.414260 0.413676 0.414260 0.412322 0.416065 0.411645 0.416065 0.410968 0.416968 0.409614 0.416968 0.408937 0.417870 0.407583 0.417870 0.406906 0.418773 0.405552 0.418773 0.404875 0.419675 0.404198 0.419675 0.403521 0.420578 0.402167 0.420578 0.401490 0.421480 0.400135 0.421480 0.398781 0.423285 0.398104 0.423285 0.397427 0.424188 0.396073 0.424188 0.395396 0.425090 0.394719 0.425090 0.394042 0.425993 0.393365 0.425993 0.392688 0.426895 0.392011 0.426895 0.391334 0.427798 0.389303 0.427798 0.388626 0.428700 0.387271 0.428700 0.386594 0.429603 0.385917 0.429603 0.385240 0.430505 0.384563 0.430505 0.383886 0.431408 0.382532 0.431408 0.381855 0.432310 0.381178 0.432310 0.380501 0.433213 0.379147 0.433213 0.378470 0.434116 0.377116 0.434116 0.376439 0.435018 0.375762 0.435018 0.375085 0.435921 0.375085 0.436823 0.374408 0.437726 0.374408 0.438628 0.373731 0.439531 0.373731 0.443141 0.374408 0.444043 0.374408 0.453069 0.375085 0.453971 0.375085 0.462094 0.375762 0.462996 0.375762 0.469314 0.376439 0.470217 0.376439 0.478339 0.377116 0.479242 0.377116 0.489170 0.377793 0.490072 0.377793 0.498195 0.378470 0.499097 0.378470 0.511733 0.379147 0.512635 0.379147 0.516245 0.379824 0.517148 0.379824 0.524368 0.380501 0.525271 0.380501 0.528881 0.381178 0.529783 0.381178 0.536101 0.381855 0.537004 0.381855 0.543321 0.382532 0.544224 0.382532 0.546931 0.383209 0.547834 0.383209 0.550542 0.383886 0.551444 0.384563 0.551444 0.385240 0.552347 0.385917 0.552347 0.386594 0.553249 0.387271 0.552347 0.397427 0.552347 0.398104 0.553249 0.398781 0.553249 0.399458 0.554152 0.400812 0.554152 0.406229 0.561372 0.406229 0.563177 0.408260 0.565884 0.408937 0.565884 0.409614 0.566787 0.410291 0.566787 0.413676 0.571300 0.413676 0.572202 0.414353 0.573105 0.414353 0.575812 0.415030 0.576715 0.415030 0.578520 0.414353 0.579422 0.414353 0.583032 0.413676 0.583935 0.413676 0.586643 0.412322 0.588448 0.412322 0.593863 0.413676 0.595668 0.413676 0.596570 0.414353 0.597473 0.414353 0.599278 0.415030 0.600181 0.415030 0.601986 0.415708 0.602888 0.415708 0.609206 0.414353 0.611011 0.414353 0.611913 0.411645 0.615523 0.410968 0.615523 0.410968 0.616426 0.410291 0.617329 0.410291 0.618231 0.406906 0.622744 0.406906 0.624549 0.406229 0.625451 0.406229 0.627256 0.405552 0.628159 0.405552 0.629964 0.406229 0.629964 0.406906 0.630866 0.407583 0.630866 0.408260 0.631769 0.408937 0.631769 0.409614 0.632671 0.410968 0.632671 0.411645 0.633574 0.421124 0.633574 0.421801 0.634477 0.427217 0.634477 0.427894 0.633574 0.434665 0.633574 0.435342 0.632671 0.437373 0.632671 0.438050 0.631769 0.439404 0.631769 0.440081 0.630866 0.441435 0.630866 0.442112 0.629964 0.444821 0.629964 0.445498 0.629061 0.446175 0.629061 0.446852 0.628159 0.448883 0.628159 0.449560 0.627256 0.451591 0.627256 0.452268 0.626354 0.453622 0.626354 0.454299 0.625451 0.454976 0.625451 0.455653 0.624549 0.456330 0.624549 0.457007 0.623646 0.457684 0.623646 0.458362 0.622744 0.459716 0.622744 0.461747 0.620036 0.463101 0.620036 0.463778 0.619134 0.464455 0.619134 0.465132 0.618231 0.465809 0.618231 0.466486 0.617329 0.467163 0.617329 0.467840 0.616426 0.468517 0.616426 0.469194 0.615523 0.469871 0.615523 0.473934 0.610108 0.473934 0.608303 0.474611 0.607401 0.474611 0.606498 0.475288 0.605596 0.475288 0.601986 0.475965 0.601083 0.475965 0.591155 0.475288 0.590253 0.475288 0.584838 0.474611 0.583935 0.474611 0.583032 0.473934 0.582130 0.473934 0.581227 0.473257 0.580325 0.472580 0.580325 0.469871 0.576715 0.468517 0.576715 0.467840 0.575812 0.467163 0.575812 0.466486 0.574910 0.465132 0.574910 0.464455 0.574007 0.462424 0.574007 0.461747 0.573105 0.460393 0.573105 0.459716 0.572202 0.457007 0.572202 0.456330 0.571300 0.450914 0.571300 0.450237 0.572202 0.448883 0.572202 0.448206 0.571300 0.445498 0.571300 0.444821 0.570397 0.442112 0.570397 0.441435 0.569495 0.440081 0.569495 0.439404 0.568592 0.438727 0.568592 0.438050 0.567690 0.437373 0.567690 0.436019 0.565884 0.435342 0.565884 0.434665 0.564982 0.434665 0.564079 0.433311 0.562274 0.433311 0.561372 0.431280 0.558664 0.429926 0.558664 0.429248 0.557762 0.428571 0.557762 0.427894 0.556859 0.427894 0.553249 0.428571 0.552347 0.428571 0.551444 0.429926 0.549639 0.429926 0.548736 0.431957 0.546029 0.431957 0.545126 0.433988 0.542419 0.433988 0.541516 0.435342 0.539711 0.436019 0.539711 0.436019 0.538809 0.444821 0.527076 0.445498 0.527076 0.446175 0.526173 0.446175 0.525271 0.448883 0.521661 0.449560 0.521661 0.449560 0.520758 0.452945 0.516245 0.452945 0.515343 0.456330 0.510830 0.456330 0.509928 0.457007 0.509025 0.457007 0.508123 0.457684 0.507220 0.457684 0.506318 0.461747 0.500903 0.461747 0.500000 0.463778 0.497292 0.463778 0.496390 0.466486 0.492780 0.466486 0.491877 0.467840 0.490072 0.467840 0.489170 0.469194 0.487365 0.469194 0.486462 0.471903 0.482852 0.471903 0.481949 0.477996 0.473827 0.477996 0.472924 0.482058 0.467509 0.482058 0.466606 0.486798 0.460289 0.487475 0.460289 0.490860 0.455776 0.491537 0.455776 0.492891 0.453971 0.493568 0.453971 0.494245 0.453069 0.494922 0.453069 0.497630 0.449458 0.498307 0.449458 0.500339 0.446751 0.501016 0.446751 0.504401 0.442238 0.505078 0.442238 0.507786 0.438628 0.508463 0.438628 0.510494 0.435921 0.511171 0.435921 0.513202 0.433213 0.513879 0.433213 0.516588 0.429603 0.517265 0.429603 0.520650 0.425090 0.521327 0.425090 0.526066 0.418773 0.526743 0.418773 0.531483 0.412455 0.532160 0.412455 0.534191 0.409747 0.534191 0.408845 0.534868 0.407942 0.535545 0.407942 0.538253 0.404332 0.538930 0.404332 0.539607 0.403430 0.540284 0.403430 0.542316 0.400722 0.542993 0.400722 0.543670 0.399819 0.545024 0.399819 0.546378 0.398014 0.548409 0.400722 0.550440 0.400722 0.551117 0.401625 0.554502 0.401625 0.555179 0.402527 0.559919 0.402527 0.560596 0.401625 0.561950 0.401625 0.562627 0.400722 0.563981 0.400722 0.566012 0.398014 0.566689 0.398014 0.568043 0.396209 0.568043 0.394404 0.568720 0.393502 0.568720 0.392599 0.570074 0.390794 0.570074 0.389892 0.570752 0.388989 0.570752 0.383574 0.572106 0.381769 0.576845 0.381769 0.577522 0.382671 0.578199 0.382671 0.579553 0.380866 0.580230 0.380866 0.580907 0.379964 0.580230 0.379061 0.580230 0.378159 0.579553 0.377256 0.579553 0.375451 0.578876 0.374549 0.578876 0.372744 0.578199 0.371841 0.578199 0.370939 0.577522 0.370036 0.577522 0.369134 0.576168 0.367329 0.576168 0.366426 0.575491 0.365523 0.575491 0.364621 0.574814 0.363718 0.574814 0.362816 0.573460 0.361011 0.573460 0.360108 0.572106 0.358303 0.572106 0.356498 0.571429 0.355596 0.571429 0.353791 0.570752 0.352888 0.570752 0.351083 0.570074 0.350181 0.570074 0.349278 0.568043 0.346570 0.568043 0.345668 0.563981 0.340253 0.562627 0.340253 0.561950 0.339350 0.561273 0.339350 0.560596 0.338448 0.559919 0.338448 0.559242 0.337545
0 0.445498 0.240975 0.445498 0.241877 0.446175 0.241877 0.446175 0.240975
0 0.182126 0.225632 0.181449 0.226534 0.181449 0.230144 0.182126 0.231047 0.182126 0.232852 0.183480 0.234657 0.183480 0.235560 0.184157 0.236462 0.184157 0.237365 0.184834 0.238267 0.184834 0.240072 0.185511 0.240975 0.185511 0.243682 0.186188 0.244585 0.186188 0.245487 0.186865 0.246390 0.186865 0.247292 0.187542 0.248195 0.187542 0.249097 0.188219 0.250000 0.188219 0.251805 0.188896 0.252708 0.188896 0.254513 0.190251 0.256318 0.190251 0.257220 0.190928 0.258123 0.190928 0.259025 0.191605 0.259928 0.191605 0.261733 0.192282 0.262635 0.192282 0.265343 0.193636 0.267148 0.193636 0.268953 0.194313 0.269856 0.194313 0.270758 0.194990 0.271661 0.194990 0.272563 0.195667 0.273466 0.195667 0.275271 0.198375 0.278881 0.198375 0.279783 0.199729 0.281588 0.199729 0.282491 0.201760 0.285199 0.201760 0.286101 0.202437 0.287004 0.202437 0.287906 0.203791 0.289711 0.203791 0.290614 0.204469 0.291516 0.204469 0.292419 0.205146 0.293321 0.205146 0.294224 0.205823 0.295126 0.205823 0.296029 0.206500 0.296931 0.206500 0.297834 0.207854 0.299639 0.207854 0.300542 0.209208 0.302347 0.209208 0.303249 0.210562 0.305054 0.210562 0.305957 0.212593 0.308664 0.212593 0.309567 0.213947 0.311372 0.213947 0.312274 0.215301 0.314079 0.215301 0.314982 0.216655 0.316787 0.216655 0.317690 0.218687 0.320397 0.218687 0.321300 0.219364 0.322202 0.219364 0.324007 0.220041 0.324910 0.220041 0.325812 0.220718 0.326715 0.220718 0.327617 0.221395 0.328520 0.221395 0.329422 0.222749 0.331227 0.222749 0.332130 0.224103 0.333935 0.224103 0.334838 0.223426 0.335740 0.222749 0.335740 0.222072 0.336643 0.219364 0.336643 0.218687 0.337545 0.218009 0.337545 0.217332 0.338448 0.216655 0.338448 0.216655 0.341155 0.215978 0.342058 0.215978 0.343863 0.215301 0.344765 0.215301 0.345668 0.214624 0.346570 0.214624 0.347473 0.213947 0.348375 0.213947 0.349278 0.213270 0.350181 0.213270 0.351986 0.212593 0.352888 0.212593 0.353791 0.211916 0.354693 0.211916 0.355596 0.211239 0.356498 0.211239 0.357401 0.210562 0.358303 0.210562 0.359206 0.209885 0.360108 0.209885 0.363718 0.209208 0.364621 0.209208 0.368231 0.208531 0.369134 0.208531 0.371841 0.207854 0.372744 0.207854 0.376354 0.207177 0.377256 0.207177 0.392599 0.206500 0.393502 0.206500 0.405235 0.208531 0.407942 0.209885 0.407942 0.211239 0.409747 0.211916 0.409747 0.212593 0.410650 0.213947 0.410650 0.214624 0.409747 0.216655 0.409747 0.218009 0.407942 0.218687 0.407942 0.219364 0.407040 0.220041 0.407040 0.220718 0.406137 0.221395 0.406137 0.222072 0.405235 0.224103 0.405235 0.224780 0.404332 0.226134 0.404332 0.226811 0.403430 0.227488 0.403430 0.228165 0.402527 0.228842 0.402527 0.229519 0.401625 0.230873 0.401625 0.231550 0.400722 0.232227 0.400722 0.233582 0.398917 0.234259 0.398917 0.234936 0.398014 0.236290 0.398014 0.236967 0.397112 0.238998 0.397112 0.240352 0.395307 0.241029 0.395307 0.241706 0.394404 0.243737 0.394404 0.244414 0.393502 0.245091 0.394404 0.245091 0.395307 0.246445 0.397112 0.246445 0.398014 0.247123 0.398917 0.247123 0.400722 0.247800 0.401625 0.247800 0.402527 0.248477 0.403430 0.248477 0.404332 0.249154 0.405235 0.249154 0.407040 0.249831 0.407942 0.249831 0.409747 0.250508 0.410650 0.250508 0.412455 0.251185 0.413357 0.251185 0.414260 0.251862 0.415162 0.251862 0.416968 0.252539 0.417870 0.252539 0.420578 0.253216 0.421480 0.253216 0.428700 0.252539 0.429603 0.252539 0.430505 0.251862 0.431408 0.248477 0.431408 0.247800 0.432310 0.247123 0.432310 0.245768 0.434116 0.245091 0.434116 0.244414 0.435018 0.241029 0.435018 0.238998 0.437726 0.237644 0.437726 0.236967 0.438628 0.234259 0.438628 0.233582 0.439531 0.232905 0.439531 0.232227 0.440433 0.230873 0.440433 0.230196 0.441336 0.228842 0.441336 0.228165 0.442238 0.226811 0.442238 0.226134 0.443141 0.225457 0.443141 0.224780 0.444043 0.224103 0.444043 0.223426 0.444946 0.222072 0.444946 0.221395 0.445848 0.220041 0.445848 0.220041 0.446751 0.218009 0.449458 0.218009 0.450361 0.217332 0.451264 0.217332 0.452166 0.216655 0.453069 0.216655 0.453971 0.215301 0.455776 0.215301 0.457581 0.215978 0.458484 0.215978 0.460289 0.215301 0.461191 0.215301 0.462094 0.213947 0.463899 0.213947 0.464801 0.213270 0.465704 0.212593 0.464801 0.210562 0.464801 0.209885 0.463899 0.209208 0.464801 0.208531 0.464801 0.207177 0.466606 0.209885 0.470217 0.209885 0.471119 0.209208 0.472022 0.209208 0.473827 0.206500 0.477437 0.205146 0.475632 0.203791 0.475632 0.203114 0.474729 0.203114 0.475632 0.202437 0.476534 0.202437 0.501805 0.203114 0.502708 0.203114 0.505415 0.203791 0.506318 0.208531 0.506318 0.209208 0.505415 0.209885 0.505415 0.210562 0.506318 0.211239 0.506318 0.211916 0.507220 0.212593 0.507220 0.213270 0.508123 0.213270 0.509025 0.213947 0.509928 0.213947 0.510830 0.214624 0.511733 0.214624 0.513538 0.215301 0.514440 0.215301 0.518051 0.215978 0.518953 0.215978 0.519856 0.216655 0.520758 0.222072 0.520758 0.222749 0.519856 0.224780 0.519856 0.225457 0.518953 0.226134 0.518953 0.226811 0.518051 0.227488 0.518953 0.228165 0.518953 0.228842 0.519856 0.229519 0.519856 0.230196 0.520758 0.230873 0.520758 0.231550 0.519856 0.232227 0.519856 0.233582 0.518051 0.235613 0.518051 0.236290 0.517148 0.238321 0.517148 0.238998 0.518051 0.239675 0.518051 0.240352 0.518953 0.241029 0.518953 0.242383 0.520758 0.242383 0.521661 0.243060 0.522563 0.243060 0.523466 0.244414 0.525271 0.244414 0.526173 0.245768 0.524368 0.248477 0.524368 0.249154 0.525271 0.249154 0.527076 0.247800 0.528881 0.247123 0.528881 0.247800 0.528881 0.248477 0.529783 0.251185 0.529783 0.251862 0.528881 0.252539 0.528881 0.252539 0.527978 0.255247 0.524368 0.255247 0.523466 0.255924 0.522563 0.255924 0.521661 0.256601 0.520758 0.257278 0.520758 0.257955 0.519856 0.259309 0.519856 0.259986 0.518953 0.260664 0.518953 0.261341 0.518051 0.264049 0.518051 0.264726 0.517148 0.265403 0.517148 0.266080 0.518051 0.269465 0.518051 0.270142 0.518953 0.271496 0.518953 0.272173 0.519856 0.274204 0.519856 0.274882 0.520758 0.279621 0.520758 0.280298 0.521661 0.283683 0.521661 0.284360 0.522563 0.304672 0.522563 0.305349 0.521661 0.313473 0.521661 0.314150 0.520758 0.316181 0.520758 0.316858 0.519856 0.320921 0.519856 0.321598 0.518953 0.322275 0.518953 0.322952 0.518051 0.323629 0.518051 0.324306 0.517148 0.326337 0.517148 0.327014 0.516245 0.327691 0.516245 0.328368 0.515343 0.328368 0.514440 0.329045 0.513538 0.329045 0.503610 0.328368 0.502708 0.328368 0.495487 0.327691 0.494585 0.328368 0.493682 0.328368 0.492780 0.329722 0.490975 0.329722 0.490072 0.329045 0.489170 0.329045 0.482852 0.327691 0.481047 0.327691 0.477437 0.328368 0.476534 0.328368 0.475632 0.329045 0.474729 0.329045 0.472022 0.328368 0.471119 0.328368 0.470217 0.327691 0.469314 0.327014 0.469314 0.326337 0.468412 0.324983 0.468412 0.324306 0.467509 0.322275 0.467509 0.321598 0.468412 0.320921 0.468412 0.319567 0.466606 0.319567 0.464801 0.320244 0.463899 0.320244 0.462996 0.318213 0.460289 0.317536 0.460289 0.316858 0.459386 0.316858 0.455776 0.315504 0.453971 0.314827 0.453971 0.312796 0.451264 0.312796 0.450361 0.312119 0.449458 0.312119 0.447653 0.312796 0.446751 0.312796 0.445848 0.313473 0.444946 0.313473 0.444043 0.314150 0.443141 0.314150 0.441336 0.314827 0.440433 0.314827 0.437726 0.315504 0.436823 0.315504 0.432310 0.314827 0.431408 0.314827 0.427798 0.314150 0.426895 0.314150 0.422383 0.313473 0.421480 0.313473 0.416968 0.312119 0.415162 0.310765 0.415162 0.310088 0.414260 0.309411 0.414260 0.308734 0.413357 0.308057 0.413357 0.307380 0.412455 0.306703 0.412455 0.306026 0.411552 0.305349 0.411552 0.303995 0.409747 0.303318 0.409747 0.289777 0.391697 0.289777 0.390794 0.287745 0.388087 0.287745 0.387184 0.286391 0.385379 0.286391 0.384477 0.285037 0.382671 0.285037 0.381769 0.280975 0.376354 0.280975 0.375451 0.278944 0.372744 0.278944 0.371841 0.278267 0.371841 0.275559 0.368231 0.275559 0.367329 0.274204 0.365523 0.274204 0.364621 0.272850 0.362816 0.272850 0.361913 0.266757 0.353791 0.266080 0.353791 0.264049 0.351083 0.264049 0.350181 0.262695 0.348375 0.262695 0.347473 0.259309 0.342960 0.259309 0.342058 0.253893 0.334838 0.253893 0.333935 0.253216 0.333032 0.253216 0.332130 0.252539 0.331227 0.252539 0.330325 0.248477 0.324910 0.248477 0.324007 0.241706 0.314982 0.241029 0.314982 0.236967 0.309567 0.236290 0.309567 0.232905 0.305054 0.232905 0.304152 0.231550 0.302347 0.231550 0.301444 0.230873 0.300542 0.230873 0.299639 0.230196 0.298736 0.230196 0.296931 0.229519 0.296931 0.228165 0.295126 0.227488 0.295126 0.223426 0.289711 0.223426 0.288809 0.221395 0.286101 0.221395 0.284296 0.220718 0.283394 0.220718 0.282491 0.220041 0.281588 0.220041 0.280686 0.219364 0.279783 0.219364 0.278881 0.217332 0.276173 0.217332 0.275271 0.213947 0.270758 0.213947 0.269856 0.212593 0.268051 0.211916 0.268051 0.211239 0.267148 0.211239 0.266245 0.207177 0.260830 0.207177 0.259928 0.203114 0.254513 0.203114 0.253610 0.199729 0.249097 0.199729 0.248195 0.194990 0.241877 0.194990 0.240975 0.194313 0.240975 0.193636 0.240072 0.193636 0.239170 0.192282 0.237365 0.192282 0.236462 0.191605 0.236462 0.188896 0.232852 0.188896 0.231949 0.188219 0.231949 0.186188 0.229242 0.186188 0.228339 0.185511 0.227437 0.185511 0.226534 0.183480 0.226534 0.182803 0.225632
0 0.448883 0.208484 0.448883 0.211191 0.448206 0.212094 0.448206 0.212996 0.448883 0.213899 0.449560 0.213899 0.449560 0.210289 0.448883 0.209386
0 0.446175 0.205776 0.446175 0.206679 0.446852 0.206679
0 0.188896 0.109206 0.187542 0.111011 0.186865 0.111011 0.186188 0.111913 0.184834 0.111913 0.184157 0.112816 0.183480 0.112816 0.182803 0.113718 0.182126 0.113718 0.175355 0.122744 0.174678 0.122744 0.174678 0.123646 0.172647 0.126354 0.171970 0.126354 0.171293 0.127256 0.171293 0.128159 0.167231 0.133574 0.167231 0.134477 0.165877 0.136282 0.165200 0.136282 0.164523 0.137184 0.164523 0.138087 0.163846 0.138989 0.163846 0.139892 0.163169 0.140794 0.163169 0.141697 0.162492 0.142599 0.162492 0.148014 0.163169 0.148917 0.163169 0.149819 0.164523 0.151625 0.164523 0.152527 0.166554 0.155235 0.166554 0.156137 0.167231 0.157040 0.167231 0.157942 0.168585 0.159747 0.168585 0.160650 0.169262 0.160650 0.169939 0.161552 0.169939 0.162455 0.171293 0.164260 0.171293 0.165162 0.171970 0.166065 0.171970 0.166968 0.181449 0.179603 0.181449 0.180505 0.184157 0.184116 0.184157 0.185018 0.187542 0.189531 0.187542 0.190433 0.188219 0.191336 0.188219 0.192238 0.190928 0.195848 0.190928 0.196751 0.192282 0.198556 0.192282 0.199458 0.194313 0.202166 0.194313 0.203069 0.194990 0.203971 0.194990 0.204874 0.196344 0.206679 0.196344 0.207581 0.199052 0.211191 0.199729 0.211191 0.200406 0.212094 0.200406 0.212996 0.202437 0.215704 0.202437 0.216606 0.206500 0.222022 0.206500 0.222924 0.211239 0.229242 0.211239 0.230144 0.215301 0.235560 0.215301 0.236462 0.218687 0.240975 0.218687 0.241877 0.219364 0.242780 0.219364 0.243682 0.220041 0.244585 0.220041 0.245487 0.222072 0.248195 0.222072 0.249097 0.222749 0.250000 0.222749 0.250903 0.233582 0.265343 0.233582 0.266245 0.234936 0.268051 0.234936 0.268953 0.236290 0.270758 0.236290 0.272563 0.237644 0.274368 0.237644 0.275271 0.238321 0.275271 0.239675 0.277076 0.239675 0.277978 0.241029 0.279783 0.241706 0.279783 0.242383 0.280686 0.243060 0.280686 0.243737 0.281588 0.244414 0.281588 0.245091 0.282491 0.245091 0.283394 0.245768 0.284296 0.245768 0.285199 0.247800 0.287906 0.249831 0.287906 0.250508 0.288809 0.251862 0.288809 0.254570 0.292419 0.255247 0.292419 0.255924 0.293321 0.255924 0.294224 0.257278 0.296029 0.257278 0.296931 0.258632 0.298736 0.258632 0.299639 0.259309 0.299639 0.260664 0.301444 0.260664 0.302347 0.261341 0.303249 0.261341 0.304152 0.262018 0.305054 0.262695 0.305054 0.264049 0.306859 0.264049 0.309567 0.265403 0.311372 0.265403 0.312274 0.266757 0.314079 0.266757 0.314982 0.267434 0.315884 0.267434 0.316787 0.268111 0.317690 0.268111 0.319495 0.269465 0.321300 0.270142 0.321300 0.271496 0.323105 0.271496 0.324007 0.272173 0.324910 0.272173 0.325812 0.274204 0.328520 0.274204 0.329422 0.274882 0.330325 0.274882 0.331227 0.275559 0.332130 0.276236 0.332130 0.276913 0.333032 0.276913 0.333935 0.278267 0.335740 0.278944 0.335740 0.279621 0.336643 0.280298 0.336643 0.281652 0.338448 0.281652 0.339350 0.282329 0.340253 0.282329 0.341155 0.283006 0.342058 0.283006 0.343863 0.283683 0.344765 0.283683 0.345668 0.284360 0.346570 0.284360 0.347473 0.285037 0.348375 0.285037 0.349278 0.286391 0.351083 0.286391 0.351986 0.287068 0.352888 0.287068 0.353791 0.287745 0.354693 0.287745 0.355596 0.288422 0.356498 0.288422 0.357401 0.289100 0.358303 0.289100 0.359206 0.289777 0.359206 0.295870 0.367329 0.295870 0.368231 0.301963 0.376354 0.301963 0.377256 0.302640 0.378159 0.302640 0.379061 0.303318 0.379964 0.303318 0.380866 0.305349 0.383574 0.305349 0.384477 0.306703 0.386282 0.306703 0.387184 0.312119 0.394404 0.312119 0.395307 0.312796 0.396209 0.312796 0.398917 0.313473 0.399819 0.313473 0.400722 0.314827 0.402527 0.314827 0.403430 0.315504 0.404332 0.315504 0.405235 0.316181 0.406137 0.316181 0.407040 0.318890 0.410650 0.318890 0.411552 0.319567 0.412455 0.320921 0.412455 0.321598 0.413357 0.322952 0.413357 0.323629 0.414260 0.324306 0.414260 0.324983 0.415162 0.328368 0.415162 0.329045 0.414260 0.330399 0.414260 0.331077 0.413357 0.331754 0.413357 0.333108 0.411552 0.333108 0.409747 0.333785 0.408845 0.333785 0.405235 0.333108 0.404332 0.333108 0.402527 0.332431 0.401625 0.332431 0.400722 0.330399 0.398014 0.330399 0.397112 0.329722 0.396209 0.329722 0.395307 0.328368 0.393502 0.327691 0.393502 0.327014 0.392599 0.327014 0.391697 0.326337 0.390794 0.326337 0.389892 0.320921 0.382671 0.320921 0.380866 0.320244 0.379964 0.320244 0.379061 0.318890 0.377256 0.318890 0.376354 0.318213 0.375451 0.318213 0.374549 0.317536 0.373646 0.317536 0.370939 0.316858 0.370036 0.316858 0.369134 0.316181 0.368231 0.316181 0.367329 0.315504 0.366426 0.315504 0.365523 0.314827 0.364621 0.314827 0.363718 0.314150 0.362816 0.314150 0.361913 0.312119 0.359206 0.312119 0.357401 0.314150 0.354693 0.315504 0.354693 0.316181 0.353791 0.316858 0.353791 0.317536 0.352888 0.318213 0.352888 0.318890 0.351986 0.319567 0.351986 0.320921 0.350181 0.322952 0.350181 0.323629 0.349278 0.327691 0.349278 0.328368 0.348375 0.328368 0.347473 0.329722 0.345668 0.329722 0.343863 0.330399 0.342960 0.330399 0.338448 0.329722 0.337545 0.329722 0.333935 0.329045 0.333032 0.329045 0.330325 0.328368 0.329422 0.328368 0.328520 0.327691 0.327617 0.327691 0.324007 0.328368 0.323105 0.328368 0.304152 0.327691 0.303249 0.327691 0.292419 0.326337 0.290614 0.326337 0.276173 0.325660 0.275271 0.325660 0.267148 0.324983 0.266245 0.324983 0.260830 0.324306 0.259928 0.324306 0.251805 0.323629 0.250903 0.323629 0.248195 0.322952 0.247292 0.322952 0.240975 0.322275 0.240072 0.322275 0.228339 0.321598 0.227437 0.321598 0.220217 0.320921 0.219314 0.320921 0.214801 0.320244 0.213899 0.320244 0.207581 0.319567 0.206679 0.319567 0.201264 0.318890 0.200361 0.318890 0.196751 0.318213 0.195848 0.318213 0.187726 0.317536 0.186823 0.317536 0.177798 0.316858 0.176895 0.316858 0.175090 0.316181 0.174188 0.316181 0.172383 0.315504 0.171480 0.315504 0.170578 0.314150 0.168773 0.308057 0.168773 0.307380 0.169675 0.304672 0.169675 0.303995 0.170578 0.301963 0.170578 0.301286 0.171480 0.299255 0.171480 0.298578 0.172383 0.297901 0.172383 0.297224 0.173285 0.295193 0.173285 0.294516 0.174188 0.293162 0.174188 0.292485 0.175090 0.291808 0.175090 0.291131 0.175993 0.290454 0.175993 0.289777 0.176895 0.288422 0.176895 0.287745 0.177798 0.286391 0.177798 0.285714 0.178700 0.284360 0.178700 0.283683 0.179603 0.280975 0.179603 0.280298 0.180505 0.275559 0.180505 0.274882 0.181408 0.266757 0.181408 0.266080 0.182310 0.261341 0.182310 0.260664 0.183213 0.256601 0.183213 0.255924 0.184116 0.252539 0.184116 0.251862 0.185018 0.249154 0.185018 0.248477 0.185921 0.247123 0.185921 0.246445 0.185018 0.245091 0.185018 0.244414 0.184116 0.243060 0.184116 0.242383 0.183213 0.241706 0.183213 0.241029 0.182310 0.240352 0.182310 0.239675 0.181408 0.238321 0.181408 0.237644 0.180505 0.236967 0.180505 0.235613 0.178700 0.234936 0.178700 0.233582 0.176895 0.232905 0.176895 0.232227 0.175993 0.231550 0.175993 0.230196 0.174188 0.228842 0.174188 0.225457 0.169675 0.225457 0.168773 0.224780 0.167870 0.224780 0.166065 0.224103 0.165162 0.224103 0.164260 0.223426 0.163357 0.220041 0.163357 0.219364 0.162455 0.218687 0.162455 0.218009 0.161552 0.217332 0.161552 0.209885 0.151625 0.209885 0.150722 0.208531 0.148917 0.208531 0.148014 0.207854 0.147112 0.207854 0.146209 0.207177 0.145307 0.207177 0.144404 0.206500 0.143502 0.206500 0.142599 0.205823 0.142599 0.203791 0.139892 0.203791 0.138989 0.203114 0.138087 0.203114 0.137184 0.202437 0.136282 0.201760 0.136282 0.199729 0.133574 0.199729 0.132671 0.199052 0.131769 0.199052 0.129964 0.198375 0.129061 0.198375 0.128159 0.197698 0.127256 0.197698 0.126354 0.197021 0.125451 0.197021 0.124549 0.196344 0.123646 0.196344 0.122744 0.195667 0.121841 0.195667 0.120939 0.193636 0.118231 0.193636 0.117329 0.192959 0.116426 0.192959 0.115523 0.192282 0.114621 0.192282 0.113718 0.190928 0.111913 0.190251 0.111913 0.189573 0.111011 0.189573 0.110108
0 0.452945 0.085740 0.452268 0.086643 0.452268 0.088448 0.452945 0.089350 0.453622 0.088448 0.453622 0.087545 0.452945 0.086643
0 0.296547 0.003610 0.295870 0.004513 0.294516 0.004513 0.293839 0.005415 0.293162 0.005415 0.292485 0.006318 0.291808 0.006318 0.291131 0.007220 0.290454 0.007220 0.289100 0.009025 0.288422 0.009025 0.287745 0.009928 0.287068 0.009928 0.282329 0.016245 0.281652 0.016245 0.274204 0.026173 0.273527 0.026173 0.270142 0.030686 0.269465 0.030686 0.267434 0.033394 0.266757 0.033394 0.265403 0.035199 0.264726 0.035199 0.264049 0.036101 0.262695 0.036101 0.261341 0.037906 0.260664 0.037906 0.259986 0.038809 0.259309 0.038809 0.258632 0.039711 0.257955 0.039711 0.255247 0.043321 0.254570 0.043321 0.253216 0.045126 0.252539 0.045126 0.251185 0.046931 0.250508 0.046931 0.249154 0.048736 0.248477 0.048736 0.247123 0.050542 0.246445 0.050542 0.245091 0.052347 0.244414 0.052347 0.241706 0.055957 0.241029 0.055957 0.238321 0.059567 0.237644 0.059567 0.234936 0.063177 0.234259 0.063177 0.233582 0.064079 0.232905 0.064079 0.230873 0.066787 0.230196 0.066787 0.229519 0.067690 0.228842 0.067690 0.228165 0.068592 0.227488 0.068592 0.226811 0.069495 0.226134 0.069495 0.225457 0.070397 0.224780 0.070397 0.223426 0.072202 0.222749 0.072202 0.222072 0.073105 0.221395 0.073105 0.220718 0.074007 0.220041 0.074007 0.218009 0.076715 0.217332 0.076715 0.215301 0.079422 0.214624 0.079422 0.213270 0.081227 0.213270 0.083032 0.212593 0.083935 0.212593 0.084838 0.213270 0.085740 0.213270 0.087545 0.213947 0.088448 0.213947 0.090253 0.214624 0.091155 0.214624 0.092960 0.215301 0.093863 0.215301 0.095668 0.215978 0.096570 0.215978 0.098375 0.216655 0.099278 0.216655 0.100181 0.217332 0.101083 0.217332 0.101986 0.218009 0.102888 0.218009 0.103791 0.218687 0.104693 0.218687 0.105596 0.219364 0.106498 0.219364 0.107401 0.220041 0.108303 0.220041 0.109206 0.220718 0.110108 0.220718 0.111011 0.222072 0.112816 0.222072 0.113718 0.224780 0.117329 0.224780 0.118231 0.226134 0.120036 0.226134 0.120939 0.226811 0.121841 0.226811 0.122744 0.228165 0.124549 0.228165 0.125451 0.228842 0.126354 0.228842 0.127256 0.232905 0.132671 0.232905 0.133574 0.234259 0.135379 0.234936 0.135379 0.236967 0.138087 0.237644 0.138087 0.238321 0.138989 0.238998 0.138989 0.240352 0.140794 0.241029 0.140794 0.241706 0.141697 0.242383 0.141697 0.244414 0.144404 0.245768 0.144404 0.246445 0.145307 0.247123 0.145307 0.247800 0.146209 0.248477 0.146209 0.249154 0.147112 0.251185 0.147112 0.251862 0.148014 0.255924 0.148014 0.256601 0.148917 0.268111 0.148917 0.268788 0.148014 0.276236 0.148014 0.276913 0.147112 0.278944 0.147112 0.279621 0.146209 0.280975 0.146209 0.281652 0.145307 0.282329 0.145307 0.283006 0.144404 0.284360 0.144404 0.285037 0.143502 0.285714 0.143502 0.286391 0.142599 0.287068 0.142599 0.287745 0.141697 0.288422 0.141697 0.289100 0.140794 0.290454 0.140794 0.291131 0.139892 0.292485 0.139892 0.293162 0.138989 0.293839 0.138989 0.294516 0.138087 0.295870 0.138087 0.296547 0.137184 0.298578 0.137184 0.299255 0.136282 0.301286 0.136282 0.301963 0.135379 0.303318 0.135379 0.303995 0.134477 0.304672 0.134477 0.306026 0.132671 0.306703 0.132671 0.308734 0.129964 0.308734 0.129061 0.311442 0.125451 0.311442 0.124549 0.312119 0.123646 0.312119 0.120939 0.311442 0.120036 0.311442 0.111011 0.310765 0.110108 0.310765 0.103791 0.310088 0.102888 0.310088 0.099278 0.309411 0.098375 0.309411 0.092960 0.308734 0.092058 0.308734 0.081227 0.308057 0.080325 0.308057 0.074910 0.307380 0.074007 0.307380 0.071300 0.306703 0.070397 0.306703 0.064079 0.306026 0.063177 0.306026 0.055054 0.305349 0.054152 0.305349 0.038809 0.304672 0.037906 0.304672 0.031588 0.305349 0.030686 0.305349 0.029783 0.306026 0.028881 0.305349 0.027978 0.305349 0.026173 0.304672 0.025271 0.304672 0.024368 0.303318 0.022563 0.303318 0.019856 0.302640 0.018953 0.302640 0.013538 0.301963 0.012635 0.301963 0.009928 0.301286 0.009025 0.301286 0.008123 0.300609 0.007220 0.300609 0.006318 0.299932 0.005415 0.299932 0.004513 0.299255 0.004513 0.298578 0.003610
0 0.345972 0.000000 0.345972 0.000903 0.345295 0.001805 0.344617 0.001805 0.343940 0.002708 0.343263 0.002708 0.341232 0.005415 0.341232 0.007220 0.340555 0.008123 0.340555 0.017148 0.341232 0.018051 0.341232 0.023466 0.340555 0.024368 0.340555 0.035199 0.341232 0.036101 0.341232 0.043321 0.341909 0.044224 0.341909 0.048736 0.342586 0.049639 0.342586 0.055957 0.343263 0.056859 0.343263 0.062274 0.343940 0.063177 0.343940 0.068592 0.344617 0.069495 0.344617 0.078520 0.345295 0.079422 0.345295 0.088448 0.345972 0.089350 0.345972 0.092960 0.346649 0.093863 0.346649 0.097473 0.347326 0.098375 0.347326 0.110108 0.348003 0.111011 0.348003 0.118231 0.348680 0.119134 0.348680 0.120036 0.348003 0.120939 0.348003 0.124549 0.348680 0.125451 0.348680 0.131769 0.349357 0.132671 0.349357 0.136282 0.350034 0.137184 0.350034 0.141697 0.350711 0.142599 0.350711 0.154332 0.351388 0.155235 0.351388 0.161552 0.352065 0.162455 0.352065 0.167870 0.352742 0.168773 0.352742 0.171480 0.353419 0.172383 0.353419 0.192238 0.354096 0.193141 0.354096 0.199458 0.354773 0.200361 0.354773 0.210289 0.355450 0.211191 0.355450 0.215704 0.356127 0.216606 0.356127 0.218412 0.356804 0.219314 0.356804 0.222022 0.357481 0.222924 0.357481 0.232852 0.358158 0.233755 0.358158 0.246390 0.358835 0.247292 0.358835 0.253610 0.359513 0.254513 0.359513 0.259025 0.360190 0.259928 0.360190 0.265343 0.359513 0.266245 0.359513 0.269856 0.360190 0.270758 0.360190 0.276173 0.360867 0.277076 0.360867 0.280686 0.361544 0.281588 0.361544 0.286101 0.362221 0.287004 0.362221 0.291516 0.362898 0.292419 0.362898 0.296931 0.363575 0.297834 0.363575 0.301444 0.364252 0.302347 0.364252 0.306859 0.364929 0.307762 0.364929 0.314982 0.365606 0.315884 0.365606 0.323105 0.366283 0.324007 0.366283 0.325812 0.368991 0.325812 0.369668 0.324910 0.371022 0.324910 0.371699 0.324007 0.375085 0.324007 0.375762 0.323105 0.377116 0.323105 0.377793 0.322202 0.378470 0.322202 0.379147 0.321300 0.381855 0.321300 0.382532 0.320397 0.385240 0.320397 0.385917 0.319495 0.392011 0.319495 0.392688 0.318592 0.395396 0.318592 0.396073 0.317690 0.402167 0.317690 0.402844 0.316787 0.406229 0.316787 0.407583 0.314982 0.408260 0.314982 0.408937 0.314079 0.410291 0.314079 0.411645 0.312274 0.411645 0.311372 0.413676 0.308664 0.414353 0.308664 0.415708 0.306859 0.416385 0.306859 0.417739 0.305054 0.418416 0.305054 0.419093 0.304152 0.419093 0.303249 0.419770 0.302347 0.419770 0.301444 0.423155 0.296931 0.423155 0.296029 0.424509 0.294224 0.425186 0.294224 0.425863 0.293321 0.427217 0.293321 0.427894 0.292419 0.429248 0.292419 0.433311 0.297834 0.433988 0.297834 0.436019 0.300542 0.436696 0.300542 0.437373 0.301444 0.438050 0.301444 0.439404 0.303249 0.440758 0.303249 0.441435 0.304152 0.442789 0.304152 0.443466 0.305054 0.444144 0.305054 0.444821 0.305957 0.445498 0.305957 0.446175 0.306859 0.446852 0.306859 0.447529 0.307762 0.448206 0.307762 0.449560 0.309567 0.450237 0.309567 0.450914 0.310469 0.451591 0.310469 0.452268 0.311372 0.452945 0.311372 0.453622 0.312274 0.454299 0.312274 0.454976 0.313177 0.454976 0.314079 0.455653 0.314982 0.455653 0.317690 0.454976 0.318592 0.454299 0.318592 0.453622 0.319495 0.451591 0.319495 0.450914 0.320397 0.448883 0.320397 0.447529 0.322202 0.446175 0.322202 0.445498 0.323105 0.444144 0.323105 0.443466 0.324007 0.442789 0.324007 0.442112 0.324910 0.441435 0.324910 0.440758 0.325812 0.440081 0.325812 0.439404 0.326715 0.438050 0.326715 0.437373 0.327617 0.435342 0.327617 0.434665 0.328520 0.433988 0.328520 0.433311 0.329422 0.431957 0.329422 0.431280 0.330325 0.429248 0.330325 0.428571 0.331227 0.427217 0.331227 0.426540 0.332130 0.425863 0.332130 0.425186 0.333032 0.424509 0.333032 0.423155 0.334838 0.422478 0.334838 0.421801 0.335740 0.420447 0.335740 0.419770 0.336643 0.418416 0.336643 0.417739 0.337545 0.416385 0.337545 0.415708 0.338448 0.415030 0.338448 0.414353 0.339350 0.412999 0.339350 0.412322 0.340253 0.411645 0.340253 0.410968 0.341155 0.409614 0.341155 0.408937 0.342058 0.407583 0.342058 0.406906 0.342960 0.406229 0.342960 0.404875 0.344765 0.404198 0.344765 0.403521 0.345668 0.402844 0.345668 0.402167 0.346570 0.400812 0.346570 0.400135 0.347473 0.399458 0.347473 0.398781 0.348375 0.397427 0.348375 0.396750 0.349278 0.396073 0.349278 0.395396 0.350181 0.394719 0.350181 0.394042 0.351083 0.392688 0.351083 0.392011 0.351986 0.391334 0.351986 0.390657 0.352888 0.389980 0.352888 0.389303 0.353791 0.388626 0.353791 0.387271 0.355596 0.386594 0.355596 0.385917 0.356498 0.385240 0.356498 0.384563 0.357401 0.383209 0.357401 0.382532 0.358303 0.381855 0.358303 0.381178 0.359206 0.379824 0.359206 0.379147 0.360108 0.377793 0.360108 0.377116 0.361011 0.375762 0.361011 0.375085 0.361913 0.374408 0.361913 0.372376 0.364621 0.371699 0.364621 0.369668 0.367329 0.369668 0.384477 0.370345 0.385379 0.370345 0.390794 0.371022 0.391697 0.371022 0.396209 0.371699 0.397112 0.371699 0.403430 0.372376 0.404332 0.372376 0.405235 0.376439 0.405235 0.377116 0.404332 0.377793 0.404332 0.378470 0.403430 0.379147 0.403430 0.379824 0.402527 0.380501 0.402527 0.381178 0.401625 0.382532 0.401625 0.383209 0.400722 0.384563 0.400722 0.385240 0.399819 0.386594 0.399819 0.387271 0.398917 0.387949 0.398917 0.388626 0.398014 0.389980 0.398014 0.390657 0.397112 0.392011 0.397112 0.393365 0.395307 0.394042 0.395307 0.394719 0.394404 0.395396 0.394404 0.396073 0.393502 0.397427 0.393502 0.398104 0.392599 0.398781 0.392599 0.399458 0.391697 0.400135 0.391697 0.400812 0.390794 0.402167 0.390794 0.402844 0.389892 0.403521 0.389892 0.404198 0.388989 0.404875 0.388989 0.405552 0.388087 0.406906 0.388087 0.407583 0.387184 0.408937 0.387184 0.409614 0.386282 0.410291 0.386282 0.410968 0.385379 0.412322 0.385379 0.412999 0.384477 0.414353 0.384477 0.415030 0.383574 0.415708 0.383574 0.416385 0.382671 0.417062 0.382671 0.417739 0.381769 0.419093 0.381769 0.419770 0.380866 0.420447 0.380866 0.421124 0.379964 0.422478 0.379964 0.423155 0.379061 0.423832 0.379061 0.424509 0.378159 0.425186 0.378159 0.425863 0.377256 0.427217 0.377256 0.427894 0.376354 0.428571 0.376354 0.429926 0.374549 0.431280 0.374549 0.431957 0.373646 0.432634 0.373646 0.433311 0.372744 0.433988 0.372744 0.434665 0.371841 0.435342 0.371841 0.436019 0.370939 0.437373 0.370939 0.438050 0.370036 0.440081 0.370036 0.440758 0.369134 0.441435 0.369134 0.442112 0.368231 0.442789 0.368231 0.443466 0.367329 0.444144 0.367329 0.444821 0.366426 0.446175 0.366426 0.446852 0.365523 0.447529 0.365523 0.448206 0.364621 0.448883 0.364621 0.449560 0.363718 0.450237 0.363718 0.450914 0.362816 0.451591 0.362816 0.452268 0.361913 0.452945 0.361913 0.453622 0.361011 0.454299 0.361011 0.454976 0.360108 0.456330 0.360108 0.457007 0.359206 0.458362 0.359206 0.459039 0.358303 0.460393 0.358303 0.461070 0.357401 0.461747 0.357401 0.462424 0.356498 0.463778 0.356498 0.464455 0.355596 0.466486 0.355596 0.467840 0.353791 0.468517 0.353791 0.469194 0.352888 0.469871 0.352888 0.470548 0.351986 0.471225 0.351986 0.471903 0.351083 0.472580 0.351083 0.473934 0.349278 0.475288 0.349278 0.475965 0.348375 0.476642 0.348375 0.477319 0.347473 0.477996 0.347473 0.478673 0.346570 0.479350 0.346570 0.480027 0.345668 0.480704 0.345668 0.481381 0.344765 0.482058 0.344765 0.483412 0.342960 0.484089 0.342960 0.484766 0.342058 0.486798 0.342058 0.487475 0.341155 0.488829 0.341155 0.490183 0.339350 0.490860 0.339350 0.491537 0.338448 0.492214 0.338448 0.492891 0.337545 0.494245 0.337545 0.494922 0.336643 0.495599 0.336643 0.496276 0.335740 0.496953 0.335740 0.497630 0.334838 0.498307 0.334838 0.498984 0.333935 0.500339 0.333935 0.501016 0.333032 0.502370 0.333032 0.503047 0.332130 0.504401 0.332130 0.505078 0.331227 0.506432 0.331227 0.507109 0.330325 0.507786 0.330325 0.508463 0.329422 0.509140 0.329422 0.509817 0.328520 0.510494 0.328520 0.511171 0.327617 0.512525 0.327617 0.513879 0.325812 0.514557 0.325812 0.515234 0.324910 0.515911 0.324910 0.516588 0.324007 0.517942 0.324007 0.519296 0.322202 0.519973 0.322202 0.520650 0.321300 0.522681 0.321300 0.523358 0.320397 0.524035 0.320397 0.526066 0.317690 0.527420 0.317690 0.528097 0.316787 0.528775 0.316787 0.529452 0.315884 0.530129 0.315884 0.531483 0.314079 0.532160 0.314079 0.532160 0.312274 0.528097 0.306859 0.526743 0.306859 0.526066 0.305957 0.524712 0.305957 0.524035 0.305054 0.522004 0.305054 0.521327 0.304152 0.519973 0.304152 0.519296 0.303249 0.515234 0.303249 0.514557 0.302347 0.513202 0.302347 0.512525 0.301444 0.511171 0.301444 0.510494 0.300542 0.509817 0.300542 0.508463 0.298736 0.508463 0.296931 0.505078 0.292419 0.505078 0.291516 0.501016 0.286101 0.500339 0.286101 0.497630 0.282491 0.496953 0.282491 0.495599 0.280686 0.494922 0.280686 0.492891 0.277978 0.492214 0.277978 0.491537 0.277076 0.490860 0.277076 0.488829 0.274368 0.488152 0.274368 0.485443 0.270758 0.484766 0.270758 0.482058 0.267148 0.481381 0.267148 0.477996 0.262635 0.477996 0.261733 0.474611 0.257220 0.474611 0.256318 0.472580 0.253610 0.471903 0.253610 0.469871 0.250903 0.469194 0.250903 0.467840 0.249097 0.467163 0.249097 0.465809 0.247292 0.465132 0.247292 0.464455 0.246390 0.463778 0.246390 0.463101 0.245487 0.462424 0.245487 0.461070 0.243682 0.461070 0.242780 0.459716 0.240975 0.459716 0.240072 0.459039 0.240072 0.458362 0.239170 0.453622 0.239170 0.452945 0.240072 0.450914 0.240072 0.450237 0.240975 0.450237 0.241877 0.449560 0.242780 0.449560 0.243682 0.448883 0.244585 0.447529 0.244585 0.446852 0.245487 0.443466 0.245487 0.442789 0.246390 0.442112 0.246390 0.440081 0.243682 0.440758 0.242780 0.440758 0.240072 0.440081 0.239170 0.440081 0.231047 0.439404 0.230144 0.440081 0.229242 0.440081 0.226534 0.438727 0.224729 0.437373 0.224729 0.436696 0.223827 0.436696 0.222924 0.437373 0.222022 0.438727 0.222022 0.440081 0.220217 0.440081 0.219314 0.439404 0.218412 0.439404 0.216606 0.440081 0.215704 0.440081 0.213899 0.440758 0.212996 0.440081 0.212094 0.440081 0.203971 0.439404 0.203069 0.439404 0.202166 0.440081 0.201264 0.440081 0.199458 0.439404 0.198556 0.439404 0.193141 0.440081 0.192238 0.438727 0.190433 0.437373 0.190433 0.433988 0.185921 0.435342 0.184116 0.439404 0.184116 0.440758 0.182310 0.440758 0.180505 0.440081 0.179603 0.440081 0.178700 0.439404 0.177798 0.438727 0.177798 0.436696 0.175090 0.436696 0.171480 0.439404 0.167870 0.439404 0.166065 0.440081 0.165162 0.440081 0.157040 0.440758 0.156137 0.440758 0.152527 0.441435 0.151625 0.441435 0.150722 0.442789 0.148917 0.443466 0.148917 0.444821 0.147112 0.444821 0.144404 0.445498 0.143502 0.445498 0.142599 0.446175 0.141697 0.446852 0.141697 0.447529 0.140794 0.448883 0.140794 0.449560 0.139892 0.450914 0.139892 0.451591 0.138989 0.451591 0.137184 0.452945 0.135379 0.452945 0.132671 0.452268 0.132671 0.452268 0.134477 0.451591 0.135379 0.450914 0.135379 0.450237 0.136282 0.449560 0.136282 0.448883 0.135379 0.448883 0.134477 0.448206 0.133574 0.448206 0.128159 0.447529 0.127256 0.447529 0.124549 0.446852 0.123646 0.446852 0.122744 0.444144 0.119134 0.444144 0.116426 0.443466 0.115523 0.444144 0.114621 0.444144 0.104693 0.444821 0.103791 0.444821 0.102888 0.445498 0.101986 0.445498 0.097473 0.446175 0.096570 0.446175 0.095668 0.446852 0.094765 0.446175 0.093863 0.446175 0.090253 0.445498 0.089350 0.445498 0.087545 0.444821 0.086643 0.444821 0.083935 0.446175 0.082130 0.446852 0.082130 0.448206 0.080325 0.450237 0.080325 0.451591 0.082130 0.451591 0.083032 0.452268 0.083935 0.452945 0.083935 0.453622 0.083032 0.453622 0.082130 0.457007 0.077617 0.455653 0.075812 0.455653 0.074007 0.456330 0.073105 0.457684 0.073105 0.458362 0.072202 0.458362 0.070397 0.459039 0.069495 0.459039 0.068592 0.461070 0.065884 0.461747 0.065884 0.462424 0.064982 0.471225 0.064982 0.471903 0.064079 0.493568 0.064079 0.494245 0.063177 0.494922 0.063177 0.495599 0.064079 0.497630 0.064079 0.498307 0.063177 0.499661 0.063177 0.500339 0.062274 0.501693 0.062274 0.502370 0.061372 0.503724 0.061372 0.504401 0.060469 0.507786 0.060469 0.509817 0.057762 0.510494 0.057762 0.511171 0.056859 0.511848 0.056859 0.513879 0.054152 0.514557 0.054152 0.515234 0.053249 0.515911 0.053249 0.518619 0.049639 0.518619 0.048736 0.519296 0.047834 0.519296 0.046931 0.519973 0.046029 0.519973 0.045126 0.522004 0.042419 0.522004 0.039711 0.522681 0.038809 0.522681 0.037004 0.523358 0.036101 0.523358 0.033394 0.524035 0.032491 0.524035 0.029783 0.524712 0.028881 0.524712 0.027978 0.525389 0.027076 0.525389 0.025271 0.526066 0.024368 0.526066 0.020758 0.526743 0.019856 0.526743 0.018953 0.527420 0.018051 0.527420 0.017148 0.528775 0.015343 0.528775 0.014440 0.529452 0.013538 0.529452 0.010830 0.530129 0.009928 0.530129 0.009025 0.530806 0.008123 0.530806 0.007220 0.531483 0.006318 0.531483 0.005415 0.532160 0.004513 0.532160 0.000000 0.498307 0.000000 0.498307 0.000903 0.497630 0.001805 0.495599 0.001805 0.494922 0.002708 0.488829 0.002708 0.488152 0.003610 0.480704 0.003610 0.480027 0.002708 0.473257 0.002708 0.472580 0.001805 0.471225 0.001805 0.470548 0.000903 0.470548 0.000000
1 0.406906 0.000000 0.406906 0.000903 0.407583 0.001805 0.407583 0.003610 0.408260 0.004513 0.408260 0.005415 0.408937 0.006318 0.408937 0.008123 0.409614 0.009025 0.409614 0.009928 0.410291 0.010830 0.410291 0.012635 0.410968 0.013538 0.410968 0.014440 0.411645 0.015343 0.411645 0.016245 0.412322 0.017148 0.412322 0.018051 0.412999 0.018953 0.412999 0.020758 0.413676 0.021661 0.413676 0.022563 0.414353 0.023466 0.414353 0.024368 0.415708 0.026173 0.415708 0.027076 0.417062 0.028881 0.417062 0.029783 0.419093 0.032491 0.419093 0.033394 0.420447 0.035199 0.420447 0.037004 0.428571 0.047834 0.429248 0.047834 0.431957 0.051444 0.432634 0.051444 0.433311 0.052347 0.433988 0.052347 0.434665 0.053249 0.435342 0.053249 0.436019 0.054152 0.436696 0.054152 0.437373 0.055054 0.438727 0.055054 0.439404 0.055957 0.440081 0.055957 0.440758 0.056859 0.441435 0.056859 0.442112 0.057762 0.443466 0.057762 0.444144 0.058664 0.446175 0.058664 0.446852 0.059567 0.447529 0.059567 0.448206 0.060469 0.450237 0.060469 0.450914 0.061372 0.453622 0.061372 0.454299 0.062274 0.456330 0.062274 0.457007 0.063177 0.458362 0.063177 0.459039 0.064079 0.465809 0.064079 0.466486 0.064982 0.481381 0.064982 0.482058 0.065884 0.488152 0.065884 0.488829 0.064982 0.498307 0.064982 0.498984 0.064079 0.502370 0.064079 0.503047 0.063177 0.504401 0.063177 0.505078 0.062274 0.506432 0.062274 0.507109 0.061372 0.508463 0.061372 0.509140 0.060469 0.509817 0.060469 0.511171 0.058664 0.511848 0.058664 0.513202 0.056859 0.513879 0.056859 0.515911 0.054152 0.516588 0.054152 0.518619 0.051444 0.518619 0.050542 0.519973 0.048736 0.519973 0.047834 0.520650 0.046931 0.520650 0.046029 0.522681 0.043321 0.522681 0.041516 0.523358 0.040614 0.523358 0.038809 0.524035 0.037906 0.524035 0.035199 0.524712 0.034296 0.524712 0.032491 0.525389 0.031588 0.525389 0.030686 0.526066 0.029783 0.526066 0.027978 0.526743 0.027076 0.526743 0.024368 0.527420 0.023466 0.527420 0.020758 0.528097 0.019856 0.528097 0.018953 0.528775 0.018051 0.528775 0.017148 0.529452 0.016245 0.529452 0.014440 0.530129 0.013538 0.530129 0.012635 0.530806 0.011733 0.530806 0.010830 0.532837 0.008123 0.532837 0.007220 0.533514 0.006318 0.533514 0.005415 0.534191 0.004513 0.534191 0.000000 0.492214 0.000000 0.492214 0.000903 0.491537 0.001805 0.486121 0.001805 0.485443 0.000903 0.485443 0.000000
2 0.345295 0.591155 0.343263 0.593863 0.342586 0.593863 0.341909 0.594765 0.341232 0.594765 0.341232 0.598375 0.340555 0.599278 0.340555 0.600181 0.339878 0.601083 0.339878 0.603791 0.339201 0.604693 0.339201 0.605596 0.339878 0.606498 0.339878 0.608303 0.341909 0.611011 0.342586 0.611011 0.343940 0.612816 0.344617 0.612816 0.345295 0.613718 0.346649 0.613718 0.348003 0.615523 0.348680 0.615523 0.348680 0.613718 0.348003 0.612816 0.348003 0.611011 0.346649 0.609206 0.346649 0.604693 0.345295 0.602888 0.345295 0.601986 0.343940 0.600181 0.343940 0.599278 0.343263 0.598375 0.343940 0.597473 0.344617 0.597473 0.345295 0.596570 0.345972 0.596570 0.346649 0.597473 0.348003 0.597473 0.348680 0.596570 0.348680 0.592960 0.348003 0.592058 0.346649 0.592058 0.345972 0.591155
2 0.322952 0.529783 0.322275 0.530686 0.320921 0.530686 0.320244 0.531588 0.320244 0.532491 0.319567 0.533394 0.319567 0.536101 0.318890 0.537004 0.318890 0.538809 0.318213 0.539711 0.318213 0.541516 0.317536 0.542419 0.317536 0.545126 0.316858 0.546029 0.316858 0.548736 0.316181 0.549639 0.316181 0.550542 0.315504 0.551444 0.315504 0.552347 0.314827 0.553249 0.314827 0.554152 0.314150 0.555054 0.314150 0.560469 0.313473 0.561372 0.313473 0.563177 0.312796 0.564079 0.312796 0.568592 0.312119 0.569495 0.312119 0.572202 0.311442 0.573105 0.311442 0.574910 0.310765 0.575812 0.310765 0.578520 0.310088 0.579422 0.310088 0.591155 0.310765 0.592058 0.310765 0.592960 0.311442 0.593863 0.311442 0.594765 0.312119 0.595668 0.312119 0.596570 0.316858 0.602888 0.317536 0.602888 0.318213 0.603791 0.318890 0.603791 0.319567 0.604693 0.320244 0.604693 0.320921 0.605596 0.324306 0.605596 0.328368 0.600181 0.328368 0.599278 0.329045 0.598375 0.329045 0.584838 0.329722 0.583935 0.329722 0.580325 0.330399 0.579422 0.330399 0.575812 0.331077 0.574910 0.331077 0.574007 0.331754 0.573105 0.331754 0.566787 0.332431 0.565884 0.332431 0.562274 0.331754 0.561372 0.331754 0.546931 0.332431 0.546029 0.332431 0.545126 0.333108 0.544224 0.333108 0.542419 0.333785 0.541516 0.333785 0.538809 0.334462 0.537906 0.334462 0.530686 0.331077 0.530686 0.330399 0.529783
2 0.216655 0.446751 0.215978 0.447653 0.213270 0.447653 0.212593 0.448556 0.211239 0.448556 0.210562 0.449458 0.209885 0.449458 0.209208 0.450361 0.208531 0.450361 0.207854 0.451264 0.207177 0.451264 0.206500 0.452166 0.205146 0.452166 0.204469 0.453069 0.203114 0.453069 0.202437 0.453971 0.201760 0.453971 0.201083 0.454874 0.200406 0.454874 0.199052 0.456679 0.199052 0.487365 0.199729 0.488267 0.199729 0.492780 0.200406 0.493682 0.200406 0.499097 0.201083 0.500000 0.201083 0.507220 0.201760 0.508123 0.201760 0.513538 0.202437 0.514440 0.202437 0.516245 0.203114 0.517148 0.203114 0.518051 0.204469 0.519856 0.204469 0.520758 0.205146 0.521661 0.205146 0.522563 0.206500 0.524368 0.206500 0.525271 0.209885 0.529783 0.210562 0.529783 0.212593 0.532491 0.213270 0.532491 0.214624 0.534296 0.215301 0.534296 0.217332 0.537004 0.218009 0.537004 0.218687 0.537906 0.220718 0.537906 0.221395 0.538809 0.222749 0.538809 0.223426 0.539711 0.226134 0.539711 0.226811 0.540614 0.237644 0.540614 0.238321 0.539711 0.243060 0.539711 0.243737 0.538809 0.245768 0.538809 0.246445 0.537906 0.248477 0.537906 0.249154 0.537004 0.250508 0.537004 0.251185 0.536101 0.251862 0.536101 0.252539 0.535199 0.253216 0.535199 0.253893 0.534296 0.254570 0.534296 0.255247 0.533394 0.255924 0.533394 0.256601 0.532491 0.257278 0.532491 0.257955 0.531588 0.258632 0.531588 0.259309 0.530686 0.259986 0.530686 0.260664 0.529783 0.261341 0.529783 0.262695 0.527978 0.263372 0.527978 0.266757 0.523466 0.266757 0.518953 0.265403 0.517148 0.264726 0.517148 0.263372 0.515343 0.262695 0.515343 0.262018 0.514440 0.260664 0.514440 0.259986 0.513538 0.259309 0.513538 0.258632 0.512635 0.257955 0.512635 0.257278 0.511733 0.256601 0.511733 0.255924 0.510830 0.254570 0.510830 0.253893 0.509928 0.253216 0.509928 0.251862 0.508123 0.251185 0.508123 0.248477 0.504513 0.247800 0.504513 0.245768 0.501805 0.245768 0.500903 0.245091 0.500903 0.240352 0.494585 0.239675 0.494585 0.238321 0.492780 0.238321 0.491877 0.234936 0.487365 0.234936 0.486462 0.230873 0.481047 0.230873 0.480144 0.230196 0.480144 0.228842 0.478339 0.228842 0.477437 0.228165 0.476534 0.228165 0.475632 0.226811 0.473827 0.226811 0.472924 0.225457 0.471119 0.225457 0.470217 0.224780 0.469314 0.224780 0.468412 0.224103 0.467509 0.224103 0.465704 0.223426 0.464801 0.223426 0.463899 0.222749 0.462996 0.222749 0.462094 0.222072 0.461191 0.222072 0.459386 0.221395 0.458484 0.221395 0.455776 0.220718 0.454874 0.220718 0.452166 0.220041 0.451264 0.220041 0.448556 0.219364 0.447653 0.218009 0.447653 0.217332 0.446751
2 0.205823 0.398917 0.205146 0.399819 0.205146 0.400722 0.204469 0.401625 0.204469 0.403430 0.203791 0.404332 0.203791 0.407040 0.203114 0.407942 0.203114 0.415162 0.207854 0.415162 0.208531 0.414260 0.209885 0.414260 0.210562 0.413357 0.210562 0.409747 0.209208 0.407942 0.209208 0.407040 0.207854 0.405235 0.207854 0.403430 0.207177 0.402527 0.207177 0.401625 0.206500 0.400722 0.206500 0.398917
2 0.344617 0.592058 0.344617 0.592960 0.343263 0.594765 0.341909 0.594765 0.341909 0.595668 0.341232 0.596570 0.341232 0.598375 0.340555 0.599278 0.340555 0.600181 0.339878 0.601083 0.339878 0.603791 0.339201 0.604693 0.339201 0.605596 0.339878 0.606498 0.339878 0.608303 0.342586 0.611913 0.343263 0.611913 0.343940 0.612816 0.344617 0.612816 0.345295 0.613718 0.346649 0.613718 0.348003 0.615523 0.348680 0.615523 0.348680 0.613718 0.348003 0.612816 0.348003 0.604693 0.347326 0.603791 0.347326 0.601986 0.348680 0.600181 0.348680 0.593863 0.348003 0.592960 0.347326 0.592960 0.346649 0.592058
2 0.425186 0.560469 0.424509 0.561372 0.423832 0.561372 0.417739 0.569495 0.417739 0.570397 0.414353 0.574910 0.414353 0.579422 0.413676 0.580325 0.413676 0.582130 0.412999 0.583032 0.412999 0.583935 0.411645 0.585740 0.411645 0.586643 0.410968 0.587545 0.410968 0.590253 0.410291 0.591155 0.410291 0.594765 0.412999 0.598375 0.412999 0.599278 0.413676 0.600181 0.413676 0.601083 0.414353 0.601986 0.414353 0.603791 0.415030 0.604693 0.415030 0.606498 0.414353 0.607401 0.414353 0.609206 0.413676 0.610108 0.413676 0.611011 0.406906 0.620036 0.406906 0.620939 0.402844 0.626354 0.402167 0.626354 0.399458 0.629964 0.399458 0.630866 0.400135 0.631769 0.400135 0.632671 0.400812 0.632671 0.401490 0.633574 0.404198 0.633574 0.404875 0.634477 0.408937 0.634477 0.409614 0.635379 0.413676 0.635379 0.414353 0.636282 0.428571 0.636282 0.429248 0.635379 0.433988 0.635379 0.434665 0.634477 0.438050 0.634477 0.438727 0.633574 0.440758 0.633574 0.441435 0.632671 0.442112 0.632671 0.442789 0.631769 0.444821 0.631769 0.445498 0.630866 0.447529 0.630866 0.448206 0.629964 0.449560 0.629964 0.450237 0.629061 0.450914 0.629061 0.451591 0.628159 0.452945 0.628159 0.453622 0.627256 0.454976 0.627256 0.455653 0.626354 0.457007 0.626354 0.458362 0.624549 0.459716 0.624549 0.460393 0.623646 0.461070 0.623646 0.461747 0.622744 0.462424 0.622744 0.463101 0.621841 0.463778 0.621841 0.464455 0.620939 0.465132 0.620939 0.465809 0.620036 0.466486 0.620036 0.468517 0.617329 0.469194 0.617329 0.469871 0.616426 0.470548 0.616426 0.474611 0.611011 0.474611 0.610108 0.475288 0.609206 0.475288 0.608303 0.475965 0.607401 0.475965 0.606498 0.476642 0.605596 0.476642 0.603791 0.477319 0.602888 0.477319 0.588448 0.476642 0.587545 0.476642 0.585740 0.475965 0.584838 0.475965 0.583935 0.475288 0.583032 0.475288 0.582130 0.474611 0.581227 0.474611 0.580325 0.472580 0.577617 0.471903 0.577617 0.470548 0.575812 0.469194 0.575812 0.468517 0.574910 0.467840 0.574910 0.467163 0.574007 0.465132 0.574007 0.464455 0.573105 0.461747 0.573105 0.461070 0.572202 0.458362 0.572202 0.457684 0.571300 0.453622 0.571300 0.452945 0.570397 0.450237 0.570397 0.449560 0.571300 0.448883 0.570397 0.444821 0.570397 0.444144 0.569495 0.440758 0.569495 0.440081 0.568592 0.438727 0.568592 0.438050 0.567690 0.437373 0.567690 0.436696 0.566787 0.436019 0.566787 0.433311 0.563177 0.432634 0.563177 0.431957 0.562274 0.430603 0.562274 0.429926 0.561372 0.429248 0.561372 0.428571 0.560469
2 0.322952 0.531588 0.322275 0.532491 0.321598 0.532491 0.320921 0.533394 0.320921 0.534296 0.320244 0.535199 0.320244 0.537004 0.319567 0.537906 0.319567 0.539711 0.318890 0.540614 0.318890 0.542419 0.318213 0.543321 0.318213 0.544224 0.317536 0.545126 0.317536 0.547834 0.316858 0.548736 0.316858 0.550542 0.316181 0.551444 0.316181 0.552347 0.315504 0.553249 0.315504 0.555957 0.314827 0.556859 0.314827 0.561372 0.314150 0.562274 0.314150 0.564079 0.313473 0.564982 0.313473 0.570397 0.312796 0.571300 0.312796 0.572202 0.312119 0.573105 0.312119 0.575812 0.311442 0.576715 0.311442 0.578520 0.310765 0.579422 0.310765 0.591155 0.311442 0.592058 0.311442 0.593863 0.312796 0.595668 0.312796 0.596570 0.314827 0.599278 0.315504 0.599278 0.317536 0.601986 0.318890 0.601986 0.319567 0.602888 0.320921 0.602888 0.321598 0.603791 0.324983 0.603791 0.326337 0.601986 0.327014 0.601986 0.327014 0.601083 0.328368 0.599278 0.328368 0.596570 0.329045 0.595668 0.329045 0.588448 0.328368 0.587545 0.328368 0.581227 0.329045 0.580325 0.329045 0.577617 0.329722 0.576715 0.329722 0.574910 0.330399 0.574007 0.330399 0.572202 0.331077 0.571300 0.331077 0.569495 0.331754 0.568592 0.331754 0.557762 0.331077 0.556859 0.331077 0.554152 0.330399 0.553249 0.330399 0.552347 0.329722 0.551444 0.329722 0.548736 0.329045 0.547834 0.329045 0.546029 0.330399 0.544224 0.331077 0.544224 0.331754 0.543321 0.331754 0.539711 0.331077 0.538809 0.331077 0.532491 0.330399 0.532491 0.329722 0.531588