0 0.418416 0.739170 0.417739 0.740072 0.417739 0.743682 0.418416 0.744585 0.417739 0.745487 0.417739 0.750000 0.418416 0.750903 0.418416 0.751805 0.421124 0.751805 0.422478 0.753610 0.422478 0.754513 0.423155 0.754513 0.423832 0.755415 0.424509 0.755415 0.425186 0.756318 0.427894 0.756318 0.428571 0.757220 0.429248 0.756318 0.430603 0.756318 0.431280 0.755415 0.432634 0.755415 0.433311 0.754513 0.434665 0.754513 0.436696 0.751805 0.437373 0.751805 0.438050 0.750903 0.438050 0.750000 0.437373 0.749097 0.437373 0.748195 0.436696 0.747292 0.436019 0.747292 0.435342 0.746390 0.433988 0.746390 0.432634 0.744585 0.431280 0.744585 0.430603 0.743682 0.429248 0.743682 0.428571 0.742780 0.423832 0.742780 0.423155 0.743682 0.421124 0.743682 0.420447 0.742780 0.420447 0.741877
0 0.355450 0.703971 0.352742 0.707581 0.352065 0.707581 0.351388 0.708484 0.350034 0.708484 0.350034 0.710289 0.350711 0.711191 0.354096 0.711191 0.354773 0.712094 0.355450 0.712094 0.357481 0.709386 0.356804 0.708484 0.356804 0.707581 0.356127 0.706679 0.356127 0.705776 0.355450 0.704874
0 0.452268 0.656137 0.452268 0.657040 0.451591 0.657942 0.452268 0.658845 0.452945 0.658845 0.453622 0.657942 0.453622 0.657040 0.452945 0.656137
0 0.465809 0.628159 0.464455 0.629964 0.464455 0.630866 0.465132 0.631769 0.467163 0.631769 0.467840 0.630866 0.468517 0.630866 0.469194 0.629964 0.469194 0.629061 0.468517 0.628159
0 0.472580 0.621841 0.472580 0.622744 0.471903 0.623646 0.471903 0.624549 0.470548 0.626354 0.470548 0.628159 0.471225 0.629061 0.471225 0.630866 0.471903 0.631769 0.472580 0.631769 0.473257 0.632671 0.475288 0.629964 0.475288 0.628159 0.475965 0.627256 0.475965 0.626354 0.476642 0.625451 0.476642 0.622744 0.475965 0.622744 0.475288 0.621841
0 0.257955 0.594765 0.257955 0.595668 0.257278 0.596570 0.257278 0.601986 0.257955 0.602888 0.259309 0.602888 0.259986 0.601986 0.260664 0.601986 0.259986 0.601083 0.259986 0.598375 0.259309 0.597473 0.259309 0.596570 0.258632 0.595668 0.258632 0.594765
0 0.251862 0.573105 0.251862 0.574007 0.251185 0.574910 0.251185 0.592058 0.250508 0.592960 0.250508 0.593863 0.249154 0.595668 0.249154 0.597473 0.248477 0.598375 0.248477 0.599278 0.249154 0.600181 0.249154 0.601083 0.249831 0.601986 0.249831 0.602888 0.249154 0.603791 0.248477 0.603791 0.248477 0.606498 0.249154 0.606498 0.252539 0.601986 0.252539 0.601083 0.253216 0.600181 0.253216 0.599278 0.253893 0.598375 0.253216 0.597473 0.253216 0.590253 0.253893 0.589350 0.253893 0.585740 0.254570 0.584838 0.253893 0.583935 0.253893 0.575812 0.252539 0.574007 0.252539 0.573105
0 0.382532 0.552347 0.382532 0.554152 0.384563 0.554152 0.385240 0.553249 0.384563 0.552347
0 0.376439 0.544224 0.376439 0.545126 0.375762 0.546029 0.375762 0.546931 0.376439 0.547834 0.376439 0.548736 0.377116 0.548736 0.377116 0.547834 0.377793 0.546931 0.377793 0.546029
0 0.415708 0.543321 0.415030 0.544224 0.410968 0.544224 0.410291 0.545126 0.408937 0.545126 0.407583 0.546931 0.406906 0.546931 0.406229 0.546029 0.404875 0.546029 0.404198 0.545126 0.404198 0.546931 0.406229 0.546931 0.407583 0.548736 0.407583 0.549639 0.408937 0.549639 0.409614 0.548736 0.411645 0.548736 0.412322 0.547834 0.413676 0.547834 0.414353 0.546931 0.415030 0.547834 0.417062 0.547834 0.417739 0.548736 0.418416 0.548736 0.419093 0.547834 0.419770 0.547834 0.420447 0.546931 0.420447 0.546029 0.419770 0.545126 0.419770 0.544224 0.419093 0.544224 0.418416 0.543321
0 0.386594 0.543321 0.387271 0.543321 0.387949 0.544224 0.387949 0.545126 0.388626 0.546029 0.388626 0.547834 0.389303 0.548736 0.391334 0.548736 0.391334 0.544224 0.388626 0.544224 0.387949 0.543321
0 0.393365 0.542419 0.392688 0.543321 0.394042 0.543321 0.394042 0.542419
0 0.417062 0.490975 0.417739 0.491877 0.418416 0.491877 0.418416 0.490975
0 0.394719 0.479242 0.394042 0.480144 0.393365 0.480144 0.393365 0.481047 0.397427 0.481047 0.397427 0.479242
0 0.365606 0.444946 0.364929 0.445848 0.367637 0.445848 0.367637 0.444946
0 0.369668 0.411552 0.368991 0.412455 0.368991 0.418773 0.368314 0.419675 0.368314 0.421480 0.371022 0.421480 0.370345 0.420578 0.370345 0.419675 0.369668 0.418773 0.369668 0.415162 0.370345 0.414260 0.369668 0.413357
0 0.354773 0.372744 0.354096 0.373646 0.354096 0.374549 0.353419 0.375451 0.353419 0.379964 0.354096 0.379964 0.354773 0.380866 0.356804 0.380866 0.358158 0.379061 0.358158 0.378159 0.359513 0.376354 0.358835 0.376354 0.358158 0.375451 0.357481 0.375451 0.356127 0.373646 0.356127 0.372744
0 0.358835 0.291516 0.358158 0.292419 0.358158 0.293321 0.358835 0.294224 0.358835 0.299639 0.359513 0.299639 0.359513 0.294224 0.360190 0.293321 0.359513 0.292419 0.359513 0.291516
0 0.345295 0.285199 0.344617 0.286101 0.345295 0.286101
0 0.386594 0.265343 0.385917 0.266245 0.383209 0.266245 0.383209 0.267148 0.382532 0.268051 0.382532 0.268953 0.383209 0.269856 0.383886 0.269856 0.384563 0.268953 0.386594 0.268953 0.387271 0.268051 0.386594 0.267148
0 0.335139 0.240975 0.334462 0.241877 0.334462 0.242780 0.333785 0.243682 0.330399 0.243682 0.329722 0.244585 0.327691 0.244585 0.327014 0.245487 0.325660 0.245487 0.324983 0.246390 0.322952 0.246390 0.322275 0.247292 0.320921 0.247292 0.319567 0.249097 0.318890 0.249097 0.318213 0.250000 0.317536 0.250000 0.316858 0.250903 0.316181 0.250903 0.315504 0.251805 0.314827 0.251805 0.314150 0.252708 0.313473 0.252708 0.312119 0.254513 0.311442 0.254513 0.309411 0.257220 0.308734 0.257220 0.307380 0.259025 0.306703 0.259025 0.304672 0.261733 0.303995 0.261733 0.301963 0.264440 0.301286 0.264440 0.300609 0.265343 0.299932 0.265343 0.299255 0.266245 0.298578 0.266245 0.297224 0.268051 0.296547 0.268051 0.294516 0.270758 0.293839 0.270758 0.293162 0.271661 0.293162 0.272563 0.289100 0.277978 0.289100 0.278881 0.287745 0.280686 0.287745 0.281588 0.287068 0.282491 0.287068 0.283394 0.286391 0.284296 0.286391 0.285199 0.285714 0.286101 0.285714 0.287906 0.285037 0.288809 0.285037 0.289711 0.284360 0.290614 0.284360 0.294224 0.283683 0.295126 0.283683 0.296931 0.283006 0.297834 0.283006 0.300542 0.282329 0.301444 0.282329 0.304152 0.281652 0.305054 0.281652 0.310469 0.280975 0.311372 0.280975 0.320397 0.280298 0.321300 0.280298 0.330325 0.279621 0.331227 0.279621 0.342960 0.280298 0.343863 0.280298 0.351083 0.280975 0.351986 0.280975 0.364621 0.281652 0.365523 0.281652 0.366426 0.280975 0.367329 0.280975 0.369134 0.281652 0.370036 0.281652 0.378159 0.282329 0.379061 0.282329 0.388087 0.283006 0.388989 0.283006 0.392599 0.283683 0.393502 0.283683 0.396209 0.284360 0.397112 0.284360 0.398014 0.285037 0.398917 0.285037 0.400722 0.285714 0.401625 0.285714 0.403430 0.286391 0.404332 0.286391 0.408845 0.285714 0.409747 0.285714 0.412455 0.285037 0.413357 0.285037 0.415162 0.283683 0.416968 0.283006 0.416968 0.282329 0.417870 0.282329 0.419675 0.283006 0.420578 0.283006 0.421480 0.282329 0.422383 0.282329 0.426895 0.283006 0.426895 0.283683 0.427798 0.283683 0.428700 0.283006 0.429603 0.281652 0.429603 0.280975 0.428700 0.279621 0.428700 0.279621 0.429603 0.278944 0.430505 0.278944 0.433213 0.277590 0.435018 0.276236 0.435018 0.275559 0.435921 0.275559 0.445848 0.273527 0.448556 0.272173 0.448556 0.272173 0.459386 0.272850 0.459386 0.272850 0.458484 0.273527 0.457581 0.273527 0.455776 0.274882 0.453971 0.274882 0.453069 0.275559 0.452166 0.275559 0.451264 0.276236 0.450361 0.276913 0.450361 0.277590 0.449458 0.279621 0.449458 0.279621 0.448556 0.278944 0.448556 0.277590 0.446751 0.277590 0.444946 0.278267 0.444043 0.278267 0.443141 0.278944 0.442238 0.278267 0.441336 0.278267 0.438628 0.278944 0.437726 0.280298 0.437726 0.280975 0.438628 0.280975 0.439531 0.281652 0.440433 0.283006 0.440433 0.284360 0.442238 0.284360 0.443141 0.283006 0.444946 0.282329 0.444946 0.282329 0.445848 0.284360 0.445848 0.285037 0.444946 0.286391 0.444946 0.287068 0.445848 0.287068 0.446751 0.285714 0.448556 0.285714 0.453069 0.284360 0.454874 0.284360 0.457581 0.283683 0.458484 0.283683 0.460289 0.284360 0.461191 0.284360 0.462094 0.285037 0.462996 0.284360 0.463899 0.283683 0.463899 0.283006 0.464801 0.281652 0.464801 0.280975 0.463899 0.280298 0.463899 0.279621 0.462996 0.276913 0.462996 0.276236 0.463899 0.276236 0.466606 0.277590 0.466606 0.279621 0.469314 0.280298 0.469314 0.280975 0.470217 0.280298 0.471119 0.279621 0.471119 0.279621 0.472924 0.280975 0.472924 0.281652 0.473827 0.283683 0.473827 0.284360 0.472924 0.286391 0.472924 0.287068 0.473827 0.287068 0.474729 0.287745 0.475632 0.287745 0.477437 0.287068 0.478339 0.287068 0.481047 0.286391 0.481949 0.286391 0.485560 0.287068 0.486462 0.287068 0.490072 0.285714 0.491877 0.285714 0.492780 0.283683 0.495487 0.283683 0.496390 0.283006 0.497292 0.283006 0.504513 0.283683 0.505415 0.283683 0.508123 0.284360 0.509025 0.284360 0.513538 0.285037 0.514440 0.285037 0.522563 0.284360 0.523466 0.284360 0.525271 0.283006 0.527076 0.283006 0.527978 0.282329 0.528881 0.282329 0.529783 0.281652 0.530686 0.281652 0.531588 0.280298 0.533394 0.279621 0.533394 0.278944 0.534296 0.278267 0.534296 0.276913 0.536101 0.276236 0.536101 0.273527 0.539711 0.272850 0.539711 0.272850 0.540614 0.271496 0.542419 0.270819 0.542419 0.269465 0.544224 0.269465 0.545126 0.268788 0.546029 0.268111 0.546029 0.267434 0.546931 0.267434 0.547834 0.266757 0.548736 0.266757 0.549639 0.264049 0.553249 0.264049 0.556859 0.262695 0.558664 0.261341 0.558664 0.260664 0.557762 0.260664 0.556859 0.258632 0.554152 0.256601 0.556859 0.256601 0.557762 0.255247 0.559567 0.255247 0.560469 0.254570 0.561372 0.254570 0.565884 0.253893 0.566787 0.253893 0.567690 0.256601 0.571300 0.256601 0.572202 0.255924 0.573105 0.255924 0.577617 0.256601 0.578520 0.256601 0.580325 0.257278 0.581227 0.255924 0.583032 0.255924 0.585740 0.257278 0.587545 0.257278 0.588448 0.257955 0.589350 0.259986 0.589350 0.260664 0.588448 0.261341 0.588448 0.262018 0.589350 0.262018 0.590253 0.262695 0.591155 0.262695 0.598375 0.262018 0.599278 0.262018 0.606498 0.262695 0.607401 0.262695 0.611011 0.262018 0.611913 0.262018 0.620036 0.261341 0.620939 0.259986 0.620939 0.259309 0.621841 0.257278 0.621841 0.256601 0.622744 0.256601 0.623646 0.255924 0.624549 0.255924 0.629061 0.256601 0.629964 0.257955 0.629964 0.259309 0.631769 0.259986 0.631769 0.260664 0.632671 0.260664 0.633574 0.258632 0.636282 0.257278 0.636282 0.256601 0.635379 0.255247 0.635379 0.253893 0.633574 0.253893 0.631769 0.254570 0.630866 0.254570 0.626354 0.253893 0.625451 0.253893 0.620939 0.253216 0.620036 0.253216 0.613718 0.252539 0.612816 0.252539 0.611011 0.251862 0.610108 0.251862 0.609206 0.251185 0.608303 0.251185 0.609206 0.250508 0.610108 0.250508 0.614621 0.249831 0.615523 0.249831 0.616426 0.250508 0.617329 0.250508 0.628159 0.251185 0.629061 0.251185 0.634477 0.250508 0.635379 0.250508 0.637184 0.251185 0.638087 0.251185 0.639892 0.253893 0.639892 0.254570 0.638989 0.257278 0.638989 0.257955 0.639892 0.257955 0.643502 0.258632 0.644404 0.257955 0.645307 0.257955 0.647112 0.258632 0.648014 0.258632 0.650722 0.259309 0.649819 0.258632 0.648917 0.258632 0.648014 0.257955 0.647112 0.258632 0.646209 0.258632 0.645307 0.259986 0.643502 0.261341 0.643502 0.262018 0.644404 0.262018 0.645307 0.262695 0.646209 0.262695 0.651625 0.263372 0.652527 0.263372 0.654332 0.264049 0.655235 0.264049 0.657040 0.267434 0.661552 0.267434 0.662455 0.268111 0.663357 0.268111 0.667870 0.268788 0.668773 0.268788 0.670578 0.270142 0.672383 0.270142 0.673285 0.270819 0.674188 0.270819 0.675090 0.271496 0.675993 0.271496 0.677798 0.272173 0.678700 0.272173 0.681408 0.272850 0.682310 0.273527 0.682310 0.274204 0.683213 0.275559 0.683213 0.276236 0.684116 0.276913 0.684116 0.277590 0.685018 0.278267 0.685018 0.280975 0.688628 0.281652 0.688628 0.283006 0.690433 0.283683 0.690433 0.284360 0.691336 0.285037 0.691336 0.291131 0.699458 0.291131 0.700361 0.291808 0.701264 0.291808 0.702166 0.292485 0.703069 0.292485 0.703971 0.293162 0.704874 0.293162 0.705776 0.294516 0.707581 0.294516 0.708484 0.295193 0.709386 0.295193 0.710289 0.295870 0.711191 0.295870 0.712094 0.296547 0.712996 0.296547 0.714801 0.297224 0.715704 0.297224 0.724729 0.296547 0.725632 0.296547 0.747292 0.295870 0.748195 0.295870 0.755415 0.295193 0.756318 0.295193 0.758123 0.294516 0.759025 0.294516 0.760830 0.293839 0.761733 0.293839 0.763538 0.293162 0.764440 0.293162 0.766245 0.292485 0.767148 0.292485 0.768953 0.291808 0.769856 0.291808 0.770758 0.291131 0.771661 0.291131 0.773466 0.290454 0.774368 0.290454 0.776173 0.289777 0.777076 0.289777 0.780686 0.290454 0.781588 0.290454 0.784296 0.291131 0.785199 0.291131 0.787004 0.291808 0.787906 0.291808 0.789711 0.292485 0.789711 0.293839 0.791516 0.295193 0.791516 0.295870 0.792419 0.297224 0.792419 0.297901 0.793321 0.301963 0.793321 0.302640 0.794224 0.312796 0.794224 0.313473 0.795126 0.320244 0.795126 0.320921 0.794224 0.328368 0.794224 0.329045 0.793321 0.333785 0.793321 0.334462 0.792419 0.336493 0.792419 0.337170 0.791516 0.338524 0.791516 0.339201 0.790614 0.341232 0.790614 0.341909 0.789711 0.343940 0.789711 0.344617 0.788809 0.345295 0.788809 0.345972 0.787906 0.346649 0.787906 0.347326 0.787004 0.348003 0.787004 0.348680 0.786101 0.349357 0.786101 0.350711 0.784296 0.350711 0.783394 0.353419 0.779783 0.353419 0.777978 0.354096 0.777076 0.354096 0.774368 0.353419 0.773466 0.353419 0.767148 0.351388 0.764440 0.351388 0.760830 0.350711 0.759928 0.350711 0.759025 0.350034 0.758123 0.350034 0.754513 0.347326 0.750903 0.347326 0.749097 0.345972 0.747292 0.345972 0.746390 0.345295 0.745487 0.345295 0.744585 0.344617 0.743682 0.344617 0.740072 0.345295 0.739170 0.345295 0.731047 0.345972 0.730144 0.345972 0.728339 0.346649 0.727437 0.346649 0.723827 0.347326 0.722924 0.347326 0.717509 0.348003 0.716606 0.348003 0.705776 0.350034 0.703069 0.350711 0.703069 0.350711 0.699458 0.350034 0.698556 0.350034 0.695848 0.349357 0.694946 0.349357 0.691336 0.348680 0.690433 0.348680 0.689531 0.350711 0.686823 0.350711 0.685921 0.352065 0.684116 0.364929 0.684116 0.365606 0.685018 0.369668 0.685018 0.370345 0.685921 0.381855 0.685921 0.382532 0.685018 0.379824 0.681408 0.379824 0.680505 0.379147 0.679603 0.379147 0.678700 0.377116 0.675993 0.376439 0.675993 0.375762 0.675090 0.375762 0.674188 0.374408 0.672383 0.374408 0.671480 0.373731 0.670578 0.373731 0.669675 0.371699 0.666968 0.371699 0.666065 0.371022 0.665162 0.371022 0.664260 0.370345 0.663357 0.370345 0.661552 0.369668 0.660650 0.369668 0.657942 0.368991 0.657040 0.368314 0.657040 0.366960 0.655235 0.366283 0.655235 0.365606 0.654332 0.365606 0.653430 0.364929 0.652527 0.364929 0.649819 0.364252 0.648917 0.364252 0.647112 0.363575 0.646209 0.363575 0.645307 0.362221 0.643502 0.362221 0.641697 0.361544 0.640794 0.361544 0.639892 0.360867 0.638989 0.360867 0.638087 0.360190 0.637184 0.360190 0.635379 0.359513 0.634477 0.359513 0.633574 0.358835 0.632671 0.358835 0.631769 0.358158 0.630866 0.358158 0.628159 0.357481 0.627256 0.357481 0.626354 0.356804 0.625451 0.356804 0.624549 0.355450 0.622744 0.355450 0.620939 0.354773 0.620036 0.354773 0.615523 0.354096 0.614621 0.354096 0.613718 0.351388 0.610108 0.351388 0.608303 0.350711 0.607401 0.350711 0.606498 0.350034 0.605596 0.350034 0.604693 0.349357 0.603791 0.349357 0.601083 0.348003 0.599278 0.348003 0.597473 0.347326 0.596570 0.347326 0.593863 0.346649 0.592960 0.346649 0.591155 0.345972 0.590253 0.345972 0.586643 0.345295 0.585740 0.345295 0.584838 0.344617 0.583935 0.344617 0.580325 0.343940 0.579422 0.343940 0.574007 0.342586 0.572202 0.342586 0.571300 0.341232 0.569495 0.341232 0.567690 0.340555 0.566787 0.340555 0.564079 0.339878 0.563177 0.339878 0.562274 0.339201 0.561372 0.339201 0.560469 0.337847 0.558664 0.337847 0.557762 0.337170 0.556859 0.337170 0.555957 0.335139 0.553249 0.335139 0.552347 0.334462 0.551444 0.334462 0.550542 0.333785 0.550542 0.333108 0.549639 0.332431 0.549639 0.329722 0.546029 0.329722 0.545126 0.329045 0.544224 0.328368 0.544224 0.326337 0.541516 0.323629 0.541516 0.322952 0.540614 0.322275 0.540614 0.321598 0.539711 0.321598 0.536101 0.322275 0.535199 0.322275 0.532491 0.322952 0.531588 0.324306 0.531588 0.326337 0.534296 0.327014 0.534296 0.327691 0.535199 0.329045 0.533394 0.329722 0.533394 0.330399 0.532491 0.329722 0.531588 0.329722 0.530686 0.329045 0.529783 0.329045 0.525271 0.330399 0.523466 0.330399 0.522563 0.331754 0.520758 0.331754 0.519856 0.332431 0.518953 0.332431 0.514440 0.331754 0.513538 0.331754 0.510830 0.331077 0.509928 0.331077 0.499097 0.331754 0.498195 0.331754 0.493682 0.331077 0.492780 0.331077 0.490072 0.331754 0.489170 0.331754 0.485560 0.331077 0.484657 0.331077 0.476534 0.330399 0.475632 0.330399 0.472022 0.329722 0.471119 0.329722 0.466606 0.329045 0.465704 0.329045 0.449458 0.328368 0.448556 0.326337 0.448556 0.324983 0.450361 0.324306 0.450361 0.323629 0.449458 0.323629 0.445848 0.322952 0.445848 0.322275 0.444946 0.320921 0.444946 0.320244 0.444043 0.316858 0.444043 0.315504 0.442238 0.317536 0.439531 0.318213 0.439531 0.318890 0.438628 0.318213 0.437726 0.316858 0.437726 0.316181 0.436823 0.315504 0.436823 0.314827 0.435921 0.315504 0.435018 0.316181 0.435018 0.316858 0.434116 0.322275 0.434116 0.322952 0.433213 0.328368 0.433213 0.329045 0.432310 0.329045 0.426895 0.329722 0.425993 0.329722 0.420578 0.328368 0.418773 0.328368 0.417870 0.327014 0.416065 0.327014 0.414260 0.326337 0.413357 0.326337 0.411552 0.325660 0.410650 0.325660 0.408845 0.324983 0.407942 0.324983 0.405235 0.325660 0.404332 0.325660 0.399819 0.324983 0.398917 0.324983 0.393502 0.325660 0.392599 0.325660 0.390794 0.326337 0.389892 0.326337 0.388087 0.327014 0.387184 0.327014 0.385379 0.326337 0.384477 0.326337 0.378159 0.325660 0.377256 0.325660 0.375451 0.326337 0.374549 0.326337 0.370036 0.325660 0.369134 0.324983 0.369134 0.324306 0.368231 0.324306 0.369134 0.323629 0.370036 0.323629 0.370939 0.322952 0.371841 0.322952 0.373646 0.322275 0.374549 0.322275 0.375451 0.321598 0.376354 0.320921 0.376354 0.320244 0.377256 0.319567 0.377256 0.318890 0.378159 0.318213 0.378159 0.314827 0.382671 0.314827 0.383574 0.313473 0.385379 0.312796 0.384477 0.312796 0.383574 0.311442 0.381769 0.311442 0.379061 0.312796 0.377256 0.312796 0.369134 0.312119 0.368231 0.306703 0.368231 0.305349 0.366426 0.305349 0.365523 0.306026 0.364621 0.306026 0.363718 0.306703 0.362816 0.306703 0.358303 0.307380 0.357401 0.307380 0.355596 0.308057 0.354693 0.308057 0.353791 0.308734 0.352888 0.308734 0.351986 0.309411 0.351083 0.309411 0.350181 0.310765 0.348375 0.312796 0.348375 0.313473 0.349278 0.314150 0.348375 0.314827 0.348375 0.313473 0.346570 0.313473 0.343863 0.314150 0.342960 0.314150 0.342058 0.316181 0.339350 0.316181 0.336643 0.316858 0.335740 0.316858 0.333032 0.317536 0.332130 0.319567 0.332130 0.320244 0.331227 0.320244 0.327617 0.320921 0.326715 0.320921 0.325812 0.321598 0.324910 0.321598 0.324007 0.322952 0.322202 0.322952 0.321300 0.323629 0.320397 0.323629 0.317690 0.324306 0.316787 0.324983 0.316787 0.325660 0.315884 0.325660 0.314079 0.326337 0.313177 0.326337 0.312274 0.327014 0.311372 0.327014 0.309567 0.326337 0.308664 0.326337 0.305957 0.327014 0.305054 0.327014 0.303249 0.327691 0.302347 0.330399 0.302347 0.331077 0.301444 0.331754 0.301444 0.332431 0.300542 0.333108 0.300542 0.334462 0.298736 0.337170 0.298736 0.337847 0.299639 0.337170 0.298736 0.337170 0.295126 0.338524 0.293321 0.336493 0.290614 0.336493 0.288809 0.338524 0.286101 0.338524 0.285199 0.337847 0.284296 0.337847 0.283394 0.337170 0.282491 0.337847 0.281588 0.340555 0.281588 0.341232 0.282491 0.341909 0.282491 0.342586 0.281588 0.343940 0.281588 0.345972 0.278881 0.345295 0.278881 0.344617 0.277978 0.344617 0.277076 0.343940 0.276173 0.343940 0.275271 0.343263 0.274368 0.343263 0.273466 0.341909 0.271661 0.341909 0.270758 0.339201 0.274368 0.339201 0.275271 0.338524 0.276173 0.337847 0.276173 0.337170 0.275271 0.337170 0.271661 0.336493 0.270758 0.336493 0.267148 0.337170 0.266245 0.337170 0.263538 0.338524 0.261733 0.339878 0.263538 0.339878 0.264440 0.341909 0.267148 0.342586 0.267148 0.343263 0.266245 0.345295 0.266245 0.345972 0.265343 0.345295 0.264440 0.344617 0.264440 0.343263 0.262635 0.343263 0.260830 0.342586 0.259928 0.339878 0.259928 0.338524 0.261733 0.336493 0.259025 0.335816 0.259025 0.335139 0.258123 0.335139 0.254513 0.337170 0.251805 0.337847 0.251805 0.338524 0.250903 0.340555 0.253610 0.340555 0.254513 0.341232 0.255415 0.341232 0.256318 0.342586 0.256318 0.342586 0.255415 0.343263 0.254513 0.343263 0.252708 0.343940 0.251805 0.343263 0.250903 0.343263 0.250000 0.342586 0.249097 0.342586 0.248195 0.341909 0.247292 0.341909 0.245487 0.342586 0.244585 0.341909 0.243682 0.341909 0.240975 0.341232 0.240975 0.341232 0.241877 0.339878 0.243682 0.337170 0.243682 0.335816 0.241877 0.335816 0.240975
0 0.418416 0.046931 0.417739 0.047834 0.414353 0.047834 0.413676 0.048736 0.412322 0.048736 0.411645 0.049639 0.410968 0.049639 0.408937 0.052347 0.408260 0.052347 0.405552 0.055957 0.404875 0.055957 0.402167 0.059567 0.401490 0.059567 0.398104 0.064079 0.397427 0.064079 0.393365 0.069495 0.393365 0.070397 0.389303 0.075812 0.389303 0.076715 0.387271 0.079422 0.387271 0.080325 0.385240 0.083032 0.385240 0.083935 0.384563 0.084838 0.384563 0.085740 0.383886 0.086643 0.383886 0.087545 0.382532 0.089350 0.382532 0.090253 0.381855 0.091155 0.381855 0.092058 0.381178 0.092960 0.381178 0.093863 0.380501 0.094765 0.380501 0.095668 0.379147 0.097473 0.379147 0.098375 0.378470 0.099278 0.377793 0.099278 0.377116 0.100181 0.376439 0.100181 0.375085 0.101986 0.374408 0.101986 0.372376 0.104693 0.372376 0.105596 0.371699 0.106498 0.371699 0.107401 0.371022 0.108303 0.371022 0.110108 0.370345 0.111011 0.370345 0.114621 0.369668 0.115523 0.369668 0.122744 0.370345 0.123646 0.370345 0.125451 0.371022 0.126354 0.371022 0.128159 0.371699 0.129061 0.371699 0.130866 0.372376 0.131769 0.372376 0.133574 0.373053 0.134477 0.373053 0.135379 0.374408 0.137184 0.373053 0.138989 0.373053 0.139892 0.372376 0.140794 0.372376 0.143502 0.371699 0.144404 0.371699 0.165162 0.372376 0.166065 0.372376 0.169675 0.373053 0.170578 0.373053 0.173285 0.373731 0.174188 0.373731 0.175993 0.374408 0.176895 0.374408 0.177798 0.375085 0.178700 0.375085 0.179603 0.376439 0.181408 0.376439 0.182310 0.377116 0.182310 0.377793 0.183213 0.378470 0.183213 0.379824 0.185018 0.379824 0.186823 0.380501 0.187726 0.380501 0.199458 0.379824 0.200361 0.379824 0.205776 0.379147 0.206679 0.379147 0.207581 0.378470 0.208484 0.378470 0.209386 0.377793 0.210289 0.377793 0.211191 0.375762 0.213899 0.375762 0.214801 0.370345 0.222022 0.369668 0.222022 0.368991 0.222924 0.368314 0.222924 0.367637 0.223827 0.366960 0.223827 0.366283 0.224729 0.365606 0.224729 0.364929 0.225632 0.364252 0.225632 0.363575 0.226534 0.362898 0.226534 0.361544 0.228339 0.360867 0.228339 0.359513 0.230144 0.358835 0.230144 0.356804 0.232852 0.356127 0.232852 0.355450 0.233755 0.354773 0.233755 0.353419 0.235560 0.353419 0.236462 0.352742 0.237365 0.352742 0.258123 0.352065 0.259025 0.351388 0.259025 0.350711 0.259928 0.350034 0.259928 0.350034 0.260830 0.349357 0.261733 0.349357 0.265343 0.350034 0.266245 0.350034 0.267148 0.351388 0.267148 0.352742 0.268953 0.352742 0.270758 0.353419 0.271661 0.352742 0.272563 0.352742 0.274368 0.352065 0.275271 0.348003 0.275271 0.347326 0.276173 0.348003 0.277076 0.350711 0.277076 0.352065 0.278881 0.351388 0.279783 0.350711 0.279783 0.348680 0.282491 0.352065 0.287004 0.352742 0.286101 0.353419 0.286101 0.355450 0.283394 0.356804 0.285199 0.356804 0.286101 0.358835 0.288809 0.362898 0.288809 0.364252 0.287004 0.364929 0.287004 0.365606 0.286101 0.366960 0.286101 0.366960 0.284296 0.366283 0.284296 0.365606 0.283394 0.365606 0.282491 0.366283 0.281588 0.366960 0.281588 0.368314 0.283394 0.368991 0.283394 0.370345 0.281588 0.370345 0.280686 0.373731 0.276173 0.374408 0.276173 0.374408 0.274368 0.373053 0.272563 0.377793 0.266245 0.377793 0.265343 0.378470 0.264440 0.378470 0.263538 0.379147 0.262635 0.379147 0.261733 0.379824 0.260830 0.381855 0.260830 0.382532 0.261733 0.382532 0.262635 0.383886 0.264440 0.384563 0.263538 0.385240 0.263538 0.385240 0.261733 0.384563 0.260830 0.383209 0.260830 0.382532 0.259928 0.382532 0.254513 0.383209 0.253610 0.385240 0.253610 0.385917 0.254513 0.385917 0.255415 0.386594 0.256318 0.386594 0.259025 0.387949 0.259025 0.388626 0.258123 0.392011 0.258123 0.392688 0.257220 0.392688 0.254513 0.393365 0.253610 0.394042 0.253610 0.395396 0.251805 0.395396 0.250903 0.394719 0.250000 0.392688 0.250000 0.392011 0.250903 0.392011 0.251805 0.391334 0.252708 0.389980 0.252708 0.389303 0.251805 0.389303 0.250000 0.389980 0.249097 0.389980 0.248195 0.390657 0.247292 0.397427 0.247292 0.398104 0.246390 0.398781 0.246390 0.399458 0.245487 0.400135 0.245487 0.400812 0.244585 0.400812 0.243682 0.402844 0.240975 0.404198 0.240975 0.403521 0.240072 0.402844 0.240072 0.401490 0.238267 0.401490 0.237365 0.402844 0.235560 0.402844 0.234657 0.404198 0.232852 0.406906 0.232852 0.407583 0.231949 0.408937 0.231949 0.410968 0.229242 0.415030 0.229242 0.415708 0.230144 0.416385 0.230144 0.417062 0.231047 0.417062 0.231949 0.418416 0.233755 0.419093 0.233755 0.419770 0.234657 0.419770 0.235560 0.420447 0.236462 0.420447 0.237365 0.421801 0.239170 0.421801 0.240072 0.420447 0.241877 0.419093 0.241877 0.418416 0.242780 0.418416 0.243682 0.417739 0.244585 0.416385 0.244585 0.415708 0.245487 0.414353 0.245487 0.413676 0.246390 0.412322 0.246390 0.410968 0.248195 0.408260 0.248195 0.406906 0.250000 0.406906 0.250903 0.402167 0.257220 0.402167 0.258123 0.400812 0.259928 0.400135 0.259928 0.399458 0.260830 0.399458 0.261733 0.398781 0.262635 0.398104 0.262635 0.397427 0.263538 0.396750 0.263538 0.396073 0.264440 0.394042 0.264440 0.390657 0.268953 0.390657 0.272563 0.389980 0.273466 0.388626 0.273466 0.386594 0.276173 0.385917 0.275271 0.385917 0.274368 0.385240 0.274368 0.384563 0.273466 0.381178 0.273466 0.380501 0.274368 0.379824 0.274368 0.379147 0.275271 0.378470 0.275271 0.378470 0.276173 0.379147 0.277076 0.379147 0.278881 0.379824 0.279783 0.379824 0.281588 0.380501 0.281588 0.381178 0.282491 0.382532 0.282491 0.384563 0.285199 0.384563 0.286101 0.383886 0.287004 0.383886 0.287906 0.383209 0.288809 0.382532 0.288809 0.381178 0.290614 0.380501 0.290614 0.379147 0.292419 0.378470 0.292419 0.377793 0.293321 0.377793 0.296029 0.377116 0.296931 0.377116 0.298736 0.375762 0.300542 0.375085 0.300542 0.374408 0.301444 0.373731 0.301444 0.373731 0.302347 0.371022 0.305957 0.371022 0.307762 0.370345 0.308664 0.370345 0.333935 0.369668 0.334838 0.369668 0.341155 0.366960 0.344765 0.366960 0.346570 0.367637 0.347473 0.367637 0.349278 0.366960 0.350181 0.366960 0.351986 0.366283 0.352888 0.366283 0.353791 0.365606 0.354693 0.365606 0.356498 0.366283 0.357401 0.366283 0.360108 0.365606 0.361011 0.365606 0.362816 0.366283 0.363718 0.368991 0.363718 0.369668 0.364621 0.369668 0.366426 0.370345 0.367329 0.370345 0.371841 0.369668 0.372744 0.368991 0.372744 0.367637 0.374549 0.366960 0.374549 0.365606 0.376354 0.366283 0.377256 0.366960 0.377256 0.368314 0.379061 0.368314 0.380866 0.367637 0.381769 0.366283 0.381769 0.364929 0.383574 0.365606 0.384477 0.367637 0.384477 0.369668 0.381769 0.370345 0.382671 0.373053 0.382671 0.375085 0.385379 0.375762 0.385379 0.377116 0.387184 0.377116 0.391697 0.377793 0.392599 0.377793 0.396209 0.378470 0.397112 0.378470 0.398917 0.379147 0.399819 0.379824 0.399819 0.380501 0.400722 0.380501 0.403430 0.381178 0.404332 0.380501 0.405235 0.380501 0.408845 0.381178 0.409747 0.381178 0.412455 0.383886 0.416065 0.383886 0.425090 0.384563 0.425993 0.384563 0.426895 0.385917 0.428700 0.385917 0.429603 0.386594 0.430505 0.386594 0.431408 0.387271 0.432310 0.387271 0.434116 0.388626 0.435921 0.388626 0.436823 0.391334 0.440433 0.391334 0.441336 0.392011 0.442238 0.392011 0.443141 0.392688 0.444043 0.392688 0.444946 0.393365 0.445848 0.393365 0.449458 0.394042 0.450361 0.394042 0.451264 0.395396 0.453069 0.395396 0.453971 0.396750 0.455776 0.396750 0.456679 0.397427 0.457581 0.397427 0.459386 0.398104 0.460289 0.398104 0.461191 0.399458 0.462996 0.400135 0.462996 0.401490 0.464801 0.402844 0.464801 0.403521 0.465704 0.404875 0.465704 0.405552 0.466606 0.405552 0.468412 0.404198 0.470217 0.404198 0.471119 0.404875 0.471119 0.405552 0.472022 0.405552 0.472924 0.406229 0.473827 0.408937 0.473827 0.408937 0.472924 0.406906 0.470217 0.407583 0.469314 0.412999 0.469314 0.413676 0.468412 0.416385 0.468412 0.417062 0.469314 0.421801 0.469314 0.422478 0.470217 0.422478 0.472924 0.423155 0.473827 0.423832 0.473827 0.425863 0.476534 0.427217 0.476534 0.428571 0.478339 0.428571 0.480144 0.429248 0.480144 0.430603 0.481949 0.431280 0.481949 0.431957 0.482852 0.439404 0.482852 0.440758 0.481047 0.441435 0.481047 0.442112 0.480144 0.442789 0.480144 0.444144 0.481949 0.444821 0.481949 0.446175 0.483755 0.446852 0.482852 0.452945 0.482852 0.453622 0.483755 0.453622 0.484657 0.455653 0.487365 0.454299 0.489170 0.454299 0.490072 0.453622 0.490975 0.453622 0.491877 0.454299 0.492780 0.454299 0.496390 0.454976 0.497292 0.454976 0.498195 0.454299 0.499097 0.454299 0.500000 0.453622 0.500903 0.453622 0.502708 0.454299 0.503610 0.454299 0.504513 0.452945 0.506318 0.451591 0.506318 0.450914 0.505415 0.450914 0.500903 0.450237 0.500903 0.449560 0.500000 0.447529 0.500000 0.446852 0.499097 0.441435 0.499097 0.440758 0.498195 0.440081 0.498195 0.439404 0.497292 0.439404 0.495487 0.438727 0.494585 0.438727 0.490975 0.438050 0.491877 0.437373 0.491877 0.436696 0.492780 0.435342 0.492780 0.433311 0.490072 0.432634 0.490072 0.431957 0.489170 0.431280 0.490072 0.430603 0.490072 0.429926 0.490975 0.429926 0.491877 0.430603 0.492780 0.431957 0.492780 0.433311 0.494585 0.433311 0.495487 0.432634 0.496390 0.432634 0.497292 0.431957 0.498195 0.430603 0.498195 0.429926 0.499097 0.419093 0.499097 0.418416 0.498195 0.414353 0.498195 0.412999 0.496390 0.412322 0.496390 0.411645 0.495487 0.406906 0.495487 0.404875 0.492780 0.404198 0.492780 0.403521 0.491877 0.400135 0.491877 0.398781 0.490072 0.398781 0.489170 0.397427 0.489170 0.396750 0.488267 0.396073 0.488267 0.395396 0.487365 0.395396 0.486462 0.394719 0.486462 0.394042 0.485560 0.393365 0.485560 0.392688 0.484657 0.392688 0.483755 0.392011 0.482852 0.392011 0.481949 0.390657 0.481949 0.389303 0.480144 0.390657 0.478339 0.392011 0.478339 0.392011 0.475632 0.390657 0.473827 0.390657 0.471119 0.391334 0.470217 0.388626 0.470217 0.387949 0.471119 0.386594 0.471119 0.385917 0.470217 0.384563 0.470217 0.383886 0.469314 0.382532 0.469314 0.381855 0.470217 0.379147 0.470217 0.378470 0.469314 0.377793 0.469314 0.377116 0.468412 0.373731 0.468412 0.373053 0.467509 0.372376 0.467509 0.369668 0.463899 0.369668 0.462996 0.368314 0.464801 0.367637 0.464801 0.366960 0.465704 0.365606 0.465704 0.364929 0.464801 0.364252 0.464801 0.363575 0.463899 0.362898 0.463899 0.362221 0.462996 0.361544 0.463899 0.360867 0.463899 0.360190 0.464801 0.359513 0.464801 0.358835 0.465704 0.356127 0.462094 0.352065 0.462094 0.351388 0.461191 0.350711 0.461191 0.349357 0.459386 0.350034 0.458484 0.350711 0.458484 0.352065 0.456679 0.355450 0.456679 0.356127 0.455776 0.355450 0.454874 0.354773 0.454874 0.353419 0.453069 0.353419 0.452166 0.354096 0.451264 0.355450 0.451264 0.356127 0.450361 0.356804 0.450361 0.357481 0.449458 0.358158 0.449458 0.358158 0.447653 0.356804 0.445848 0.356127 0.445848 0.355450 0.444946 0.352065 0.444946 0.350711 0.443141 0.350711 0.442238 0.351388 0.441336 0.354773 0.441336 0.355450 0.440433 0.363575 0.440433 0.364252 0.441336 0.367637 0.441336 0.368991 0.443141 0.369668 0.443141 0.369668 0.441336 0.370345 0.440433 0.370345 0.439531 0.371022 0.438628 0.371022 0.437726 0.370345 0.436823 0.370345 0.435921 0.373053 0.432310 0.373053 0.431408 0.371699 0.429603 0.371699 0.428700 0.371022 0.427798 0.370345 0.427798 0.369668 0.426895 0.367637 0.426895 0.365606 0.424188 0.365606 0.423285 0.364929 0.422383 0.364929 0.416968 0.364252 0.416065 0.364252 0.414260 0.363575 0.413357 0.363575 0.412455 0.362221 0.410650 0.362221 0.407040 0.361544 0.406137 0.361544 0.405235 0.360867 0.404332 0.360190 0.404332 0.357481 0.400722 0.357481 0.399819 0.356804 0.398917 0.356804 0.398014 0.356127 0.397112 0.356127 0.396209 0.355450 0.396209 0.354096 0.394404 0.354096 0.393502 0.353419 0.392599 0.353419 0.388087 0.354096 0.387184 0.352742 0.385379 0.352065 0.385379 0.351388 0.384477 0.351388 0.376354 0.350034 0.374549 0.348680 0.374549 0.347326 0.376354 0.347326 0.377256 0.345295 0.379964 0.345295 0.380866 0.343940 0.382671 0.343940 0.388087 0.343263 0.388989 0.343263 0.392599 0.342586 0.393502 0.342586 0.397112 0.341909 0.398014 0.341909 0.400722 0.341232 0.401625 0.341232 0.404332 0.341909 0.405235 0.341909 0.409747 0.341232 0.410650 0.341232 0.412455 0.341909 0.413357 0.341909 0.418773 0.342586 0.419675 0.342586 0.425090 0.343263 0.425993 0.343263 0.428700 0.342586 0.429603 0.342586 0.435018 0.341909 0.435921 0.341909 0.436823 0.341232 0.437726 0.341232 0.438628 0.341909 0.439531 0.343263 0.439531 0.343940 0.440433 0.344617 0.440433 0.345972 0.442238 0.345972 0.445848 0.346649 0.446751 0.346649 0.450361 0.345295 0.452166 0.345295 0.453971 0.346649 0.455776 0.346649 0.458484 0.344617 0.461191 0.344617 0.462094 0.343263 0.463899 0.343263 0.464801 0.342586 0.465704 0.342586 0.466606 0.343263 0.467509 0.343263 0.471119 0.342586 0.472022 0.342586 0.474729 0.341909 0.475632 0.341909 0.479242 0.341232 0.480144 0.341909 0.481047 0.341909 0.481949 0.342586 0.482852 0.342586 0.493682 0.343263 0.494585 0.343263 0.502708 0.342586 0.503610 0.342586 0.509025 0.343263 0.509928 0.343263 0.520758 0.343940 0.521661 0.343940 0.523466 0.345295 0.525271 0.345295 0.527978 0.344617 0.528881 0.344617 0.529783 0.345295 0.530686 0.345295 0.531588 0.347326 0.531588 0.348003 0.530686 0.350034 0.530686 0.350711 0.529783 0.355450 0.529783 0.356127 0.528881 0.360190 0.528881 0.361544 0.530686 0.363575 0.530686 0.364252 0.531588 0.366960 0.531588 0.367637 0.532491 0.366283 0.534296 0.365606 0.534296 0.364929 0.535199 0.364929 0.536101 0.365606 0.537004 0.367637 0.537004 0.368314 0.537906 0.373731 0.537906 0.375085 0.539711 0.375085 0.540614 0.375762 0.541516 0.377116 0.541516 0.377116 0.540614 0.379824 0.537004 0.381855 0.537004 0.382532 0.536101 0.383209 0.536101 0.383886 0.537004 0.388626 0.537004 0.389980 0.535199 0.391334 0.537004 0.392011 0.537004 0.392688 0.537906 0.402167 0.537906 0.404198 0.540614 0.406229 0.537906 0.406906 0.537906 0.407583 0.537004 0.408260 0.537004 0.409614 0.535199 0.410291 0.535199 0.410968 0.534296 0.411645 0.534296 0.412322 0.535199 0.415030 0.535199 0.418416 0.530686 0.423155 0.530686 0.423832 0.531588 0.425186 0.531588 0.427217 0.528881 0.427217 0.525271 0.428571 0.523466 0.429926 0.523466 0.430603 0.524368 0.441435 0.524368 0.442112 0.523466 0.442789 0.523466 0.445498 0.519856 0.448206 0.519856 0.449560 0.521661 0.449560 0.522563 0.448883 0.523466 0.448883 0.524368 0.448206 0.525271 0.448206 0.527076 0.448883 0.527978 0.449560 0.527978 0.450914 0.529783 0.450914 0.532491 0.451591 0.533394 0.452945 0.533394 0.453622 0.532491 0.453622 0.525271 0.454299 0.524368 0.454976 0.524368 0.455653 0.523466 0.458362 0.523466 0.459039 0.522563 0.460393 0.522563 0.461070 0.523466 0.464455 0.523466 0.465132 0.524368 0.465809 0.524368 0.466486 0.525271 0.467163 0.525271 0.468517 0.527076 0.469871 0.527076 0.471903 0.529783 0.472580 0.529783 0.473257 0.530686 0.473934 0.530686 0.475288 0.532491 0.475288 0.533394 0.476642 0.535199 0.477319 0.535199 0.478673 0.537004 0.478673 0.537906 0.479350 0.537906 0.480027 0.538809 0.480704 0.538809 0.481381 0.539711 0.481381 0.540614 0.482058 0.541516 0.482058 0.542419 0.482735 0.543321 0.482735 0.546029 0.481381 0.547834 0.480027 0.547834 0.479350 0.546931 0.478673 0.546931 0.477996 0.546029 0.477319 0.546029 0.476642 0.545126 0.465809 0.545126 0.465132 0.546029 0.463101 0.546029 0.462424 0.546931 0.461747 0.546931 0.461070 0.547834 0.454976 0.547834 0.454299 0.546931 0.452268 0.546931 0.451591 0.546029 0.449560 0.546029 0.448883 0.545126 0.448206 0.545126 0.447529 0.544224 0.440081 0.544224 0.439404 0.543321 0.436696 0.543321 0.436019 0.542419 0.435342 0.542419 0.433988 0.540614 0.432634 0.540614 0.431957 0.539711 0.431280 0.540614 0.430603 0.540614 0.429926 0.541516 0.427894 0.541516 0.427217 0.542419 0.426540 0.542419 0.424509 0.545126 0.423832 0.545126 0.423155 0.546029 0.424509 0.547834 0.425186 0.547834 0.425863 0.548736 0.425863 0.549639 0.425186 0.550542 0.417739 0.550542 0.417062 0.551444 0.415708 0.551444 0.414353 0.553249 0.412999 0.553249 0.412322 0.554152 0.402167 0.554152 0.401490 0.555054 0.397427 0.555054 0.396750 0.554152 0.395396 0.554152 0.394719 0.553249 0.394719 0.551444 0.394042 0.550542 0.394042 0.549639 0.392688 0.549639 0.392688 0.554152 0.389980 0.557762 0.371022 0.557762 0.368991 0.555054 0.365606 0.555054 0.364252 0.556859 0.362898 0.556859 0.362221 0.557762 0.355450 0.557762 0.354773 0.556859 0.351388 0.556859 0.350711 0.557762 0.350034 0.557762 0.349357 0.558664 0.349357 0.559567 0.348680 0.560469 0.348680 0.566787 0.349357 0.567690 0.349357 0.569495 0.350034 0.570397 0.350034 0.573105 0.349357 0.574007 0.350034 0.574910 0.350034 0.575812 0.350711 0.576715 0.350711 0.577617 0.351388 0.578520 0.351388 0.580325 0.352065 0.580325 0.352742 0.581227 0.352742 0.584838 0.353419 0.585740 0.353419 0.586643 0.354096 0.587545 0.354096 0.588448 0.354773 0.589350 0.354773 0.590253 0.355450 0.590253 0.356127 0.591155 0.356127 0.593863 0.356804 0.594765 0.356804 0.599278 0.357481 0.600181 0.357481 0.602888 0.358835 0.604693 0.358835 0.605596 0.359513 0.606498 0.359513 0.607401 0.360867 0.609206 0.360867 0.611913 0.362898 0.614621 0.362898 0.615523 0.363575 0.616426 0.363575 0.619134 0.364252 0.620036 0.364252 0.621841 0.364929 0.622744 0.364929 0.623646 0.366283 0.625451 0.366283 0.626354 0.366960 0.627256 0.366960 0.628159 0.367637 0.629061 0.367637 0.629964 0.368314 0.630866 0.368314 0.631769 0.369668 0.633574 0.369668 0.634477 0.370345 0.635379 0.370345 0.638087 0.371022 0.638989 0.371022 0.640794 0.373053 0.643502 0.373053 0.644404 0.373731 0.645307 0.373731 0.646209 0.374408 0.647112 0.374408 0.648014 0.376439 0.650722 0.376439 0.651625 0.377116 0.652527 0.377116 0.655235 0.377793 0.656137 0.377793 0.657040 0.378470 0.657942 0.378470 0.658845 0.379147 0.658845 0.381178 0.661552 0.381178 0.662455 0.381855 0.663357 0.381855 0.664260 0.385917 0.669675 0.386594 0.669675 0.389303 0.673285 0.389303 0.674188 0.391334 0.676895 0.391334 0.677798 0.393365 0.680505 0.394042 0.680505 0.394719 0.681408 0.395396 0.681408 0.396073 0.682310 0.396750 0.682310 0.397427 0.683213 0.404875 0.683213 0.405552 0.682310 0.406229 0.682310 0.406906 0.681408 0.408937 0.681408 0.409614 0.680505 0.411645 0.680505 0.412322 0.679603 0.412999 0.679603 0.413676 0.678700 0.414353 0.678700 0.417739 0.674188 0.418416 0.674188 0.419093 0.673285 0.420447 0.673285 0.421124 0.672383 0.423832 0.672383 0.425186 0.670578 0.425863 0.671480 0.425863 0.675090 0.425186 0.675993 0.424509 0.675993 0.420447 0.681408 0.420447 0.683213 0.419770 0.684116 0.419770 0.685018 0.419093 0.685921 0.419093 0.686823 0.417062 0.689531 0.417062 0.691336 0.416385 0.692238 0.416385 0.694043 0.415030 0.695848 0.415030 0.696751 0.414353 0.697653 0.414353 0.699458 0.413676 0.700361 0.413676 0.702166 0.412999 0.703069 0.412999 0.703971 0.412322 0.704874 0.412322 0.705776 0.410968 0.707581 0.410968 0.708484 0.410291 0.709386 0.410968 0.710289 0.410968 0.712094 0.413676 0.715704 0.413676 0.716606 0.416385 0.716606 0.417739 0.714801 0.419093 0.714801 0.422478 0.719314 0.423155 0.719314 0.423832 0.720217 0.424509 0.720217 0.425186 0.721119 0.427894 0.721119 0.428571 0.722022 0.429248 0.722022 0.429926 0.722924 0.430603 0.722924 0.431957 0.724729 0.432634 0.724729 0.433311 0.725632 0.433988 0.725632 0.435342 0.727437 0.436696 0.727437 0.437373 0.728339 0.438050 0.728339 0.439404 0.730144 0.440081 0.730144 0.440758 0.731047 0.445498 0.731047 0.446175 0.731949 0.447529 0.731949 0.448206 0.732852 0.448883 0.732852 0.450237 0.734657 0.450914 0.734657 0.451591 0.735560 0.452945 0.735560 0.454299 0.733755 0.454299 0.732852 0.454976 0.731949 0.454976 0.727437 0.455653 0.726534 0.455653 0.721119 0.456330 0.720217 0.456330 0.715704 0.457007 0.714801 0.457007 0.712996 0.457684 0.712094 0.457684 0.711191 0.459039 0.709386 0.459716 0.709386 0.460393 0.708484 0.461070 0.708484 0.461747 0.707581 0.462424 0.707581 0.463101 0.706679 0.463778 0.706679 0.464455 0.705776 0.463778 0.705776 0.463101 0.704874 0.461070 0.704874 0.460393 0.703971 0.456330 0.703971 0.455653 0.703069 0.455653 0.695848 0.454976 0.694946 0.454976 0.691336 0.454299 0.690433 0.454299 0.689531 0.453622 0.688628 0.454299 0.687726 0.454976 0.687726 0.455653 0.686823 0.456330 0.686823 0.457007 0.685921 0.459039 0.685921 0.459716 0.685018 0.459716 0.684116 0.457684 0.684116 0.457007 0.683213 0.456330 0.683213 0.455653 0.682310 0.454976 0.682310 0.452945 0.679603 0.451591 0.679603 0.450914 0.680505 0.450237 0.680505 0.449560 0.681408 0.448883 0.680505 0.448883 0.679603 0.448206 0.678700 0.448206 0.676895 0.449560 0.675090 0.450914 0.676895 0.452268 0.676895 0.452945 0.677798 0.454976 0.675090 0.453622 0.673285 0.451591 0.673285 0.450914 0.674188 0.450237 0.674188 0.449560 0.675090 0.448883 0.675090 0.446175 0.671480 0.445498 0.671480 0.444821 0.670578 0.444144 0.670578 0.443466 0.669675 0.442789 0.669675 0.442112 0.668773 0.442112 0.667870 0.441435 0.666968 0.441435 0.666065 0.440758 0.665162 0.440758 0.664260 0.442112 0.662455 0.442789 0.662455 0.444144 0.660650 0.444144 0.657942 0.444821 0.657040 0.444821 0.654332 0.449560 0.648014 0.451591 0.648014 0.452268 0.648917 0.452945 0.648917 0.452945 0.647112 0.453622 0.646209 0.453622 0.645307 0.454299 0.644404 0.454299 0.642599 0.454976 0.641697 0.454976 0.640794 0.455653 0.639892 0.454976 0.638989 0.454976 0.637184 0.455653 0.636282 0.455653 0.634477 0.456330 0.633574 0.463101 0.633574 0.463778 0.632671 0.463101 0.632671 0.462424 0.631769 0.462424 0.630866 0.461747 0.629964 0.462424 0.629061 0.462424 0.626354 0.463101 0.625451 0.464455 0.625451 0.465132 0.624549 0.467163 0.624549 0.467840 0.623646 0.467840 0.622744 0.473257 0.615523 0.473257 0.614621 0.473934 0.613718 0.473934 0.612816 0.474611 0.611913 0.474611 0.610108 0.475288 0.609206 0.475288 0.604693 0.475965 0.603791 0.475965 0.601986 0.476642 0.601083 0.476642 0.599278 0.477996 0.597473 0.477996 0.596570 0.480027 0.593863 0.481381 0.593863 0.482058 0.592960 0.482735 0.592960 0.483412 0.592058 0.484089 0.592058 0.486121 0.594765 0.486121 0.595668 0.486798 0.596570 0.486798 0.598375 0.487475 0.598375 0.487475 0.592960 0.488829 0.591155 0.488829 0.590253 0.489506 0.589350 0.490183 0.589350 0.490860 0.588448 0.490860 0.586643 0.491537 0.585740 0.491537 0.583935 0.492214 0.583032 0.492214 0.581227 0.492891 0.580325 0.492891 0.579422 0.494245 0.577617 0.494245 0.576715 0.494922 0.575812 0.494922 0.574007 0.495599 0.573105 0.495599 0.571300 0.496276 0.570397 0.496276 0.567690 0.496953 0.566787 0.496953 0.565884 0.497630 0.564982 0.497630 0.562274 0.498307 0.561372 0.498307 0.559567 0.498984 0.558664 0.498984 0.555054 0.499661 0.554152 0.499661 0.550542 0.500339 0.549639 0.500339 0.548736 0.501016 0.547834 0.501016 0.546931 0.501693 0.546029 0.501693 0.545126 0.502370 0.544224 0.502370 0.542419 0.503047 0.541516 0.503047 0.539711 0.503724 0.538809 0.503724 0.537906 0.504401 0.537004 0.504401 0.536101 0.505078 0.535199 0.505078 0.533394 0.505755 0.532491 0.505755 0.530686 0.506432 0.529783 0.506432 0.527978 0.507109 0.527076 0.507109 0.526173 0.507786 0.525271 0.507786 0.523466 0.508463 0.522563 0.508463 0.519856 0.509140 0.518953 0.509140 0.517148 0.509817 0.516245 0.509817 0.515343 0.510494 0.514440 0.510494 0.512635 0.511171 0.511733 0.511171 0.510830 0.511848 0.509928 0.511848 0.508123 0.512525 0.507220 0.512525 0.505415 0.513202 0.504513 0.513202 0.503610 0.513879 0.502708 0.514557 0.502708 0.515911 0.500903 0.515911 0.497292 0.516588 0.496390 0.516588 0.492780 0.517265 0.491877 0.517265 0.488267 0.517942 0.487365 0.517942 0.481949 0.518619 0.481047 0.518619 0.470217 0.519296 0.469314 0.519296 0.464801 0.518619 0.463899 0.518619 0.462996 0.513879 0.456679 0.513879 0.455776 0.513202 0.454874 0.512525 0.454874 0.510494 0.452166 0.510494 0.451264 0.511171 0.450361 0.511171 0.449458 0.511848 0.448556 0.513202 0.450361 0.515234 0.450361 0.515911 0.451264 0.519296 0.451264 0.519973 0.452166 0.521327 0.452166 0.522004 0.453069 0.524035 0.453069 0.524712 0.453971 0.528775 0.453971 0.529452 0.454874 0.534868 0.454874 0.535545 0.455776 0.540961 0.455776 0.541638 0.454874 0.542993 0.454874 0.543670 0.453971 0.544347 0.453971 0.545024 0.453069 0.546378 0.453069 0.547055 0.452166 0.547055 0.451264 0.550440 0.446751 0.550440 0.445848 0.551117 0.444946 0.551117 0.444043 0.552471 0.442238 0.552471 0.441336 0.553148 0.440433 0.553148 0.439531 0.553825 0.438628 0.553825 0.436823 0.554502 0.435921 0.554502 0.435018 0.555179 0.434116 0.555179 0.432310 0.555856 0.431408 0.555856 0.429603 0.556534 0.428700 0.556534 0.425993 0.557211 0.425090 0.557211 0.417870 0.556534 0.416968 0.556534 0.414260 0.555856 0.413357 0.555856 0.410650 0.555179 0.409747 0.555179 0.407040 0.554502 0.406137 0.554502 0.404332 0.553825 0.403430 0.553825 0.400722 0.553148 0.399819 0.553148 0.398917 0.552471 0.398014 0.552471 0.395307 0.551794 0.394404 0.551794 0.392599 0.551117 0.391697 0.551117 0.387184 0.550440 0.386282 0.550440 0.382671 0.549763 0.381769 0.549763 0.379964 0.549086 0.379061 0.549086 0.377256 0.548409 0.376354 0.548409 0.375451 0.547732 0.374549 0.547732 0.372744 0.543670 0.367329 0.543670 0.366426 0.541638 0.363718 0.540961 0.363718 0.540284 0.362816 0.540284 0.361913 0.537576 0.358303 0.537576 0.357401 0.536222 0.355596 0.536222 0.354693 0.535545 0.353791 0.535545 0.352888 0.534191 0.351083 0.534191 0.350181 0.532837 0.348375 0.532837 0.347473 0.532160 0.346570 0.532160 0.345668 0.530806 0.343863 0.530806 0.342960 0.530129 0.342058 0.530129 0.341155 0.529452 0.340253 0.529452 0.339350 0.528097 0.337545 0.528097 0.336643 0.526743 0.334838 0.526743 0.333935 0.526066 0.333032 0.526066 0.332130 0.524712 0.330325 0.524712 0.329422 0.524035 0.328520 0.524035 0.327617 0.523358 0.326715 0.523358 0.325812 0.522681 0.324910 0.522681 0.324007 0.522004 0.323105 0.522004 0.322202 0.521327 0.321300 0.521327 0.319495 0.520650 0.318592 0.520650 0.315884 0.519973 0.314982 0.519973 0.313177 0.519296 0.312274 0.519296 0.310469 0.518619 0.309567 0.518619 0.308664 0.517942 0.307762 0.517942 0.306859 0.517265 0.305957 0.517265 0.305054 0.516588 0.304152 0.516588 0.303249 0.515911 0.302347 0.515911 0.301444 0.515234 0.300542 0.515234 0.299639 0.514557 0.298736 0.514557 0.296931 0.513879 0.296029 0.513879 0.295126 0.512525 0.293321 0.512525 0.292419 0.511848 0.291516 0.511848 0.290614 0.510494 0.288809 0.510494 0.287906 0.509140 0.286101 0.509140 0.285199 0.505078 0.279783 0.505078 0.278881 0.504401 0.277978 0.503724 0.277978 0.502370 0.276173 0.502370 0.275271 0.496953 0.268051 0.496276 0.268051 0.494245 0.265343 0.492891 0.265343 0.492214 0.264440 0.491537 0.264440 0.487475 0.259025 0.486798 0.259025 0.486121 0.258123 0.485443 0.258123 0.484766 0.257220 0.484089 0.257220 0.483412 0.256318 0.482735 0.256318 0.482058 0.255415 0.481381 0.255415 0.480704 0.254513 0.479350 0.254513 0.478673 0.253610 0.477319 0.253610 0.476642 0.252708 0.475965 0.252708 0.475288 0.251805 0.474611 0.251805 0.473934 0.250903 0.473257 0.250903 0.472580 0.250000 0.471903 0.250000 0.470548 0.248195 0.469194 0.248195 0.468517 0.247292 0.467163 0.247292 0.466486 0.246390 0.465132 0.246390 0.464455 0.245487 0.463101 0.245487 0.462424 0.244585 0.461747 0.244585 0.461070 0.243682 0.460393 0.243682 0.459716 0.242780 0.459039 0.242780 0.458362 0.241877 0.457684 0.241877 0.456330 0.240072 0.456330 0.239170 0.454976 0.237365 0.455653 0.236462 0.456330 0.236462 0.456330 0.234657 0.457007 0.233755 0.457007 0.231047 0.457684 0.230144 0.457684 0.226534 0.458362 0.225632 0.458362 0.224729 0.459039 0.223827 0.459039 0.222924 0.459716 0.222022 0.459716 0.221119 0.460393 0.220217 0.460393 0.219314 0.461070 0.218412 0.461070 0.217509 0.461747 0.216606 0.461747 0.215704 0.462424 0.214801 0.462424 0.213899 0.463778 0.212094 0.464455 0.212094 0.465132 0.211191 0.465809 0.211191 0.466486 0.210289 0.469194 0.210289 0.469871 0.209386 0.470548 0.209386 0.471903 0.207581 0.472580 0.207581 0.474611 0.204874 0.474611 0.203971 0.475965 0.202166 0.475965 0.201264 0.477319 0.199458 0.477319 0.198556 0.477996 0.197653 0.477996 0.195848 0.478673 0.194946 0.478673 0.192238 0.479350 0.191336 0.479350 0.190433 0.480704 0.188628 0.480704 0.186823 0.481381 0.185921 0.481381 0.185018 0.482058 0.184116 0.482058 0.183213 0.484089 0.180505 0.484089 0.178700 0.484766 0.177798 0.484766 0.175993 0.485443 0.175090 0.485443 0.172383 0.486121 0.171480 0.486121 0.162455 0.485443 0.161552 0.485443 0.155235 0.484766 0.154332 0.484766 0.150722 0.484089 0.149819 0.484089 0.147112 0.483412 0.146209 0.483412 0.144404 0.482735 0.143502 0.482735 0.140794 0.482058 0.139892 0.482058 0.124549 0.481381 0.123646 0.481381 0.113718 0.480704 0.112816 0.480704 0.107401 0.480027 0.106498 0.480027 0.104693 0.479350 0.103791 0.479350 0.101083 0.478673 0.100181 0.478673 0.095668 0.477996 0.094765 0.477996 0.092960 0.477319 0.092058 0.477319 0.090253 0.476642 0.089350 0.476642 0.088448 0.475965 0.087545 0.475965 0.086643 0.475288 0.085740 0.475288 0.084838 0.474611 0.083935 0.474611 0.083032 0.473934 0.082130 0.473934 0.081227 0.471225 0.077617 0.471225 0.076715 0.470548 0.075812 0.470548 0.074910 0.467840 0.071300 0.467840 0.070397 0.458362 0.057762 0.457684 0.057762 0.456330 0.055957 0.455653 0.055957 0.454976 0.055054 0.454299 0.055054 0.452945 0.053249 0.451591 0.053249 0.450914 0.052347 0.448883 0.052347 0.448206 0.051444 0.446175 0.051444 0.445498 0.050542 0.442112 0.050542 0.441435 0.049639 0.438050 0.049639 0.437373 0.048736 0.433988 0.048736 0.433311 0.047834 0.429248 0.047834 0.428571 0.046931
1 0.417739 0.046931 0.417062 0.047834 0.413676 0.047834 0.412999 0.048736 0.412322 0.048736 0.411645 0.049639 0.410968 0.049639 0.410291 0.050542 0.409614 0.050542 0.408260 0.052347 0.407583 0.052347 0.404875 0.055957 0.404198 0.055957 0.401490 0.059567 0.400812 0.059567 0.398104 0.063177 0.397427 0.063177 0.392688 0.069495 0.392688 0.070397 0.389980 0.074007 0.389980 0.074910 0.387949 0.077617 0.387949 0.078520 0.385917 0.081227 0.385917 0.082130 0.384563 0.083935 0.384563 0.084838 0.383886 0.085740 0.383886 0.086643 0.383209 0.087545 0.383209 0.088448 0.382532 0.089350 0.382532 0.090253 0.381855 0.091155 0.381855 0.092058 0.379824 0.094765 0.379824 0.095668 0.376439 0.100181 0.375762 0.100181 0.374408 0.101986 0.373731 0.101986 0.371699 0.104693 0.371699 0.105596 0.371022 0.106498 0.371022 0.107401 0.370345 0.108303 0.370345 0.109206 0.369668 0.110108 0.369668 0.111913 0.368991 0.112816 0.368991 0.121841 0.369668 0.122744 0.369668 0.125451 0.370345 0.126354 0.370345 0.128159 0.371022 0.129061 0.371022 0.129964 0.371699 0.130866 0.371699 0.131769 0.373053 0.133574 0.373053 0.134477 0.373731 0.134477 0.375762 0.137184 0.376439 0.137184 0.377116 0.138087 0.379824 0.138087 0.380501 0.137184 0.380501 0.135379 0.379824 0.134477 0.379824 0.127256 0.380501 0.126354 0.380501 0.121841 0.382532 0.119134 0.383209 0.119134 0.383886 0.118231 0.385240 0.118231 0.385917 0.117329 0.386594 0.117329 0.387271 0.116426 0.389303 0.116426 0.389980 0.115523 0.390657 0.115523 0.390657 0.114621 0.391334 0.113718 0.391334 0.109206 0.392688 0.107401 0.393365 0.107401 0.394042 0.106498 0.410291 0.106498 0.410968 0.107401 0.414353 0.107401 0.415030 0.108303 0.418416 0.108303 0.419093 0.109206 0.420447 0.109206 0.421124 0.110108 0.423155 0.110108 0.423832 0.111011 0.429248 0.111011 0.429926 0.111913 0.430603 0.111913 0.431280 0.112816 0.432634 0.112816 0.433311 0.113718 0.434665 0.113718 0.435342 0.114621 0.436696 0.114621 0.437373 0.115523 0.438727 0.115523 0.439404 0.116426 0.440081 0.116426 0.440758 0.117329 0.442112 0.117329 0.442789 0.118231 0.443466 0.118231 0.444144 0.119134 0.444821 0.119134 0.445498 0.120036 0.446175 0.120036 0.446852 0.120939 0.447529 0.120939 0.448206 0.121841 0.449560 0.121841 0.450914 0.123646 0.451591 0.123646 0.452268 0.124549 0.452945 0.124549 0.453622 0.125451 0.454299 0.125451 0.454976 0.126354 0.454976 0.127256 0.455653 0.128159 0.456330 0.128159 0.458362 0.130866 0.459039 0.130866 0.459716 0.131769 0.460393 0.131769 0.461070 0.132671 0.461070 0.133574 0.461747 0.134477 0.462424 0.134477 0.463101 0.135379 0.463778 0.135379 0.465809 0.138087 0.466486 0.138087 0.469871 0.142599 0.470548 0.142599 0.471225 0.143502 0.471225 0.144404 0.471903 0.145307 0.471903 0.146209 0.473257 0.148014 0.473934 0.148014 0.474611 0.148917 0.474611 0.149819 0.475288 0.150722 0.475288 0.151625 0.475965 0.152527 0.475965 0.153430 0.477319 0.155235 0.477319 0.156137 0.477996 0.157040 0.477996 0.157942 0.478673 0.158845 0.478673 0.168773 0.477996 0.169675 0.477996 0.170578 0.476642 0.172383 0.476642 0.173285 0.475965 0.174188 0.475965 0.175090 0.473257 0.178700 0.473257 0.179603 0.472580 0.180505 0.472580 0.181408 0.471903 0.182310 0.471903 0.183213 0.470548 0.185018 0.470548 0.185921 0.469871 0.186823 0.469871 0.187726 0.469194 0.188628 0.469194 0.190433 0.468517 0.191336 0.468517 0.192238 0.467840 0.193141 0.467840 0.194946 0.467163 0.195848 0.467163 0.196751 0.466486 0.197653 0.466486 0.199458 0.465809 0.200361 0.465809 0.202166 0.465132 0.203069 0.465132 0.203971 0.464455 0.204874 0.464455 0.206679 0.463778 0.207581 0.463778 0.209386 0.465132 0.211191 0.469194 0.211191 0.469871 0.210289 0.471225 0.210289 0.473257 0.207581 0.473934 0.207581 0.473934 0.206679 0.475288 0.204874 0.475288 0.203971 0.477319 0.201264 0.477319 0.200361 0.477996 0.199458 0.477996 0.198556 0.478673 0.197653 0.478673 0.195848 0.479350 0.194946 0.479350 0.193141 0.480027 0.192238 0.480027 0.190433 0.480704 0.189531 0.480704 0.187726 0.481381 0.186823 0.481381 0.185018 0.482058 0.184116 0.482058 0.183213 0.482735 0.182310 0.482735 0.181408 0.483412 0.180505 0.483412 0.179603 0.484089 0.178700 0.484089 0.176895 0.484766 0.175993 0.484766 0.174188 0.485443 0.173285 0.485443 0.171480 0.486121 0.170578 0.486121 0.157040 0.485443 0.156137 0.485443 0.152527 0.484766 0.151625 0.484766 0.148917 0.484089 0.148014 0.484089 0.145307 0.483412 0.144404 0.483412 0.142599 0.482735 0.141697 0.482735 0.137184 0.482058 0.136282 0.482058 0.135379 0.482735 0.134477 0.482735 0.122744 0.482058 0.121841 0.482058 0.115523 0.481381 0.114621 0.481381 0.109206 0.480704 0.108303 0.480704 0.104693 0.480027 0.103791 0.480027 0.100181 0.479350 0.099278 0.479350 0.096570 0.478673 0.095668 0.478673 0.092960 0.477996 0.092058 0.477996 0.090253 0.477319 0.089350 0.477319 0.087545 0.475965 0.085740 0.475965 0.084838 0.475288 0.083935 0.475288 0.083032 0.473934 0.081227 0.473934 0.080325 0.472580 0.078520 0.472580 0.077617 0.470548 0.074910 0.470548 0.074007 0.467840 0.070397 0.467840 0.069495 0.458362 0.056859 0.457684 0.056859 0.456330 0.055054 0.454976 0.055054 0.453622 0.053249 0.452268 0.053249 0.451591 0.052347 0.450237 0.052347 0.449560 0.051444 0.447529 0.051444 0.446852 0.050542 0.444821 0.050542 0.444144 0.049639 0.440758 0.049639 0.440081 0.048736 0.436696 0.048736 0.436019 0.047834 0.432634 0.047834 0.431957 0.046931
2 0.317536 0.676895 0.316858 0.677798 0.314827 0.677798 0.314150 0.678700 0.313473 0.678700 0.308734 0.685018 0.308734 0.685921 0.308057 0.686823 0.308057 0.687726 0.307380 0.688628 0.307380 0.689531 0.306703 0.690433 0.306703 0.691336 0.306026 0.692238 0.306026 0.693141 0.305349 0.694043 0.305349 0.696751 0.304672 0.697653 0.304672 0.703069 0.303995 0.703971 0.303995 0.706679 0.303318 0.707581 0.303318 0.714801 0.302640 0.715704 0.302640 0.717509 0.301963 0.718412 0.301963 0.723827 0.301286 0.724729 0.301286 0.729242 0.300609 0.730144 0.300609 0.731949 0.299932 0.732852 0.299932 0.734657 0.299255 0.735560 0.299255 0.737365 0.298578 0.738267 0.298578 0.740072 0.297901 0.740975 0.297901 0.741877 0.297224 0.742780 0.297224 0.744585 0.296547 0.745487 0.296547 0.748195 0.295870 0.749097 0.295870 0.753610 0.295193 0.754513 0.295193 0.757220 0.294516 0.758123 0.294516 0.759928 0.293839 0.760830 0.293839 0.762635 0.293162 0.763538 0.293162 0.764440 0.292485 0.765343 0.292485 0.767148 0.291808 0.768051 0.291808 0.768953 0.291131 0.769856 0.291131 0.771661 0.290454 0.772563 0.290454 0.773466 0.289777 0.774368 0.289777 0.777076 0.289100 0.777978 0.289100 0.782491 0.289777 0.783394 0.289777 0.786101 0.290454 0.787004 0.290454 0.787906 0.291131 0.788809 0.291131 0.789711 0.293162 0.792419 0.293839 0.792419 0.294516 0.793321 0.295870 0.793321 0.296547 0.794224 0.301286 0.794224 0.301963 0.795126 0.305349 0.795126 0.306026 0.796029 0.325660 0.796029 0.326337 0.795126 0.331077 0.795126 0.331754 0.794224 0.334462 0.794224 0.335139 0.793321 0.337170 0.793321 0.337847 0.792419 0.339878 0.792419 0.340555 0.791516 0.341909 0.791516 0.342586 0.790614 0.343940 0.790614 0.344617 0.789711 0.345295 0.789711 0.345972 0.788809 0.346649 0.788809 0.347326 0.787906 0.348680 0.787906 0.350034 0.786101 0.350711 0.786101 0.350711 0.785199 0.352065 0.783394 0.352065 0.781588 0.352742 0.780686 0.352742 0.770758 0.352065 0.769856 0.352065 0.768953 0.351388 0.768051 0.351388 0.767148 0.350034 0.765343 0.350034 0.764440 0.349357 0.763538 0.349357 0.762635 0.348680 0.761733 0.348680 0.760830 0.348003 0.759928 0.348003 0.759025 0.347326 0.758123 0.347326 0.757220 0.346649 0.756318 0.346649 0.755415 0.345972 0.754513 0.345972 0.753610 0.345295 0.752708 0.345295 0.751805 0.344617 0.750903 0.344617 0.747292 0.343940 0.746390 0.343940 0.741877 0.344617 0.740975 0.344617 0.733755 0.345295 0.732852 0.345295 0.731047 0.345972 0.730144 0.345972 0.723827 0.346649 0.722924 0.346649 0.712996 0.347326 0.712094 0.347326 0.696751 0.346649 0.695848 0.346649 0.692238 0.345972 0.691336 0.345972 0.689531 0.345295 0.688628 0.345295 0.687726 0.343940 0.685921 0.343940 0.685018 0.341909 0.682310 0.341232 0.682310 0.340555 0.681408 0.339878 0.681408 0.339201 0.680505 0.337847 0.680505 0.337170 0.679603 0.335816 0.679603 0.335139 0.678700 0.333785 0.678700 0.333108 0.677798 0.329722 0.677798 0.329045 0.676895
2 0.414353 0.731949 0.414353 0.732852 0.413676 0.733755 0.414353 0.734657 0.414353 0.737365 0.415708 0.739170 0.415708 0.741877 0.416385 0.742780 0.416385 0.748195 0.415708 0.749097 0.415708 0.751805 0.416385 0.752708 0.416385 0.754513 0.417739 0.756318 0.417739 0.757220 0.418416 0.757220 0.419093 0.758123 0.420447 0.758123 0.421124 0.759025 0.423155 0.759025 0.423832 0.759928 0.426540 0.759928 0.427217 0.760830 0.428571 0.760830 0.429248 0.759928 0.431957 0.759928 0.432634 0.759025 0.434665 0.759025 0.435342 0.758123 0.436019 0.758123 0.436696 0.757220 0.437373 0.757220 0.438050 0.756318 0.438727 0.756318 0.439404 0.755415 0.440081 0.755415 0.440758 0.754513 0.441435 0.754513 0.442112 0.753610 0.442789 0.753610 0.443466 0.752708 0.444821 0.752708 0.445498 0.751805 0.446175 0.751805 0.446175 0.750903 0.445498 0.750000 0.444821 0.750000 0.444144 0.749097 0.443466 0.749097 0.442112 0.747292 0.441435 0.747292 0.440758 0.746390 0.440081 0.746390 0.438727 0.744585 0.438050 0.744585 0.436696 0.742780 0.436019 0.742780 0.435342 0.741877 0.433988 0.741877 0.432634 0.740072 0.431957 0.740072 0.431280 0.739170 0.429926 0.739170 0.429248 0.738267 0.428571 0.738267 0.427894 0.737365 0.426540 0.737365 0.425863 0.736462 0.423155 0.736462 0.422478 0.735560 0.421124 0.735560 0.420447 0.734657 0.419770 0.734657 0.419093 0.733755 0.417739 0.733755 0.417062 0.732852 0.415708 0.732852 0.415030 0.731949
2 0.435342 0.665162 0.434665 0.666065 0.433988 0.666065 0.433311 0.666968 0.431957 0.666968 0.427217 0.673285 0.426540 0.673285 0.425186 0.675090 0.424509 0.675090 0.421124 0.679603 0.421124 0.680505 0.419770 0.682310 0.419770 0.683213 0.418416 0.685018 0.418416 0.685921 0.417739 0.686823 0.417739 0.687726 0.417062 0.688628 0.417062 0.690433 0.416385 0.691336 0.416385 0.692238 0.415708 0.693141 0.415708 0.694043 0.414353 0.695848 0.414353 0.696751 0.413676 0.697653 0.413676 0.698556 0.412999 0.699458 0.412999 0.700361 0.412322 0.701264 0.412322 0.702166 0.410968 0.703971 0.410968 0.705776 0.410291 0.706679 0.410291 0.711191 0.409614 0.712094 0.409614 0.712996 0.410291 0.713899 0.410291 0.714801 0.410968 0.715704 0.410968 0.716606 0.411645 0.717509 0.412322 0.717509 0.413676 0.719314 0.414353 0.719314 0.415030 0.720217 0.416385 0.720217 0.417062 0.721119 0.418416 0.721119 0.419093 0.722022 0.420447 0.722022 0.421124 0.722924 0.421801 0.722924 0.423155 0.724729 0.424509 0.724729 0.425186 0.725632 0.426540 0.725632 0.427217 0.726534 0.428571 0.726534 0.429248 0.727437 0.429926 0.727437 0.430603 0.728339 0.431280 0.728339 0.431957 0.729242 0.433311 0.729242 0.433988 0.730144 0.435342 0.730144 0.436019 0.731047 0.438050 0.731047 0.438727 0.731949 0.440081 0.731949 0.442789 0.735560 0.444821 0.735560 0.445498 0.736462 0.446175 0.736462 0.446852 0.737365 0.447529 0.737365 0.448206 0.738267 0.448883 0.738267 0.449560 0.739170 0.450237 0.739170 0.450914 0.740072 0.451591 0.740072 0.452268 0.740975 0.454976 0.740975 0.456330 0.739170 0.456330 0.735560 0.457007 0.734657 0.457007 0.728339 0.457684 0.727437 0.457684 0.725632 0.457007 0.724729 0.457007 0.722022 0.457684 0.721119 0.457684 0.719314 0.457007 0.718412 0.457007 0.713899 0.456330 0.712996 0.456330 0.712094 0.454976 0.710289 0.454976 0.709386 0.453622 0.707581 0.453622 0.706679 0.452945 0.705776 0.452945 0.703971 0.452268 0.703069 0.452268 0.702166 0.451591 0.701264 0.451591 0.699458 0.450914 0.698556 0.450914 0.697653 0.450237 0.696751 0.450237 0.695848 0.449560 0.694946 0.449560 0.694043 0.447529 0.691336 0.447529 0.690433 0.446852 0.689531 0.446852 0.688628 0.446175 0.687726 0.446175 0.686823 0.445498 0.685921 0.445498 0.685018 0.444821 0.684116 0.444821 0.683213 0.444144 0.682310 0.444144 0.681408 0.442789 0.679603 0.442789 0.678700 0.442112 0.677798 0.442112 0.676895 0.441435 0.675993 0.441435 0.675090 0.440081 0.673285 0.440081 0.672383 0.439404 0.671480 0.439404 0.669675 0.438727 0.668773 0.438727 0.667870 0.437373 0.666065 0.436019 0.666065
3 0.396750 0.712996 0.397427 0.713899 0.397427 0.712996
3 0.347326 0.682310 0.346649 0.683213 0.346649 0.684116 0.345972 0.685018 0.346649 0.685921 0.346649 0.686823 0.347326 0.687726 0.347326 0.689531 0.348003 0.690433 0.348003 0.695848 0.348680 0.696751 0.348680 0.704874 0.349357 0.705776 0.348680 0.706679 0.348680 0.712094 0.348003 0.712996 0.348003 0.715704 0.348680 0.716606 0.348003 0.717509 0.348003 0.737365 0.348680 0.738267 0.348680 0.745487 0.349357 0.746390 0.349357 0.749097 0.348680 0.750000 0.348680 0.750903 0.349357 0.751805 0.349357 0.753610 0.350034 0.754513 0.350034 0.756318 0.350711 0.757220 0.350711 0.759025 0.351388 0.759928 0.351388 0.762635 0.352065 0.763538 0.352065 0.765343 0.354096 0.768051 0.354096 0.769856 0.354773 0.770758 0.354773 0.778881 0.354096 0.779783 0.354096 0.793321 0.354773 0.794224 0.354773 0.796029 0.355450 0.796931 0.355450 0.797834 0.356804 0.797834 0.357481 0.798736 0.362221 0.798736 0.362898 0.797834 0.364929 0.797834 0.365606 0.796931 0.368991 0.796931 0.369668 0.796029 0.371022 0.796029 0.371699 0.795126 0.372376 0.795126 0.373053 0.794224 0.373731 0.794224 0.374408 0.793321 0.375762 0.793321 0.376439 0.792419 0.376439 0.780686 0.375762 0.779783 0.375762 0.778881 0.375085 0.777978 0.375085 0.775271 0.374408 0.774368 0.374408 0.771661 0.373731 0.770758 0.373731 0.766245 0.373053 0.765343 0.373053 0.759928 0.372376 0.759025 0.372376 0.755415 0.371699 0.754513 0.371699 0.750000 0.371022 0.749097 0.371022 0.743682 0.370345 0.742780 0.370345 0.735560 0.369668 0.734657 0.369668 0.730144 0.368314 0.728339 0.368314 0.727437 0.367637 0.726534 0.367637 0.722924 0.366960 0.722022 0.366960 0.716606 0.366283 0.715704 0.366283 0.714801 0.364929 0.712996 0.364929 0.710289 0.364252 0.709386 0.364252 0.701264 0.363575 0.700361 0.363575 0.697653 0.362898 0.696751 0.362898 0.694946 0.362221 0.694043 0.362221 0.693141 0.361544 0.692238 0.361544 0.691336 0.360867 0.690433 0.360867 0.689531 0.360190 0.688628 0.360190 0.687726 0.358835 0.685921 0.358158 0.685921 0.357481 0.685018 0.356127 0.685018 0.355450 0.684116 0.353419 0.684116 0.352742 0.683213 0.350034 0.683213 0.349357 0.682310
3 0.385917 0.675090 0.385240 0.675993 0.383209 0.675993 0.383209 0.676895 0.382532 0.677798 0.383209 0.678700 0.383209 0.680505 0.383886 0.681408 0.385240 0.681408 0.386594 0.683213 0.386594 0.685018 0.387271 0.685921 0.387949 0.685921 0.390657 0.689531 0.392011 0.689531 0.392688 0.690433 0.392688 0.691336 0.393365 0.692238 0.393365 0.693141 0.394719 0.694946 0.396073 0.694946 0.396750 0.695848 0.396750 0.699458 0.397427 0.700361 0.398781 0.700361 0.400812 0.703069 0.400812 0.706679 0.402844 0.709386 0.402844 0.713899 0.404198 0.715704 0.404875 0.715704 0.407583 0.712094 0.407583 0.709386 0.406229 0.707581 0.406229 0.706679 0.404875 0.704874 0.404875 0.702166 0.404198 0.701264 0.402844 0.701264 0.402167 0.700361 0.401490 0.700361 0.400812 0.699458 0.400812 0.698556 0.401490 0.697653 0.401490 0.695848 0.400135 0.694043 0.398781 0.694043 0.398104 0.693141 0.398104 0.692238 0.397427 0.691336 0.397427 0.688628 0.396750 0.687726 0.396073 0.687726 0.394719 0.685921 0.394719 0.685018 0.394042 0.685018 0.392688 0.683213 0.392011 0.683213 0.390657 0.681408 0.390657 0.680505 0.389980 0.679603 0.389303 0.679603 0.387271 0.676895 0.387271 0.675993 0.386594 0.675090
3 0.467163 0.580325 0.466486 0.581227 0.466486 0.584838 0.470548 0.584838 0.471225 0.583935 0.471225 0.583032 0.471903 0.582130 0.471903 0.581227 0.471225 0.580325
3 0.268111 0.543321 0.266757 0.545126 0.266080 0.545126 0.265403 0.546029 0.264726 0.546029 0.259309 0.553249 0.258632 0.553249 0.257955 0.554152 0.257955 0.555054 0.253893 0.560469 0.253893 0.561372 0.253216 0.562274 0.253216 0.563177 0.252539 0.564079 0.252539 0.564982 0.251862 0.565884 0.251862 0.566787 0.251185 0.567690 0.251185 0.569495 0.250508 0.570397 0.250508 0.572202 0.249831 0.573105 0.249831 0.578520 0.249154 0.579422 0.249154 0.585740 0.248477 0.586643 0.248477 0.589350 0.247800 0.590253 0.247800 0.593863 0.247123 0.594765 0.247123 0.610108 0.247800 0.611011 0.247800 0.618231 0.248477 0.619134 0.248477 0.632671 0.249154 0.633574 0.249154 0.637184 0.249831 0.638087 0.249831 0.639892 0.250508 0.640794 0.250508 0.641697 0.251185 0.642599 0.251185 0.643502 0.251862 0.644404 0.251862 0.645307 0.253893 0.648014 0.253893 0.648917 0.254570 0.649819 0.254570 0.650722 0.255247 0.650722 0.258632 0.655235 0.259309 0.655235 0.262018 0.658845 0.263372 0.658845 0.264049 0.659747 0.264726 0.659747 0.265403 0.660650 0.267434 0.660650 0.268111 0.661552 0.271496 0.661552 0.266757 0.655235 0.266757 0.654332 0.266080 0.653430 0.266080 0.652527 0.265403 0.651625 0.265403 0.650722 0.264726 0.649819 0.264726 0.648917 0.264049 0.648014 0.264049 0.646209 0.263372 0.645307 0.263372 0.634477 0.264049 0.633574 0.264049 0.629061 0.263372 0.628159 0.263372 0.620939 0.262695 0.620036 0.262695 0.614621 0.263372 0.613718 0.263372 0.604693 0.264049 0.603791 0.264049 0.595668 0.264726 0.594765 0.264049 0.593863 0.264049 0.590253 0.264726 0.589350 0.264726 0.578520 0.265403 0.577617 0.265403 0.565884 0.266080 0.564982 0.266080 0.560469 0.266757 0.559567 0.266757 0.555957 0.267434 0.555054 0.267434 0.553249 0.268111 0.552347 0.268111 0.551444 0.268788 0.550542 0.268788 0.549639 0.269465 0.548736 0.269465 0.546931 0.270142 0.546029 0.270142 0.544224 0.270819 0.543321
3 0.435342 0.453971 0.434665 0.454874 0.433311 0.454874 0.432634 0.455776 0.431957 0.455776 0.431280 0.456679 0.431280 0.457581 0.431957 0.458484 0.431957 0.459386 0.431280 0.460289 0.430603 0.460289 0.429926 0.461191 0.428571 0.461191 0.427894 0.462094 0.427217 0.462094 0.427217 0.462996 0.427894 0.462996 0.428571 0.463899 0.431280 0.463899 0.431957 0.462996 0.435342 0.462996 0.436019 0.463899 0.436696 0.463899 0.438727 0.466606 0.440758 0.466606 0.441435 0.467509 0.446852 0.467509 0.448206 0.469314 0.448206 0.470217 0.452945 0.470217 0.453622 0.471119 0.457007 0.471119 0.458362 0.472924 0.458362 0.474729 0.459039 0.475632 0.459716 0.475632 0.460393 0.474729 0.460393 0.472924 0.458362 0.470217 0.457684 0.470217 0.457007 0.469314 0.452268 0.469314 0.451591 0.468412 0.449560 0.468412 0.448206 0.466606 0.448883 0.465704 0.452945 0.465704 0.453622 0.464801 0.453622 0.463899 0.454299 0.462996 0.453622 0.462094 0.453622 0.461191 0.452945 0.460289 0.450914 0.460289 0.450237 0.461191 0.449560 0.461191 0.448206 0.459386 0.448206 0.458484 0.448883 0.457581 0.449560 0.457581 0.450237 0.456679 0.450914 0.456679 0.449560 0.456679 0.448883 0.455776 0.447529 0.455776 0.446852 0.454874 0.444144 0.454874 0.443466 0.455776 0.443466 0.456679 0.442789 0.457581 0.442112 0.457581 0.440081 0.454874 0.436696 0.454874 0.436019 0.453971
3 0.440081 0.449458 0.441435 0.449458 0.442112 0.450361 0.444144 0.450361 0.444821 0.451264 0.445498 0.451264 0.446175 0.450361 0.446852 0.450361 0.447529 0.449458 0.448883 0.449458
3 0.408937 0.227437 0.408260 0.228339 0.406906 0.228339 0.406229 0.229242 0.405552 0.229242 0.404875 0.230144 0.404198 0.230144 0.401490 0.233755 0.400812 0.233755 0.398781 0.236462 0.398104 0.236462 0.397427 0.237365 0.396750 0.237365 0.394719 0.240072 0.394042 0.240072 0.391334 0.243682 0.390657 0.243682 0.387271 0.248195 0.386594 0.248195 0.368991 0.271661 0.368991 0.272563 0.363575 0.279783 0.362898 0.279783 0.360867 0.282491 0.360190 0.282491 0.358835 0.284296 0.356127 0.280686 0.356127 0.278881 0.355450 0.277978 0.355450 0.276173 0.354773 0.275271 0.354773 0.271661 0.354096 0.270758 0.354096 0.258123 0.353419 0.257220 0.353419 0.249097 0.352742 0.248195 0.352742 0.236462 0.352065 0.235560 0.352065 0.234657 0.348003 0.234657 0.347326 0.235560 0.343263 0.235560 0.342586 0.236462 0.340555 0.236462 0.339878 0.237365 0.338524 0.237365 0.337847 0.238267 0.337170 0.238267 0.335816 0.240072 0.335139 0.240072 0.334462 0.240975 0.333785 0.240975 0.331754 0.243682 0.331077 0.243682 0.331077 0.244585 0.330399 0.245487 0.330399 0.262635 0.331077 0.263538 0.331077 0.275271 0.331754 0.276173 0.331754 0.285199 0.332431 0.286101 0.332431 0.294224 0.331754 0.295126 0.331754 0.299639 0.329045 0.303249 0.329045 0.304152 0.327014 0.306859 0.327014 0.307762 0.326337 0.308664 0.326337 0.310469 0.324306 0.313177 0.324306 0.315884 0.323629 0.316787 0.323629 0.319495 0.322952 0.320397 0.322952 0.321300 0.322275 0.322202 0.322275 0.323105 0.320921 0.324910 0.320921 0.326715 0.320244 0.327617 0.320244 0.328520 0.319567 0.329422 0.319567 0.330325 0.316858 0.333935 0.316858 0.334838 0.312796 0.340253 0.312796 0.341155 0.310765 0.343863 0.310765 0.344765 0.310088 0.345668 0.310088 0.346570 0.309411 0.347473 0.309411 0.348375 0.308734 0.349278 0.308734 0.350181 0.308057 0.351083 0.308057 0.351986 0.307380 0.352888 0.307380 0.353791 0.306703 0.354693 0.306703 0.356498 0.305349 0.358303 0.305349 0.359206 0.304672 0.360108 0.304672 0.361011 0.301963 0.364621 0.301963 0.365523 0.300609 0.367329 0.300609 0.368231 0.299255 0.370036 0.299255 0.370939 0.296547 0.374549 0.296547 0.375451 0.295870 0.376354 0.295870 0.377256 0.294516 0.379061 0.294516 0.379964 0.293839 0.380866 0.293839 0.381769 0.293162 0.382671 0.293162 0.383574 0.291808 0.385379 0.291808 0.386282 0.291131 0.387184 0.291131 0.388989 0.290454 0.389892 0.290454 0.390794 0.289777 0.391697 0.289777 0.393502 0.289100 0.394404 0.289100 0.397112 0.288422 0.398014 0.288422 0.398917 0.287745 0.399819 0.287745 0.400722 0.287068 0.401625 0.287068 0.402527 0.286391 0.403430 0.286391 0.404332 0.285714 0.405235 0.285714 0.407040 0.285037 0.407942 0.285037 0.408845 0.284360 0.409747 0.284360 0.410650 0.283006 0.412455 0.283006 0.413357 0.282329 0.414260 0.282329 0.415162 0.281652 0.416065 0.281652 0.416968 0.280975 0.417870 0.280975 0.418773 0.280298 0.419675 0.280298 0.420578 0.279621 0.421480 0.279621 0.422383 0.278944 0.423285 0.278944 0.424188 0.278267 0.425090 0.278267 0.425993 0.277590 0.426895 0.277590 0.427798 0.276913 0.428700 0.276913 0.429603 0.275559 0.431408 0.275559 0.432310 0.274882 0.433213 0.274882 0.435018 0.274204 0.435921 0.274204 0.437726 0.273527 0.438628 0.273527 0.440433 0.272850 0.441336 0.272850 0.442238 0.272173 0.443141 0.272173 0.444946 0.271496 0.445848 0.271496 0.446751 0.270819 0.447653 0.270819 0.448556 0.270142 0.449458 0.270142 0.451264 0.269465 0.452166 0.269465 0.453971 0.268788 0.454874 0.268788 0.458484 0.270819 0.461191 0.270819 0.462094 0.272173 0.463899 0.272173 0.464801 0.275559 0.469314 0.275559 0.470217 0.276913 0.472022 0.276913 0.472924 0.278944 0.475632 0.278944 0.476534 0.279621 0.477437 0.279621 0.478339 0.282329 0.481949 0.282329 0.482852 0.283006 0.483755 0.283683 0.483755 0.286391 0.487365 0.289777 0.487365 0.289777 0.477437 0.290454 0.476534 0.290454 0.472924 0.291131 0.472022 0.291131 0.468412 0.291808 0.467509 0.291808 0.466606 0.293162 0.464801 0.299932 0.464801 0.300609 0.465704 0.302640 0.465704 0.303318 0.466606 0.305349 0.466606 0.306026 0.467509 0.311442 0.467509 0.312119 0.468412 0.320244 0.468412 0.320921 0.469314 0.329045 0.469314 0.329722 0.470217 0.330399 0.470217 0.331754 0.472022 0.331754 0.472924 0.332431 0.473827 0.332431 0.475632 0.333108 0.476534 0.333108 0.479242 0.333785 0.480144 0.333785 0.502708 0.334462 0.503610 0.334462 0.509928 0.333785 0.510830 0.333785 0.511733 0.334462 0.512635 0.334462 0.516245 0.333785 0.517148 0.333785 0.522563 0.332431 0.524368 0.331754 0.524368 0.331077 0.525271 0.330399 0.524368 0.329722 0.524368 0.329045 0.523466 0.304672 0.523466 0.303995 0.522563 0.301286 0.522563 0.300609 0.521661 0.297901 0.521661 0.297224 0.520758 0.295193 0.520758 0.294516 0.519856 0.293839 0.519856 0.293162 0.518953 0.291808 0.518953 0.291131 0.518051 0.288422 0.518051 0.287745 0.517148 0.285714 0.517148 0.285037 0.518051 0.285037 0.518953 0.284360 0.519856 0.284360 0.520758 0.283683 0.521661 0.283683 0.522563 0.283006 0.523466 0.283006 0.524368 0.282329 0.525271 0.282329 0.526173 0.281652 0.527076 0.281652 0.529783 0.280975 0.530686 0.280975 0.532491 0.281652 0.533394 0.281652 0.534296 0.282329 0.535199 0.282329 0.536101 0.284360 0.538809 0.284360 0.539711 0.285714 0.541516 0.286391 0.541516 0.287068 0.542419 0.287745 0.542419 0.288422 0.543321 0.289777 0.543321 0.290454 0.544224 0.291808 0.544224 0.292485 0.545126 0.293839 0.545126 0.294516 0.546029 0.295193 0.546029 0.295870 0.546931 0.297224 0.546931 0.297901 0.547834 0.299255 0.547834 0.299932 0.548736 0.302640 0.548736 0.303318 0.549639 0.306703 0.549639 0.307380 0.550542 0.310088 0.550542 0.310765 0.551444 0.313473 0.551444 0.314150 0.552347 0.316858 0.552347 0.317536 0.553249 0.321598 0.553249 0.322275 0.554152 0.325660 0.554152 0.326337 0.555054 0.337170 0.555054 0.337847 0.554152 0.338524 0.554152 0.339201 0.555054 0.339878 0.555054 0.341232 0.556859 0.341232 0.563177 0.341909 0.564079 0.341909 0.565884 0.342586 0.566787 0.342586 0.567690 0.343263 0.568592 0.343263 0.570397 0.343940 0.571300 0.343940 0.574007 0.344617 0.574910 0.344617 0.581227 0.345295 0.582130 0.345295 0.584838 0.346649 0.586643 0.346649 0.587545 0.347326 0.588448 0.347326 0.589350 0.348003 0.590253 0.348003 0.594765 0.348680 0.595668 0.348680 0.598375 0.350034 0.598375 0.350711 0.599278 0.350711 0.601986 0.351388 0.602888 0.351388 0.604693 0.352065 0.605596 0.352065 0.609206 0.354096 0.611913 0.354096 0.612816 0.354773 0.613718 0.354773 0.617329 0.355450 0.618231 0.355450 0.620939 0.356804 0.622744 0.356804 0.623646 0.357481 0.624549 0.357481 0.625451 0.358158 0.626354 0.358158 0.627256 0.358835 0.628159 0.358835 0.630866 0.359513 0.631769 0.359513 0.632671 0.360867 0.634477 0.360867 0.635379 0.361544 0.636282 0.361544 0.638087 0.362221 0.638989 0.362221 0.639892 0.362898 0.640794 0.362898 0.641697 0.364929 0.644404 0.364929 0.645307 0.365606 0.646209 0.365606 0.648014 0.366283 0.648917 0.366283 0.649819 0.366960 0.649819 0.368991 0.652527 0.368991 0.654332 0.369668 0.655235 0.369668 0.656137 0.372376 0.659747 0.372376 0.664260 0.373731 0.666065 0.374408 0.666065 0.375085 0.666968 0.375085 0.667870 0.376439 0.669675 0.376439 0.671480 0.377793 0.671480 0.379824 0.674188 0.379824 0.675090 0.381855 0.675090 0.383886 0.672383 0.383886 0.671480 0.383209 0.670578 0.383209 0.667870 0.381855 0.667870 0.380501 0.666065 0.380501 0.665162 0.379824 0.664260 0.379824 0.663357 0.377793 0.660650 0.377793 0.659747 0.377116 0.658845 0.377116 0.657040 0.376439 0.656137 0.376439 0.653430 0.373731 0.649819 0.373731 0.648917 0.373053 0.648014 0.373053 0.646209 0.371022 0.643502 0.371022 0.642599 0.370345 0.641697 0.370345 0.639892 0.369668 0.638989 0.369668 0.638087 0.366960 0.634477 0.366960 0.632671 0.366283 0.631769 0.366283 0.629061 0.365606 0.628159 0.365606 0.627256 0.364929 0.626354 0.364929 0.625451 0.364252 0.624549 0.364252 0.623646 0.363575 0.622744 0.363575 0.621841 0.362898 0.620939 0.362898 0.616426 0.362221 0.615523 0.362221 0.614621 0.360867 0.612816 0.360867 0.611913 0.360190 0.611011 0.360190 0.609206 0.356804 0.604693 0.356804 0.602888 0.356127 0.601986 0.356127 0.600181 0.355450 0.599278 0.355450 0.596570 0.354096 0.596570 0.352742 0.594765 0.352742 0.585740 0.352065 0.584838 0.352065 0.579422 0.350711 0.577617 0.350711 0.576715 0.350034 0.575812 0.350034 0.572202 0.349357 0.571300 0.349357 0.566787 0.348680 0.565884 0.348680 0.560469 0.350034 0.558664 0.373053 0.558664 0.373731 0.557762 0.377793 0.557762 0.378470 0.558664 0.387271 0.558664 0.387949 0.557762 0.394719 0.557762 0.395396 0.556859 0.402844 0.556859 0.403521 0.555957 0.408937 0.555957 0.409614 0.555054 0.415030 0.555054 0.415708 0.554152 0.419093 0.554152 0.419770 0.553249 0.423832 0.553249 0.424509 0.552347 0.428571 0.552347 0.429248 0.551444 0.432634 0.551444 0.433311 0.550542 0.436019 0.550542 0.436696 0.549639 0.438050 0.549639 0.438727 0.548736 0.439404 0.548736 0.440081 0.547834 0.440758 0.547834 0.442112 0.546029 0.442789 0.546029 0.444144 0.544224 0.448206 0.544224 0.448883 0.545126 0.450237 0.545126 0.450914 0.546029 0.452268 0.546029 0.452945 0.546931 0.454299 0.546931 0.454976 0.546029 0.458362 0.546029 0.459039 0.545126 0.462424 0.545126 0.463101 0.544224 0.471225 0.544224 0.471903 0.545126 0.474611 0.545126 0.477319 0.548736 0.477319 0.549639 0.477996 0.550542 0.477996 0.554152 0.478673 0.555054 0.478673 0.556859 0.479350 0.557762 0.479350 0.559567 0.480027 0.560469 0.480027 0.562274 0.480704 0.563177 0.480704 0.564982 0.481381 0.565884 0.481381 0.569495 0.482058 0.570397 0.480704 0.572202 0.480027 0.572202 0.479350 0.573105 0.478673 0.573105 0.477996 0.574007 0.477319 0.574007 0.480027 0.577617 0.480027 0.578520 0.481381 0.580325 0.481381 0.583032 0.480704 0.583935 0.480704 0.584838 0.480027 0.585740 0.480027 0.587545 0.479350 0.588448 0.479350 0.590253 0.478673 0.591155 0.478673 0.592058 0.477996 0.592960 0.477996 0.594765 0.477319 0.595668 0.477319 0.597473 0.475965 0.599278 0.475965 0.600181 0.473934 0.602888 0.473934 0.603791 0.471903 0.606498 0.471903 0.607401 0.471225 0.608303 0.471225 0.609206 0.469194 0.611913 0.468517 0.611913 0.467840 0.612816 0.467163 0.612816 0.465809 0.614621 0.465809 0.615523 0.463778 0.618231 0.463778 0.619134 0.463101 0.620036 0.463101 0.622744 0.460393 0.626354 0.460393 0.627256 0.459039 0.629061 0.459039 0.629964 0.452945 0.638087 0.452945 0.638989 0.451591 0.640794 0.451591 0.641697 0.449560 0.644404 0.449560 0.645307 0.448206 0.647112 0.448206 0.648014 0.446852 0.649819 0.446852 0.650722 0.441435 0.657942 0.441435 0.658845 0.439404 0.661552 0.439404 0.667870 0.441435 0.670578 0.441435 0.671480 0.442112 0.672383 0.442112 0.673285 0.443466 0.675090 0.443466 0.675993 0.444144 0.676895 0.444144 0.677798 0.444821 0.678700 0.444821 0.680505 0.445498 0.681408 0.445498 0.683213 0.446175 0.684116 0.446175 0.685018 0.446852 0.685921 0.446852 0.686823 0.447529 0.687726 0.447529 0.689531 0.448206 0.690433 0.448206 0.691336 0.448883 0.692238 0.448883 0.693141 0.450914 0.695848 0.450914 0.696751 0.451591 0.697653 0.451591 0.698556 0.452268 0.699458 0.452268 0.700361 0.452945 0.701264 0.452945 0.702166 0.454299 0.703971 0.454299 0.704874 0.454976 0.705776 0.454976 0.706679 0.455653 0.707581 0.455653 0.708484 0.457684 0.711191 0.458362 0.711191 0.459716 0.712996 0.461070 0.711191 0.461747 0.711191 0.462424 0.710289 0.463778 0.710289 0.465132 0.708484 0.465809 0.708484 0.468517 0.704874 0.468517 0.703971 0.469194 0.703069 0.469871 0.703069 0.469871 0.702166 0.470548 0.701264 0.470548 0.700361 0.471225 0.699458 0.471225 0.696751 0.471903 0.695848 0.471903 0.690433 0.471225 0.689531 0.471225 0.685921 0.470548 0.685018 0.470548 0.682310 0.469871 0.681408 0.469871 0.679603 0.469194 0.678700 0.469194 0.677798 0.468517 0.676895 0.468517 0.675090 0.467840 0.674188 0.467840 0.672383 0.467163 0.671480 0.467163 0.669675 0.466486 0.668773 0.466486 0.667870 0.465809 0.666968 0.465809 0.666065 0.465132 0.665162 0.465132 0.663357 0.464455 0.662455 0.464455 0.655235 0.465132 0.654332 0.465132 0.653430 0.467840 0.649819 0.467840 0.648917 0.468517 0.648014 0.469194 0.648014 0.469871 0.647112 0.469871 0.646209 0.471225 0.644404 0.471225 0.643502 0.471903 0.642599 0.471903 0.641697 0.473257 0.639892 0.473257 0.638989 0.473934 0.638087 0.473934 0.637184 0.474611 0.636282 0.474611 0.635379 0.477319 0.631769 0.477319 0.629964 0.477996 0.629061 0.477996 0.628159 0.478673 0.627256 0.478673 0.625451 0.479350 0.624549 0.479350 0.623646 0.480704 0.621841 0.480704 0.620036 0.481381 0.619134 0.481381 0.617329 0.482058 0.616426 0.482058 0.615523 0.482735 0.614621 0.482735 0.613718 0.483412 0.612816 0.483412 0.611011 0.484089 0.610108 0.484089 0.597473 0.484766 0.596570 0.484766 0.586643 0.484089 0.585740 0.484089 0.583032 0.484766 0.582130 0.484766 0.576715 0.485443 0.575812 0.485443 0.573105 0.484766 0.572202 0.484766 0.566787 0.485443 0.565884 0.485443 0.560469 0.486121 0.559567 0.486121 0.555054 0.485443 0.554152 0.485443 0.551444 0.484766 0.550542 0.484766 0.548736 0.484089 0.547834 0.484089 0.546029 0.480704 0.541516 0.480704 0.540614 0.480027 0.539711 0.479350 0.539711 0.473934 0.532491 0.473257 0.532491 0.471903 0.530686 0.471225 0.530686 0.469871 0.528881 0.469194 0.528881 0.468517 0.527978 0.467840 0.527978 0.467163 0.527076 0.466486 0.527076 0.465809 0.526173 0.465132 0.526173 0.464455 0.525271 0.462424 0.525271 0.461747 0.524368 0.458362 0.524368 0.457684 0.523466 0.453622 0.523466 0.452945 0.524368 0.452268 0.523466 0.451591 0.523466 0.449560 0.520758 0.449560 0.516245 0.448883 0.515343 0.448883 0.510830 0.450237 0.509025 0.450237 0.508123 0.450914 0.507220 0.451591 0.507220 0.452268 0.506318 0.452945 0.506318 0.452945 0.505415 0.453622 0.504513 0.453622 0.503610 0.454299 0.502708 0.454299 0.491877 0.453622 0.490975 0.453622 0.486462 0.452945 0.485560 0.452945 0.483755 0.451591 0.481949 0.451591 0.481047 0.450914 0.480144 0.450914 0.479242 0.450237 0.478339 0.449560 0.478339 0.448206 0.476534 0.448206 0.475632 0.447529 0.474729 0.446175 0.474729 0.445498 0.473827 0.444821 0.473827 0.443466 0.472022 0.442789 0.472022 0.442112 0.471119 0.431957 0.471119 0.431280 0.470217 0.429926 0.470217 0.429248 0.469314 0.427894 0.469314 0.427217 0.468412 0.425863 0.468412 0.425186 0.467509 0.415030 0.467509 0.414353 0.466606 0.413676 0.466606 0.412999 0.465704 0.410291 0.465704 0.409614 0.464801 0.405552 0.464801 0.404875 0.463899 0.403521 0.463899 0.402844 0.462996 0.402844 0.462094 0.402167 0.461191 0.401490 0.461191 0.399458 0.458484 0.399458 0.457581 0.398781 0.456679 0.398781 0.454874 0.398104 0.453971 0.398104 0.450361 0.398781 0.449458 0.399458 0.449458 0.400135 0.448556 0.403521 0.448556 0.405552 0.451264 0.406229 0.451264 0.407583 0.453069 0.407583 0.455776 0.409614 0.455776 0.410291 0.456679 0.415030 0.456679 0.417739 0.460289 0.418416 0.460289 0.418416 0.459386 0.419093 0.458484 0.419093 0.456679 0.419770 0.455776 0.419093 0.454874 0.419093 0.452166 0.419770 0.451264 0.419770 0.450361 0.420447 0.449458 0.420447 0.447653 0.421124 0.446751 0.421124 0.445848 0.421801 0.444946 0.422478 0.445848 0.422478 0.446751 0.423155 0.447653 0.423155 0.448556 0.424509 0.450361 0.427217 0.450361 0.427894 0.449458 0.430603 0.449458 0.431280 0.450361 0.431957 0.450361 0.432634 0.449458 0.432634 0.447653 0.433311 0.446751 0.433311 0.445848 0.426540 0.445848 0.423832 0.442238 0.421124 0.442238 0.420447 0.441336 0.414353 0.441336 0.413676 0.442238 0.410291 0.442238 0.407583 0.438628 0.398104 0.438628 0.397427 0.437726 0.394042 0.437726 0.392011 0.435018 0.391334 0.435018 0.390657 0.434116 0.389980 0.434116 0.388626 0.432310 0.388626 0.431408 0.387949 0.430505 0.387949 0.428700 0.387271 0.427798 0.387271 0.425993 0.386594 0.425090 0.386594 0.424188 0.385917 0.423285 0.385917 0.422383 0.385240 0.421480 0.385240 0.419675 0.384563 0.418773 0.384563 0.416968 0.383886 0.416065 0.383886 0.413357 0.383209 0.412455 0.383209 0.411552 0.382532 0.410650 0.382532 0.409747 0.381855 0.408845 0.381855 0.400722 0.381178 0.399819 0.381178 0.397112 0.380501 0.396209 0.380501 0.393502 0.379824 0.392599 0.379824 0.391697 0.379147 0.390794 0.379147 0.388989 0.378470 0.388087 0.378470 0.386282 0.377793 0.385379 0.377793 0.383574 0.377116 0.382671 0.377116 0.380866 0.376439 0.379964 0.376439 0.379061 0.375085 0.377256 0.375085 0.376354 0.373731 0.374549 0.373731 0.373646 0.373053 0.372744 0.373053 0.370939 0.372376 0.370036 0.372376 0.369134 0.371699 0.368231 0.371699 0.365523 0.371022 0.364621 0.371022 0.361913 0.370345 0.361011 0.370345 0.357401 0.369668 0.356498 0.369668 0.352888 0.368991 0.351986 0.368991 0.342058 0.369668 0.341155 0.369668 0.331227 0.370345 0.330325 0.370345 0.314079 0.369668 0.313177 0.369668 0.310469 0.370345 0.309567 0.370345 0.308664 0.373731 0.304152 0.373731 0.303249 0.377793 0.297834 0.377793 0.296931 0.381855 0.291516 0.381855 0.290614 0.387949 0.282491 0.387949 0.281588 0.391334 0.277076 0.391334 0.276173 0.396073 0.269856 0.396073 0.268953 0.396750 0.268051 0.397427 0.268051 0.406906 0.255415 0.407583 0.255415 0.407583 0.254513 0.408260 0.253610 0.408937 0.253610 0.410291 0.251805 0.410968 0.251805 0.412999 0.249097 0.413676 0.249097 0.416385 0.245487 0.417062 0.245487 0.417739 0.244585 0.418416 0.244585 0.419770 0.242780 0.420447 0.242780 0.421124 0.241877 0.421801 0.241877 0.422478 0.240975 0.423155 0.240975 0.424509 0.239170 0.425186 0.239170 0.425863 0.238267 0.427894 0.238267 0.428571 0.237365 0.430603 0.237365 0.430603 0.236462 0.431280 0.235560 0.431280 0.233755 0.430603 0.233755 0.429926 0.232852 0.429248 0.232852 0.428571 0.231949 0.427894 0.231949 0.427217 0.231047 0.425863 0.231047 0.425186 0.230144 0.423832 0.230144 0.423155 0.229242 0.421124 0.229242 0.420447 0.228339 0.417062 0.228339 0.416385 0.227437