0 0.505755 0.462094 0.505078 0.462996 0.504401 0.462996 0.501693 0.466606 0.501016 0.466606 0.501016 0.468412 0.500339 0.469314 0.500339 0.471119 0.501016 0.472022 0.501016 0.473827 0.501693 0.474729 0.501693 0.481949 0.501016 0.482852 0.501016 0.490072 0.500339 0.490975 0.500339 0.492780 0.499661 0.493682 0.499661 0.498195 0.498984 0.499097 0.498984 0.501805 0.498307 0.502708 0.498307 0.508123 0.497630 0.509025 0.497630 0.518953 0.498307 0.519856 0.498307 0.520758 0.498984 0.521661 0.498984 0.523466 0.500339 0.525271 0.500339 0.537004 0.501016 0.537906 0.501016 0.547834 0.501693 0.548736 0.501693 0.555957 0.502370 0.556859 0.502370 0.558664 0.503047 0.559567 0.503047 0.574007 0.503724 0.574910 0.504401 0.574910 0.505078 0.575812 0.510494 0.575812 0.511171 0.574910 0.511848 0.574910 0.512525 0.574007 0.512525 0.563177 0.513202 0.562274 0.513879 0.562274 0.514557 0.561372 0.518619 0.561372 0.519296 0.560469 0.519296 0.559567 0.518619 0.558664 0.518619 0.555054 0.517265 0.553249 0.517265 0.531588 0.517942 0.530686 0.517942 0.525271 0.518619 0.524368 0.518619 0.522563 0.519296 0.521661 0.519296 0.518051 0.519973 0.517148 0.519973 0.509928 0.520650 0.509025 0.520650 0.496390 0.519973 0.495487 0.519973 0.490072 0.519296 0.489170 0.519296 0.481949 0.519973 0.481047 0.519973 0.479242 0.520650 0.478339 0.520650 0.475632 0.519973 0.474729 0.519973 0.472924 0.519296 0.472022 0.519296 0.471119 0.517265 0.468412 0.516588 0.468412 0.515911 0.467509 0.515911 0.466606 0.515234 0.466606 0.513879 0.464801 0.513202 0.464801 0.512525 0.463899 0.511848 0.463899 0.511171 0.462996 0.509817 0.462996 0.509140 0.462094
0 0.732566 0.521661 0.731889 0.522563 0.731212 0.522563 0.730535 0.523466 0.729858 0.523466 0.726473 0.527978 0.726473 0.528881 0.725796 0.529783 0.725796 0.530686 0.724441 0.532491 0.723764 0.532491 0.723764 0.533394 0.722410 0.535199 0.722410 0.536101 0.721733 0.537004 0.721733 0.537906 0.720379 0.539711 0.720379 0.540614 0.719702 0.541516 0.719702 0.542419 0.719025 0.543321 0.719025 0.547834 0.718348 0.548736 0.718348 0.553249 0.719702 0.555054 0.720379 0.555054 0.721056 0.555957 0.721733 0.555957 0.722410 0.556859 0.729858 0.556859 0.731212 0.555054 0.733920 0.555054 0.734597 0.555957 0.738659 0.555957 0.739336 0.555054 0.740014 0.555054 0.740691 0.554152 0.740691 0.551444 0.739336 0.549639 0.739336 0.547834 0.738659 0.546931 0.738659 0.546029 0.736628 0.543321 0.736628 0.539711 0.737305 0.538809 0.737305 0.537906 0.737982 0.537004 0.737982 0.535199 0.738659 0.534296 0.738659 0.533394 0.739336 0.532491 0.739336 0.531588 0.740014 0.530686 0.740014 0.529783 0.740691 0.528881 0.740691 0.525271 0.740014 0.524368 0.740014 0.523466 0.738659 0.521661
0 0.469871 0.533394 0.469194 0.534296 0.467163 0.534296 0.465809 0.536101 0.465132 0.536101 0.465132 0.537906 0.464455 0.538809 0.464455 0.539711 0.463778 0.540614 0.463778 0.541516 0.462424 0.543321 0.462424 0.544224 0.461747 0.545126 0.461747 0.546029 0.461070 0.546931 0.461070 0.547834 0.457007 0.553249 0.457007 0.554152 0.457684 0.555054 0.457684 0.566787 0.457007 0.567690 0.457007 0.569495 0.454976 0.572202 0.454976 0.573105 0.454299 0.574007 0.454299 0.577617 0.453622 0.578520 0.453622 0.583032 0.454299 0.583935 0.454299 0.586643 0.454976 0.587545 0.454976 0.588448 0.457007 0.591155 0.457007 0.592058 0.459716 0.595668 0.464455 0.595668 0.465132 0.594765 0.465809 0.594765 0.466486 0.593863 0.471225 0.593863 0.472580 0.595668 0.472580 0.598375 0.473257 0.599278 0.479350 0.599278 0.480027 0.598375 0.490860 0.598375 0.491537 0.597473 0.491537 0.596570 0.492214 0.595668 0.492214 0.593863 0.491537 0.592960 0.491537 0.588448 0.490860 0.587545 0.490860 0.581227 0.496276 0.574007 0.496276 0.573105 0.496953 0.572202 0.496953 0.571300 0.497630 0.570397 0.497630 0.564982 0.496953 0.564079 0.496953 0.563177 0.493568 0.558664 0.492891 0.558664 0.492214 0.557762 0.492214 0.556859 0.491537 0.555957 0.490860 0.555957 0.487475 0.551444 0.486798 0.551444 0.485443 0.549639 0.484766 0.549639 0.480704 0.544224 0.480704 0.542419 0.479350 0.540614 0.479350 0.539711 0.477996 0.537906 0.477319 0.537906 0.475965 0.536101 0.475288 0.536101 0.473934 0.534296 0.471225 0.534296 0.470548 0.533394
0 0.433988 0.469314 0.433311 0.470217 0.432634 0.470217 0.431280 0.472022 0.428571 0.472022 0.427894 0.472924 0.425863 0.472924 0.423832 0.475632 0.423832 0.476534 0.423155 0.477437 0.423155 0.478339 0.421124 0.481047 0.421124 0.481949 0.416385 0.488267 0.415708 0.488267 0.415030 0.489170 0.414353 0.489170 0.413676 0.490072 0.413676 0.490975 0.412322 0.492780 0.412322 0.493682 0.410291 0.496390 0.410291 0.497292 0.409614 0.498195 0.409614 0.499097 0.408937 0.500000 0.408937 0.500903 0.408260 0.501805 0.408260 0.502708 0.407583 0.503610 0.407583 0.504513 0.406906 0.505415 0.406906 0.507220 0.406229 0.508123 0.406229 0.509025 0.405552 0.509928 0.405552 0.510830 0.404875 0.511733 0.404875 0.512635 0.404198 0.513538 0.404198 0.522563 0.403521 0.523466 0.403521 0.524368 0.402844 0.525271 0.402844 0.527978 0.402167 0.528881 0.402167 0.529783 0.402844 0.530686 0.402844 0.532491 0.404198 0.534296 0.404875 0.533394 0.406229 0.533394 0.406906 0.532491 0.410291 0.532491 0.410968 0.533394 0.410968 0.537004 0.410291 0.537906 0.410291 0.546029 0.409614 0.546931 0.409614 0.549639 0.408937 0.550542 0.408937 0.552347 0.408260 0.553249 0.408260 0.554152 0.407583 0.555054 0.407583 0.555957 0.406906 0.556859 0.406906 0.557762 0.406229 0.558664 0.406229 0.560469 0.405552 0.561372 0.405552 0.563177 0.404875 0.564079 0.404875 0.566787 0.404198 0.567690 0.404198 0.573105 0.403521 0.574007 0.403521 0.578520 0.404875 0.578520 0.405552 0.577617 0.406229 0.577617 0.406906 0.576715 0.407583 0.576715 0.409614 0.574007 0.410291 0.574007 0.411645 0.572202 0.412322 0.572202 0.412999 0.571300 0.412999 0.570397 0.413676 0.569495 0.413676 0.568592 0.414353 0.567690 0.414353 0.566787 0.415030 0.565884 0.415030 0.564079 0.415708 0.563177 0.415708 0.561372 0.416385 0.560469 0.416385 0.559567 0.418416 0.556859 0.418416 0.555957 0.419093 0.555054 0.419093 0.553249 0.423155 0.547834 0.423155 0.546931 0.425186 0.544224 0.427894 0.544224 0.431957 0.549639 0.431957 0.550542 0.432634 0.550542 0.434665 0.553249 0.434665 0.556859 0.431280 0.561372 0.431280 0.562274 0.429926 0.564079 0.429926 0.570397 0.431280 0.572202 0.431957 0.572202 0.432634 0.573105 0.433988 0.573105 0.434665 0.574007 0.436696 0.574007 0.438050 0.572202 0.438050 0.571300 0.438727 0.570397 0.438727 0.564982 0.439404 0.564079 0.439404 0.561372 0.440081 0.560469 0.440081 0.552347 0.440758 0.551444 0.440758 0.550542 0.442112 0.548736 0.442112 0.547834 0.442789 0.546931 0.442789 0.543321 0.441435 0.541516 0.441435 0.540614 0.440758 0.539711 0.440758 0.538809 0.440081 0.537906 0.440081 0.536101 0.439404 0.535199 0.439404 0.534296 0.438727 0.533394 0.438727 0.532491 0.437373 0.530686 0.437373 0.529783 0.436696 0.528881 0.436696 0.523466 0.437373 0.522563 0.438050 0.522563 0.438727 0.521661 0.440758 0.524368 0.440758 0.525271 0.442789 0.527978 0.442789 0.528881 0.443466 0.529783 0.443466 0.530686 0.444144 0.531588 0.444144 0.533394 0.444821 0.534296 0.444821 0.536101 0.445498 0.537004 0.445498 0.537906 0.446175 0.538809 0.446852 0.538809 0.447529 0.539711 0.449560 0.539711 0.449560 0.538809 0.450237 0.537906 0.450237 0.532491 0.449560 0.531588 0.449560 0.530686 0.448206 0.528881 0.448206 0.527978 0.447529 0.527076 0.447529 0.526173 0.446852 0.525271 0.446852 0.523466 0.446175 0.522563 0.446175 0.520758 0.445498 0.519856 0.445498 0.518051 0.444821 0.517148 0.444821 0.515343 0.444144 0.514440 0.444144 0.512635 0.443466 0.511733 0.443466 0.510830 0.442789 0.509928 0.442789 0.509025 0.442112 0.508123 0.442112 0.506318 0.441435 0.505415 0.441435 0.488267 0.442112 0.487365 0.441435 0.486462 0.441435 0.480144 0.440758 0.479242 0.440758 0.478339 0.440081 0.477437 0.440081 0.476534 0.440758 0.475632 0.440758 0.472924 0.440081 0.472022 0.440081 0.471119 0.438727 0.469314
0 0.298578 0.476534 0.297901 0.477437 0.296547 0.477437 0.291808 0.483755 0.291808 0.484657 0.283683 0.495487 0.283006 0.495487 0.282329 0.496390 0.282329 0.497292 0.280975 0.499097 0.280975 0.500000 0.277590 0.504513 0.277590 0.505415 0.276913 0.506318 0.276913 0.507220 0.275559 0.509025 0.275559 0.509928 0.274882 0.510830 0.274882 0.512635 0.274204 0.513538 0.274204 0.514440 0.273527 0.515343 0.273527 0.516245 0.272850 0.517148 0.272850 0.518051 0.272173 0.518953 0.272173 0.520758 0.270819 0.522563 0.270819 0.524368 0.270142 0.525271 0.270142 0.527076 0.269465 0.527978 0.269465 0.529783 0.268788 0.530686 0.268788 0.535199 0.268111 0.536101 0.268111 0.539711 0.267434 0.540614 0.267434 0.544224 0.266757 0.545126 0.266757 0.547834 0.266080 0.548736 0.266080 0.558664 0.266757 0.559567 0.266757 0.564079 0.266080 0.564982 0.266080 0.566787 0.265403 0.567690 0.265403 0.568592 0.264726 0.569495 0.264726 0.570397 0.264049 0.571300 0.264049 0.572202 0.263372 0.573105 0.263372 0.574910 0.262695 0.575812 0.262695 0.576715 0.262018 0.577617 0.262018 0.578520 0.261341 0.579422 0.261341 0.580325 0.260664 0.581227 0.260664 0.582130 0.259986 0.583032 0.259986 0.583935 0.259309 0.584838 0.259309 0.586643 0.258632 0.587545 0.258632 0.588448 0.257955 0.589350 0.257955 0.590253 0.257278 0.591155 0.257278 0.592058 0.255924 0.593863 0.255924 0.594765 0.255247 0.595668 0.255247 0.601083 0.255924 0.601986 0.256601 0.601986 0.257278 0.602888 0.260664 0.602888 0.261341 0.601986 0.263372 0.601986 0.264049 0.601083 0.264049 0.600181 0.264726 0.599278 0.264726 0.598375 0.265403 0.597473 0.265403 0.596570 0.266080 0.595668 0.266080 0.594765 0.267434 0.592960 0.268111 0.592960 0.268788 0.592058 0.269465 0.592058 0.271496 0.589350 0.272173 0.589350 0.272850 0.588448 0.272850 0.587545 0.276236 0.583032 0.276236 0.582130 0.276913 0.581227 0.276913 0.579422 0.278944 0.576715 0.280298 0.576715 0.280975 0.577617 0.282329 0.577617 0.284360 0.580325 0.284360 0.581227 0.285714 0.583032 0.285714 0.583935 0.286391 0.584838 0.286391 0.585740 0.287745 0.587545 0.287745 0.588448 0.287068 0.589350 0.287068 0.590253 0.286391 0.591155 0.286391 0.592960 0.285714 0.593863 0.285714 0.597473 0.285037 0.598375 0.285037 0.605596 0.285714 0.606498 0.285714 0.607401 0.286391 0.608303 0.287068 0.608303 0.287745 0.607401 0.289777 0.607401 0.290454 0.606498 0.291131 0.606498 0.293839 0.602888 0.293839 0.601986 0.297224 0.597473 0.297224 0.594765 0.297901 0.593863 0.297901 0.570397 0.299255 0.568592 0.299932 0.568592 0.299932 0.567690 0.300609 0.566787 0.300609 0.560469 0.299932 0.559567 0.299932 0.556859 0.298578 0.555054 0.298578 0.554152 0.297901 0.553249 0.297901 0.552347 0.297224 0.551444 0.297224 0.550542 0.295870 0.548736 0.295870 0.547834 0.295193 0.546931 0.295193 0.546029 0.294516 0.545126 0.294516 0.542419 0.293839 0.541516 0.293839 0.534296 0.294516 0.533394 0.294516 0.530686 0.295193 0.529783 0.295193 0.527978 0.295870 0.527076 0.295870 0.525271 0.296547 0.524368 0.297224 0.524368 0.297901 0.523466 0.298578 0.523466 0.299255 0.522563 0.303318 0.522563 0.303318 0.520758 0.303995 0.519856 0.303995 0.514440 0.303318 0.513538 0.303318 0.512635 0.299932 0.508123 0.299932 0.504513 0.300609 0.503610 0.301963 0.503610 0.302640 0.502708 0.303318 0.502708 0.303995 0.501805 0.304672 0.501805 0.305349 0.500903 0.305349 0.500000 0.306703 0.498195 0.306703 0.489170 0.306026 0.488267 0.306026 0.484657 0.305349 0.483755 0.305349 0.481949 0.304672 0.481047 0.304672 0.480144 0.303995 0.479242 0.303995 0.478339 0.303318 0.477437 0.302640 0.477437 0.301963 0.476534
0 0.185511 0.490975 0.184834 0.491877 0.182126 0.491877 0.181449 0.492780 0.180095 0.492780 0.179418 0.493682 0.178741 0.493682 0.178064 0.494585 0.177387 0.494585 0.176710 0.495487 0.176710 0.496390 0.175355 0.498195 0.175355 0.499097 0.174001 0.500903 0.174678 0.500903 0.176032 0.502708 0.178741 0.502708 0.179418 0.501805 0.180095 0.501805 0.180772 0.500903 0.181449 0.500903 0.182126 0.500000 0.184157 0.500000 0.184834 0.499097 0.186188 0.499097 0.188219 0.496390 0.188219 0.492780 0.187542 0.492780 0.186865 0.491877 0.186188 0.491877
0 0.157075 0.459386 0.156398 0.460289 0.155044 0.460289 0.154367 0.461191 0.153690 0.461191 0.153013 0.462094 0.152336 0.462094 0.150982 0.463899 0.150982 0.464801 0.150305 0.465704 0.150305 0.467509 0.149628 0.468412 0.149628 0.473827 0.148951 0.474729 0.148951 0.479242 0.148274 0.480144 0.148274 0.481047 0.146919 0.482852 0.146919 0.483755 0.141503 0.490975 0.141503 0.491877 0.140826 0.492780 0.140826 0.493682 0.140149 0.494585 0.140149 0.516245 0.140826 0.517148 0.140826 0.518051 0.141503 0.518953 0.141503 0.519856 0.142180 0.520758 0.142180 0.522563 0.142857 0.523466 0.142857 0.530686 0.142180 0.531588 0.142180 0.532491 0.141503 0.533394 0.141503 0.535199 0.140826 0.536101 0.140826 0.539711 0.140149 0.540614 0.140149 0.542419 0.139472 0.543321 0.139472 0.545126 0.138795 0.546029 0.138795 0.548736 0.138118 0.549639 0.138118 0.554152 0.138795 0.555054 0.138795 0.557762 0.137441 0.559567 0.137441 0.560469 0.136764 0.561372 0.136764 0.562274 0.135410 0.564079 0.135410 0.564982 0.134733 0.565884 0.134733 0.566787 0.133378 0.568592 0.133378 0.569495 0.128639 0.575812 0.128639 0.576715 0.127962 0.577617 0.127962 0.585740 0.128639 0.586643 0.128639 0.587545 0.129316 0.588448 0.133378 0.588448 0.134056 0.587545 0.134733 0.587545 0.135410 0.586643 0.136087 0.586643 0.136764 0.585740 0.136764 0.583935 0.137441 0.583032 0.137441 0.580325 0.138118 0.579422 0.138118 0.578520 0.139472 0.576715 0.139472 0.575812 0.140826 0.574007 0.140826 0.573105 0.143534 0.569495 0.143534 0.568592 0.145565 0.565884 0.145565 0.564982 0.146242 0.564079 0.146919 0.564079 0.147596 0.563177 0.147596 0.562274 0.148951 0.560469 0.148951 0.559567 0.150982 0.556859 0.150982 0.555957 0.151659 0.555054 0.151659 0.554152 0.153013 0.552347 0.153013 0.551444 0.153690 0.550542 0.154367 0.550542 0.156398 0.553249 0.156398 0.554152 0.157752 0.555957 0.157752 0.556859 0.158429 0.557762 0.158429 0.559567 0.159106 0.560469 0.159106 0.563177 0.159783 0.564079 0.159783 0.565884 0.160460 0.566787 0.160460 0.569495 0.161137 0.570397 0.161137 0.574910 0.161814 0.575812 0.161814 0.583935 0.162492 0.584838 0.162492 0.585740 0.163169 0.586643 0.163846 0.586643 0.164523 0.587545 0.165200 0.586643 0.169262 0.586643 0.170616 0.584838 0.170616 0.583935 0.171293 0.583032 0.171293 0.575812 0.171970 0.574910 0.171970 0.573105 0.171293 0.572202 0.171293 0.553249 0.170616 0.552347 0.170616 0.543321 0.169939 0.542419 0.169939 0.537004 0.170616 0.536101 0.169939 0.535199 0.169939 0.528881 0.169262 0.527978 0.169262 0.524368 0.167231 0.521661 0.167231 0.520758 0.167908 0.519856 0.167908 0.518953 0.168585 0.518051 0.168585 0.517148 0.169939 0.515343 0.169939 0.510830 0.170616 0.509928 0.170616 0.507220 0.171293 0.506318 0.171293 0.505415 0.171970 0.504513 0.172647 0.504513 0.172647 0.502708 0.171970 0.502708 0.171293 0.501805 0.171293 0.498195 0.170616 0.497292 0.170616 0.496390 0.169939 0.495487 0.169939 0.494585 0.168585 0.492780 0.168585 0.491877 0.167908 0.490975 0.167908 0.490072 0.167231 0.489170 0.167231 0.479242 0.167908 0.478339 0.167908 0.475632 0.168585 0.474729 0.168585 0.473827 0.169939 0.472022 0.169939 0.471119 0.170616 0.470217 0.169939 0.469314 0.169262 0.469314 0.168585 0.468412 0.167908 0.468412 0.166554 0.466606 0.166554 0.465704 0.165200 0.463899 0.165200 0.462996 0.164523 0.462094 0.163846 0.462094 0.162492 0.460289 0.161814 0.460289 0.161137 0.459386
0 0.463101 0.472924 0.462424 0.473827 0.461747 0.473827 0.459039 0.477437 0.459039 0.479242 0.458362 0.480144 0.459039 0.481047 0.459039 0.483755 0.459716 0.484657 0.459716 0.489170 0.459039 0.490072 0.459039 0.490975 0.458362 0.491877 0.458362 0.492780 0.457007 0.494585 0.457007 0.495487 0.456330 0.496390 0.456330 0.497292 0.455653 0.498195 0.455653 0.514440 0.454976 0.515343 0.454976 0.519856 0.454299 0.520758 0.454299 0.524368 0.453622 0.525271 0.453622 0.528881 0.452945 0.529783 0.452945 0.532491 0.453622 0.533394 0.453622 0.534296 0.454299 0.535199 0.454299 0.537004 0.454976 0.537906 0.454976 0.538809 0.455653 0.539711 0.455653 0.543321 0.456330 0.544224 0.456330 0.550542 0.455653 0.551444 0.455653 0.552347 0.454976 0.553249 0.454976 0.554152 0.452268 0.557762 0.452268 0.558664 0.450914 0.560469 0.450914 0.561372 0.448883 0.564079 0.448883 0.567690 0.449560 0.568592 0.449560 0.569495 0.450914 0.571300 0.450914 0.572202 0.451591 0.573105 0.451591 0.574007 0.452268 0.574910 0.452268 0.575812 0.452945 0.576715 0.454976 0.576715 0.455653 0.575812 0.456330 0.575812 0.456330 0.574910 0.457007 0.574007 0.457007 0.573105 0.457684 0.572202 0.457684 0.564982 0.458362 0.564079 0.458362 0.563177 0.459716 0.561372 0.459716 0.555054 0.460393 0.554152 0.460393 0.550542 0.461070 0.549639 0.461070 0.546931 0.461747 0.546029 0.461747 0.545126 0.463101 0.543321 0.463101 0.542419 0.463778 0.541516 0.463778 0.540614 0.464455 0.539711 0.464455 0.538809 0.466486 0.536101 0.467163 0.536101 0.467840 0.535199 0.473257 0.535199 0.473934 0.536101 0.474611 0.536101 0.477319 0.539711 0.479350 0.539711 0.480027 0.540614 0.480704 0.539711 0.480704 0.533394 0.481381 0.532491 0.481381 0.508123 0.482058 0.507220 0.482058 0.505415 0.484089 0.502708 0.485443 0.502708 0.486121 0.501805 0.487475 0.501805 0.488152 0.500903 0.488829 0.500903 0.490183 0.499097 0.490860 0.499097 0.491537 0.498195 0.492214 0.498195 0.494922 0.494585 0.494922 0.493682 0.494245 0.492780 0.494245 0.490975 0.492214 0.488267 0.491537 0.488267 0.490860 0.487365 0.490183 0.488267 0.486121 0.488267 0.485443 0.487365 0.483412 0.487365 0.482735 0.486462 0.479350 0.486462 0.478673 0.485560 0.477319 0.485560 0.476642 0.484657 0.475965 0.484657 0.473257 0.481047 0.473257 0.480144 0.471903 0.478339 0.471903 0.477437 0.470548 0.475632 0.469871 0.475632 0.468517 0.473827 0.467163 0.473827 0.466486 0.472924
1 0.156398 0.459386 0.155721 0.460289 0.154367 0.460289 0.153690 0.461191 0.153013 0.461191 0.151659 0.462996 0.150982 0.462996 0.150982 0.463899 0.150305 0.464801 0.150305 0.465704 0.149628 0.466606 0.149628 0.472022 0.148951 0.472924 0.148951 0.473827 0.150982 0.476534 0.151659 0.476534 0.152336 0.475632 0.154367 0.475632 0.155044 0.474729 0.155721 0.474729 0.156398 0.473827 0.166554 0.473827 0.167231 0.472924 0.168585 0.472924 0.169262 0.472022 0.169939 0.472022 0.171293 0.470217 0.170616 0.469314 0.169939 0.469314 0.169262 0.468412 0.168585 0.468412 0.165200 0.463899 0.165200 0.462996 0.163846 0.461191 0.163169 0.461191 0.162492 0.460289 0.161814 0.460289 0.161137 0.459386
1 0.463101 0.472924 0.462424 0.473827 0.461747 0.473827 0.461070 0.474729 0.460393 0.474729 0.459039 0.476534 0.459039 0.477437 0.458362 0.478339 0.458362 0.483755 0.459716 0.485560 0.460393 0.485560 0.461747 0.483755 0.462424 0.483755 0.463778 0.481949 0.464455 0.481949 0.465132 0.481047 0.468517 0.481047 0.469194 0.481949 0.471903 0.481949 0.472580 0.481047 0.472580 0.479242 0.471903 0.478339 0.471903 0.477437 0.469871 0.474729 0.469194 0.474729 0.468517 0.473827 0.467840 0.473827 0.467163 0.472924
1 0.467163 0.535199 0.466486 0.536101 0.465809 0.536101 0.465132 0.537004 0.465132 0.538809 0.464455 0.539711 0.464455 0.540614 0.463778 0.541516 0.463778 0.542419 0.463101 0.543321 0.463101 0.544224 0.461747 0.546029 0.461747 0.546931 0.459716 0.549639 0.459716 0.551444 0.459039 0.552347 0.459039 0.554152 0.459716 0.555054 0.459716 0.555957 0.460393 0.556859 0.460393 0.558664 0.461070 0.559567 0.461070 0.561372 0.461747 0.562274 0.461747 0.564982 0.463101 0.566787 0.463101 0.567690 0.465132 0.570397 0.465809 0.570397 0.467163 0.572202 0.469194 0.572202 0.469871 0.573105 0.471903 0.573105 0.472580 0.574007 0.477319 0.574007 0.478673 0.572202 0.478673 0.571300 0.479350 0.570397 0.479350 0.569495 0.480027 0.568592 0.480027 0.567690 0.480704 0.566787 0.480704 0.560469 0.481381 0.559567 0.481381 0.554152 0.482058 0.553249 0.482058 0.551444 0.482735 0.550542 0.482735 0.549639 0.481381 0.547834 0.481381 0.546029 0.480704 0.545126 0.480704 0.544224 0.480027 0.543321 0.480027 0.542419 0.479350 0.541516 0.479350 0.540614 0.478673 0.539711 0.478673 0.538809 0.477996 0.537906 0.477319 0.537906 0.475965 0.536101 0.475288 0.536101 0.474611 0.535199
1 0.733243 0.520758 0.732566 0.521661 0.731889 0.521661 0.729858 0.524368 0.729858 0.526173 0.731212 0.527978 0.731889 0.527978 0.732566 0.528881 0.733243 0.528881 0.733920 0.529783 0.734597 0.529783 0.735951 0.531588 0.736628 0.531588 0.737305 0.532491 0.737982 0.532491 0.738659 0.531588 0.740014 0.531588 0.741368 0.529783 0.741368 0.525271 0.740691 0.524368 0.740691 0.522563 0.740014 0.521661 0.739336 0.521661 0.738659 0.520758
1 0.299932 0.475632 0.299255 0.476534 0.297901 0.476534 0.297224 0.477437 0.296547 0.477437 0.291131 0.484657 0.291131 0.485560 0.290454 0.486462 0.289777 0.486462 0.289100 0.487365 0.289100 0.488267 0.287745 0.490072 0.287745 0.494585 0.288422 0.495487 0.288422 0.496390 0.290454 0.499097 0.291808 0.499097 0.292485 0.500000 0.293839 0.500000 0.294516 0.500903 0.295193 0.500903 0.295870 0.501805 0.303995 0.501805 0.306026 0.499097 0.306703 0.499097 0.306703 0.487365 0.306026 0.486462 0.306026 0.483755 0.305349 0.482852 0.305349 0.481047 0.304672 0.480144 0.304672 0.479242 0.302640 0.476534 0.301286 0.476534 0.300609 0.475632
1 0.435342 0.468412 0.434665 0.469314 0.433311 0.469314 0.431957 0.471119 0.430603 0.471119 0.429926 0.472022 0.427894 0.472022 0.427217 0.472924 0.425186 0.472924 0.424509 0.473827 0.424509 0.475632 0.423832 0.476534 0.424509 0.477437 0.424509 0.478339 0.425186 0.479242 0.425863 0.479242 0.427217 0.481047 0.427894 0.481047 0.429248 0.482852 0.429926 0.482852 0.431280 0.484657 0.432634 0.484657 0.433311 0.485560 0.434665 0.485560 0.435342 0.486462 0.436019 0.486462 0.436696 0.487365 0.437373 0.487365 0.438050 0.488267 0.440758 0.488267 0.441435 0.487365 0.441435 0.479242 0.440758 0.478339 0.440758 0.475632 0.441435 0.474729 0.441435 0.472924 0.440758 0.472022 0.440758 0.471119 0.439404 0.469314 0.436696 0.469314 0.436019 0.468412
1 0.469871 0.534296 0.469194 0.535199 0.466486 0.535199 0.465132 0.537004 0.465132 0.538809 0.464455 0.539711 0.464455 0.540614 0.463778 0.541516 0.463778 0.542419 0.463101 0.543321 0.463101 0.544224 0.462424 0.545126 0.462424 0.546931 0.461747 0.547834 0.461747 0.550542 0.462424 0.550542 0.463101 0.551444 0.465132 0.551444 0.465809 0.552347 0.474611 0.552347 0.475288 0.551444 0.476642 0.551444 0.477319 0.550542 0.477996 0.550542 0.478673 0.549639 0.479350 0.549639 0.480027 0.548736 0.480704 0.548736 0.480704 0.543321 0.480027 0.542419 0.480027 0.541516 0.479350 0.540614 0.479350 0.539711 0.477319 0.537004 0.476642 0.537004 0.475288 0.535199 0.473934 0.535199 0.473257 0.534296
1 0.694651 0.525271 0.693974 0.526173 0.693297 0.526173 0.692620 0.527076 0.691943 0.527076 0.691943 0.527978 0.690589 0.529783 0.690589 0.530686 0.689235 0.532491 0.689235 0.536101 0.689912 0.536101 0.690589 0.537004 0.691266 0.537004 0.691943 0.537906 0.692620 0.537906 0.693297 0.537004 0.693974 0.537004 0.694651 0.536101 0.695328 0.536101 0.696005 0.535199 0.697360 0.535199 0.698037 0.534296 0.699391 0.534296 0.700068 0.533394 0.700745 0.533394 0.701422 0.532491 0.701422 0.531588 0.700745 0.530686 0.700745 0.528881 0.699391 0.527076 0.698714 0.527076 0.698037 0.526173 0.697360 0.526173 0.696682 0.525271
1 0.507786 0.461191 0.507109 0.462094 0.505078 0.462094 0.504401 0.462996 0.503724 0.462996 0.500339 0.467509 0.500339 0.468412 0.499661 0.469314 0.499661 0.470217 0.501693 0.472924 0.505078 0.472924 0.505755 0.472022 0.507109 0.472022 0.507786 0.471119 0.512525 0.471119 0.513202 0.470217 0.514557 0.470217 0.515234 0.469314 0.515234 0.468412 0.515911 0.467509 0.515911 0.466606 0.515234 0.465704 0.514557 0.465704 0.513202 0.463899 0.512525 0.463899 0.511848 0.462996 0.510494 0.462996 0.509817 0.462094 0.509140 0.462094 0.508463 0.461191
2 0.296547 0.601986 0.295870 0.602888 0.292485 0.602888 0.291808 0.603791 0.288422 0.603791 0.287745 0.604693 0.285714 0.604693 0.285037 0.605596 0.285037 0.609206 0.285714 0.610108 0.287068 0.610108 0.287745 0.611011 0.291131 0.611011 0.291808 0.611913 0.299255 0.611913 0.299932 0.611011 0.305349 0.611011 0.306703 0.609206 0.305349 0.607401 0.305349 0.606498 0.303995 0.604693 0.303318 0.604693 0.302640 0.603791 0.299932 0.603791 0.299255 0.602888 0.297224 0.602888
2 0.129993 0.577617 0.129316 0.578520 0.128639 0.578520 0.127962 0.579422 0.127962 0.583032 0.127285 0.583935 0.127285 0.584838 0.127962 0.585740 0.127962 0.587545 0.128639 0.588448 0.134733 0.588448 0.135410 0.587545 0.136087 0.587545 0.136087 0.586643 0.136764 0.585740 0.136764 0.580325 0.134056 0.580325 0.133378 0.579422 0.132701 0.579422 0.132024 0.578520 0.130670 0.578520
2 0.291131 0.588448 0.290454 0.589350 0.289100 0.589350 0.288422 0.590253 0.287745 0.590253 0.287068 0.591155 0.287068 0.592058 0.285714 0.593863 0.285714 0.595668 0.285037 0.596570 0.285037 0.601083 0.284360 0.601986 0.285037 0.602888 0.285037 0.606498 0.285714 0.607401 0.285714 0.608303 0.292485 0.608303 0.293839 0.606498 0.293839 0.605596 0.295870 0.602888 0.295870 0.601986 0.296547 0.601083 0.296547 0.600181 0.297224 0.599278 0.297224 0.596570 0.297901 0.595668 0.297901 0.590253 0.296547 0.588448
2 0.404198 0.570397 0.404198 0.571300 0.403521 0.572202 0.403521 0.573105 0.402844 0.574007 0.402844 0.574910 0.402167 0.575812 0.402167 0.578520 0.403521 0.580325 0.404875 0.580325 0.406906 0.577617 0.407583 0.577617 0.407583 0.576715 0.409614 0.574007 0.410291 0.574007 0.409614 0.573105 0.409614 0.572202 0.408260 0.570397
2 0.257955 0.591155 0.257278 0.592058 0.256601 0.592058 0.255247 0.593863 0.255247 0.595668 0.254570 0.596570 0.254570 0.601083 0.255247 0.601986 0.255247 0.602888 0.262018 0.602888 0.262695 0.601986 0.264049 0.601986 0.264049 0.601083 0.264726 0.600181 0.264726 0.598375 0.265403 0.597473 0.265403 0.594765 0.264049 0.592960 0.262695 0.592960 0.262018 0.592058 0.260664 0.592058 0.259986 0.591155
2 0.164523 0.581227 0.163846 0.582130 0.163169 0.582130 0.162492 0.583032 0.162492 0.583935 0.161814 0.584838 0.162492 0.585740 0.162492 0.587545 0.169262 0.587545 0.171293 0.584838 0.171293 0.583935 0.170616 0.583032 0.170616 0.582130 0.168585 0.582130 0.167908 0.581227
2 0.431280 0.569495 0.430603 0.570397 0.429926 0.570397 0.429926 0.574007 0.430603 0.574007 0.431280 0.574910 0.432634 0.574910 0.433311 0.575812 0.434665 0.575812 0.435342 0.576715 0.440081 0.576715 0.442112 0.574007 0.441435 0.573105 0.441435 0.572202 0.440081 0.570397 0.439404 0.570397 0.438727 0.569495
2 0.490183 0.589350 0.486798 0.593863 0.486798 0.594765 0.484089 0.598375 0.484766 0.599278 0.484766 0.600181 0.485443 0.600181 0.486121 0.601083 0.486798 0.601083 0.487475 0.601986 0.488152 0.601986 0.488829 0.601083 0.491537 0.601083 0.492214 0.600181 0.492891 0.600181 0.494245 0.598375 0.494245 0.596570 0.494922 0.595668 0.494922 0.594765 0.494245 0.593863 0.494245 0.592058 0.493568 0.591155 0.492891 0.591155 0.491537 0.589350
2 0.482058 0.584838 0.481381 0.585740 0.480704 0.585740 0.480027 0.586643 0.480027 0.587545 0.473257 0.596570 0.473257 0.599278 0.473934 0.600181 0.477996 0.600181 0.478673 0.599278 0.482058 0.599278 0.482735 0.598375 0.488152 0.598375 0.489506 0.596570 0.490183 0.596570 0.490860 0.595668 0.490860 0.593863 0.490183 0.592960 0.490183 0.592058 0.488829 0.590253 0.488152 0.590253 0.486798 0.588448 0.486798 0.587545 0.485443 0.585740 0.484766 0.585740 0.484089 0.584838
2 0.455653 0.578520 0.454299 0.580325 0.454299 0.586643 0.454976 0.587545 0.454976 0.589350 0.457007 0.592058 0.457007 0.592960 0.459039 0.595668 0.463778 0.595668 0.464455 0.594765 0.464455 0.593863 0.465132 0.592960 0.465132 0.591155 0.464455 0.590253 0.464455 0.588448 0.463778 0.587545 0.463778 0.585740 0.462424 0.583935 0.462424 0.583032 0.461070 0.581227 0.461070 0.580325 0.460393 0.579422 0.459716 0.579422 0.459039 0.578520
2 0.511171 0.567690 0.509817 0.569495 0.509140 0.569495 0.508463 0.570397 0.507786 0.570397 0.507109 0.569495 0.505078 0.569495 0.503047 0.572202 0.503047 0.573105 0.502370 0.574007 0.502370 0.574910 0.503047 0.575812 0.503724 0.575812 0.504401 0.576715 0.511848 0.576715 0.512525 0.575812 0.512525 0.570397 0.511848 0.569495 0.511848 0.567690