0 0.332431 0.475632 0.331754 0.476534 0.331077 0.476534 0.329045 0.479242 0.328368 0.479242 0.327691 0.480144 0.326337 0.480144 0.325660 0.481047 0.325660 0.481949 0.324983 0.482852 0.324983 0.489170 0.325660 0.490072 0.325660 0.491877 0.327014 0.493682 0.327691 0.493682 0.331077 0.498195 0.331077 0.499097 0.331754 0.500000 0.331754 0.500903 0.334462 0.504513 0.335816 0.504513 0.336493 0.505415 0.339878 0.505415 0.340555 0.504513 0.341909 0.504513 0.342586 0.503610 0.342586 0.501805 0.343263 0.500903 0.343940 0.500903 0.344617 0.500000 0.345295 0.500000 0.347326 0.497292 0.347326 0.495487 0.348003 0.494585 0.348003 0.484657 0.347326 0.483755 0.347326 0.481047 0.345972 0.479242 0.344617 0.479242 0.343940 0.478339 0.343263 0.478339 0.342586 0.477437 0.341909 0.477437 0.341232 0.476534 0.340555 0.476534 0.339878 0.475632
0 0.303318 0.519856 0.301286 0.522563 0.301963 0.523466 0.301963 0.525271 0.302640 0.526173 0.306026 0.526173 0.306703 0.527076 0.307380 0.527076 0.308057 0.526173 0.310765 0.526173 0.311442 0.525271 0.311442 0.522563 0.310765 0.521661 0.310088 0.521661 0.309411 0.520758 0.306026 0.520758 0.305349 0.519856
0 0.306703 0.475632 0.306026 0.476534 0.302640 0.476534 0.300609 0.479242 0.300609 0.480144 0.299932 0.481047 0.299932 0.483755 0.297224 0.487365 0.296547 0.487365 0.295193 0.489170 0.294516 0.489170 0.293839 0.490072 0.293162 0.490072 0.289777 0.494585 0.289777 0.495487 0.289100 0.496390 0.289100 0.501805 0.290454 0.503610 0.291131 0.503610 0.291808 0.504513 0.293839 0.504513 0.294516 0.503610 0.295870 0.503610 0.296547 0.502708 0.299255 0.502708 0.299932 0.503610 0.301963 0.503610 0.305349 0.508123 0.305349 0.509025 0.306026 0.509025 0.306703 0.509928 0.310088 0.509928 0.310765 0.510830 0.311442 0.510830 0.312119 0.511733 0.313473 0.511733 0.314150 0.512635 0.317536 0.512635 0.318213 0.511733 0.318213 0.507220 0.317536 0.506318 0.317536 0.505415 0.316858 0.504513 0.316858 0.503610 0.316181 0.502708 0.316181 0.501805 0.315504 0.500903 0.315504 0.499097 0.314827 0.498195 0.314827 0.497292 0.313473 0.495487 0.313473 0.482852 0.308734 0.476534 0.307380 0.476534
0 0.689235 0.518051 0.688558 0.518953 0.687204 0.518953 0.685850 0.520758 0.685173 0.520758 0.682464 0.524368 0.682464 0.525271 0.681787 0.526173 0.681110 0.526173 0.679756 0.527978 0.679756 0.529783 0.679079 0.530686 0.679079 0.531588 0.678402 0.532491 0.678402 0.533394 0.677725 0.534296 0.677725 0.537004 0.677048 0.537906 0.677048 0.542419 0.676371 0.543321 0.676371 0.546931 0.675694 0.547834 0.675694 0.550542 0.675017 0.551444 0.675017 0.563177 0.674340 0.564079 0.674340 0.588448 0.675017 0.589350 0.675017 0.590253 0.675694 0.591155 0.675694 0.592058 0.677725 0.594765 0.677725 0.597473 0.678402 0.598375 0.678402 0.599278 0.679079 0.600181 0.679756 0.600181 0.680433 0.601083 0.681787 0.601083 0.682464 0.601986 0.685850 0.601986 0.686527 0.601083 0.687204 0.601083 0.688558 0.599278 0.688558 0.598375 0.689235 0.597473 0.689235 0.594765 0.688558 0.593863 0.688558 0.580325 0.689235 0.579422 0.689235 0.577617 0.691266 0.574910 0.691943 0.574910 0.693297 0.573105 0.693974 0.573105 0.694651 0.572202 0.695328 0.572202 0.696005 0.571300 0.696682 0.571300 0.698037 0.569495 0.698714 0.569495 0.699391 0.568592 0.700068 0.569495 0.702099 0.569495 0.703453 0.571300 0.703453 0.572202 0.704130 0.573105 0.704130 0.581227 0.702776 0.583032 0.702776 0.583935 0.702099 0.584838 0.702099 0.592960 0.701422 0.593863 0.701422 0.601083 0.700745 0.601986 0.700745 0.602888 0.701422 0.603791 0.701422 0.606498 0.702099 0.606498 0.702776 0.607401 0.704807 0.607401 0.705484 0.608303 0.706161 0.608303 0.706838 0.607401 0.708192 0.607401 0.708869 0.606498 0.709546 0.606498 0.709546 0.605596 0.712255 0.601986 0.712255 0.601083 0.714963 0.597473 0.714963 0.596570 0.716994 0.593863 0.716994 0.592960 0.717671 0.592058 0.717671 0.591155 0.718348 0.590253 0.718348 0.589350 0.719025 0.588448 0.719025 0.581227 0.718348 0.580325 0.718348 0.578520 0.717671 0.577617 0.717671 0.575812 0.716994 0.574910 0.716994 0.572202 0.716317 0.571300 0.716994 0.570397 0.716994 0.569495 0.721733 0.563177 0.721733 0.562274 0.722410 0.561372 0.722410 0.559567 0.723087 0.558664 0.723087 0.555054 0.723764 0.554152 0.723764 0.553249 0.723087 0.552347 0.723087 0.549639 0.722410 0.548736 0.722410 0.546029 0.721733 0.545126 0.721733 0.544224 0.721056 0.543321 0.721056 0.542419 0.715640 0.535199 0.715640 0.532491 0.714963 0.531588 0.714963 0.529783 0.714286 0.528881 0.714286 0.527076 0.713609 0.526173 0.713609 0.525271 0.710223 0.520758 0.709546 0.520758 0.708869 0.519856 0.707515 0.519856 0.706838 0.518953 0.704807 0.518953 0.704130 0.518051 0.701422 0.518051 0.700745 0.518953 0.693297 0.518953 0.692620 0.518051
0 0.350711 0.473827 0.350034 0.474729 0.348680 0.474729 0.347326 0.476534 0.347326 0.478339 0.346649 0.479242 0.346649 0.481047 0.347326 0.481949 0.347326 0.485560 0.348003 0.486462 0.348003 0.492780 0.347326 0.493682 0.347326 0.494585 0.348003 0.495487 0.348003 0.497292 0.348680 0.498195 0.350711 0.498195 0.351388 0.499097 0.360190 0.499097 0.360867 0.498195 0.361544 0.498195 0.361544 0.497292 0.362221 0.496390 0.362221 0.492780 0.362898 0.491877 0.362898 0.485560 0.362221 0.484657 0.362221 0.483755 0.359513 0.480144 0.358835 0.480144 0.354773 0.474729 0.353419 0.474729 0.352742 0.473827
0 0.014218 0.410650 0.012864 0.412455 0.012187 0.412455 0.012187 0.413357 0.011510 0.414260 0.011510 0.415162 0.010833 0.416065 0.010833 0.418773 0.010156 0.419675 0.010156 0.422383 0.008802 0.424188 0.008802 0.425090 0.008125 0.425993 0.007448 0.425993 0.006093 0.427798 0.005416 0.427798 0.004062 0.429603 0.004062 0.430505 0.003385 0.431408 0.003385 0.432310 0.002708 0.433213 0.002708 0.435921 0.002031 0.436823 0.002031 0.446751 0.001354 0.447653 0.000000 0.447653 0.000000 0.449458 0.001354 0.449458 0.002031 0.450361 0.002031 0.470217 0.002708 0.471119 0.002708 0.496390 0.002031 0.497292 0.002031 0.498195 0.002708 0.499097 0.002708 0.504513 0.003385 0.505415 0.003385 0.506318 0.004062 0.507220 0.004062 0.516245 0.004739 0.516245 0.005416 0.517148 0.011510 0.517148 0.012187 0.516245 0.012864 0.516245 0.012864 0.509025 0.012187 0.508123 0.012187 0.507220 0.012864 0.506318 0.012864 0.502708 0.013541 0.501805 0.013541 0.499097 0.014218 0.498195 0.014218 0.497292 0.014895 0.496390 0.014895 0.494585 0.015572 0.493682 0.015572 0.492780 0.016249 0.491877 0.016249 0.490072 0.016926 0.489170 0.016926 0.488267 0.017603 0.487365 0.017603 0.481949 0.018280 0.481047 0.018280 0.474729 0.018957 0.473827 0.018957 0.452166 0.018280 0.451264 0.018280 0.443141 0.017603 0.442238 0.017603 0.438628 0.016926 0.437726 0.016926 0.433213 0.017603 0.432310 0.017603 0.431408 0.018957 0.429603 0.020311 0.429603 0.020988 0.428700 0.021666 0.428700 0.023020 0.426895 0.023020 0.425993 0.023697 0.425090 0.023697 0.422383 0.024374 0.421480 0.024374 0.417870 0.023697 0.416968 0.023697 0.416065 0.023020 0.415162 0.023020 0.413357 0.021666 0.411552 0.020311 0.411552 0.019634 0.410650
0 0.897766 0.510830 0.897089 0.511733 0.896412 0.511733 0.893703 0.515343 0.893703 0.516245 0.893026 0.517148 0.893026 0.518953 0.892349 0.519856 0.892349 0.520758 0.891672 0.521661 0.891672 0.527076 0.890995 0.527978 0.890995 0.534296 0.891672 0.535199 0.891672 0.537906 0.892349 0.538809 0.892349 0.543321 0.891672 0.544224 0.891672 0.546029 0.890995 0.546931 0.890995 0.547834 0.890318 0.548736 0.890318 0.558664 0.890995 0.559567 0.894381 0.559567 0.895735 0.557762 0.896412 0.557762 0.897766 0.555957 0.897766 0.555054 0.898443 0.554152 0.898443 0.552347 0.899120 0.551444 0.899120 0.547834 0.899797 0.546931 0.899797 0.543321 0.900474 0.542419 0.900474 0.537004 0.901151 0.536101 0.901151 0.524368 0.901828 0.523466 0.901828 0.511733 0.901151 0.510830
0 0.917400 0.499097 0.916723 0.500000 0.916046 0.500000 0.914692 0.501805 0.914692 0.509928 0.914015 0.510830 0.914015 0.515343 0.913338 0.516245 0.913338 0.519856 0.912661 0.520758 0.912661 0.524368 0.911984 0.525271 0.911984 0.530686 0.911307 0.531588 0.911307 0.544224 0.911984 0.545126 0.911984 0.547834 0.912661 0.548736 0.912661 0.549639 0.913338 0.550542 0.913338 0.551444 0.914015 0.552347 0.914692 0.552347 0.917400 0.555957 0.918077 0.555957 0.919431 0.557762 0.920108 0.557762 0.920785 0.558664 0.922817 0.558664 0.923494 0.557762 0.924848 0.557762 0.925525 0.556859 0.925525 0.546029 0.924848 0.545126 0.924848 0.535199 0.924171 0.534296 0.924171 0.531588 0.922817 0.529783 0.922817 0.528881 0.922139 0.527978 0.922139 0.527076 0.921462 0.526173 0.921462 0.524368 0.920785 0.523466 0.920785 0.516245 0.921462 0.515343 0.921462 0.513538 0.922139 0.512635 0.922139 0.506318 0.921462 0.505415 0.921462 0.503610 0.920785 0.502708 0.920785 0.501805 0.919431 0.500000 0.918754 0.500000 0.918077 0.499097
0 0.058903 0.462094 0.058226 0.462996 0.056872 0.462996 0.054841 0.465704 0.052810 0.465704 0.052133 0.466606 0.050779 0.466606 0.050102 0.467509 0.049425 0.467509 0.048747 0.468412 0.048070 0.468412 0.047393 0.469314 0.046716 0.469314 0.044008 0.472924 0.043331 0.472924 0.042654 0.473827 0.041977 0.473827 0.040623 0.475632 0.039946 0.475632 0.037915 0.478339 0.037915 0.479242 0.035884 0.481949 0.035884 0.482852 0.034529 0.484657 0.034529 0.485560 0.033852 0.486462 0.033852 0.487365 0.032498 0.489170 0.032498 0.490072 0.031821 0.490975 0.031821 0.491877 0.031144 0.492780 0.031144 0.494585 0.030467 0.495487 0.030467 0.497292 0.029790 0.498195 0.029790 0.499097 0.030467 0.500000 0.030467 0.501805 0.031144 0.502708 0.031144 0.503610 0.031821 0.504513 0.031821 0.505415 0.032498 0.506318 0.032498 0.508123 0.033175 0.509025 0.033175 0.510830 0.032498 0.511733 0.032498 0.513538 0.031821 0.514440 0.031821 0.515343 0.032498 0.516245 0.032498 0.517148 0.035884 0.517148 0.037915 0.514440 0.037915 0.513538 0.039269 0.511733 0.040623 0.511733 0.041300 0.512635 0.041977 0.512635 0.043331 0.514440 0.044008 0.514440 0.044685 0.515343 0.048747 0.515343 0.049425 0.516245 0.050102 0.516245 0.050779 0.515343 0.052810 0.515343 0.053487 0.514440 0.054164 0.514440 0.054841 0.515343 0.058226 0.515343 0.058903 0.516245 0.060257 0.516245 0.060934 0.517148 0.061611 0.517148 0.062288 0.518051 0.066351 0.518051 0.066351 0.517148 0.067028 0.516245 0.067028 0.515343 0.066351 0.514440 0.066351 0.513538 0.065674 0.512635 0.065674 0.511733 0.064997 0.510830 0.064997 0.509025 0.064320 0.508123 0.064320 0.505415 0.063643 0.504513 0.063643 0.500903 0.064320 0.500000 0.064320 0.496390 0.064997 0.495487 0.064997 0.486462 0.065674 0.485560 0.065674 0.480144 0.064997 0.479242 0.064997 0.474729 0.065674 0.473827 0.065674 0.472022 0.066351 0.471119 0.066351 0.466606 0.063643 0.462996 0.062288 0.462996 0.061611 0.462094
0 0.076506 0.413357 0.075829 0.414260 0.074475 0.414260 0.073798 0.415162 0.073121 0.415162 0.072444 0.416065 0.072444 0.416968 0.071767 0.417870 0.071767 0.419675 0.071090 0.420578 0.071090 0.425090 0.070413 0.425993 0.070413 0.426895 0.069059 0.428700 0.068382 0.428700 0.065674 0.432310 0.065674 0.433213 0.064997 0.434116 0.064997 0.435018 0.064320 0.435921 0.064320 0.437726 0.063643 0.438628 0.063643 0.441336 0.062965 0.442238 0.062965 0.444946 0.062288 0.445848 0.062288 0.451264 0.061611 0.452166 0.061611 0.460289 0.063643 0.462996 0.064320 0.462996 0.067028 0.466606 0.067028 0.467509 0.067705 0.468412 0.067705 0.472924 0.067028 0.473827 0.067028 0.475632 0.066351 0.476534 0.066351 0.490072 0.065674 0.490975 0.065674 0.506318 0.066351 0.507220 0.066351 0.508123 0.067705 0.509928 0.068382 0.509928 0.069059 0.510830 0.081246 0.510830 0.081923 0.509928 0.083277 0.509928 0.083954 0.509025 0.083954 0.493682 0.083277 0.492780 0.083277 0.488267 0.082600 0.487365 0.082600 0.481047 0.081923 0.480144 0.081923 0.474729 0.081246 0.473827 0.081246 0.471119 0.080569 0.470217 0.080569 0.467509 0.079892 0.466606 0.079892 0.457581 0.080569 0.456679 0.080569 0.455776 0.081923 0.453971 0.081923 0.453069 0.083277 0.451264 0.083277 0.450361 0.083954 0.449458 0.083954 0.448556 0.083277 0.447653 0.083277 0.446751 0.082600 0.445848 0.082600 0.444043 0.081923 0.443141 0.081923 0.442238 0.081246 0.441336 0.081246 0.433213 0.081923 0.432310 0.081923 0.431408 0.082600 0.430505 0.082600 0.429603 0.083277 0.428700 0.083277 0.425993 0.083954 0.425090 0.083954 0.423285 0.083277 0.422383 0.083277 0.418773 0.082600 0.417870 0.082600 0.416968 0.080569 0.414260 0.079215 0.414260 0.078538 0.413357
0 0.182126 0.477437 0.181449 0.478339 0.178741 0.478339 0.178064 0.479242 0.177387 0.479242 0.176032 0.481047 0.176032 0.481949 0.175355 0.482852 0.175355 0.484657 0.174678 0.485560 0.174678 0.487365 0.174001 0.488267 0.174001 0.489170 0.171293 0.492780 0.171293 0.495487 0.170616 0.496390 0.170616 0.499097 0.171293 0.500000 0.171293 0.501805 0.170616 0.502708 0.170616 0.505415 0.169939 0.506318 0.169939 0.518051 0.170616 0.518953 0.172647 0.518953 0.173324 0.519856 0.185511 0.519856 0.186188 0.518953 0.188219 0.518953 0.188896 0.518051 0.190928 0.518051 0.191605 0.518953 0.192282 0.518953 0.192959 0.518051 0.188896 0.518051 0.188219 0.517148 0.188219 0.514440 0.187542 0.513538 0.187542 0.511733 0.189573 0.509025 0.190251 0.509025 0.190928 0.508123 0.188219 0.508123 0.187542 0.507220 0.186188 0.507220 0.185511 0.506318 0.184157 0.506318 0.182803 0.504513 0.182126 0.504513 0.181449 0.503610 0.180772 0.503610 0.178741 0.500903 0.179418 0.500000 0.180095 0.500000 0.182126 0.497292 0.182126 0.496390 0.182803 0.495487 0.182803 0.494585 0.185511 0.490975 0.185511 0.490072 0.186188 0.489170 0.186188 0.488267 0.186865 0.487365 0.186865 0.481949 0.186188 0.481047 0.186188 0.480144 0.184834 0.478339 0.182803 0.478339
0 0.312796 0.422383 0.310765 0.425090 0.310765 0.425993 0.310088 0.426895 0.310088 0.428700 0.309411 0.429603 0.309411 0.430505 0.308734 0.431408 0.308734 0.432310 0.306703 0.435018 0.306026 0.435018 0.303318 0.438628 0.303318 0.439531 0.302640 0.440433 0.302640 0.441336 0.301963 0.442238 0.301963 0.443141 0.300609 0.444946 0.300609 0.446751 0.299932 0.447653 0.299932 0.449458 0.301963 0.452166 0.301963 0.453069 0.302640 0.453971 0.302640 0.454874 0.303318 0.455776 0.303318 0.456679 0.303995 0.457581 0.303995 0.458484 0.304672 0.459386 0.304672 0.462094 0.305349 0.462996 0.305349 0.466606 0.306026 0.467509 0.306026 0.469314 0.306703 0.470217 0.306703 0.476534 0.308057 0.476534 0.310088 0.479242 0.310088 0.480144 0.311442 0.481949 0.312119 0.481949 0.313473 0.483755 0.313473 0.485560 0.314150 0.486462 0.314150 0.488267 0.313473 0.489170 0.313473 0.497292 0.314150 0.498195 0.314150 0.499097 0.314827 0.499097 0.315504 0.500000 0.316181 0.500000 0.316858 0.500903 0.317536 0.500903 0.317536 0.500000 0.318213 0.499097 0.318213 0.498195 0.318890 0.497292 0.318890 0.484657 0.320921 0.481949 0.322275 0.481949 0.322952 0.481047 0.322952 0.477437 0.323629 0.476534 0.323629 0.475632 0.324306 0.474729 0.324306 0.472924 0.324983 0.472022 0.324983 0.469314 0.325660 0.468412 0.325660 0.453971 0.324983 0.453069 0.324983 0.450361 0.324306 0.449458 0.324306 0.444946 0.323629 0.444043 0.323629 0.443141 0.322275 0.441336 0.322275 0.440433 0.320921 0.438628 0.320921 0.437726 0.320244 0.436823 0.320244 0.435921 0.319567 0.435018 0.319567 0.431408 0.318890 0.430505 0.318890 0.426895 0.318213 0.425993 0.318213 0.425090 0.316858 0.423285 0.315504 0.423285 0.314827 0.422383
0 0.604604 0.503610 0.603927 0.504513 0.602573 0.504513 0.598510 0.509928 0.598510 0.511733 0.597833 0.512635 0.597833 0.519856 0.598510 0.520758 0.598510 0.524368 0.597833 0.525271 0.597833 0.526173 0.597156 0.527076 0.596479 0.527076 0.595802 0.527978 0.594448 0.527978 0.593094 0.529783 0.592417 0.529783 0.589032 0.534296 0.589032 0.535199 0.587678 0.537004 0.587678 0.537906 0.587001 0.538809 0.587001 0.539711 0.586324 0.540614 0.586324 0.541516 0.584970 0.543321 0.584970 0.544224 0.584292 0.545126 0.584292 0.546029 0.583615 0.546931 0.583615 0.548736 0.582938 0.549639 0.582938 0.550542 0.582261 0.551444 0.582261 0.553249 0.581584 0.554152 0.581584 0.555957 0.580907 0.556859 0.580907 0.570397 0.581584 0.571300 0.581584 0.574007 0.582261 0.574910 0.582261 0.576715 0.584292 0.579422 0.588355 0.579422 0.589032 0.578520 0.593094 0.578520 0.593771 0.577617 0.595802 0.577617 0.596479 0.578520 0.607312 0.578520 0.607989 0.579422 0.615437 0.579422 0.616114 0.578520 0.620853 0.578520 0.621530 0.577617 0.624915 0.577617 0.625592 0.576715 0.626947 0.576715 0.627624 0.575812 0.628978 0.575812 0.629655 0.574910 0.630332 0.574910 0.631686 0.573105 0.631686 0.572202 0.632363 0.571300 0.632363 0.570397 0.634394 0.567690 0.634394 0.564982 0.635071 0.564079 0.635071 0.563177 0.634394 0.562274 0.634394 0.559567 0.633717 0.558664 0.633717 0.557762 0.630332 0.553249 0.630332 0.547834 0.629655 0.546931 0.629655 0.546029 0.628978 0.545126 0.628978 0.544224 0.628301 0.543321 0.628301 0.542419 0.626947 0.540614 0.626947 0.539711 0.626269 0.538809 0.626269 0.537906 0.624915 0.536101 0.624915 0.535199 0.623561 0.533394 0.623561 0.532491 0.618822 0.526173 0.618145 0.526173 0.615437 0.522563 0.615437 0.515343 0.614760 0.514440 0.614760 0.512635 0.614083 0.511733 0.614083 0.510830 0.613406 0.509928 0.613406 0.508123 0.610697 0.504513 0.610020 0.504513 0.609343 0.503610
0 0.861205 0.475632 0.860528 0.476534 0.859174 0.476534 0.852404 0.485560 0.852404 0.486462 0.851726 0.487365 0.851726 0.489170 0.851049 0.490072 0.851049 0.491877 0.850372 0.492780 0.850372 0.494585 0.851049 0.494585 0.851726 0.495487 0.862559 0.495487 0.863236 0.494585 0.865267 0.494585 0.865944 0.493682 0.867299 0.493682 0.867976 0.492780 0.868653 0.492780 0.870007 0.490975 0.870007 0.489170 0.870684 0.488267 0.870684 0.481047 0.870007 0.480144 0.870007 0.479242 0.869330 0.478339 0.868653 0.478339 0.867976 0.477437 0.866622 0.477437 0.865944 0.476534 0.863236 0.476534 0.862559 0.475632
1 0.681787 0.513538 0.681110 0.514440 0.680433 0.514440 0.677725 0.518051 0.677725 0.518953 0.676371 0.520758 0.676371 0.522563 0.675694 0.523466 0.675694 0.528881 0.676371 0.529783 0.676371 0.530686 0.677048 0.531588 0.677048 0.532491 0.678402 0.534296 0.682464 0.528881 0.682464 0.527978 0.683142 0.527076 0.683142 0.526173 0.683819 0.525271 0.683819 0.524368 0.684496 0.523466 0.684496 0.522563 0.688558 0.517148 0.688558 0.516245 0.689235 0.515343 0.688558 0.514440 0.687881 0.514440 0.687204 0.513538
1 0.352065 0.473827 0.351388 0.474729 0.349357 0.474729 0.347326 0.477437 0.347326 0.482852 0.348003 0.483755 0.348003 0.484657 0.348680 0.485560 0.348680 0.486462 0.349357 0.487365 0.350711 0.487365 0.351388 0.488267 0.353419 0.488267 0.354096 0.487365 0.355450 0.487365 0.356127 0.486462 0.356127 0.484657 0.356804 0.483755 0.356804 0.479242 0.356127 0.478339 0.356127 0.477437 0.354773 0.475632 0.354096 0.475632 0.353419 0.474729 0.352742 0.474729
1 0.059580 0.461191 0.058903 0.462094 0.058226 0.462094 0.057549 0.462996 0.056872 0.462996 0.056195 0.463899 0.056195 0.464801 0.055518 0.465704 0.055518 0.466606 0.062965 0.476534 0.064997 0.476534 0.065674 0.475632 0.066351 0.475632 0.067028 0.474729 0.067028 0.471119 0.067705 0.470217 0.067705 0.468412 0.067028 0.467509 0.067028 0.466606 0.066351 0.465704 0.066351 0.464801 0.064997 0.462996 0.064320 0.462996 0.063643 0.462094 0.061611 0.462094 0.060934 0.461191
1 0.302640 0.476534 0.300609 0.479242 0.300609 0.480144 0.299932 0.481047 0.299932 0.483755 0.300609 0.483755 0.301286 0.484657 0.303995 0.484657 0.304672 0.485560 0.305349 0.485560 0.306026 0.486462 0.306703 0.486462 0.308057 0.488267 0.308734 0.488267 0.309411 0.489170 0.310765 0.489170 0.311442 0.488267 0.312119 0.488267 0.312119 0.481949 0.311442 0.481047 0.311442 0.480144 0.309411 0.477437 0.308734 0.477437 0.308057 0.476534
1 0.699391 0.518953 0.698714 0.519856 0.698037 0.519856 0.697360 0.520758 0.696682 0.520758 0.695328 0.522563 0.695328 0.525271 0.694651 0.526173 0.694651 0.529783 0.695328 0.530686 0.695328 0.536101 0.696682 0.537906 0.697360 0.537906 0.698037 0.538809 0.699391 0.538809 0.700068 0.539711 0.706838 0.539711 0.707515 0.538809 0.710223 0.538809 0.710900 0.537906 0.712932 0.537906 0.713609 0.537004 0.714286 0.537004 0.714963 0.536101 0.714963 0.529783 0.714286 0.528881 0.714286 0.527076 0.713609 0.526173 0.713609 0.525271 0.710223 0.520758 0.709546 0.520758 0.708869 0.519856 0.707515 0.519856 0.706838 0.518953
1 0.855112 0.508123 0.854435 0.509025 0.853758 0.509025 0.853081 0.509928 0.852404 0.509928 0.851726 0.510830 0.851726 0.513538 0.851049 0.514440 0.851049 0.515343 0.851726 0.516245 0.851726 0.518953 0.852404 0.519856 0.852404 0.520758 0.853081 0.521661 0.853758 0.521661 0.854435 0.522563 0.856466 0.522563 0.857143 0.523466 0.864590 0.523466 0.865267 0.524368 0.867976 0.524368 0.868653 0.523466 0.869330 0.523466 0.869330 0.514440 0.868653 0.513538 0.868653 0.512635 0.867976 0.511733 0.867976 0.510830 0.867299 0.510830 0.866622 0.509928 0.865944 0.509928 0.865267 0.509025 0.864590 0.509025 0.863913 0.508123
1 0.195667 0.457581 0.194990 0.458484 0.194313 0.458484 0.193636 0.459386 0.193636 0.460289 0.192959 0.461191 0.192959 0.462996 0.192282 0.463899 0.192282 0.467509 0.192959 0.468412 0.194313 0.468412 0.194990 0.469314 0.199052 0.469314 0.201083 0.466606 0.201083 0.463899 0.200406 0.462996 0.200406 0.462094 0.199729 0.461191 0.199729 0.459386 0.199052 0.458484 0.198375 0.458484 0.197698 0.457581
1 0.014218 0.410650 0.013541 0.411552 0.012864 0.411552 0.011510 0.413357 0.011510 0.415162 0.010833 0.416065 0.010833 0.421480 0.011510 0.422383 0.012187 0.422383 0.012864 0.423285 0.014895 0.423285 0.015572 0.424188 0.016249 0.424188 0.017603 0.425993 0.018280 0.425993 0.018957 0.426895 0.023020 0.426895 0.024374 0.425090 0.024374 0.416968 0.023697 0.416065 0.023697 0.414260 0.021666 0.411552 0.020988 0.411552 0.020311 0.410650
1 0.917400 0.498195 0.916723 0.499097 0.916046 0.499097 0.914692 0.500903 0.914692 0.509025 0.915369 0.509928 0.915369 0.511733 0.916046 0.511733 0.916723 0.512635 0.917400 0.512635 0.918077 0.513538 0.918754 0.513538 0.919431 0.512635 0.921462 0.512635 0.921462 0.511733 0.922139 0.510830 0.922139 0.504513 0.921462 0.503610 0.921462 0.502708 0.920785 0.501805 0.920785 0.500903 0.919431 0.499097 0.918754 0.499097 0.918077 0.498195
1 0.603927 0.503610 0.603250 0.504513 0.602573 0.504513 0.601896 0.505415 0.601219 0.505415 0.599188 0.508123 0.599188 0.509025 0.598510 0.509928 0.598510 0.511733 0.597833 0.512635 0.597833 0.518953 0.598510 0.519856 0.598510 0.520758 0.599188 0.521661 0.599188 0.522563 0.599865 0.522563 0.600542 0.523466 0.605281 0.523466 0.605958 0.524368 0.606635 0.524368 0.607312 0.523466 0.613406 0.523466 0.614760 0.521661 0.614760 0.520758 0.615437 0.519856 0.615437 0.514440 0.614760 0.513538 0.614760 0.511733 0.614083 0.510830 0.614083 0.509928 0.613406 0.509025 0.613406 0.508123 0.610020 0.503610
1 0.178741 0.478339 0.177387 0.480144 0.176710 0.480144 0.176710 0.481047 0.176032 0.481949 0.176032 0.484657 0.178064 0.487365 0.178741 0.487365 0.179418 0.488267 0.180772 0.488267 0.181449 0.489170 0.185511 0.489170 0.186188 0.488267 0.186188 0.487365 0.186865 0.486462 0.186865 0.481949 0.186188 0.481047 0.186188 0.480144 0.185511 0.479242 0.184834 0.479242 0.184157 0.478339
1 0.312796 0.422383 0.312119 0.423285 0.311442 0.423285 0.310765 0.424188 0.310765 0.425090 0.310088 0.425993 0.310088 0.430505 0.310765 0.431408 0.311442 0.430505 0.315504 0.430505 0.316181 0.431408 0.316858 0.431408 0.317536 0.432310 0.318890 0.430505 0.318890 0.426895 0.318213 0.425993 0.318213 0.425090 0.317536 0.424188 0.317536 0.423285 0.316858 0.423285 0.316181 0.422383
1 0.041977 0.460289 0.041300 0.461191 0.039269 0.461191 0.038592 0.462094 0.037915 0.462094 0.037238 0.462996 0.037238 0.465704 0.036561 0.466606 0.036561 0.467509 0.037238 0.468412 0.037238 0.470217 0.037915 0.471119 0.037915 0.472022 0.038592 0.472924 0.038592 0.473827 0.039269 0.473827 0.039946 0.474729 0.040623 0.473827 0.042654 0.473827 0.043331 0.472924 0.044008 0.472924 0.046039 0.470217 0.046716 0.470217 0.049425 0.466606 0.048070 0.466606 0.044008 0.461191 0.043331 0.461191 0.042654 0.460289
1 0.075829 0.413357 0.075152 0.414260 0.073798 0.414260 0.071767 0.416968 0.071767 0.418773 0.071090 0.419675 0.071090 0.422383 0.071767 0.423285 0.071767 0.424188 0.072444 0.425090 0.073798 0.425090 0.074475 0.425993 0.075152 0.425090 0.078538 0.425090 0.079215 0.425993 0.082600 0.425993 0.083277 0.425090 0.083954 0.425090 0.083954 0.420578 0.083277 0.419675 0.083277 0.417870 0.081923 0.416065 0.081923 0.415162 0.081246 0.414260 0.079892 0.414260 0.079215 0.413357
1 0.113744 0.469314 0.113067 0.470217 0.112390 0.470217 0.111036 0.472022 0.111036 0.472924 0.110359 0.473827 0.110359 0.476534 0.111036 0.477437 0.111036 0.479242 0.111713 0.480144 0.111713 0.481047 0.113744 0.483755 0.114421 0.483755 0.115098 0.484657 0.119838 0.484657 0.121192 0.482852 0.121192 0.480144 0.121869 0.479242 0.121869 0.476534 0.121192 0.475632 0.121192 0.472924 0.119838 0.471119 0.119838 0.470217 0.118483 0.470217 0.117806 0.469314
1 0.320921 0.481047 0.320244 0.481949 0.320244 0.483755 0.319567 0.484657 0.319567 0.494585 0.320921 0.496390 0.321598 0.496390 0.324306 0.492780 0.324306 0.481949 0.322952 0.481949 0.322275 0.481047
1 0.723087 0.500000 0.722410 0.500903 0.720379 0.500903 0.719702 0.501805 0.719025 0.501805 0.716994 0.504513 0.716317 0.504513 0.716317 0.506318 0.715640 0.507220 0.715640 0.511733 0.716317 0.512635 0.719702 0.512635 0.720379 0.513538 0.721056 0.512635 0.724441 0.512635 0.725118 0.511733 0.725796 0.511733 0.727150 0.509928 0.727150 0.508123 0.727827 0.507220 0.727827 0.505415 0.728504 0.504513 0.728504 0.501805 0.727827 0.500903 0.725796 0.500903 0.725118 0.500000
1 0.563304 0.416065 0.562627 0.416968 0.561950 0.416968 0.560596 0.418773 0.559919 0.418773 0.557888 0.421480 0.557888 0.425090 0.559919 0.427798 0.560596 0.427798 0.563981 0.432310 0.563981 0.433213 0.566012 0.435921 0.566012 0.436823 0.566689 0.437726 0.566689 0.439531 0.567366 0.440433 0.567366 0.442238 0.570752 0.442238 0.572106 0.440433 0.572783 0.440433 0.573460 0.439531 0.573460 0.438628 0.574137 0.437726 0.574137 0.436823 0.574814 0.435921 0.574814 0.435018 0.575491 0.434116 0.575491 0.430505 0.576168 0.429603 0.576168 0.425993 0.575491 0.425090 0.575491 0.422383 0.574814 0.421480 0.574814 0.420578 0.572783 0.417870 0.571429 0.417870 0.570752 0.416968 0.568043 0.416968 0.567366 0.416065
1 0.441435 0.420578 0.440758 0.421480 0.440081 0.421480 0.440081 0.422383 0.439404 0.423285 0.439404 0.424188 0.438727 0.425090 0.438727 0.429603 0.439404 0.430505 0.442789 0.430505 0.443466 0.429603 0.444144 0.429603 0.446175 0.426895 0.446175 0.425993 0.446852 0.425090 0.446852 0.424188 0.446175 0.423285 0.446175 0.421480 0.445498 0.421480 0.444821 0.420578
1 0.706161 0.495487 0.705484 0.496390 0.704130 0.496390 0.703453 0.497292 0.702776 0.497292 0.702776 0.500000 0.702099 0.500903 0.702099 0.501805 0.702776 0.502708 0.704130 0.502708 0.704807 0.503610 0.709546 0.503610 0.710900 0.501805 0.710900 0.498195 0.709546 0.496390 0.708192 0.496390 0.707515 0.495487
2 0.007448 0.509025 0.006770 0.509928 0.006093 0.509928 0.005416 0.510830 0.004739 0.510830 0.004739 0.511733 0.004062 0.512635 0.004062 0.514440 0.003385 0.515343 0.004062 0.516245 0.004062 0.517148 0.004739 0.518051 0.011510 0.518051 0.012187 0.517148 0.012864 0.517148 0.012864 0.516245 0.013541 0.515343 0.013541 0.514440 0.012864 0.513538 0.012864 0.511733 0.012187 0.510830 0.012187 0.509928 0.010833 0.509928 0.010156 0.509025
2 0.034529 0.509025 0.033852 0.509928 0.033175 0.509928 0.033175 0.510830 0.032498 0.511733 0.032498 0.512635 0.031821 0.513538 0.031821 0.514440 0.031144 0.515343 0.031144 0.516245 0.031821 0.517148 0.031821 0.518051 0.035884 0.518051 0.037238 0.516245 0.037238 0.510830 0.035884 0.509025
2 0.302640 0.520758 0.301963 0.521661 0.301286 0.521661 0.300609 0.522563 0.300609 0.526173 0.301286 0.527076 0.301963 0.527076 0.302640 0.527978 0.310765 0.527978 0.312119 0.526173 0.312796 0.526173 0.312796 0.525271 0.312119 0.524368 0.312119 0.522563 0.311442 0.521661 0.310088 0.521661 0.309411 0.520758
2 0.702099 0.603791 0.701422 0.604693 0.700745 0.604693 0.700068 0.605596 0.700068 0.610108 0.700745 0.611011 0.702099 0.611011 0.702776 0.611913 0.703453 0.611913 0.704130 0.611011 0.709546 0.611011 0.710223 0.610108 0.710223 0.606498 0.708869 0.604693 0.706838 0.604693 0.706161 0.603791
2 0.549763 0.584838 0.549763 0.585740 0.549086 0.586643 0.549086 0.595668 0.549763 0.596570 0.549763 0.598375 0.550440 0.599278 0.553825 0.599278 0.554502 0.598375 0.555179 0.598375 0.555179 0.597473 0.555856 0.596570 0.555856 0.588448 0.555179 0.587545 0.555179 0.586643 0.553825 0.584838
2 0.081246 0.506318 0.080569 0.507220 0.077861 0.507220 0.077183 0.508123 0.074475 0.508123 0.073798 0.509025 0.073798 0.509928 0.073121 0.510830 0.073121 0.511733 0.079892 0.511733 0.080569 0.512635 0.083277 0.512635 0.083954 0.511733 0.085308 0.511733 0.085308 0.508123 0.084631 0.507220 0.082600 0.507220 0.081923 0.506318