0 0.334462 0.521661 0.333785 0.522563 0.333108 0.522563 0.332431 0.523466 0.331754 0.523466 0.328368 0.527978 0.327014 0.527978 0.326337 0.528881 0.324983 0.528881 0.322952 0.531588 0.322952 0.532491 0.322275 0.533394 0.322275 0.539711 0.320921 0.541516 0.320921 0.542419 0.316858 0.547834 0.316858 0.548736 0.314150 0.552347 0.314150 0.553249 0.312119 0.555957 0.312119 0.556859 0.311442 0.557762 0.311442 0.558664 0.310765 0.559567 0.310765 0.560469 0.306026 0.566787 0.306026 0.567690 0.304672 0.569495 0.304672 0.570397 0.302640 0.573105 0.302640 0.574910 0.301963 0.575812 0.301963 0.578520 0.302640 0.579422 0.302640 0.581227 0.303318 0.582130 0.303318 0.584838 0.303995 0.585740 0.303995 0.586643 0.304672 0.587545 0.304672 0.589350 0.305349 0.590253 0.305349 0.592960 0.306026 0.593863 0.306026 0.595668 0.306703 0.596570 0.306703 0.599278 0.307380 0.600181 0.307380 0.601083 0.308734 0.602888 0.308734 0.603791 0.309411 0.604693 0.309411 0.605596 0.312119 0.609206 0.312119 0.614621 0.312796 0.615523 0.312796 0.621841 0.313473 0.622744 0.313473 0.633574 0.314150 0.634477 0.314150 0.658845 0.314827 0.659747 0.314827 0.665162 0.315504 0.666065 0.315504 0.669675 0.316181 0.670578 0.316181 0.674188 0.316858 0.675090 0.316858 0.678700 0.317536 0.679603 0.317536 0.681408 0.318213 0.682310 0.318213 0.683213 0.319567 0.685018 0.319567 0.685921 0.320921 0.687726 0.322275 0.687726 0.322952 0.688628 0.324983 0.688628 0.326337 0.686823 0.327014 0.686823 0.328368 0.685018 0.328368 0.681408 0.327014 0.679603 0.327014 0.677798 0.326337 0.676895 0.326337 0.673285 0.325660 0.672383 0.325660 0.663357 0.324983 0.662455 0.324983 0.648014 0.324306 0.647112 0.324983 0.646209 0.324983 0.641697 0.324306 0.640794 0.324983 0.639892 0.324983 0.635379 0.325660 0.634477 0.325660 0.631769 0.326337 0.630866 0.326337 0.629061 0.327014 0.628159 0.327014 0.625451 0.329045 0.622744 0.331754 0.622744 0.333785 0.625451 0.333785 0.626354 0.335816 0.629061 0.335816 0.629964 0.337170 0.631769 0.337170 0.632671 0.337847 0.633574 0.337847 0.634477 0.338524 0.635379 0.338524 0.638087 0.339201 0.638989 0.339201 0.642599 0.338524 0.643502 0.338524 0.646209 0.337847 0.647112 0.337847 0.651625 0.337170 0.652527 0.337170 0.672383 0.337847 0.673285 0.337847 0.679603 0.337170 0.680505 0.337170 0.683213 0.336493 0.684116 0.336493 0.686823 0.335816 0.687726 0.335816 0.688628 0.336493 0.689531 0.337170 0.689531 0.337847 0.690433 0.340555 0.690433 0.341232 0.689531 0.342586 0.689531 0.343940 0.687726 0.344617 0.687726 0.346649 0.685018 0.346649 0.679603 0.345972 0.678700 0.345972 0.671480 0.346649 0.670578 0.346649 0.664260 0.347326 0.663357 0.347326 0.659747 0.348003 0.658845 0.348003 0.656137 0.348680 0.655235 0.348680 0.646209 0.349357 0.645307 0.349357 0.635379 0.348680 0.634477 0.348680 0.623646 0.348003 0.622744 0.348003 0.616426 0.347326 0.615523 0.347326 0.611011 0.346649 0.610108 0.346649 0.604693 0.345972 0.603791 0.345972 0.601986 0.345295 0.601083 0.345295 0.600181 0.344617 0.599278 0.344617 0.592960 0.343940 0.592058 0.343940 0.591155 0.344617 0.590253 0.344617 0.588448 0.345295 0.587545 0.345972 0.588448 0.345972 0.591155 0.346649 0.592058 0.346649 0.593863 0.347326 0.593863 0.348003 0.594765 0.348680 0.594765 0.349357 0.595668 0.349357 0.596570 0.350034 0.597473 0.350034 0.599278 0.350711 0.600181 0.350711 0.601083 0.352065 0.602888 0.352065 0.603791 0.352742 0.604693 0.352742 0.608303 0.353419 0.609206 0.353419 0.612816 0.354096 0.613718 0.354096 0.614621 0.354773 0.615523 0.354773 0.616426 0.358835 0.621841 0.358835 0.622744 0.359513 0.622744 0.360190 0.621841 0.360190 0.620036 0.360867 0.619134 0.360867 0.609206 0.360190 0.608303 0.360190 0.601986 0.359513 0.601083 0.359513 0.600181 0.358158 0.598375 0.358158 0.597473 0.357481 0.596570 0.357481 0.594765 0.356804 0.593863 0.356804 0.592058 0.356127 0.591155 0.356127 0.590253 0.355450 0.589350 0.355450 0.587545 0.354773 0.586643 0.354773 0.583032 0.354096 0.582130 0.354096 0.580325 0.353419 0.579422 0.353419 0.574910 0.354096 0.574007 0.354096 0.568592 0.354773 0.567690 0.354773 0.562274 0.354096 0.561372 0.354096 0.554152 0.353419 0.553249 0.353419 0.552347 0.352742 0.551444 0.352742 0.550542 0.352065 0.549639 0.352065 0.548736 0.351388 0.547834 0.351388 0.546931 0.350711 0.546029 0.350711 0.542419 0.352065 0.540614 0.352065 0.536101 0.350711 0.534296 0.350711 0.533394 0.349357 0.531588 0.348680 0.531588 0.345295 0.527076 0.345295 0.526173 0.343940 0.524368 0.343263 0.524368 0.341909 0.522563 0.340555 0.522563 0.339878 0.521661
0 0.873392 0.758123 0.873392 0.760830 0.872715 0.761733 0.873392 0.762635 0.873392 0.773466 0.874069 0.774368 0.874069 0.782491 0.874746 0.783394 0.874746 0.794224 0.875423 0.795126 0.875423 0.800542 0.876100 0.801444 0.876100 0.805054 0.876777 0.805957 0.876777 0.806859 0.880840 0.812274 0.880840 0.813177 0.881517 0.814079 0.881517 0.814982 0.882194 0.815884 0.882194 0.817690 0.882871 0.818592 0.882871 0.819495 0.883548 0.820397 0.883548 0.821300 0.884225 0.822202 0.884225 0.823105 0.884902 0.824007 0.884902 0.824910 0.885579 0.825812 0.885579 0.826715 0.886256 0.827617 0.886256 0.828520 0.886933 0.829422 0.886933 0.830325 0.887610 0.831227 0.887610 0.832130 0.888287 0.833032 0.888287 0.833935 0.888964 0.834838 0.888964 0.837545 0.889641 0.838448 0.889641 0.839350 0.890995 0.841155 0.890995 0.842058 0.891672 0.842960 0.891672 0.843863 0.892349 0.844765 0.892349 0.845668 0.893026 0.846570 0.893026 0.848375 0.893703 0.849278 0.893703 0.850181 0.895058 0.851986 0.895058 0.852888 0.897089 0.855596 0.897089 0.856498 0.897766 0.857401 0.897766 0.858303 0.899120 0.860108 0.899120 0.861011 0.899797 0.861913 0.899797 0.864621 0.900474 0.865523 0.900474 0.866426 0.902505 0.869134 0.902505 0.870939 0.903182 0.871841 0.903182 0.873646 0.903859 0.874549 0.903859 0.875451 0.905213 0.877256 0.905213 0.878159 0.905890 0.879061 0.905890 0.879964 0.906567 0.880866 0.906567 0.881769 0.907244 0.882671 0.907244 0.883574 0.907921 0.884477 0.907921 0.886282 0.909276 0.888087 0.909276 0.888989 0.909953 0.889892 0.909953 0.891697 0.910630 0.892599 0.910630 0.893502 0.911984 0.895307 0.912661 0.895307 0.913338 0.896209 0.913338 0.897112 0.914015 0.898014 0.914015 0.900722 0.916723 0.904332 0.916723 0.905235 0.917400 0.906137 0.917400 0.907040 0.918077 0.907942 0.918077 0.908845 0.919431 0.910650 0.919431 0.912455 0.920108 0.913357 0.920108 0.915162 0.920785 0.916065 0.920785 0.917870 0.922817 0.920578 0.922817 0.921480 0.924171 0.923285 0.924171 0.924188 0.924848 0.925090 0.924848 0.925993 0.926202 0.927798 0.926202 0.928700 0.926879 0.929603 0.926879 0.930505 0.927556 0.931408 0.927556 0.933213 0.928233 0.934116 0.928233 0.935018 0.929587 0.936823 0.929587 0.937726 0.930264 0.938628 0.930264 0.939531 0.930941 0.940433 0.930941 0.942238 0.933649 0.945848 0.933649 0.946751 0.934326 0.947653 0.934326 0.948556 0.935680 0.950361 0.935680 0.951264 0.937712 0.953971 0.937712 0.954874 0.941097 0.959386 0.941774 0.959386 0.951930 0.972924 0.951930 0.973827 0.952607 0.974729 0.953284 0.974729 0.954638 0.976534 0.954638 0.977437 0.955992 0.979242 0.955992 0.980144 0.957346 0.981949 0.957346 0.982852 0.960054 0.986462 0.960054 0.987365 0.962085 0.990072 0.962085 0.990975 0.962762 0.991877 0.962762 0.992780 0.964794 0.995487 0.965471 0.995487 0.966148 0.996390 0.968179 0.996390 0.968856 0.997292 0.969533 0.997292 0.970210 0.998195 0.970210 0.999097 0.979012 0.999097 0.979012 0.998195 0.979689 0.997292 0.983074 0.997292 0.983751 0.996390 0.983751 0.993682 0.982397 0.991877 0.982397 0.990975 0.981043 0.989170 0.981043 0.988267 0.980366 0.987365 0.980366 0.986462 0.979689 0.985560 0.979689 0.984657 0.979012 0.983755 0.979012 0.982852 0.978334 0.981949 0.978334 0.981047 0.977657 0.980144 0.977657 0.979242 0.976303 0.977437 0.976303 0.976534 0.975626 0.975632 0.975626 0.973827 0.974949 0.972924 0.974949 0.972022 0.974272 0.971119 0.974272 0.970217 0.972241 0.967509 0.972241 0.966606 0.970887 0.964801 0.970887 0.963899 0.970210 0.962996 0.970210 0.962094 0.969533 0.961191 0.969533 0.960289 0.968856 0.959386 0.968856 0.958484 0.968179 0.957581 0.968179 0.956679 0.967502 0.955776 0.967502 0.954874 0.966825 0.953971 0.966825 0.953069 0.966148 0.952166 0.966148 0.951264 0.965471 0.950361 0.965471 0.949458 0.964794 0.948556 0.964794 0.947653 0.963439 0.945848 0.963439 0.944946 0.960054 0.940433 0.960054 0.939531 0.953961 0.931408 0.953961 0.930505 0.952607 0.928700 0.952607 0.927798 0.949898 0.924188 0.949898 0.923285 0.949221 0.922383 0.949221 0.921480 0.947867 0.919675 0.947867 0.918773 0.943805 0.913357 0.943805 0.912455 0.943128 0.911552 0.943128 0.908845 0.942451 0.907942 0.942451 0.905235 0.941774 0.904332 0.941774 0.902527 0.941097 0.901625 0.941097 0.899819 0.940420 0.898917 0.940420 0.897112 0.939743 0.896209 0.939743 0.894404 0.939066 0.893502 0.939066 0.892599 0.937712 0.890794 0.937712 0.889892 0.937035 0.888989 0.937035 0.887184 0.936357 0.886282 0.936357 0.883574 0.935680 0.882671 0.935680 0.880866 0.935003 0.879964 0.935003 0.879061 0.934326 0.878159 0.934326 0.876354 0.933649 0.875451 0.933649 0.873646 0.932972 0.872744 0.932972 0.870036 0.932295 0.869134 0.932295 0.863718 0.931618 0.862816 0.931618 0.859206 0.930941 0.858303 0.930941 0.854693 0.930264 0.853791 0.930264 0.848375 0.929587 0.847473 0.929587 0.845668 0.928910 0.844765 0.928910 0.843863 0.925525 0.839350 0.925525 0.838448 0.922817 0.834838 0.922817 0.833935 0.921462 0.832130 0.921462 0.831227 0.919431 0.828520 0.919431 0.827617 0.918754 0.826715 0.918754 0.825812 0.916723 0.823105 0.916723 0.822202 0.910630 0.814079 0.910630 0.812274 0.909953 0.811372 0.909953 0.809567 0.908599 0.807762 0.908599 0.806859 0.905890 0.803249 0.905890 0.802347 0.903859 0.799639 0.903182 0.799639 0.900474 0.796029 0.899797 0.796029 0.895735 0.790614 0.895735 0.789711 0.895058 0.788809 0.895058 0.787906 0.894381 0.787004 0.894381 0.786101 0.891672 0.782491 0.891672 0.781588 0.890995 0.780686 0.890995 0.779783 0.888287 0.776173 0.888287 0.775271 0.886933 0.773466 0.886256 0.773466 0.878131 0.762635 0.878131 0.761733 0.876100 0.759025 0.874069 0.759025
0 0.824645 0.670578 0.823968 0.671480 0.823968 0.672383 0.822613 0.674188 0.822613 0.680505 0.823290 0.681408 0.823968 0.681408 0.824645 0.682310 0.829384 0.682310 0.830061 0.681408 0.832092 0.681408 0.832769 0.680505 0.833446 0.680505 0.834800 0.678700 0.834800 0.677798 0.835477 0.676895 0.835477 0.674188 0.834800 0.673285 0.834123 0.673285 0.833446 0.672383 0.832769 0.672383 0.832092 0.671480 0.829384 0.671480 0.828707 0.670578
0 0.821936 0.585740 0.821259 0.586643 0.819905 0.586643 0.819228 0.587545 0.818551 0.587545 0.817197 0.589350 0.816520 0.589350 0.815843 0.590253 0.815843 0.591155 0.814489 0.592960 0.814489 0.593863 0.813135 0.595668 0.813135 0.596570 0.812458 0.597473 0.812458 0.598375 0.811781 0.599278 0.811781 0.601083 0.806364 0.608303 0.806364 0.609206 0.808395 0.611913 0.808395 0.612816 0.810427 0.615523 0.810427 0.631769 0.811104 0.632671 0.811104 0.633574 0.812458 0.635379 0.812458 0.636282 0.814489 0.638989 0.815166 0.638989 0.817874 0.642599 0.818551 0.642599 0.820582 0.645307 0.825322 0.645307 0.825999 0.646209 0.827353 0.646209 0.828030 0.647112 0.828707 0.647112 0.830061 0.648917 0.830738 0.648917 0.834123 0.653430 0.834800 0.653430 0.835477 0.654332 0.835477 0.655235 0.839540 0.660650 0.839540 0.661552 0.841571 0.664260 0.841571 0.668773 0.843602 0.668773 0.844279 0.669675 0.845633 0.669675 0.846310 0.670578 0.848341 0.670578 0.849018 0.671480 0.849018 0.674188 0.852404 0.674188 0.852404 0.673285 0.854435 0.670578 0.856466 0.670578 0.857143 0.669675 0.859851 0.669675 0.860528 0.668773 0.861882 0.668773 0.862559 0.667870 0.864590 0.670578 0.865944 0.670578 0.870684 0.676895 0.870684 0.681408 0.870007 0.682310 0.870007 0.683213 0.867976 0.685921 0.867976 0.686823 0.867299 0.687726 0.867299 0.692238 0.867976 0.693141 0.867976 0.694043 0.868653 0.694946 0.868653 0.709386 0.869330 0.710289 0.869330 0.714801 0.870007 0.715704 0.870007 0.716606 0.870684 0.717509 0.870684 0.718412 0.871361 0.719314 0.871361 0.721119 0.872038 0.722022 0.872038 0.722924 0.874069 0.725632 0.874069 0.726534 0.876100 0.729242 0.876100 0.730144 0.876777 0.731047 0.877454 0.731047 0.878131 0.731949 0.878131 0.732852 0.882871 0.739170 0.882871 0.740072 0.886256 0.744585 0.886256 0.745487 0.889641 0.750000 0.889641 0.750903 0.892349 0.754513 0.892349 0.755415 0.893026 0.756318 0.893026 0.757220 0.896412 0.761733 0.896412 0.762635 0.897089 0.762635 0.899120 0.765343 0.899120 0.766245 0.899797 0.767148 0.899797 0.768051 0.902505 0.771661 0.902505 0.772563 0.906567 0.777978 0.906567 0.778881 0.907244 0.779783 0.907244 0.780686 0.910630 0.785199 0.910630 0.786101 0.916723 0.794224 0.916723 0.795126 0.923494 0.804152 0.924171 0.804152 0.924848 0.805054 0.926202 0.805054 0.927556 0.803249 0.927556 0.796931 0.926879 0.796029 0.926879 0.790614 0.926202 0.789711 0.926202 0.783394 0.925525 0.782491 0.925525 0.778881 0.924848 0.777978 0.924848 0.775271 0.923494 0.773466 0.923494 0.772563 0.922817 0.771661 0.922817 0.770758 0.922139 0.769856 0.922139 0.768953 0.919431 0.765343 0.919431 0.764440 0.917400 0.761733 0.917400 0.760830 0.916046 0.759025 0.916046 0.758123 0.914692 0.756318 0.914692 0.755415 0.913338 0.753610 0.913338 0.752708 0.912661 0.751805 0.912661 0.750903 0.911984 0.750000 0.911984 0.748195 0.911307 0.747292 0.911307 0.746390 0.910630 0.745487 0.910630 0.744585 0.909953 0.743682 0.909953 0.738267 0.911307 0.736462 0.911984 0.736462 0.912661 0.735560 0.914015 0.735560 0.914692 0.734657 0.915369 0.734657 0.916046 0.733755 0.916046 0.731949 0.916723 0.731047 0.916723 0.723827 0.916046 0.722924 0.916046 0.722022 0.915369 0.721119 0.915369 0.720217 0.912661 0.716606 0.912661 0.715704 0.909276 0.711191 0.909276 0.710289 0.907921 0.708484 0.907921 0.707581 0.906567 0.705776 0.906567 0.704874 0.905890 0.703971 0.905890 0.703069 0.905213 0.702166 0.905213 0.701264 0.904536 0.700361 0.904536 0.698556 0.903859 0.697653 0.903859 0.692238 0.903182 0.691336 0.903182 0.690433 0.902505 0.689531 0.902505 0.688628 0.901828 0.687726 0.901828 0.685018 0.900474 0.683213 0.900474 0.682310 0.897089 0.677798 0.897089 0.676895 0.896412 0.675993 0.896412 0.674188 0.895735 0.673285 0.895735 0.672383 0.890318 0.665162 0.889641 0.665162 0.885579 0.659747 0.884902 0.659747 0.882194 0.656137 0.881517 0.656137 0.876777 0.649819 0.876100 0.649819 0.875423 0.648917 0.874746 0.648917 0.872715 0.646209 0.871361 0.646209 0.870684 0.645307 0.870007 0.645307 0.869330 0.644404 0.868653 0.644404 0.867976 0.643502 0.867299 0.643502 0.866622 0.642599 0.865944 0.642599 0.865267 0.641697 0.863236 0.641697 0.862559 0.640794 0.859174 0.640794 0.858497 0.639892 0.857820 0.639892 0.855112 0.636282 0.855112 0.635379 0.854435 0.634477 0.854435 0.629964 0.855112 0.629061 0.855112 0.628159 0.855789 0.627256 0.855789 0.626354 0.857143 0.624549 0.857820 0.624549 0.859174 0.622744 0.859851 0.622744 0.859851 0.620036 0.859174 0.619134 0.859174 0.618231 0.857820 0.616426 0.857143 0.616426 0.855789 0.614621 0.855789 0.613718 0.853081 0.610108 0.853081 0.608303 0.852404 0.607401 0.852404 0.604693 0.851726 0.603791 0.851726 0.601986 0.851049 0.601083 0.851049 0.598375 0.849695 0.596570 0.849695 0.595668 0.847664 0.592960 0.846987 0.592960 0.844956 0.590253 0.844279 0.590253 0.843602 0.589350 0.842925 0.589350 0.842248 0.588448 0.839540 0.588448 0.838863 0.587545 0.836154 0.587545 0.835477 0.586643 0.832769 0.586643 0.832092 0.585740
0 0.799594 0.506318 0.798917 0.507220 0.792823 0.507220 0.792146 0.508123 0.789438 0.508123 0.788084 0.509928 0.787407 0.509928 0.786053 0.511733 0.785376 0.511733 0.785376 0.512635 0.784022 0.514440 0.784022 0.518051 0.783345 0.518953 0.783345 0.527076 0.782668 0.527978 0.782668 0.528881 0.785376 0.532491 0.786053 0.532491 0.786730 0.533394 0.787407 0.533394 0.788761 0.535199 0.788761 0.536101 0.789438 0.537004 0.789438 0.537906 0.790792 0.539711 0.790792 0.540614 0.791469 0.541516 0.791469 0.544224 0.792146 0.545126 0.792146 0.550542 0.792823 0.551444 0.792823 0.553249 0.792146 0.554152 0.792146 0.555054 0.790115 0.557762 0.789438 0.557762 0.783345 0.565884 0.782668 0.565884 0.781991 0.566787 0.781313 0.566787 0.779959 0.568592 0.779282 0.568592 0.778605 0.569495 0.777928 0.569495 0.775897 0.572202 0.775220 0.572202 0.772512 0.575812 0.771835 0.575812 0.769127 0.579422 0.768450 0.579422 0.767773 0.580325 0.767095 0.580325 0.765741 0.582130 0.765064 0.582130 0.764387 0.583032 0.763710 0.583032 0.761679 0.585740 0.761002 0.585740 0.757617 0.590253 0.756940 0.590253 0.756263 0.591155 0.756263 0.592058 0.753555 0.595668 0.753555 0.596570 0.752200 0.598375 0.751523 0.598375 0.751523 0.599278 0.750846 0.600181 0.750846 0.601083 0.750169 0.601986 0.750169 0.604693 0.749492 0.605596 0.749492 0.607401 0.750169 0.608303 0.750169 0.611011 0.751523 0.612816 0.752877 0.612816 0.753555 0.613718 0.755586 0.613718 0.757617 0.611011 0.757617 0.610108 0.758294 0.609206 0.758294 0.608303 0.758971 0.607401 0.758971 0.606498 0.759648 0.605596 0.759648 0.604693 0.761002 0.602888 0.761002 0.601986 0.762356 0.600181 0.762356 0.599278 0.763033 0.598375 0.763033 0.597473 0.764387 0.595668 0.765064 0.595668 0.765741 0.594765 0.766418 0.594765 0.767095 0.593863 0.768450 0.593863 0.769127 0.592960 0.770481 0.592960 0.771158 0.592058 0.772512 0.592058 0.773189 0.591155 0.775220 0.591155 0.775897 0.590253 0.777251 0.590253 0.777928 0.589350 0.778605 0.589350 0.779282 0.588448 0.779959 0.588448 0.780636 0.587545 0.781313 0.587545 0.781991 0.586643 0.782668 0.586643 0.783345 0.585740 0.784022 0.585740 0.784699 0.584838 0.785376 0.584838 0.786053 0.583935 0.787407 0.583935 0.788084 0.584838 0.789438 0.584838 0.790115 0.585740 0.790792 0.585740 0.792146 0.587545 0.792146 0.588448 0.792823 0.589350 0.792823 0.591155 0.794177 0.592960 0.794177 0.593863 0.795531 0.595668 0.795531 0.596570 0.796886 0.598375 0.797563 0.598375 0.799594 0.601083 0.799594 0.601986 0.800271 0.601986 0.802979 0.605596 0.807041 0.605596 0.807041 0.604693 0.807718 0.603791 0.807718 0.602888 0.808395 0.601986 0.808395 0.600181 0.811104 0.596570 0.811104 0.595668 0.811781 0.594765 0.811781 0.593863 0.813135 0.592058 0.813812 0.592058 0.813812 0.591155 0.814489 0.590253 0.814489 0.589350 0.817197 0.585740 0.817874 0.585740 0.818551 0.584838 0.821936 0.584838 0.822613 0.583935 0.827353 0.583935 0.828030 0.584838 0.832769 0.584838 0.833446 0.585740 0.835477 0.585740 0.836154 0.586643 0.837508 0.586643 0.838186 0.587545 0.839540 0.587545 0.840217 0.588448 0.841571 0.588448 0.842248 0.589350 0.842925 0.589350 0.843602 0.590253 0.844279 0.590253 0.844956 0.591155 0.845633 0.591155 0.849018 0.595668 0.849018 0.596570 0.850372 0.598375 0.850372 0.599278 0.851049 0.600181 0.851049 0.606498 0.851726 0.607401 0.851726 0.610108 0.852404 0.611011 0.852404 0.613718 0.853081 0.614621 0.853081 0.615523 0.853758 0.615523 0.854435 0.616426 0.855789 0.616426 0.856466 0.617329 0.859174 0.617329 0.859174 0.616426 0.859851 0.615523 0.859851 0.603791 0.859174 0.602888 0.859174 0.593863 0.858497 0.592960 0.858497 0.588448 0.857820 0.587545 0.857820 0.583935 0.857143 0.583032 0.857143 0.580325 0.856466 0.579422 0.856466 0.576715 0.855789 0.575812 0.855789 0.574910 0.855112 0.574007 0.855112 0.573105 0.854435 0.572202 0.854435 0.571300 0.853758 0.570397 0.853758 0.569495 0.852404 0.567690 0.852404 0.566787 0.850372 0.564079 0.850372 0.563177 0.849018 0.561372 0.849018 0.560469 0.846310 0.556859 0.846310 0.555957 0.845633 0.555054 0.844956 0.555054 0.841571 0.550542 0.840894 0.550542 0.838186 0.546931 0.837508 0.546931 0.834800 0.543321 0.834800 0.538809 0.835477 0.537906 0.835477 0.534296 0.834800 0.533394 0.834800 0.529783 0.834123 0.528881 0.834123 0.527978 0.833446 0.527076 0.833446 0.526173 0.832769 0.525271 0.832769 0.524368 0.831415 0.522563 0.831415 0.521661 0.830738 0.521661 0.830061 0.520758 0.829384 0.520758 0.828707 0.519856 0.828030 0.519856 0.827353 0.518953 0.823968 0.518953 0.823290 0.518051 0.816520 0.518051 0.815843 0.517148 0.813812 0.517148 0.812458 0.515343 0.811781 0.515343 0.809749 0.512635 0.809749 0.511733 0.809072 0.511733 0.806364 0.508123 0.805010 0.508123 0.804333 0.507220 0.800948 0.507220 0.800271 0.506318
0 0.094110 0.459386 0.093433 0.460289 0.091401 0.460289 0.090724 0.461191 0.090047 0.461191 0.089370 0.462094 0.088693 0.462094 0.088016 0.462996 0.087339 0.462996 0.084631 0.466606 0.084631 0.468412 0.083954 0.469314 0.083954 0.472924 0.084631 0.473827 0.084631 0.480144 0.083954 0.481047 0.083954 0.482852 0.081246 0.486462 0.079892 0.486462 0.079215 0.487365 0.078538 0.487365 0.077861 0.488267 0.077183 0.488267 0.076506 0.489170 0.075829 0.489170 0.075152 0.490072 0.073121 0.490072 0.072444 0.490975 0.071767 0.490975 0.071090 0.491877 0.070413 0.491877 0.069059 0.493682 0.068382 0.493682 0.060934 0.503610 0.060257 0.503610 0.058226 0.506318 0.057549 0.506318 0.054841 0.509928 0.054164 0.509928 0.053487 0.510830 0.052810 0.510830 0.049425 0.515343 0.049425 0.517148 0.048747 0.518051 0.048747 0.524368 0.049425 0.525271 0.049425 0.526173 0.050102 0.527076 0.050102 0.527978 0.050779 0.528881 0.051456 0.528881 0.053487 0.531588 0.054164 0.530686 0.058903 0.530686 0.059580 0.531588 0.060257 0.531588 0.060934 0.532491 0.060934 0.537004 0.060257 0.537906 0.060257 0.539711 0.058903 0.541516 0.058903 0.542419 0.058226 0.543321 0.058226 0.545126 0.057549 0.546029 0.057549 0.546931 0.056872 0.547834 0.056872 0.549639 0.056195 0.550542 0.056195 0.551444 0.055518 0.552347 0.055518 0.553249 0.053487 0.555957 0.052810 0.555957 0.050779 0.558664 0.050102 0.558664 0.048747 0.560469 0.048747 0.564079 0.049425 0.564079 0.050102 0.564982 0.050779 0.564982 0.051456 0.565884 0.052133 0.565884 0.052810 0.566787 0.056195 0.566787 0.056872 0.565884 0.058226 0.565884 0.058903 0.564982 0.059580 0.564982 0.060257 0.564079 0.061611 0.565884 0.061611 0.566787 0.062288 0.567690 0.062288 0.568592 0.062965 0.569495 0.062965 0.571300 0.063643 0.572202 0.063643 0.574910 0.064320 0.575812 0.064320 0.578520 0.064997 0.579422 0.064997 0.580325 0.065674 0.581227 0.065674 0.583032 0.066351 0.583935 0.066351 0.585740 0.065674 0.586643 0.065674 0.591155 0.064997 0.592058 0.064997 0.593863 0.064320 0.594765 0.064320 0.595668 0.063643 0.596570 0.063643 0.599278 0.062965 0.600181 0.062965 0.601986 0.062288 0.602888 0.062288 0.604693 0.061611 0.605596 0.061611 0.606498 0.060934 0.607401 0.060934 0.608303 0.060257 0.609206 0.060257 0.619134 0.059580 0.620036 0.059580 0.626354 0.060257 0.627256 0.060257 0.631769 0.060934 0.632671 0.060934 0.641697 0.061611 0.642599 0.061611 0.644404 0.062288 0.645307 0.062288 0.651625 0.062965 0.652527 0.062965 0.659747 0.063643 0.660650 0.063643 0.661552 0.064320 0.662455 0.065674 0.662455 0.066351 0.663357 0.071090 0.663357 0.071767 0.664260 0.076506 0.664260 0.077183 0.663357 0.078538 0.663357 0.079215 0.662455 0.080569 0.662455 0.081246 0.661552 0.081923 0.661552 0.083277 0.659747 0.083277 0.658845 0.083954 0.657942 0.083954 0.656137 0.084631 0.655235 0.086662 0.655235 0.087339 0.654332 0.088693 0.654332 0.089370 0.653430 0.089370 0.652527 0.090047 0.651625 0.090047 0.644404 0.090724 0.643502 0.090724 0.640794 0.091401 0.639892 0.091401 0.638989 0.092079 0.638087 0.092079 0.636282 0.092756 0.635379 0.092756 0.634477 0.093433 0.633574 0.093433 0.632671 0.094110 0.631769 0.094110 0.630866 0.094787 0.629964 0.094787 0.629061 0.095464 0.628159 0.095464 0.627256 0.096141 0.626354 0.096141 0.624549 0.102234 0.616426 0.102911 0.616426 0.102911 0.615523 0.106297 0.611011 0.106297 0.610108 0.106974 0.609206 0.106974 0.608303 0.107651 0.607401 0.107651 0.605596 0.108328 0.604693 0.108328 0.598375 0.107651 0.597473 0.107651 0.594765 0.106974 0.593863 0.106974 0.592960 0.106297 0.592058 0.106297 0.590253 0.105619 0.589350 0.105619 0.586643 0.104942 0.585740 0.104942 0.583935 0.104265 0.583032 0.104265 0.581227 0.103588 0.580325 0.103588 0.579422 0.102911 0.578520 0.102911 0.576715 0.102234 0.575812 0.102234 0.570397 0.101557 0.569495 0.101557 0.564079 0.102234 0.563177 0.102234 0.558664 0.102911 0.557762 0.102911 0.550542 0.102234 0.549639 0.102234 0.545126 0.101557 0.544224 0.101557 0.541516 0.100880 0.540614 0.100880 0.533394 0.100203 0.532491 0.100203 0.514440 0.100880 0.513538 0.100880 0.499097 0.104265 0.494585 0.104265 0.493682 0.106297 0.490975 0.106297 0.490072 0.108328 0.487365 0.108328 0.486462 0.109005 0.485560 0.109005 0.484657 0.110359 0.482852 0.110359 0.481949 0.112390 0.479242 0.112390 0.478339 0.113067 0.477437 0.113067 0.474729 0.112390 0.473827 0.112390 0.472924 0.111036 0.471119 0.111036 0.470217 0.110359 0.469314 0.110359 0.468412 0.108328 0.465704 0.108328 0.464801 0.107651 0.463899 0.106974 0.463899 0.105619 0.462094 0.104265 0.462094 0.103588 0.461191 0.102911 0.461191 0.102234 0.460289 0.099526 0.460289 0.098849 0.459386
0 0.687204 0.509025 0.686527 0.509928 0.684496 0.509928 0.683819 0.510830 0.683142 0.510830 0.681787 0.512635 0.681110 0.512635 0.677048 0.518051 0.676371 0.518051 0.675694 0.518953 0.674340 0.518953 0.673663 0.519856 0.672309 0.519856 0.671632 0.520758 0.670955 0.519856 0.668246 0.519856 0.667569 0.518953 0.666215 0.518953 0.665538 0.518051 0.664184 0.518051 0.663507 0.517148 0.661476 0.517148 0.660799 0.516245 0.658091 0.516245 0.657414 0.515343 0.653351 0.515343 0.652674 0.514440 0.649289 0.514440 0.648612 0.513538 0.645904 0.513538 0.645227 0.512635 0.639810 0.512635 0.639133 0.513538 0.638456 0.513538 0.637779 0.514440 0.637102 0.514440 0.634394 0.518051 0.634394 0.518953 0.633717 0.519856 0.633717 0.520758 0.633040 0.521661 0.633040 0.523466 0.632363 0.524368 0.632363 0.527076 0.633040 0.527978 0.633040 0.529783 0.636425 0.534296 0.637779 0.534296 0.638456 0.533394 0.638456 0.532491 0.639133 0.531588 0.639810 0.531588 0.640487 0.530686 0.641165 0.530686 0.641842 0.529783 0.645227 0.529783 0.645904 0.530686 0.646581 0.530686 0.647935 0.532491 0.647935 0.533394 0.647258 0.534296 0.647258 0.535199 0.646581 0.536101 0.646581 0.537004 0.645904 0.537906 0.645904 0.538809 0.645227 0.539711 0.645227 0.540614 0.644550 0.541516 0.644550 0.546029 0.645227 0.546931 0.645227 0.547834 0.645904 0.548736 0.645904 0.550542 0.646581 0.551444 0.647258 0.551444 0.648612 0.553249 0.648612 0.554152 0.649289 0.555054 0.649289 0.555957 0.649966 0.556859 0.649966 0.557762 0.651997 0.560469 0.651997 0.561372 0.652674 0.562274 0.652674 0.563177 0.653351 0.564079 0.653351 0.564982 0.651997 0.566787 0.650643 0.566787 0.645904 0.560469 0.645904 0.559567 0.645227 0.558664 0.645227 0.557762 0.641842 0.553249 0.641842 0.552347 0.641165 0.551444 0.639810 0.551444 0.638456 0.553249 0.637779 0.553249 0.636425 0.555054 0.636425 0.555957 0.635748 0.556859 0.635748 0.557762 0.633717 0.560469 0.633717 0.561372 0.633040 0.562274 0.633040 0.564079 0.632363 0.564982 0.632363 0.565884 0.631686 0.566787 0.631686 0.567690 0.631009 0.568592 0.631009 0.569495 0.630332 0.570397 0.630332 0.572202 0.629655 0.573105 0.629655 0.574910 0.630332 0.575812 0.630332 0.578520 0.631009 0.579422 0.631009 0.583032 0.631686 0.583935 0.631686 0.586643 0.632363 0.587545 0.632363 0.590253 0.633040 0.591155 0.633040 0.595668 0.633717 0.596570 0.633717 0.601986 0.634394 0.602888 0.634394 0.606498 0.635071 0.607401 0.635071 0.612816 0.635748 0.613718 0.635748 0.616426 0.636425 0.617329 0.636425 0.619134 0.637102 0.620036 0.637102 0.621841 0.637779 0.622744 0.637779 0.624549 0.638456 0.625451 0.638456 0.627256 0.639133 0.628159 0.639133 0.629964 0.639810 0.630866 0.639810 0.633574 0.640487 0.634477 0.640487 0.636282 0.641165 0.637184 0.641165 0.638087 0.641842 0.638989 0.641842 0.640794 0.642519 0.641697 0.642519 0.643502 0.643196 0.644404 0.643196 0.645307 0.643873 0.646209 0.643873 0.649819 0.644550 0.650722 0.644550 0.656137 0.645227 0.657040 0.645227 0.661552 0.645904 0.662455 0.645904 0.664260 0.646581 0.665162 0.646581 0.667870 0.647258 0.668773 0.647258 0.670578 0.647935 0.671480 0.647935 0.672383 0.649966 0.675090 0.650643 0.675090 0.651320 0.675993 0.655383 0.675993 0.656060 0.675090 0.656737 0.675090 0.658091 0.673285 0.658091 0.671480 0.658768 0.670578 0.658768 0.661552 0.659445 0.660650 0.659445 0.657040 0.660122 0.656137 0.660122 0.653430 0.660799 0.652527 0.662153 0.654332 0.662153 0.656137 0.662830 0.657040 0.662830 0.658845 0.663507 0.659747 0.663507 0.663357 0.664184 0.664260 0.664184 0.666065 0.665538 0.667870 0.666215 0.667870 0.666892 0.668773 0.667569 0.668773 0.668246 0.669675 0.669601 0.669675 0.670278 0.670578 0.675694 0.670578 0.677725 0.667870 0.677725 0.665162 0.677048 0.664260 0.677048 0.662455 0.676371 0.661552 0.676371 0.658845 0.675694 0.657942 0.675694 0.653430 0.675017 0.652527 0.675017 0.649819 0.674340 0.648917 0.674340 0.647112 0.673663 0.646209 0.673663 0.643502 0.672986 0.642599 0.672986 0.641697 0.670278 0.638087 0.670278 0.634477 0.669601 0.633574 0.669601 0.632671 0.670278 0.631769 0.670278 0.625451 0.669601 0.624549 0.669601 0.620036 0.668923 0.619134 0.668923 0.616426 0.668246 0.615523 0.668246 0.613718 0.666892 0.611913 0.666892 0.608303 0.666215 0.607401 0.666215 0.605596 0.665538 0.604693 0.665538 0.601986 0.664184 0.600181 0.664184 0.599278 0.663507 0.598375 0.663507 0.597473 0.662830 0.596570 0.662830 0.594765 0.662153 0.593863 0.662153 0.592960 0.660799 0.591155 0.660799 0.590253 0.660122 0.589350 0.660122 0.588448 0.659445 0.587545 0.659445 0.586643 0.658768 0.585740 0.658768 0.583935 0.658091 0.583032 0.658091 0.581227 0.657414 0.580325 0.657414 0.577617 0.656737 0.576715 0.656737 0.574007 0.657414 0.573105 0.658091 0.573105 0.658768 0.572202 0.661476 0.572202 0.663507 0.574910 0.663507 0.575812 0.664184 0.576715 0.664184 0.578520 0.664861 0.579422 0.664861 0.581227 0.665538 0.582130 0.665538 0.583935 0.666215 0.584838 0.666215 0.587545 0.666892 0.588448 0.666892 0.590253 0.668923 0.592960 0.668923 0.593863 0.669601 0.594765 0.669601 0.597473 0.670278 0.598375 0.670278 0.602888 0.670955 0.603791 0.670955 0.608303 0.671632 0.608303 0.673663 0.611011 0.673663 0.611913 0.674340 0.612816 0.678402 0.612816 0.679079 0.611913 0.679079 0.602888 0.678402 0.601986 0.678402 0.599278 0.677725 0.598375 0.677725 0.597473 0.677048 0.596570 0.677048 0.590253 0.676371 0.589350 0.676371 0.585740 0.677048 0.584838 0.677048 0.577617 0.680433 0.573105 0.680433 0.572202 0.681110 0.571300 0.681110 0.570397 0.681787 0.569495 0.681787 0.560469 0.682464 0.559567 0.682464 0.553249 0.683142 0.552347 0.683142 0.551444 0.683819 0.550542 0.683819 0.549639 0.688558 0.543321 0.689235 0.543321 0.691943 0.539711 0.692620 0.539711 0.694651 0.537004 0.695328 0.537004 0.696005 0.536101 0.696682 0.536101 0.698037 0.534296 0.699391 0.534296 0.700068 0.533394 0.700745 0.533394 0.701422 0.532491 0.701422 0.525271 0.700745 0.524368 0.700745 0.518051 0.700068 0.517148 0.700068 0.516245 0.698714 0.514440 0.698037 0.514440 0.697360 0.513538 0.696682 0.513538 0.696005 0.512635 0.694651 0.512635 0.693974 0.511733 0.693297 0.511733 0.692620 0.510830 0.691943 0.510830 0.691266 0.509928 0.689912 0.509928 0.689235 0.509025
1 0.337847 0.520758 0.337170 0.521661 0.333785 0.521661 0.333108 0.522563 0.332431 0.522563 0.331754 0.523466 0.331077 0.523466 0.327691 0.527978 0.327014 0.527978 0.326337 0.528881 0.324306 0.528881 0.322952 0.530686 0.322952 0.531588 0.322275 0.532491 0.322275 0.535199 0.321598 0.536101 0.322275 0.537004 0.322275 0.538809 0.323629 0.540614 0.324983 0.540614 0.325660 0.539711 0.342586 0.539711 0.343263 0.540614 0.345295 0.540614 0.345972 0.541516 0.346649 0.541516 0.347326 0.542419 0.348003 0.542419 0.348680 0.543321 0.349357 0.543321 0.350034 0.542419 0.350711 0.542419 0.352065 0.540614 0.352065 0.535199 0.348680 0.530686 0.348003 0.530686 0.346649 0.528881 0.346649 0.527978 0.345295 0.526173 0.345295 0.525271 0.344617 0.524368 0.343940 0.524368 0.342586 0.522563 0.341909 0.522563 0.341232 0.521661 0.338524 0.521661
1 0.823290 0.584838 0.822613 0.585740 0.820582 0.585740 0.819905 0.586643 0.819228 0.586643 0.818551 0.587545 0.817874 0.587545 0.815166 0.591155 0.815166 0.592058 0.813812 0.593863 0.813812 0.594765 0.812458 0.596570 0.812458 0.598375 0.811781 0.599278 0.811781 0.600181 0.811104 0.601083 0.811104 0.601986 0.809749 0.603791 0.809072 0.603791 0.805687 0.608303 0.805687 0.609206 0.808395 0.612816 0.809072 0.612816 0.809749 0.613718 0.813135 0.613718 0.813812 0.614621 0.815843 0.614621 0.816520 0.615523 0.818551 0.615523 0.819228 0.616426 0.821259 0.616426 0.821936 0.617329 0.822613 0.617329 0.823290 0.618231 0.824645 0.618231 0.825322 0.619134 0.826676 0.619134 0.827353 0.620036 0.829384 0.620036 0.830061 0.620939 0.832092 0.620939 0.832769 0.621841 0.842248 0.621841 0.842925 0.622744 0.848341 0.622744 0.849018 0.623646 0.862559 0.623646 0.863236 0.622744 0.859851 0.618231 0.859174 0.618231 0.858497 0.617329 0.856466 0.617329 0.855789 0.616426 0.854435 0.616426 0.851726 0.612816 0.851726 0.609206 0.851049 0.608303 0.851049 0.607401 0.850372 0.606498 0.850372 0.602888 0.849695 0.601986 0.849695 0.597473 0.849018 0.596570 0.849018 0.595668 0.845633 0.591155 0.844279 0.591155 0.843602 0.590253 0.842925 0.590253 0.842248 0.589350 0.841571 0.589350 0.840894 0.588448 0.838863 0.588448 0.838186 0.587545 0.836154 0.587545 0.835477 0.586643 0.833446 0.586643 0.832769 0.585740 0.830061 0.585740 0.829384 0.584838
1 0.685173 0.509025 0.684496 0.509928 0.683819 0.509928 0.683142 0.510830 0.682464 0.510830 0.676371 0.518953 0.676371 0.520758 0.677048 0.520758 0.677725 0.521661 0.679079 0.521661 0.679756 0.522563 0.681110 0.522563 0.681787 0.523466 0.683819 0.523466 0.685173 0.525271 0.685850 0.525271 0.686527 0.526173 0.687204 0.526173 0.687881 0.527076 0.688558 0.527076 0.689235 0.527978 0.689912 0.527978 0.690589 0.528881 0.691266 0.528881 0.692620 0.530686 0.693297 0.530686 0.696005 0.534296 0.700745 0.534296 0.701422 0.533394 0.702099 0.533394 0.702099 0.526173 0.701422 0.525271 0.701422 0.518051 0.700068 0.516245 0.700068 0.515343 0.699391 0.514440 0.698714 0.514440 0.698037 0.513538 0.697360 0.513538 0.696682 0.512635 0.696005 0.512635 0.695328 0.511733 0.694651 0.511733 0.693974 0.510830 0.693297 0.510830 0.692620 0.509928 0.691266 0.509928 0.690589 0.509025
1 0.094110 0.459386 0.093433 0.460289 0.091401 0.460289 0.090724 0.461191 0.089370 0.461191 0.088693 0.462094 0.088016 0.462094 0.084631 0.466606 0.084631 0.467509 0.083954 0.468412 0.083954 0.472022 0.084631 0.472924 0.084631 0.475632 0.085308 0.476534 0.090724 0.476534 0.091401 0.475632 0.092079 0.476534 0.092756 0.476534 0.093433 0.477437 0.095464 0.477437 0.096141 0.478339 0.111713 0.478339 0.112390 0.477437 0.113067 0.477437 0.113744 0.476534 0.113067 0.475632 0.113067 0.472924 0.111036 0.470217 0.111036 0.469314 0.109682 0.467509 0.109682 0.466606 0.106974 0.462996 0.106297 0.462996 0.105619 0.462094 0.104942 0.462094 0.104265 0.461191 0.102911 0.461191 0.102234 0.460289 0.100203 0.460289 0.099526 0.459386
2 0.338524 0.650722 0.337847 0.651625 0.337847 0.654332 0.337170 0.655235 0.337170 0.669675 0.337847 0.670578 0.337847 0.681408 0.337170 0.682310 0.337170 0.684116 0.336493 0.685018 0.336493 0.687726 0.335816 0.688628 0.337170 0.690433 0.341909 0.690433 0.342586 0.689531 0.343263 0.689531 0.343940 0.688628 0.344617 0.688628 0.347326 0.685018 0.347326 0.681408 0.346649 0.680505 0.346649 0.676895 0.345972 0.675993 0.345972 0.672383 0.346649 0.671480 0.346649 0.665162 0.347326 0.664260 0.347326 0.659747 0.348003 0.658845 0.348003 0.657040 0.348680 0.656137 0.348680 0.652527 0.348003 0.651625 0.347326 0.651625 0.346649 0.650722 0.342586 0.650722 0.341909 0.651625 0.341232 0.651625 0.340555 0.650722
2 0.315504 0.657942 0.315504 0.658845 0.314827 0.659747 0.314827 0.664260 0.315504 0.665162 0.315504 0.670578 0.316181 0.671480 0.316181 0.675090 0.316858 0.675993 0.316858 0.678700 0.317536 0.679603 0.317536 0.682310 0.318213 0.683213 0.318213 0.684116 0.318890 0.685018 0.318890 0.685921 0.320921 0.688628 0.323629 0.688628 0.324306 0.689531 0.324983 0.688628 0.325660 0.688628 0.326337 0.687726 0.327014 0.687726 0.328368 0.685921 0.328368 0.681408 0.327691 0.680505 0.327691 0.679603 0.327014 0.678700 0.327014 0.677798 0.326337 0.676895 0.326337 0.673285 0.325660 0.672383 0.325660 0.665162 0.324983 0.664260 0.324983 0.661552 0.324306 0.660650 0.324306 0.658845 0.320244 0.658845 0.319567 0.657942
2 0.081246 0.620939 0.079215 0.623646 0.079215 0.624549 0.078538 0.625451 0.078538 0.628159 0.077861 0.629061 0.077861 0.635379 0.078538 0.636282 0.078538 0.637184 0.077861 0.638087 0.077861 0.647112 0.078538 0.648014 0.078538 0.648917 0.079215 0.649819 0.079215 0.652527 0.079892 0.653430 0.079892 0.657942 0.080569 0.658845 0.080569 0.660650 0.081923 0.662455 0.083954 0.662455 0.084631 0.663357 0.086662 0.663357 0.087339 0.662455 0.088016 0.662455 0.088693 0.663357 0.094110 0.663357 0.095464 0.661552 0.095464 0.659747 0.094787 0.658845 0.094787 0.657040 0.093433 0.655235 0.093433 0.648014 0.092756 0.647112 0.093433 0.646209 0.093433 0.641697 0.094110 0.640794 0.094110 0.638087 0.094787 0.637184 0.094787 0.634477 0.095464 0.633574 0.095464 0.630866 0.096141 0.629964 0.096141 0.628159 0.096818 0.627256 0.096818 0.625451 0.096141 0.624549 0.096141 0.623646 0.095464 0.622744 0.090047 0.622744 0.089370 0.621841 0.081923 0.621841
2 0.073798 0.629964 0.073121 0.630866 0.072444 0.630866 0.071767 0.631769 0.068382 0.631769 0.067705 0.632671 0.065674 0.632671 0.064997 0.631769 0.064320 0.631769 0.063643 0.632671 0.062965 0.632671 0.060257 0.636282 0.060257 0.642599 0.060934 0.643502 0.060934 0.648917 0.061611 0.649819 0.061611 0.663357 0.062288 0.664260 0.062965 0.664260 0.063643 0.665162 0.071090 0.665162 0.071767 0.666065 0.077861 0.666065 0.078538 0.665162 0.079892 0.665162 0.080569 0.664260 0.081246 0.664260 0.081246 0.657942 0.080569 0.657040 0.080569 0.655235 0.079892 0.654332 0.079892 0.651625 0.079215 0.650722 0.079215 0.648014 0.078538 0.647112 0.078538 0.645307 0.077861 0.644404 0.077861 0.641697 0.078538 0.640794 0.078538 0.636282 0.077861 0.635379 0.077861 0.633574 0.077183 0.632671 0.077183 0.631769 0.076506 0.630866 0.075829 0.630866 0.075152 0.629964
2 0.666215 0.639892 0.665538 0.640794 0.662153 0.640794 0.661476 0.641697 0.660799 0.641697 0.660122 0.642599 0.660122 0.650722 0.660799 0.651625 0.660799 0.653430 0.661476 0.654332 0.661476 0.655235 0.662153 0.656137 0.662153 0.658845 0.662830 0.659747 0.662830 0.662455 0.663507 0.663357 0.663507 0.666065 0.664184 0.666968 0.664184 0.667870 0.665538 0.669675 0.666215 0.669675 0.666892 0.670578 0.668246 0.670578 0.668923 0.671480 0.675017 0.671480 0.675694 0.670578 0.676371 0.670578 0.677048 0.669675 0.677725 0.669675 0.678402 0.668773 0.678402 0.665162 0.677725 0.664260 0.677725 0.662455 0.677048 0.661552 0.677048 0.659747 0.676371 0.658845 0.676371 0.657040 0.675694 0.656137 0.675694 0.653430 0.675017 0.652527 0.675017 0.647112 0.674340 0.646209 0.674340 0.643502 0.673663 0.642599 0.673663 0.641697 0.672986 0.640794 0.672309 0.640794 0.671632 0.639892
2 0.644550 0.647112 0.644550 0.655235 0.645227 0.656137 0.645227 0.661552 0.645904 0.662455 0.645904 0.665162 0.646581 0.666065 0.646581 0.667870 0.647258 0.668773 0.647258 0.671480 0.648612 0.673285 0.648612 0.674188 0.649289 0.675090 0.649966 0.675090 0.650643 0.675993 0.652674 0.675993 0.653351 0.676895 0.654705 0.676895 0.655383 0.675993 0.656737 0.675993 0.657414 0.675090 0.658091 0.675090 0.658091 0.673285 0.658768 0.672383 0.658768 0.649819 0.657414 0.648014 0.656737 0.648014 0.656060 0.647112 0.651320 0.647112 0.650643 0.648014 0.649966 0.647112