0 0.576715 0.361544 0.575812 0.362221 0.573105 0.362221 0.571300 0.363575 0.570397 0.363575 0.569495 0.364252 0.569495 0.364929 0.567690 0.366283 0.567690 0.368314 0.566787 0.368991 0.566787 0.373731 0.567690 0.374408 0.567690 0.375762 0.569495 0.377116 0.569495 0.377793 0.571300 0.379147 0.571300 0.379824 0.572202 0.379824 0.574007 0.381178 0.578520 0.381178 0.579422 0.380501 0.580325 0.380501 0.581227 0.379824 0.582130 0.380501 0.582130 0.391334 0.581227 0.392011 0.581227 0.396073 0.580325 0.396750 0.580325 0.398104 0.579422 0.398781 0.579422 0.399458 0.574910 0.402844 0.574007 0.402844 0.571300 0.404875 0.570397 0.404875 0.568592 0.406229 0.567690 0.406229 0.566787 0.406906 0.565884 0.406906 0.564982 0.407583 0.564982 0.408260 0.563177 0.409614 0.562274 0.409614 0.562274 0.410291 0.561372 0.410968 0.561372 0.411645 0.562274 0.412322 0.562274 0.412999 0.563177 0.413676 0.563177 0.414353 0.566787 0.417062 0.568592 0.417062 0.569495 0.417739 0.574910 0.417739 0.575812 0.417062 0.577617 0.417062 0.579422 0.415708 0.581227 0.415708 0.582130 0.415030 0.583032 0.415030 0.583935 0.414353 0.584838 0.414353 0.585740 0.413676 0.586643 0.413676 0.587545 0.412999 0.588448 0.412999 0.589350 0.412322 0.591155 0.412322 0.596570 0.408260 0.596570 0.407583 0.599278 0.405552 0.600181 0.405552 0.601986 0.404198 0.603791 0.405552 0.603791 0.406229 0.604693 0.406906 0.604693 0.407583 0.603791 0.408260 0.603791 0.408937 0.602888 0.409614 0.602888 0.410291 0.601986 0.410968 0.601986 0.417062 0.601083 0.417739 0.601083 0.430603 0.600181 0.431280 0.600181 0.435342 0.599278 0.436019 0.599278 0.439404 0.598375 0.440081 0.598375 0.440758 0.592960 0.444821 0.592058 0.444821 0.591155 0.445498 0.590253 0.445498 0.589350 0.446175 0.589350 0.446852 0.587545 0.448206 0.587545 0.449560 0.589350 0.450914 0.589350 0.451591 0.592058 0.453622 0.594765 0.453622 0.595668 0.454299 0.597473 0.454299 0.598375 0.454976 0.601986 0.454976 0.602888 0.455653 0.605596 0.455653 0.606498 0.454976 0.607401 0.454976 0.609206 0.453622 0.609206 0.452945 0.610108 0.452268 0.610108 0.450914 0.611011 0.450237 0.611011 0.449560 0.611913 0.448883 0.612816 0.448883 0.614621 0.450237 0.614621 0.450914 0.615523 0.451591 0.615523 0.452268 0.616426 0.452945 0.617329 0.452945 0.619134 0.454299 0.620036 0.454299 0.620939 0.453622 0.629061 0.453622 0.629964 0.452945 0.632671 0.452945 0.634477 0.451591 0.634477 0.450914 0.635379 0.450237 0.635379 0.441435 0.636282 0.440758 0.636282 0.435342 0.637184 0.434665 0.637184 0.419770 0.638087 0.419093 0.638087 0.416385 0.638989 0.415708 0.638989 0.415030 0.639892 0.414353 0.639892 0.413676 0.640794 0.412999 0.640794 0.412322 0.641697 0.411645 0.641697 0.410291 0.642599 0.409614 0.642599 0.408937 0.643502 0.408260 0.643502 0.407583 0.645307 0.406229 0.645307 0.405552 0.647112 0.404198 0.647112 0.403521 0.648014 0.402844 0.648014 0.402167 0.648917 0.401490 0.648917 0.400812 0.651625 0.398781 0.651625 0.398104 0.652527 0.397427 0.652527 0.396750 0.653430 0.396073 0.653430 0.394719 0.654332 0.394042 0.654332 0.387271 0.653430 0.386594 0.653430 0.385240 0.652527 0.384563 0.652527 0.383209 0.651625 0.382532 0.651625 0.381855 0.649819 0.380501 0.649819 0.379824 0.647112 0.377793 0.646209 0.377793 0.642599 0.375085 0.641697 0.375085 0.639892 0.373731 0.638989 0.373731 0.637184 0.372376 0.636282 0.372376 0.635379 0.371699 0.633574 0.371699 0.632671 0.371022 0.631769 0.371022 0.630866 0.370345 0.629964 0.370345 0.629061 0.369668 0.627256 0.369668 0.626354 0.368991 0.622744 0.368991 0.621841 0.368314 0.619134 0.368314 0.618231 0.367637 0.614621 0.367637 0.613718 0.366960 0.609206 0.366960 0.608303 0.367637 0.604693 0.367637 0.603791 0.366960 0.600181 0.366960 0.599278 0.366283 0.597473 0.366283 0.596570 0.365606 0.595668 0.365606 0.594765 0.364929 0.593863 0.364929 0.592960 0.364252 0.592058 0.364252 0.591155 0.363575 0.590253 0.363575 0.589350 0.362898 0.587545 0.362898 0.586643 0.362221 0.582130 0.362221 0.581227 0.361544
0 0.428700 0.333108 0.427798 0.333785 0.425090 0.333785 0.424188 0.334462 0.424188 0.335139 0.423285 0.335816 0.423285 0.337170 0.422383 0.337847 0.422383 0.341232 0.423285 0.341909 0.423285 0.343263 0.424188 0.343940 0.424188 0.344617 0.425090 0.345295 0.425090 0.346649 0.425993 0.347326 0.425993 0.348680 0.426895 0.349357 0.426895 0.351388 0.427798 0.352065 0.427798 0.355450 0.428700 0.355450 0.431408 0.357481 0.432310 0.357481 0.433213 0.358158 0.435018 0.358158 0.435921 0.358835 0.437726 0.358835 0.438628 0.359513 0.442238 0.359513 0.443141 0.358835 0.443141 0.358158 0.446751 0.355450 0.446751 0.354773 0.448556 0.353419 0.449458 0.353419 0.453971 0.350034 0.453971 0.349357 0.454874 0.348680 0.454874 0.346649 0.453971 0.345972 0.453971 0.343940 0.453069 0.343263 0.453069 0.341909 0.452166 0.341232 0.451264 0.341232 0.450361 0.340555 0.448556 0.340555 0.447653 0.339878 0.445848 0.339878 0.444946 0.339201 0.444043 0.339201 0.442238 0.337847 0.439531 0.337847 0.438628 0.337170 0.435018 0.337170 0.432310 0.335139 0.432310 0.334462 0.431408 0.334462 0.430505 0.333785 0.429603 0.333785
0 0.414260 0.330399 0.413357 0.331077 0.412455 0.331077 0.412455 0.331754 0.411552 0.332431 0.411552 0.333108 0.410650 0.333785 0.410650 0.335139 0.409747 0.335816 0.409747 0.337847 0.408845 0.338524 0.408845 0.339201 0.407942 0.339878 0.407942 0.340555 0.407040 0.341232 0.407040 0.352065 0.407942 0.352742 0.407942 0.353419 0.409747 0.354773 0.409747 0.355450 0.410650 0.356127 0.411552 0.356127 0.412455 0.356804 0.415162 0.356804 0.416065 0.357481 0.418773 0.357481 0.419675 0.356804 0.423285 0.356804 0.424188 0.356127 0.425090 0.356127 0.425993 0.355450 0.425993 0.351388 0.425090 0.350711 0.425090 0.348680 0.424188 0.348003 0.424188 0.347326 0.423285 0.346649 0.423285 0.345972 0.422383 0.345295 0.422383 0.333108 0.421480 0.332431 0.421480 0.331077 0.419675 0.331077 0.418773 0.330399
0 0.360108 0.324306 0.356498 0.327014 0.356498 0.328368 0.355596 0.329045 0.355596 0.333108 0.356498 0.333785 0.356498 0.334462 0.357401 0.335139 0.357401 0.335816 0.358303 0.336493 0.358303 0.339201 0.357401 0.339878 0.357401 0.340555 0.355596 0.341909 0.354693 0.341232 0.351083 0.341232 0.350181 0.341909 0.350181 0.345972 0.351986 0.347326 0.351986 0.348003 0.353791 0.349357 0.353791 0.350711 0.354693 0.351388 0.354693 0.357481 0.355596 0.358158 0.355596 0.359513 0.356498 0.360190 0.356498 0.361544 0.357401 0.362221 0.357401 0.362898 0.359206 0.364252 0.361913 0.364252 0.362816 0.364929 0.364621 0.364929 0.365523 0.365606 0.366426 0.364929 0.367329 0.364929 0.368231 0.364252 0.369134 0.364252 0.371841 0.362221 0.371841 0.361544 0.372744 0.360867 0.372744 0.360190 0.373646 0.359513 0.373646 0.348003 0.374549 0.347326 0.374549 0.341232 0.373646 0.340555 0.373646 0.337847 0.372744 0.337170 0.372744 0.335139 0.371841 0.334462 0.371841 0.333785 0.370036 0.332431 0.370036 0.331077 0.368231 0.329722 0.368231 0.329045 0.367329 0.328368 0.367329 0.327691 0.366426 0.327014 0.366426 0.326337 0.365523 0.325660 0.365523 0.324983 0.364621 0.324983 0.363718 0.324306
0 0.314079 0.327014 0.313177 0.327691 0.312274 0.327691 0.311372 0.328368 0.311372 0.329045 0.310469 0.329722 0.310469 0.336493 0.309567 0.337170 0.309567 0.337847 0.305957 0.340555 0.305957 0.341232 0.305054 0.341909 0.305054 0.343263 0.304152 0.343940 0.304152 0.347326 0.303249 0.348003 0.303249 0.349357 0.304152 0.350034 0.304152 0.355450 0.305054 0.356127 0.305054 0.356804 0.305957 0.357481 0.305957 0.358158 0.306859 0.358835 0.308664 0.358835 0.309567 0.359513 0.312274 0.359513 0.313177 0.360190 0.316787 0.360190 0.317690 0.360867 0.323105 0.360867 0.324007 0.360190 0.327617 0.360190 0.328520 0.360867 0.332130 0.360867 0.333032 0.360190 0.339350 0.360190 0.340253 0.359513 0.341155 0.359513 0.342058 0.358835 0.342058 0.353419 0.341155 0.352742 0.341155 0.349357 0.340253 0.348680 0.340253 0.348003 0.339350 0.347326 0.339350 0.345295 0.331227 0.345295 0.327617 0.342586 0.327617 0.341909 0.325812 0.340555 0.325812 0.339878 0.324910 0.339201 0.324910 0.338524 0.324007 0.337847 0.324007 0.337170 0.323105 0.336493 0.323105 0.335816 0.322202 0.335139 0.322202 0.332431 0.321300 0.331754 0.321300 0.330399 0.319495 0.329045 0.319495 0.328368 0.318592 0.327691 0.317690 0.327691 0.316787 0.327014
1 0.314079 0.326337 0.312274 0.327691 0.311372 0.327691 0.311372 0.328368 0.310469 0.329045 0.310469 0.330399 0.309567 0.331077 0.310469 0.331754 0.310469 0.333108 0.311372 0.333108 0.312274 0.333785 0.318592 0.333785 0.319495 0.334462 0.320397 0.334462 0.321300 0.333785 0.321300 0.329722 0.317690 0.327014 0.314982 0.327014
1 0.360108 0.324306 0.359206 0.324983 0.358303 0.324983 0.357401 0.325660 0.357401 0.326337 0.356498 0.327014 0.356498 0.327691 0.355596 0.328368 0.355596 0.331077 0.356498 0.331754 0.357401 0.331754 0.358303 0.332431 0.360108 0.332431 0.361011 0.331754 0.362816 0.331754 0.363718 0.331077 0.367329 0.331077 0.367329 0.327691 0.366426 0.327014 0.366426 0.326337 0.365523 0.325660 0.365523 0.324983 0.364621 0.324983 0.363718 0.324306
1 0.414260 0.330399 0.411552 0.332431 0.411552 0.333785 0.410650 0.334462 0.410650 0.339201 0.411552 0.339201 0.413357 0.340555 0.420578 0.340555 0.421480 0.339878 0.421480 0.339201 0.422383 0.338524 0.422383 0.333108 0.421480 0.332431 0.421480 0.331754 0.420578 0.331077 0.419675 0.331077 0.418773 0.330399
1 0.337545 0.343940 0.336643 0.344617 0.334838 0.344617 0.333935 0.345295 0.333935 0.345972 0.333032 0.346649 0.333032 0.349357 0.333935 0.350034 0.333935 0.350711 0.334838 0.350711 0.335740 0.351388 0.339350 0.351388 0.341155 0.350034 0.341155 0.349357 0.342058 0.348680 0.342058 0.348003 0.341155 0.347326 0.341155 0.345295 0.340253 0.344617 0.339350 0.344617 0.338448 0.343940
1 0.574910 0.361544 0.574007 0.362221 0.572202 0.362221 0.568592 0.364929 0.568592 0.365606 0.567690 0.366283 0.567690 0.367637 0.566787 0.368314 0.566787 0.373731 0.567690 0.374408 0.567690 0.375085 0.568592 0.375762 0.568592 0.376439 0.569495 0.377116 0.569495 0.377793 0.572202 0.379824 0.574910 0.379824 0.574910 0.379147 0.575812 0.378470 0.575812 0.377793 0.576715 0.377116 0.576715 0.376439 0.578520 0.375085 0.579422 0.375085 0.583032 0.372376 0.583032 0.371699 0.584838 0.370345 0.584838 0.369668 0.589350 0.366283 0.590253 0.366283 0.591155 0.365606 0.590253 0.364929 0.590253 0.362898 0.588448 0.362898 0.587545 0.362221 0.584838 0.362221 0.583935 0.361544
1 0.505415 0.352742 0.504513 0.353419 0.503610 0.353419 0.500903 0.355450 0.500903 0.356127 0.500000 0.356804 0.500000 0.357481 0.499097 0.358158 0.499097 0.359513 0.500000 0.360190 0.509928 0.360190 0.510830 0.360867 0.511733 0.360867 0.513538 0.359513 0.513538 0.357481 0.512635 0.356804 0.512635 0.355450 0.511733 0.354773 0.511733 0.354096 0.509928 0.352742
1 0.427798 0.333108 0.426895 0.333785 0.425090 0.333785 0.423285 0.335139 0.423285 0.335816 0.422383 0.336493 0.422383 0.337847 0.421480 0.338524 0.422383 0.339201 0.422383 0.341909 0.425090 0.343940 0.426895 0.343940 0.427798 0.344617 0.428700 0.344617 0.430505 0.343263 0.431408 0.343263 0.431408 0.342586 0.432310 0.341909 0.432310 0.341232 0.433213 0.340555 0.433213 0.339201 0.434116 0.338524 0.434116 0.337847 0.433213 0.337170 0.433213 0.335816 0.432310 0.335139 0.432310 0.334462 0.431408 0.333785 0.430505 0.333785 0.429603 0.333108
1 0.375451 0.362221 0.374549 0.362898 0.372744 0.362898 0.372744 0.363575 0.370939 0.364929 0.370036 0.364929 0.366426 0.367637 0.366426 0.368314 0.365523 0.368991 0.365523 0.370345 0.366426 0.371022 0.366426 0.371699 0.367329 0.372376 0.372744 0.372376 0.373646 0.371699 0.375451 0.371699 0.376354 0.371022 0.377256 0.371022 0.379964 0.368991 0.379964 0.364929 0.376354 0.362221
2 0.588448 0.442112 0.587545 0.442789 0.586643 0.442789 0.585740 0.443466 0.584838 0.443466 0.583935 0.444144 0.583032 0.444144 0.582130 0.444821 0.581227 0.444821 0.580325 0.445498 0.580325 0.449560 0.581227 0.450237 0.582130 0.450237 0.583032 0.450914 0.583935 0.450914 0.587545 0.453622 0.588448 0.453622 0.589350 0.454299 0.591155 0.454299 0.592058 0.454976 0.593863 0.454976 0.594765 0.455653 0.596570 0.455653 0.597473 0.456330 0.606498 0.456330 0.607401 0.455653 0.608303 0.455653 0.608303 0.454976 0.609206 0.454299 0.609206 0.453622 0.610108 0.452945 0.610108 0.448883 0.609206 0.448206 0.609206 0.447529 0.607401 0.446175 0.605596 0.446175 0.604693 0.445498 0.602888 0.445498 0.601986 0.444821 0.601083 0.444821 0.597473 0.442112 0.592960 0.442112 0.592058 0.442789 0.589350 0.442789
2 0.618231 0.444821 0.617329 0.445498 0.616426 0.445498 0.615523 0.446175 0.614621 0.446175 0.613718 0.446852 0.613718 0.447529 0.612816 0.448206 0.612816 0.450237 0.613718 0.450914 0.613718 0.451591 0.614621 0.452268 0.614621 0.452945 0.617329 0.454976 0.618231 0.454976 0.619134 0.455653 0.620036 0.455653 0.620939 0.454976 0.626354 0.454976 0.627256 0.454299 0.629964 0.454299 0.630866 0.453622 0.632671 0.453622 0.633574 0.452945 0.634477 0.452945 0.634477 0.452268 0.635379 0.451591 0.635379 0.447529 0.633574 0.446175 0.631769 0.446175 0.630866 0.445498 0.625451 0.445498 0.624549 0.444821