0 0.535847 0.258621 0.535316 0.259770 0.534785 0.259770 0.534254 0.260920 0.534254 0.262069 0.533723 0.263218 0.533723 0.264368 0.533192 0.265517 0.533192 0.267816 0.532661 0.268966 0.532661 0.273563 0.532130 0.274713 0.532130 0.280460 0.532661 0.281609 0.532661 0.294253 0.532130 0.295402 0.532130 0.296552 0.532661 0.297701 0.532661 0.302299 0.532130 0.303448 0.532130 0.304598 0.532661 0.305747 0.532661 0.313793 0.533192 0.313793 0.533723 0.314943 0.534785 0.314943 0.535316 0.316092 0.537440 0.316092 0.537971 0.314943 0.539565 0.314943 0.540096 0.313793 0.540096 0.282759 0.540627 0.281609 0.540627 0.277011 0.540096 0.275862 0.540096 0.271264 0.539565 0.270115 0.539565 0.259770 0.539033 0.259770 0.538502 0.258621
0 0.227297 0.220690 0.226766 0.221839 0.226235 0.221839 0.225173 0.224138 0.225173 0.225287 0.224642 0.226437 0.224642 0.229885 0.224110 0.231034 0.224110 0.232184 0.223579 0.233333 0.223579 0.234483 0.223048 0.235632 0.223048 0.236782 0.222517 0.237931 0.222517 0.239080 0.221986 0.240230 0.221986 0.241379 0.221455 0.242529 0.221455 0.244828 0.220924 0.245977 0.220924 0.266667 0.221455 0.267816 0.221455 0.272414 0.221986 0.273563 0.221986 0.279310 0.222517 0.280460 0.222517 0.301149 0.221986 0.302299 0.221986 0.306897 0.222517 0.308046 0.222517 0.312644 0.223048 0.313793 0.223048 0.314943 0.223579 0.316092 0.224642 0.316092 0.225173 0.317241 0.229421 0.317241 0.230483 0.314943 0.231545 0.314943 0.232076 0.313793 0.232608 0.313793 0.234201 0.310345 0.234201 0.308046 0.234732 0.306897 0.234732 0.304598 0.235263 0.303448 0.235263 0.294253 0.234732 0.293103 0.234732 0.285057 0.234201 0.283908 0.234201 0.262069 0.234732 0.260920 0.234732 0.259770 0.237387 0.254023 0.236856 0.252874 0.236856 0.251724 0.235263 0.248276 0.235263 0.247126 0.234732 0.245977 0.234732 0.244828 0.234201 0.243678 0.234201 0.241379 0.233670 0.240230 0.233670 0.235632 0.234201 0.234483 0.234201 0.233333 0.233670 0.232184 0.233670 0.226437 0.231545 0.221839 0.231014 0.221839 0.230483 0.220690
0 0.494424 0.258621 0.494424 0.259770 0.493893 0.260920 0.493893 0.262069 0.492831 0.264368 0.492831 0.265517 0.492300 0.266667 0.492300 0.267816 0.491768 0.268966 0.491768 0.281609 0.492300 0.282759 0.492300 0.306897 0.492831 0.306897 0.493362 0.308046 0.496548 0.308046 0.497079 0.306897 0.497610 0.306897 0.497610 0.305747 0.498141 0.304598 0.498141 0.302299 0.498672 0.301149 0.498672 0.297701 0.498141 0.296552 0.498672 0.295402 0.498672 0.262069 0.498141 0.260920 0.498141 0.259770 0.497610 0.258621
0 0.768455 0.255172 0.767924 0.256322 0.765268 0.256322 0.764737 0.257471 0.764206 0.257471 0.763675 0.258621 0.763144 0.258621 0.762613 0.259770 0.762082 0.259770 0.759958 0.264368 0.759426 0.264368 0.758895 0.265517 0.758895 0.266667 0.758364 0.267816 0.758364 0.268966 0.757833 0.270115 0.757833 0.271264 0.757302 0.272414 0.757302 0.273563 0.756240 0.275862 0.756240 0.277011 0.755709 0.278161 0.755709 0.279310 0.754647 0.281609 0.754647 0.282759 0.753054 0.286207 0.753054 0.287356 0.751460 0.290805 0.751460 0.291954 0.749336 0.296552 0.749336 0.297701 0.747212 0.302299 0.746681 0.302299 0.745088 0.305747 0.744557 0.305747 0.741901 0.311494 0.741370 0.311494 0.740308 0.313793 0.740839 0.314943 0.740839 0.316092 0.741370 0.317241 0.741901 0.317241 0.742432 0.318391 0.742963 0.318391 0.744025 0.320690 0.744025 0.322989 0.744557 0.324138 0.744025 0.325287 0.744025 0.326437 0.743494 0.327586 0.743494 0.328736 0.742963 0.329885 0.742963 0.331034 0.742432 0.332184 0.742432 0.333333 0.741901 0.334483 0.741901 0.335632 0.741370 0.336782 0.741370 0.337931 0.740839 0.339080 0.740839 0.340230 0.740308 0.341379 0.740308 0.342529 0.739777 0.343678 0.739777 0.344828 0.738715 0.347126 0.738715 0.348276 0.737653 0.350575 0.737653 0.352874 0.737122 0.354023 0.737122 0.356322 0.736591 0.357471 0.736591 0.359770 0.736059 0.360920 0.736059 0.362069 0.735528 0.363218 0.735528 0.364368 0.734997 0.365517 0.734997 0.366667 0.734466 0.367816 0.734466 0.370115 0.733935 0.371264 0.733935 0.380460 0.734466 0.381609 0.734466 0.383908 0.733935 0.385057 0.733935 0.387356 0.733404 0.388506 0.733404 0.389655 0.732873 0.390805 0.732873 0.391954 0.732342 0.393103 0.732342 0.395402 0.731811 0.396552 0.731811 0.401149 0.731280 0.402299 0.731280 0.405747 0.730749 0.406897 0.730749 0.417241 0.731280 0.418391 0.731280 0.424138 0.731811 0.425287 0.731811 0.432184 0.732342 0.433333 0.732342 0.434483 0.732873 0.435632 0.732873 0.437931 0.733404 0.439080 0.733404 0.440230 0.733935 0.441379 0.733935 0.442529 0.734466 0.442529 0.737122 0.448276 0.737122 0.449425 0.738184 0.451724 0.738184 0.452874 0.738715 0.454023 0.738715 0.465517 0.738184 0.466667 0.738184 0.467816 0.736591 0.471264 0.736059 0.471264 0.734997 0.473563 0.734466 0.473563 0.733935 0.474713 0.733404 0.474713 0.732342 0.477011 0.731811 0.477011 0.731280 0.478161 0.730749 0.478161 0.730218 0.479310 0.729687 0.479310 0.728625 0.481609 0.728093 0.481609 0.727562 0.482759 0.727031 0.482759 0.725969 0.485057 0.725438 0.485057 0.724907 0.486207 0.724376 0.486207 0.723845 0.487356 0.723314 0.487356 0.722783 0.488506 0.722252 0.488506 0.721721 0.489655 0.721190 0.489655 0.720659 0.490805 0.719065 0.490805 0.718534 0.491954 0.716941 0.491954 0.716410 0.493103 0.712693 0.493103 0.712161 0.494253 0.711630 0.494253 0.710037 0.497701 0.710037 0.501149 0.710568 0.502299 0.710568 0.503448 0.711099 0.504598 0.711099 0.505747 0.711630 0.506897 0.711630 0.508046 0.712161 0.509195 0.712161 0.510345 0.712693 0.511494 0.712693 0.512644 0.713224 0.513793 0.713224 0.514943 0.713755 0.516092 0.713755 0.517241 0.714817 0.519540 0.714817 0.521839 0.716410 0.525287 0.716410 0.526437 0.716941 0.527586 0.717472 0.527586 0.718003 0.528736 0.718534 0.528736 0.719065 0.529885 0.719596 0.529885 0.720127 0.531034 0.720659 0.531034 0.721190 0.529885 0.721721 0.529885 0.722252 0.528736 0.722252 0.524138 0.722783 0.522989 0.722783 0.511494 0.723845 0.509195 0.732342 0.509195 0.732873 0.510345 0.733404 0.510345 0.733935 0.511494 0.733935 0.518391 0.733404 0.519540 0.733404 0.522989 0.732873 0.524138 0.732873 0.525287 0.732342 0.526437 0.732342 0.529885 0.731811 0.531034 0.731811 0.532184 0.731280 0.533333 0.731280 0.534483 0.730749 0.535632 0.730749 0.537931 0.730218 0.539080 0.730218 0.540230 0.729687 0.541379 0.729687 0.542529 0.728625 0.544828 0.728625 0.545977 0.727562 0.548276 0.727562 0.549425 0.727031 0.550575 0.727031 0.551724 0.726500 0.552874 0.726500 0.556322 0.727031 0.557471 0.727031 0.558621 0.727562 0.559770 0.728093 0.559770 0.729156 0.562069 0.730218 0.562069 0.730749 0.563218 0.732342 0.563218 0.732873 0.564368 0.734997 0.564368 0.735528 0.565517 0.738184 0.565517 0.738715 0.566667 0.747212 0.566667 0.747743 0.565517 0.748274 0.565517 0.748274 0.564368 0.748805 0.563218 0.748274 0.562069 0.748274 0.560920 0.747743 0.559770 0.747212 0.559770 0.745619 0.556322 0.745619 0.555172 0.744557 0.552874 0.744025 0.552874 0.743494 0.551724 0.742963 0.551724 0.741901 0.549425 0.741901 0.548276 0.741370 0.547126 0.741370 0.544828 0.741901 0.543678 0.741901 0.542529 0.742432 0.541379 0.742432 0.540230 0.742963 0.539080 0.742963 0.537931 0.744557 0.534483 0.744557 0.533333 0.745088 0.532184 0.745088 0.531034 0.745619 0.529885 0.745619 0.528736 0.746681 0.526437 0.746681 0.525287 0.747743 0.522989 0.747743 0.521839 0.749336 0.518391 0.749336 0.517241 0.750398 0.514943 0.750929 0.514943 0.752523 0.511494 0.753054 0.511494 0.753585 0.510345 0.753585 0.509195 0.754647 0.506897 0.754647 0.505747 0.755178 0.504598 0.755178 0.502299 0.755709 0.501149 0.755709 0.493103 0.756240 0.491954 0.756240 0.487356 0.756771 0.486207 0.756771 0.472414 0.756240 0.471264 0.756240 0.460920 0.758364 0.456322 0.758364 0.452874 0.760489 0.448276 0.760489 0.445977 0.759958 0.444828 0.759958 0.443678 0.759426 0.442529 0.759426 0.441379 0.758895 0.440230 0.758895 0.435632 0.761551 0.429885 0.762082 0.429885 0.762082 0.428736 0.765268 0.421839 0.765268 0.419540 0.765799 0.418391 0.765799 0.417241 0.766861 0.414943 0.766861 0.413793 0.767392 0.412644 0.767392 0.411494 0.767924 0.410345 0.767924 0.409195 0.768455 0.408046 0.768455 0.406897 0.768986 0.405747 0.768986 0.398851 0.769517 0.397701 0.769517 0.391954 0.770048 0.390805 0.770048 0.383908 0.770579 0.382759 0.770579 0.378161 0.771110 0.377011 0.771110 0.371264 0.771641 0.370115 0.771641 0.366667 0.772172 0.365517 0.772172 0.356322 0.771641 0.355172 0.771641 0.354023 0.771110 0.352874 0.771110 0.351724 0.770048 0.349425 0.770048 0.348276 0.769517 0.347126 0.769517 0.345977 0.768986 0.344828 0.768986 0.342529 0.768455 0.341379 0.768455 0.340230 0.767924 0.339080 0.767924 0.335632 0.767392 0.334483 0.767392 0.327586 0.767924 0.326437 0.767924 0.325287 0.768986 0.322989 0.769517 0.322989 0.770579 0.320690 0.771110 0.320690 0.771110 0.319540 0.772172 0.317241 0.772703 0.317241 0.772703 0.316092 0.773234 0.314943 0.773234 0.313793 0.774296 0.311494 0.774296 0.310345 0.775358 0.308046 0.775358 0.306897 0.775890 0.305747 0.775890 0.302299 0.776421 0.301149 0.776421 0.300000 0.777483 0.297701 0.778014 0.297701 0.778545 0.296552 0.779076 0.296552 0.779607 0.295402 0.780138 0.295402 0.781200 0.293103 0.781200 0.290805 0.780669 0.289655 0.780669 0.286207 0.780138 0.285057 0.780138 0.274713 0.779607 0.273563 0.779607 0.267816 0.779076 0.266667 0.779076 0.265517 0.778545 0.264368 0.778545 0.263218 0.776421 0.258621 0.775890 0.258621 0.775358 0.257471 0.774827 0.257471 0.774296 0.256322 0.772703 0.256322 0.772172 0.255172
0 0.039830 0.198851 0.039299 0.200000 0.038768 0.200000 0.037175 0.203448 0.037175 0.204598 0.036644 0.205747 0.036644 0.206897 0.036113 0.208046 0.036113 0.218391 0.035582 0.219540 0.036113 0.220690 0.036113 0.224138 0.036644 0.225287 0.036644 0.227586 0.036113 0.228736 0.036113 0.231034 0.035050 0.233333 0.035050 0.234483 0.033457 0.237931 0.033457 0.239080 0.032395 0.241379 0.032395 0.242529 0.031864 0.243678 0.031864 0.244828 0.030802 0.247126 0.030802 0.249425 0.030271 0.250575 0.030271 0.258621 0.030802 0.259770 0.030802 0.260920 0.031864 0.263218 0.032395 0.263218 0.032926 0.264368 0.033457 0.264368 0.035050 0.267816 0.035050 0.268966 0.035582 0.270115 0.035582 0.282759 0.036113 0.283908 0.036113 0.289655 0.036644 0.290805 0.036644 0.291954 0.038768 0.296552 0.039299 0.296552 0.041423 0.301149 0.041423 0.303448 0.041954 0.304598 0.041954 0.308046 0.042485 0.309195 0.042485 0.312644 0.043016 0.313793 0.043016 0.316092 0.043548 0.317241 0.043548 0.318391 0.044079 0.319540 0.044079 0.321839 0.044610 0.322989 0.044610 0.325287 0.045141 0.326437 0.045141 0.327586 0.046734 0.331034 0.046734 0.334483 0.047265 0.335632 0.047265 0.339080 0.047796 0.340230 0.047796 0.342529 0.048327 0.343678 0.048327 0.345977 0.048858 0.347126 0.048858 0.348276 0.049920 0.350575 0.049920 0.351724 0.050451 0.352874 0.050982 0.352874 0.052045 0.355172 0.052576 0.355172 0.053107 0.356322 0.057355 0.356322 0.057886 0.355172 0.058417 0.355172 0.059480 0.352874 0.060011 0.352874 0.060542 0.351724 0.065852 0.351724 0.066383 0.352874 0.067977 0.352874 0.068508 0.351724 0.068508 0.350575 0.069039 0.349425 0.069039 0.348276 0.070101 0.345977 0.070101 0.344828 0.070632 0.343678 0.070632 0.336782 0.070101 0.335632 0.070101 0.334483 0.069570 0.333333 0.069570 0.331034 0.068508 0.328736 0.068508 0.327586 0.067977 0.326437 0.067977 0.325287 0.066383 0.321839 0.066383 0.320690 0.065852 0.319540 0.065852 0.318391 0.065321 0.317241 0.065321 0.288506 0.064790 0.287356 0.064790 0.285057 0.064259 0.283908 0.064259 0.279310 0.063728 0.278161 0.063728 0.275862 0.063197 0.274713 0.063197 0.267816 0.062666 0.266667 0.062666 0.259770 0.062135 0.258621 0.062135 0.248276 0.061604 0.247126 0.061604 0.237931 0.061073 0.236782 0.061073 0.233333 0.060542 0.232184 0.060542 0.229885 0.060011 0.228736 0.060011 0.227586 0.056824 0.220690 0.056293 0.220690 0.055762 0.219540 0.055231 0.219540 0.054700 0.218391 0.054169 0.218391 0.053107 0.216092 0.053107 0.210345 0.052576 0.209195 0.052576 0.208046 0.050982 0.204598 0.046203 0.204598 0.045672 0.203448 0.045141 0.203448 0.044610 0.202299 0.044079 0.202299 0.043548 0.201149 0.042485 0.201149 0.041954 0.200000 0.040361 0.200000
0 0.265003 0.273563 0.263409 0.277011 0.262878 0.277011 0.260754 0.281609 0.260223 0.281609 0.258630 0.285057 0.258630 0.287356 0.258099 0.288506 0.258099 0.291954 0.258630 0.293103 0.258630 0.313793 0.259161 0.313793 0.259692 0.314943 0.260223 0.314943 0.260754 0.316092 0.261285 0.316092 0.261816 0.317241 0.267658 0.317241 0.268189 0.318391 0.268720 0.318391 0.269251 0.317241 0.270313 0.317241 0.270313 0.316092 0.270844 0.314943 0.270844 0.313793 0.274031 0.306897 0.274031 0.305747 0.275093 0.303448 0.275093 0.297701 0.274562 0.296552 0.274562 0.294253 0.274031 0.293103 0.274031 0.291954 0.273500 0.290805 0.273500 0.289655 0.272969 0.288506 0.272969 0.287356 0.271375 0.283908 0.270844 0.283908 0.269782 0.281609 0.269251 0.281609 0.267658 0.278161 0.267658 0.277011 0.267127 0.275862 0.266596 0.275862 0.265534 0.273563
0 0.389272 0.226437 0.386617 0.232184 0.386617 0.233333 0.386086 0.234483 0.386086 0.235632 0.385555 0.236782 0.385555 0.237931 0.384493 0.240230 0.383962 0.240230 0.382900 0.242529 0.382900 0.243678 0.382369 0.244828 0.382369 0.245977 0.381837 0.247126 0.381837 0.250575 0.381306 0.251724 0.381306 0.254023 0.380775 0.255172 0.380775 0.256322 0.380244 0.257471 0.380244 0.258621 0.379713 0.259770 0.379713 0.262069 0.379182 0.263218 0.379182 0.265517 0.378651 0.266667 0.378651 0.271264 0.378120 0.272414 0.378120 0.282759 0.377589 0.283908 0.377589 0.308046 0.378120 0.309195 0.378120 0.313793 0.378651 0.314943 0.378651 0.325287 0.379182 0.326437 0.379182 0.328736 0.379713 0.329885 0.379713 0.331034 0.381306 0.334483 0.381306 0.335632 0.381837 0.336782 0.381837 0.340230 0.382369 0.341379 0.382369 0.348276 0.382900 0.349425 0.382900 0.355172 0.380244 0.360920 0.380244 0.365517 0.381306 0.367816 0.381306 0.368966 0.381837 0.370115 0.381837 0.371264 0.382369 0.372414 0.382369 0.375862 0.382900 0.377011 0.382900 0.381609 0.383431 0.382759 0.383431 0.402299 0.387148 0.402299 0.388741 0.398851 0.388741 0.371264 0.390335 0.367816 0.390866 0.367816 0.391397 0.366667 0.391928 0.366667 0.392459 0.365517 0.393521 0.365517 0.394052 0.364368 0.395114 0.364368 0.395645 0.363218 0.396707 0.363218 0.397238 0.362069 0.398301 0.362069 0.399894 0.358621 0.400425 0.358621 0.400425 0.357471 0.400956 0.356322 0.400956 0.341379 0.400425 0.340230 0.400425 0.335632 0.399894 0.334483 0.399894 0.326437 0.399363 0.325287 0.399363 0.320690 0.399894 0.319540 0.399894 0.318391 0.400425 0.317241 0.400425 0.314943 0.400956 0.313793 0.400956 0.312644 0.400425 0.311494 0.400425 0.309195 0.399894 0.308046 0.399894 0.306897 0.399363 0.305747 0.399363 0.303448 0.398832 0.302299 0.398832 0.298851 0.398301 0.297701 0.398301 0.294253 0.397770 0.293103 0.397770 0.287356 0.397238 0.286207 0.397238 0.283908 0.396707 0.282759 0.396707 0.277011 0.396176 0.275862 0.396176 0.263218 0.395645 0.262069 0.395645 0.259770 0.396176 0.258621 0.396176 0.254023 0.397238 0.251724 0.397238 0.250575 0.398301 0.248276 0.398301 0.244828 0.398832 0.243678 0.398832 0.240230 0.398301 0.239080 0.398301 0.236782 0.397770 0.235632 0.397770 0.233333 0.397238 0.232184 0.397238 0.231034 0.395645 0.227586 0.395114 0.227586 0.394583 0.226437
0 0.515135 0.258621 0.514604 0.259770 0.514073 0.259770 0.513011 0.262069 0.513011 0.263218 0.512480 0.264368 0.512480 0.271264 0.511949 0.272414 0.511949 0.277011 0.511418 0.278161 0.511418 0.282759 0.511949 0.283908 0.511949 0.310345 0.512480 0.310345 0.513011 0.311494 0.513542 0.311494 0.514073 0.312644 0.515666 0.312644 0.516198 0.311494 0.516198 0.310345 0.516729 0.309195 0.516729 0.296552 0.517260 0.295402 0.517260 0.289655 0.517791 0.288506 0.517791 0.285057 0.518322 0.283908 0.518322 0.282759 0.518853 0.281609 0.518853 0.277011 0.518322 0.275862 0.518322 0.272414 0.517791 0.271264 0.517791 0.265517 0.517260 0.264368 0.517260 0.263218 0.516729 0.262069 0.516729 0.260920 0.516198 0.259770 0.515666 0.259770
0 0.831121 0.289655 0.830058 0.291954 0.829527 0.291954 0.828996 0.293103 0.828465 0.293103 0.826872 0.296552 0.826341 0.296552 0.826341 0.297701 0.825279 0.300000 0.825279 0.301149 0.824217 0.303448 0.824217 0.304598 0.823686 0.305747 0.823686 0.309195 0.823155 0.310345 0.823155 0.311494 0.823686 0.312644 0.823686 0.316092 0.824217 0.317241 0.824217 0.324138 0.823686 0.325287 0.823686 0.328736 0.823155 0.329885 0.823155 0.331034 0.819437 0.339080 0.819437 0.340230 0.818906 0.341379 0.818906 0.342529 0.817313 0.345977 0.817313 0.347126 0.816251 0.349425 0.816251 0.350575 0.815189 0.352874 0.815189 0.354023 0.814657 0.355172 0.814657 0.356322 0.812002 0.362069 0.811471 0.362069 0.811471 0.364368 0.810940 0.365517 0.810940 0.366667 0.810409 0.367816 0.810409 0.368966 0.808816 0.372414 0.808816 0.373563 0.807754 0.375862 0.807754 0.377011 0.807223 0.378161 0.807223 0.379310 0.804567 0.385057 0.804036 0.385057 0.803505 0.386207 0.802974 0.386207 0.801912 0.388506 0.801381 0.388506 0.799788 0.391954 0.799788 0.393103 0.799257 0.394253 0.799257 0.397701 0.798725 0.398851 0.798725 0.401149 0.799257 0.402299 0.799257 0.404598 0.799788 0.405747 0.799788 0.406897 0.801381 0.406897 0.801912 0.405747 0.802443 0.405747 0.802974 0.404598 0.803505 0.404598 0.804567 0.402299 0.804567 0.401149 0.805098 0.400000 0.805098 0.396552 0.807754 0.390805 0.808285 0.390805 0.808816 0.389655 0.811471 0.389655 0.813064 0.393103 0.813064 0.400000 0.812533 0.401149 0.812533 0.402299 0.812002 0.403448 0.812002 0.404598 0.810940 0.406897 0.810940 0.408046 0.810409 0.409195 0.810409 0.410345 0.809878 0.411494 0.809878 0.413793 0.809347 0.414943 0.809347 0.416092 0.808816 0.417241 0.808816 0.418391 0.808285 0.419540 0.808285 0.420690 0.807754 0.421839 0.807754 0.425287 0.808285 0.426437 0.808285 0.434483 0.808816 0.435632 0.808816 0.441379 0.809347 0.442529 0.809347 0.445977 0.809878 0.447126 0.809878 0.449425 0.810940 0.451724 0.810940 0.452874 0.812533 0.456322 0.812533 0.457471 0.813064 0.458621 0.813064 0.463218 0.813595 0.464368 0.813595 0.466667 0.814126 0.467816 0.814657 0.467816 0.815720 0.470115 0.816782 0.470115 0.817313 0.471264 0.819437 0.471264 0.819968 0.472414 0.821561 0.472414 0.822623 0.470115 0.822623 0.467816 0.823155 0.466667 0.823155 0.464368 0.823686 0.463218 0.823686 0.460920 0.824217 0.459770 0.824217 0.456322 0.824748 0.455172 0.824748 0.451724 0.825279 0.450575 0.825279 0.444828 0.825810 0.443678 0.825810 0.435632 0.825279 0.434483 0.825279 0.432184 0.824748 0.431034 0.824748 0.429885 0.824217 0.428736 0.824217 0.424138 0.824748 0.422989 0.824748 0.421839 0.827934 0.414943 0.828465 0.414943 0.830058 0.411494 0.830589 0.411494 0.831121 0.410345 0.831652 0.410345 0.833776 0.405747 0.834307 0.405747 0.834838 0.404598 0.835369 0.404598 0.836962 0.401149 0.836962 0.400000 0.838555 0.396552 0.838555 0.395402 0.839087 0.394253 0.839087 0.393103 0.839618 0.391954 0.839618 0.390805 0.840149 0.389655 0.840149 0.388506 0.840680 0.387356 0.840680 0.386207 0.841211 0.385057 0.841211 0.383908 0.841742 0.382759 0.841742 0.378161 0.842273 0.377011 0.842273 0.372414 0.842804 0.371264 0.842804 0.367816 0.843335 0.366667 0.843335 0.363218 0.843866 0.362069 0.843866 0.357471 0.844397 0.356322 0.844397 0.347126 0.843866 0.345977 0.843866 0.343678 0.843335 0.342529 0.843335 0.341379 0.842804 0.340230 0.842804 0.339080 0.842273 0.337931 0.842273 0.335632 0.841742 0.334483 0.841742 0.333333 0.840680 0.331034 0.840680 0.329885 0.840149 0.328736 0.840149 0.326437 0.839618 0.325287 0.839618 0.320690 0.840149 0.319540 0.840149 0.317241 0.840680 0.316092 0.840680 0.314943 0.841211 0.313793 0.841211 0.311494 0.841742 0.310345 0.841742 0.309195 0.842273 0.308046 0.842273 0.301149 0.841742 0.300000 0.841742 0.298851 0.841211 0.297701 0.841211 0.296552 0.839618 0.293103 0.839087 0.293103 0.838555 0.291954 0.838024 0.291954 0.837493 0.290805 0.835900 0.290805 0.835369 0.289655
0 0.452469 0.235632 0.451938 0.236782 0.450876 0.236782 0.449814 0.239080 0.449283 0.239080 0.448221 0.241379 0.448221 0.242529 0.447159 0.244828 0.447159 0.245977 0.446097 0.248276 0.446097 0.251724 0.445566 0.252874 0.445566 0.256322 0.445035 0.257471 0.445035 0.267816 0.444503 0.268966 0.444503 0.271264 0.442910 0.274713 0.442379 0.274713 0.441317 0.277011 0.440786 0.277011 0.440255 0.278161 0.439724 0.278161 0.439193 0.279310 0.438662 0.279310 0.437069 0.282759 0.437069 0.283908 0.436537 0.285057 0.436537 0.290805 0.437069 0.291954 0.437069 0.296552 0.436537 0.297701 0.436537 0.298851 0.436006 0.300000 0.436006 0.301149 0.435475 0.302299 0.435475 0.304598 0.434944 0.305747 0.434944 0.349425 0.434413 0.350575 0.434413 0.356322 0.434944 0.357471 0.434944 0.373563 0.435475 0.374713 0.435475 0.383908 0.434944 0.385057 0.434944 0.395402 0.435475 0.396552 0.435475 0.400000 0.436006 0.401149 0.436006 0.418391 0.435475 0.419540 0.435475 0.422989 0.434944 0.424138 0.434944 0.426437 0.434413 0.427586 0.434413 0.428736 0.432289 0.433333 0.432289 0.434483 0.431227 0.436782 0.431227 0.437931 0.428571 0.443678 0.428571 0.444828 0.427509 0.447126 0.427509 0.448276 0.425916 0.451724 0.425916 0.452874 0.424854 0.455172 0.424854 0.456322 0.423792 0.458621 0.423792 0.460920 0.424323 0.462069 0.430696 0.462069 0.431227 0.460920 0.431758 0.460920 0.435475 0.452874 0.436006 0.452874 0.443441 0.436782 0.443441 0.435632 0.443972 0.434483 0.443972 0.433333 0.444503 0.432184 0.444503 0.431034 0.445035 0.429885 0.445035 0.428736 0.445566 0.427586 0.445566 0.425287 0.446097 0.424138 0.446097 0.422989 0.446628 0.421839 0.446628 0.419540 0.447159 0.418391 0.447159 0.416092 0.447690 0.414943 0.447690 0.413793 0.448221 0.412644 0.448221 0.411494 0.449283 0.409195 0.450876 0.412644 0.450876 0.413793 0.451407 0.414943 0.451407 0.417241 0.451938 0.418391 0.451938 0.421839 0.452469 0.422989 0.452469 0.425287 0.453001 0.426437 0.453001 0.429885 0.453532 0.431034 0.453532 0.433333 0.454063 0.434483 0.454063 0.436782 0.454594 0.437931 0.454594 0.444828 0.455125 0.445977 0.455125 0.450575 0.455656 0.451724 0.455656 0.455172 0.456187 0.456322 0.456187 0.477011 0.456718 0.478161 0.456718 0.481609 0.457249 0.482759 0.457249 0.483908 0.457780 0.485057 0.457780 0.486207 0.458311 0.487356 0.458311 0.488506 0.458842 0.489655 0.458842 0.491954 0.458311 0.493103 0.458311 0.498851 0.458842 0.500000 0.458842 0.501149 0.460967 0.505747 0.461498 0.505747 0.462560 0.508046 0.466808 0.508046 0.467339 0.506897 0.467870 0.506897 0.468933 0.504598 0.468933 0.501149 0.468401 0.500000 0.468401 0.497701 0.467339 0.495402 0.467339 0.494253 0.464153 0.487356 0.464153 0.485057 0.463622 0.483908 0.463622 0.459770 0.464153 0.458621 0.464153 0.428736 0.463622 0.427586 0.463622 0.419540 0.463091 0.418391 0.463091 0.404598 0.463622 0.403448 0.463622 0.398851 0.464153 0.397701 0.464153 0.386207 0.463622 0.385057 0.463622 0.380460 0.463091 0.379310 0.463091 0.377011 0.463622 0.375862 0.463091 0.374713 0.463091 0.360920 0.462560 0.359770 0.462560 0.356322 0.462029 0.355172 0.462029 0.345977 0.462560 0.344828 0.462560 0.328736 0.463091 0.327586 0.463091 0.318391 0.463622 0.317241 0.463622 0.301149 0.463091 0.300000 0.463091 0.298851 0.460435 0.293103 0.460435 0.290805 0.459904 0.289655 0.459904 0.287356 0.460435 0.286207 0.460435 0.282759 0.460967 0.281609 0.460967 0.279310 0.461498 0.278161 0.461498 0.272414 0.463622 0.267816 0.464153 0.267816 0.465215 0.265517 0.465215 0.264368 0.464684 0.263218 0.464684 0.260920 0.464153 0.259770 0.464153 0.257471 0.463622 0.256322 0.463622 0.254023 0.463091 0.252874 0.463091 0.249425 0.462560 0.248276 0.462560 0.247126 0.460967 0.243678 0.460967 0.242529 0.459373 0.239080 0.458842 0.239080 0.458311 0.237931 0.457780 0.237931 0.457249 0.236782 0.455656 0.236782 0.455125 0.235632
0 0.272969 0.225287 0.272438 0.226437 0.271907 0.226437 0.271375 0.227586 0.271375 0.228736 0.270844 0.229885 0.270844 0.232184 0.271375 0.233333 0.271375 0.234483 0.271907 0.235632 0.271907 0.236782 0.272969 0.239080 0.273500 0.239080 0.276155 0.244828 0.276155 0.245977 0.276686 0.247126 0.276686 0.255172 0.277217 0.256322 0.277217 0.272414 0.277748 0.273563 0.277748 0.274713 0.278279 0.275862 0.278279 0.277011 0.278810 0.278161 0.278810 0.282759 0.279341 0.283908 0.279341 0.296552 0.279873 0.297701 0.279873 0.306897 0.281466 0.310345 0.285714 0.310345 0.285714 0.309195 0.285183 0.308046 0.285183 0.305747 0.284652 0.304598 0.284652 0.302299 0.285183 0.301149 0.285183 0.300000 0.286245 0.297701 0.286776 0.298851 0.286776 0.300000 0.288370 0.303448 0.288370 0.304598 0.287839 0.305747 0.287839 0.308046 0.286776 0.310345 0.288370 0.310345 0.288901 0.311494 0.293149 0.311494 0.294211 0.309195 0.294211 0.304598 0.293680 0.303448 0.293680 0.302299 0.289963 0.294253 0.289963 0.293103 0.289432 0.291954 0.289432 0.290805 0.287839 0.287356 0.287839 0.282759 0.287307 0.281609 0.287307 0.275862 0.287839 0.274713 0.287839 0.263218 0.287307 0.262069 0.287307 0.257471 0.286776 0.256322 0.286776 0.252874 0.286245 0.251724 0.286245 0.249425 0.285714 0.248276 0.285714 0.245977 0.285183 0.244828 0.285183 0.243678 0.284652 0.242529 0.284652 0.240230 0.284121 0.239080 0.284121 0.236782 0.283590 0.235632 0.283590 0.234483 0.283059 0.233333 0.282528 0.233333 0.281997 0.232184 0.281466 0.232184 0.280935 0.231034 0.280404 0.231034 0.279341 0.228736 0.278810 0.228736 0.277748 0.226437 0.277217 0.226437 0.276686 0.225287
0 0.476899 0.259770 0.476367 0.260920 0.475305 0.260920 0.474774 0.262069 0.474774 0.263218 0.474243 0.264368 0.474243 0.267816 0.473712 0.268966 0.473712 0.271264 0.473181 0.272414 0.473181 0.274713 0.472650 0.275862 0.472650 0.283908 0.473181 0.285057 0.473181 0.290805 0.473712 0.291954 0.473712 0.300000 0.474243 0.300000 0.475836 0.303448 0.476367 0.303448 0.476899 0.304598 0.477430 0.304598 0.477961 0.303448 0.477961 0.302299 0.478492 0.301149 0.478492 0.300000 0.479023 0.298851 0.479023 0.295402 0.479554 0.294253 0.479554 0.287356 0.480085 0.286207 0.480085 0.281609 0.480616 0.280460 0.480616 0.273563 0.480085 0.272414 0.480085 0.270115 0.479554 0.268966 0.479554 0.265517 0.479023 0.264368 0.479023 0.262069 0.478492 0.260920 0.477430 0.260920
0 0.348380 0.277011 0.347849 0.278161 0.347318 0.278161 0.346256 0.280460 0.346256 0.281609 0.344663 0.285057 0.344663 0.288506 0.344132 0.289655 0.344132 0.300000 0.343601 0.301149 0.343601 0.308046 0.343070 0.309195 0.343070 0.316092 0.342539 0.317241 0.342539 0.320690 0.342007 0.321839 0.342007 0.326437 0.341476 0.327586 0.341476 0.333333 0.342007 0.334483 0.345725 0.334483 0.346256 0.333333 0.346256 0.332184 0.347849 0.328736 0.347849 0.327586 0.348380 0.326437 0.348380 0.322989 0.347849 0.321839 0.347849 0.316092 0.348380 0.314943 0.348380 0.312644 0.348911 0.311494 0.348911 0.310345 0.349973 0.308046 0.350505 0.308046 0.351567 0.305747 0.352098 0.305747 0.353691 0.309195 0.353691 0.310345 0.354222 0.311494 0.354222 0.313793 0.354753 0.314943 0.354753 0.316092 0.356346 0.319540 0.356346 0.321839 0.356877 0.322989 0.356877 0.325287 0.357408 0.326437 0.357408 0.333333 0.357939 0.334483 0.358471 0.334483 0.359002 0.335632 0.360064 0.335632 0.360595 0.334483 0.362188 0.334483 0.362719 0.333333 0.362719 0.327586 0.362188 0.326437 0.362188 0.320690 0.361657 0.319540 0.361657 0.316092 0.361126 0.314943 0.361126 0.312644 0.360595 0.311494 0.360595 0.310345 0.360064 0.309195 0.360064 0.308046 0.359533 0.306897 0.359533 0.304598 0.359002 0.303448 0.359002 0.294253 0.358471 0.293103 0.358471 0.291954 0.357939 0.290805 0.357939 0.288506 0.357408 0.287356 0.357408 0.286207 0.355815 0.282759 0.355815 0.281609 0.355284 0.281609 0.354222 0.279310 0.353691 0.279310 0.352629 0.277011
0 0.340945 0.252874 0.340414 0.254023 0.339883 0.254023 0.338821 0.256322 0.338821 0.257471 0.338290 0.258621 0.338290 0.259770 0.337759 0.260920 0.337759 0.263218 0.337228 0.264368 0.337228 0.275862 0.336697 0.277011 0.336697 0.281609 0.337228 0.282759 0.337228 0.285057 0.337759 0.285057 0.338290 0.286207 0.340945 0.286207 0.341476 0.287356 0.342007 0.287356 0.342539 0.286207 0.343601 0.286207 0.344132 0.285057 0.344663 0.285057 0.345725 0.282759 0.345725 0.281609 0.346787 0.279310 0.346787 0.277011 0.347318 0.275862 0.347318 0.266667 0.346787 0.265517 0.346787 0.262069 0.346256 0.260920 0.346256 0.259770 0.345725 0.258621 0.345725 0.257471 0.344132 0.254023 0.343070 0.254023 0.342539 0.252874
0 0.687201 0.274713 0.685608 0.278161 0.685608 0.287356 0.686139 0.288506 0.686139 0.291954 0.686670 0.293103 0.686670 0.294253 0.687732 0.296552 0.687732 0.297701 0.688263 0.298851 0.688263 0.303448 0.688794 0.304598 0.688794 0.325287 0.689326 0.326437 0.689326 0.334483 0.688794 0.335632 0.688794 0.340230 0.688263 0.341379 0.688263 0.351724 0.688794 0.352874 0.688794 0.358621 0.689326 0.359770 0.689326 0.363218 0.690388 0.365517 0.690919 0.365517 0.691450 0.366667 0.691981 0.366667 0.692512 0.367816 0.693043 0.367816 0.693574 0.368966 0.694105 0.368966 0.696760 0.374713 0.696760 0.375862 0.697823 0.378161 0.697823 0.379310 0.698354 0.380460 0.698354 0.381609 0.698885 0.382759 0.698885 0.383908 0.699416 0.385057 0.699416 0.386207 0.699947 0.387356 0.699947 0.388506 0.700478 0.389655 0.700478 0.390805 0.701540 0.393103 0.701540 0.394253 0.701009 0.395402 0.701009 0.398851 0.700478 0.400000 0.701009 0.401149 0.703133 0.401149 0.703664 0.400000 0.704195 0.400000 0.706851 0.394253 0.706851 0.390805 0.706320 0.389655 0.706320 0.387356 0.705789 0.386207 0.705789 0.385057 0.705258 0.383908 0.705258 0.382759 0.704727 0.381609 0.704727 0.379310 0.704195 0.378161 0.704195 0.377011 0.703664 0.375862 0.703664 0.374713 0.702602 0.372414 0.702602 0.371264 0.702071 0.370115 0.702071 0.367816 0.701540 0.366667 0.701540 0.364368 0.701009 0.363218 0.701009 0.362069 0.700478 0.360920 0.700478 0.358621 0.699947 0.357471 0.699947 0.336782 0.700478 0.335632 0.700478 0.326437 0.701009 0.325287 0.701009 0.308046 0.700478 0.306897 0.700478 0.304598 0.699416 0.302299 0.699416 0.301149 0.698354 0.298851 0.698354 0.297701 0.696760 0.294253 0.696760 0.293103 0.696229 0.291954 0.696229 0.290805 0.696760 0.289655 0.696229 0.288506 0.696229 0.286207 0.694105 0.281609 0.694105 0.280460 0.693574 0.279310 0.693574 0.278161 0.691981 0.274713
1 0.688263 0.273563 0.687732 0.274713 0.686670 0.274713 0.685608 0.277011 0.685608 0.278161 0.685077 0.279310 0.685077 0.282759 0.685608 0.283908 0.685608 0.285057 0.686139 0.286207 0.687201 0.286207 0.687732 0.287356 0.690388 0.287356 0.690919 0.286207 0.691981 0.286207 0.693574 0.282759 0.693574 0.278161 0.691981 0.274713 0.690388 0.274713 0.689857 0.273563
1 0.227297 0.220690 0.226766 0.221839 0.226235 0.221839 0.225704 0.222989 0.225704 0.225287 0.225173 0.226437 0.225173 0.227586 0.225704 0.228736 0.225704 0.232184 0.226235 0.233333 0.226766 0.233333 0.227297 0.234483 0.227828 0.234483 0.228359 0.235632 0.229952 0.235632 0.230483 0.236782 0.231014 0.235632 0.232608 0.235632 0.233139 0.234483 0.233139 0.233333 0.233670 0.232184 0.233670 0.227586 0.233139 0.226437 0.233139 0.225287 0.231545 0.221839 0.231014 0.221839 0.230483 0.220690
1 0.252788 0.111494 0.252257 0.112644 0.251726 0.112644 0.251726 0.113793 0.251195 0.114943 0.251195 0.117241 0.250664 0.118391 0.250664 0.119540 0.251195 0.119540 0.251726 0.120690 0.252257 0.120690 0.252788 0.121839 0.253850 0.121839 0.254381 0.122989 0.257037 0.122989 0.257568 0.121839 0.258630 0.121839 0.259692 0.119540 0.258630 0.117241 0.258630 0.116092 0.257037 0.112644 0.256506 0.112644 0.255975 0.111494
1 0.038237 0.198851 0.037706 0.200000 0.037175 0.200000 0.036113 0.202299 0.036113 0.220690 0.036644 0.221839 0.036644 0.222989 0.038768 0.227586 0.039299 0.227586 0.039830 0.228736 0.042485 0.228736 0.043016 0.229885 0.044079 0.229885 0.044610 0.231034 0.045141 0.231034 0.045672 0.232184 0.046203 0.232184 0.047796 0.235632 0.047796 0.236782 0.048327 0.236782 0.048858 0.237931 0.049389 0.237931 0.049920 0.239080 0.054700 0.239080 0.055231 0.240230 0.057886 0.240230 0.058417 0.239080 0.060542 0.239080 0.060542 0.237931 0.061073 0.236782 0.061073 0.232184 0.060542 0.231034 0.060542 0.227586 0.059480 0.225287 0.059480 0.224138 0.058417 0.221839 0.058417 0.220690 0.057355 0.218391 0.057355 0.217241 0.055231 0.212644 0.055231 0.206897 0.053107 0.202299 0.052576 0.202299 0.052045 0.201149 0.051514 0.201149 0.050982 0.200000 0.048858 0.200000 0.048327 0.198851
1 0.514073 0.259770 0.513011 0.262069 0.513011 0.263218 0.512480 0.264368 0.512480 0.265517 0.513011 0.266667 0.513011 0.267816 0.513542 0.267816 0.514073 0.268966 0.516729 0.268966 0.517791 0.266667 0.517791 0.264368 0.517260 0.263218 0.517260 0.262069 0.516198 0.259770
1 0.494955 0.256322 0.493893 0.258621 0.493893 0.260920 0.493362 0.262069 0.493362 0.263218 0.492831 0.264368 0.492831 0.265517 0.493893 0.267816 0.497610 0.267816 0.498141 0.266667 0.498672 0.266667 0.499203 0.265517 0.499203 0.264368 0.499734 0.263218 0.499734 0.260920 0.499203 0.259770 0.499203 0.258621 0.498141 0.256322
1 0.274562 0.224138 0.274031 0.225287 0.272438 0.225287 0.271907 0.226437 0.271375 0.226437 0.270313 0.228736 0.270313 0.233333 0.270844 0.234483 0.270844 0.235632 0.271375 0.236782 0.271907 0.236782 0.272438 0.237931 0.272969 0.236782 0.274562 0.236782 0.275093 0.235632 0.276155 0.235632 0.278279 0.231034 0.278279 0.227586 0.277217 0.225287 0.276686 0.225287 0.276155 0.224138
1 0.037175 0.197701 0.036644 0.198851 0.036113 0.198851 0.035582 0.200000 0.035582 0.201149 0.035050 0.202299 0.035050 0.218391 0.035582 0.219540 0.035582 0.220690 0.037175 0.224138 0.037706 0.224138 0.038768 0.226437 0.044079 0.226437 0.045672 0.222989 0.045672 0.219540 0.047265 0.216092 0.050451 0.216092 0.050982 0.214943 0.051514 0.214943 0.052045 0.213793 0.052576 0.213793 0.052576 0.205747 0.050982 0.202299 0.049920 0.202299 0.049389 0.201149 0.046734 0.201149 0.045672 0.198851 0.044610 0.198851 0.044079 0.197701
1 0.247477 0.352874 0.246946 0.354023 0.245884 0.354023 0.245353 0.355172 0.244822 0.355172 0.244822 0.357471 0.244291 0.358621 0.244291 0.364368 0.244822 0.365517 0.244822 0.366667 0.245353 0.366667 0.245884 0.367816 0.246946 0.367816 0.247477 0.368966 0.248540 0.368966 0.249071 0.367816 0.250664 0.367816 0.251195 0.366667 0.252257 0.366667 0.252788 0.365517 0.253319 0.365517 0.254381 0.363218 0.254381 0.362069 0.253850 0.360920 0.253850 0.359770 0.251726 0.355172 0.251195 0.355172 0.250664 0.354023 0.249602 0.354023 0.249071 0.352874
1 0.476367 0.259770 0.475836 0.260920 0.474774 0.260920 0.474774 0.263218 0.474243 0.264368 0.474243 0.265517 0.474774 0.266667 0.478492 0.266667 0.479023 0.265517 0.479023 0.260920 0.478492 0.260920 0.477961 0.259770
1 0.451938 0.235632 0.451407 0.236782 0.450876 0.236782 0.450345 0.237931 0.449814 0.237931 0.446628 0.244828 0.446628 0.245977 0.446097 0.247126 0.446097 0.249425 0.445566 0.250575 0.445566 0.252874 0.445035 0.254023 0.445035 0.271264 0.446097 0.273563 0.446628 0.273563 0.447690 0.275862 0.448221 0.275862 0.448752 0.277011 0.451938 0.277011 0.452469 0.275862 0.453532 0.275862 0.454594 0.273563 0.455125 0.273563 0.455656 0.272414 0.456718 0.272414 0.457780 0.270115 0.458311 0.270115 0.458842 0.268966 0.460967 0.268966 0.461498 0.267816 0.463622 0.267816 0.464153 0.266667 0.464684 0.266667 0.465746 0.264368 0.465215 0.263218 0.465215 0.260920 0.464684 0.259770 0.464684 0.258621 0.464153 0.257471 0.464153 0.256322 0.463622 0.255172 0.463622 0.252874 0.463091 0.251724 0.463091 0.248276 0.462560 0.247126 0.462560 0.245977 0.460435 0.241379 0.460435 0.240230 0.459904 0.239080 0.459373 0.239080 0.458842 0.237931 0.457780 0.237931 0.457249 0.236782 0.456718 0.236782 0.456187 0.235632
1 0.767924 0.255172 0.767392 0.256322 0.765268 0.256322 0.764737 0.257471 0.764206 0.257471 0.763675 0.258621 0.763144 0.258621 0.762613 0.259770 0.762082 0.259770 0.761551 0.260920 0.761020 0.260920 0.758364 0.266667 0.758364 0.268966 0.757833 0.270115 0.757833 0.271264 0.757302 0.272414 0.757302 0.273563 0.756240 0.275862 0.756240 0.277011 0.755178 0.279310 0.755178 0.280460 0.754647 0.281609 0.754647 0.282759 0.755709 0.285057 0.756240 0.285057 0.756771 0.286207 0.757302 0.286207 0.757833 0.287356 0.758364 0.287356 0.758895 0.288506 0.759958 0.288506 0.760489 0.289655 0.762613 0.289655 0.763144 0.290805 0.764737 0.290805 0.765268 0.291954 0.767392 0.291954 0.767924 0.293103 0.770579 0.293103 0.771110 0.294253 0.774827 0.294253 0.775358 0.295402 0.779607 0.295402 0.780138 0.294253 0.780669 0.294253 0.781200 0.293103 0.781200 0.289655 0.780669 0.288506 0.780669 0.283908 0.780138 0.282759 0.780138 0.272414 0.779607 0.271264 0.779607 0.267816 0.779076 0.266667 0.779076 0.264368 0.778014 0.262069 0.778014 0.260920 0.777483 0.259770 0.776952 0.259770 0.775890 0.257471 0.775358 0.257471 0.774827 0.256322 0.773765 0.256322 0.773234 0.255172
1 0.340945 0.252874 0.340414 0.254023 0.339883 0.254023 0.339352 0.255172 0.339352 0.256322 0.338821 0.257471 0.338821 0.259770 0.338290 0.260920 0.338290 0.265517 0.338821 0.265517 0.339352 0.266667 0.341476 0.266667 0.342007 0.267816 0.345194 0.267816 0.345725 0.266667 0.345725 0.265517 0.346256 0.264368 0.346256 0.260920 0.345725 0.259770 0.345725 0.258621 0.344663 0.256322 0.344663 0.255172 0.344132 0.255172 0.343601 0.254023 0.343070 0.254023 0.342539 0.252874
1 0.390335 0.225287 0.389804 0.226437 0.389272 0.226437 0.386086 0.233333 0.386086 0.239080 0.387148 0.241379 0.388210 0.241379 0.388741 0.242529 0.390335 0.242529 0.390866 0.243678 0.391928 0.243678 0.392459 0.244828 0.392990 0.244828 0.393521 0.245977 0.394052 0.245977 0.394583 0.247126 0.395645 0.247126 0.396176 0.248276 0.397770 0.248276 0.398832 0.245977 0.398832 0.237931 0.398301 0.236782 0.398301 0.234483 0.397770 0.233333 0.397770 0.232184 0.395114 0.226437 0.394052 0.226437 0.393521 0.225287
1 0.830589 0.289655 0.829527 0.291954 0.828996 0.291954 0.828465 0.293103 0.827934 0.293103 0.825279 0.298851 0.825279 0.300000 0.824217 0.302299 0.824217 0.303448 0.823686 0.304598 0.823686 0.305747 0.823155 0.306897 0.823155 0.309195 0.822623 0.310345 0.823155 0.310345 0.823686 0.311494 0.826341 0.311494 0.826872 0.310345 0.827934 0.310345 0.828465 0.309195 0.830058 0.309195 0.830589 0.308046 0.836431 0.308046 0.836962 0.309195 0.837493 0.309195 0.838024 0.310345 0.841211 0.310345 0.841742 0.311494 0.841742 0.310345 0.842273 0.309195 0.842273 0.308046 0.842804 0.306897 0.842804 0.302299 0.842273 0.301149 0.842273 0.300000 0.841742 0.298851 0.841742 0.297701 0.839087 0.291954 0.838555 0.291954 0.838024 0.290805 0.836431 0.290805 0.835900 0.289655
1 0.535847 0.258621 0.535316 0.259770 0.534785 0.259770 0.534254 0.260920 0.534254 0.262069 0.533723 0.263218 0.533723 0.266667 0.534254 0.267816 0.534785 0.267816 0.535316 0.268966 0.537971 0.268966 0.538502 0.267816 0.539565 0.267816 0.539565 0.263218 0.540096 0.262069 0.539565 0.260920 0.539565 0.259770 0.539033 0.259770 0.538502 0.258621
1 0.265534 0.270115 0.265003 0.271264 0.264472 0.271264 0.263941 0.272414 0.263409 0.272414 0.263409 0.273563 0.262878 0.274713 0.262878 0.277011 0.262347 0.278161 0.263409 0.280460 0.263941 0.280460 0.264472 0.281609 0.268189 0.281609 0.268720 0.280460 0.268720 0.274713 0.267658 0.272414 0.267127 0.272414 0.266596 0.271264 0.266065 0.271264
2 0.727562 0.547126 0.727031 0.548276 0.727031 0.550575 0.726500 0.551724 0.726500 0.558621 0.727031 0.559770 0.727031 0.560920 0.727562 0.560920 0.728093 0.562069 0.728625 0.562069 0.729156 0.563218 0.730218 0.563218 0.730749 0.564368 0.732873 0.564368 0.733404 0.565517 0.734997 0.565517 0.735528 0.566667 0.738184 0.566667 0.738715 0.567816 0.748274 0.567816 0.748805 0.566667 0.749336 0.566667 0.749336 0.563218 0.748805 0.562069 0.748805 0.560920 0.748274 0.559770 0.747743 0.559770 0.744557 0.552874 0.744025 0.552874 0.743494 0.551724 0.742963 0.551724 0.742432 0.550575 0.741901 0.550575 0.741370 0.549425 0.739777 0.549425 0.739246 0.550575 0.733935 0.550575 0.733404 0.549425 0.732342 0.549425 0.731280 0.547126
2 0.383962 0.391954 0.383431 0.393103 0.383431 0.395402 0.382900 0.396552 0.382900 0.403448 0.383431 0.404598 0.387679 0.404598 0.389272 0.401149 0.389272 0.395402 0.388741 0.394253 0.388741 0.393103 0.388210 0.393103 0.387679 0.391954
2 0.383431 0.355172 0.382900 0.356322 0.381306 0.356322 0.380775 0.357471 0.379713 0.357471 0.379713 0.359770 0.379182 0.360920 0.379182 0.364368 0.379713 0.365517 0.379713 0.366667 0.380244 0.367816 0.380775 0.367816 0.381306 0.368966 0.382369 0.368966 0.382900 0.370115 0.383962 0.370115 0.384493 0.368966 0.384493 0.358621 0.383962 0.357471 0.383962 0.356322
2 0.424854 0.458621 0.424323 0.459770 0.423792 0.459770 0.422730 0.462069 0.421668 0.462069 0.420074 0.465517 0.420074 0.466667 0.419543 0.467816 0.419543 0.470115 0.416357 0.477011 0.416357 0.478161 0.415826 0.479310 0.415826 0.480460 0.416357 0.481609 0.416357 0.482759 0.416888 0.483908 0.417419 0.483908 0.417950 0.485057 0.421668 0.485057 0.422730 0.482759 0.422730 0.466667 0.424323 0.463218 0.425385 0.463218 0.425916 0.462069 0.425916 0.459770 0.425385 0.458621
2 0.716410 0.491954 0.715879 0.493103 0.712693 0.493103 0.712161 0.494253 0.711099 0.494253 0.710037 0.496552 0.710037 0.497701 0.709506 0.498851 0.709506 0.501149 0.710037 0.502299 0.710037 0.503448 0.710568 0.504598 0.710568 0.505747 0.711630 0.508046 0.711630 0.510345 0.712161 0.511494 0.712161 0.512644 0.712693 0.513793 0.712693 0.514943 0.713224 0.516092 0.713224 0.518391 0.714286 0.520690 0.714286 0.521839 0.715348 0.524138 0.715348 0.525287 0.717472 0.529885 0.718534 0.529885 0.719596 0.532184 0.721190 0.532184 0.722252 0.529885 0.722252 0.527586 0.722783 0.526437 0.722783 0.522989 0.723314 0.521839 0.723314 0.511494 0.722252 0.509195 0.722252 0.508046 0.721721 0.508046 0.720659 0.505747 0.720659 0.504598 0.720127 0.503448 0.720127 0.501149 0.719596 0.500000 0.719596 0.498851 0.718534 0.496552 0.718534 0.495402 0.717472 0.493103 0.716941 0.493103
2 0.751460 0.556322 0.750929 0.557471 0.749867 0.557471 0.748805 0.559770 0.748805 0.564368 0.749336 0.565517 0.749336 0.566667 0.749867 0.566667 0.750398 0.567816 0.751460 0.567816 0.751992 0.568966 0.756240 0.568966 0.756771 0.570115 0.762613 0.570115 0.763144 0.568966 0.766330 0.568966 0.767392 0.566667 0.767392 0.565517 0.766330 0.563218 0.765799 0.563218 0.765268 0.562069 0.764206 0.562069 0.763675 0.560920 0.762613 0.560920 0.762082 0.559770 0.761020 0.559770 0.760489 0.558621 0.759426 0.558621 0.758895 0.557471 0.756240 0.557471 0.755709 0.556322
2 0.292087 0.304598 0.291556 0.305747 0.290494 0.305747 0.289963 0.306897 0.289432 0.306897 0.288370 0.309195 0.288370 0.313793 0.294211 0.313793 0.294742 0.312644 0.295273 0.312644 0.295273 0.306897 0.294742 0.306897 0.294211 0.305747 0.293680 0.305747 0.293149 0.304598
2 0.461498 0.487356 0.460967 0.488506 0.459904 0.488506 0.459373 0.489655 0.459373 0.490805 0.458842 0.491954 0.458842 0.493103 0.458311 0.494253 0.458311 0.498851 0.458842 0.500000 0.458842 0.501149 0.462029 0.508046 0.463091 0.508046 0.463622 0.509195 0.466808 0.509195 0.467339 0.508046 0.468401 0.508046 0.468933 0.506897 0.468933 0.505747 0.469464 0.504598 0.469464 0.501149 0.468933 0.500000 0.468933 0.497701 0.467870 0.495402 0.467870 0.494253 0.466277 0.490805 0.465746 0.490805 0.464684 0.488506 0.464153 0.488506 0.463622 0.487356
2 0.706320 0.393103 0.705789 0.394253 0.702602 0.394253 0.701540 0.396552 0.701009 0.396552 0.701009 0.397701 0.699947 0.400000 0.699947 0.402299 0.700478 0.402299 0.701009 0.403448 0.703133 0.403448 0.703664 0.402299 0.704195 0.402299 0.706320 0.397701 0.706851 0.397701 0.707382 0.396552 0.706851 0.395402 0.706851 0.394253