0 0.923494 0.921480 0.923494 0.922383 0.921462 0.925090 0.920785 0.925090 0.919431 0.926895 0.918754 0.926895 0.918077 0.927798 0.917400 0.927798 0.916723 0.928700 0.916723 0.930505 0.916046 0.931408 0.916046 0.932310 0.916723 0.933213 0.916723 0.935018 0.917400 0.935921 0.917400 0.938628 0.914692 0.942238 0.914692 0.943141 0.915369 0.944043 0.915369 0.945848 0.914692 0.946751 0.914692 0.953069 0.915369 0.953971 0.915369 0.954874 0.916046 0.955776 0.916046 0.956679 0.917400 0.958484 0.917400 0.960289 0.918077 0.961191 0.918077 0.966606 0.919431 0.966606 0.921462 0.963899 0.922817 0.963899 0.923494 0.962996 0.924848 0.962996 0.924848 0.962094 0.925525 0.961191 0.925525 0.956679 0.926202 0.955776 0.926202 0.954874 0.928233 0.952166 0.928233 0.951264 0.928910 0.950361 0.928910 0.945848 0.929587 0.944946 0.929587 0.943141 0.930264 0.942238 0.930264 0.941336 0.929587 0.940433 0.929587 0.929603 0.928910 0.928700 0.928910 0.927798 0.928233 0.926895 0.928233 0.925993 0.926202 0.925993 0.925525 0.925090 0.927556 0.922383 0.927556 0.921480
0 0.921462 0.883574 0.920785 0.884477 0.920108 0.884477 0.919431 0.885379 0.918754 0.885379 0.918077 0.886282 0.918077 0.887184 0.922817 0.887184 0.923494 0.888087 0.925525 0.888087 0.926202 0.887184 0.926879 0.887184 0.927556 0.886282 0.926202 0.884477 0.922139 0.884477
0 0.897089 0.773466 0.896412 0.774368 0.895058 0.774368 0.894381 0.775271 0.893703 0.775271 0.893703 0.778881 0.893026 0.779783 0.893026 0.781588 0.892349 0.782491 0.892349 0.791516 0.891672 0.792419 0.891672 0.800542 0.890995 0.801444 0.890995 0.803249 0.890318 0.804152 0.890318 0.810469 0.890995 0.811372 0.890995 0.813177 0.893026 0.815884 0.893703 0.815884 0.894381 0.816787 0.897089 0.816787 0.897766 0.817690 0.901151 0.817690 0.901828 0.818592 0.912661 0.818592 0.913338 0.817690 0.915369 0.817690 0.916046 0.816787 0.918077 0.816787 0.918754 0.815884 0.920108 0.815884 0.920785 0.814982 0.923494 0.814982 0.924171 0.814079 0.930941 0.814079 0.931618 0.813177 0.932295 0.813177 0.935680 0.808664 0.939066 0.808664 0.939066 0.807762 0.942451 0.803249 0.942451 0.795126 0.941097 0.793321 0.941097 0.787906 0.941774 0.787004 0.941774 0.780686 0.942451 0.779783 0.942451 0.774368 0.941774 0.773466 0.937712 0.773466 0.937035 0.774368 0.935003 0.774368 0.934326 0.775271 0.932972 0.775271 0.932295 0.776173 0.928233 0.776173 0.927556 0.775271 0.926879 0.775271 0.926202 0.774368 0.924848 0.774368 0.924171 0.773466
0 0.821259 0.731949 0.819905 0.733755 0.819905 0.734657 0.820582 0.735560 0.820582 0.738267 0.821259 0.739170 0.822613 0.739170 0.823290 0.738267 0.824645 0.738267 0.825322 0.737365 0.828030 0.737365 0.830061 0.734657 0.830738 0.734657 0.831415 0.733755 0.830738 0.732852 0.821936 0.732852
0 0.826676 0.656137 0.825999 0.657040 0.823290 0.657040 0.822613 0.657942 0.821259 0.657942 0.819905 0.659747 0.819228 0.659747 0.817874 0.661552 0.817874 0.662455 0.816520 0.664260 0.816520 0.665162 0.815166 0.666968 0.815166 0.667870 0.813812 0.669675 0.813812 0.670578 0.812458 0.672383 0.812458 0.673285 0.811781 0.674188 0.811781 0.675993 0.811104 0.676895 0.811104 0.678700 0.810427 0.679603 0.810427 0.694946 0.811104 0.695848 0.811104 0.699458 0.811781 0.700361 0.811781 0.706679 0.812458 0.707581 0.812458 0.710289 0.813135 0.711191 0.813135 0.712094 0.813812 0.712996 0.813812 0.713899 0.814489 0.713899 0.815166 0.714801 0.834123 0.714801 0.834800 0.713899 0.838863 0.713899 0.839540 0.712996 0.842248 0.712996 0.844279 0.710289 0.844279 0.705776 0.843602 0.704874 0.843602 0.699458 0.842925 0.698556 0.842925 0.697653 0.842248 0.696751 0.842248 0.694946 0.841571 0.694043 0.841571 0.691336 0.840894 0.690433 0.840894 0.687726 0.840217 0.686823 0.840217 0.685018 0.839540 0.684116 0.839540 0.682310 0.838863 0.681408 0.838863 0.679603 0.838186 0.678700 0.838186 0.677798 0.837508 0.676895 0.837508 0.675090 0.836831 0.674188 0.836831 0.672383 0.836154 0.671480 0.836154 0.670578 0.835477 0.669675 0.835477 0.667870 0.834800 0.666968 0.834800 0.664260 0.834123 0.663357 0.834123 0.662455 0.833446 0.661552 0.833446 0.660650 0.832769 0.659747 0.832769 0.657942 0.832092 0.657040 0.830061 0.657040 0.829384 0.656137
0 0.878808 0.616426 0.878131 0.617329 0.863236 0.617329 0.862559 0.618231 0.856466 0.618231 0.855789 0.617329 0.855112 0.617329 0.854435 0.618231 0.851726 0.618231 0.851049 0.617329 0.845633 0.617329 0.844956 0.618231 0.844279 0.618231 0.843602 0.619134 0.842925 0.619134 0.842925 0.620036 0.842248 0.620939 0.842248 0.625451 0.842925 0.626354 0.842925 0.629061 0.843602 0.629964 0.843602 0.631769 0.844279 0.632671 0.844279 0.633574 0.844956 0.634477 0.844956 0.635379 0.845633 0.635379 0.846310 0.636282 0.847664 0.636282 0.848341 0.637184 0.853758 0.637184 0.854435 0.636282 0.863236 0.636282 0.866622 0.640794 0.866622 0.643502 0.863236 0.648014 0.861882 0.648014 0.861205 0.648917 0.858497 0.648917 0.857820 0.649819 0.855112 0.649819 0.854435 0.650722 0.852404 0.650722 0.851726 0.651625 0.851049 0.651625 0.849695 0.653430 0.849695 0.655235 0.849018 0.656137 0.849018 0.657942 0.849695 0.658845 0.849695 0.661552 0.850372 0.662455 0.850372 0.666065 0.851049 0.666968 0.851049 0.673285 0.851726 0.674188 0.851726 0.675993 0.852404 0.676895 0.852404 0.677798 0.853081 0.678700 0.853081 0.680505 0.853758 0.681408 0.853758 0.683213 0.854435 0.684116 0.854435 0.685921 0.855112 0.686823 0.855112 0.688628 0.855789 0.689531 0.855789 0.691336 0.856466 0.692238 0.856466 0.694043 0.857143 0.694946 0.857143 0.696751 0.857820 0.697653 0.857820 0.700361 0.858497 0.701264 0.858497 0.702166 0.860528 0.704874 0.861205 0.704874 0.862559 0.706679 0.863236 0.705776 0.864590 0.705776 0.865267 0.704874 0.865944 0.704874 0.866622 0.703971 0.868653 0.703971 0.869330 0.703069 0.871361 0.703069 0.872038 0.702166 0.873392 0.702166 0.874069 0.703069 0.875423 0.703069 0.876100 0.703971 0.877454 0.703971 0.878131 0.704874 0.879485 0.704874 0.880162 0.705776 0.880840 0.704874 0.883548 0.704874 0.884225 0.703971 0.885579 0.703971 0.886256 0.703069 0.887610 0.703069 0.888287 0.702166 0.890318 0.702166 0.890995 0.701264 0.891672 0.701264 0.892349 0.700361 0.893703 0.700361 0.894381 0.699458 0.897089 0.699458 0.897766 0.698556 0.898443 0.698556 0.899120 0.697653 0.899797 0.697653 0.900474 0.696751 0.901151 0.696751 0.901828 0.695848 0.903859 0.695848 0.904536 0.694946 0.914015 0.694946 0.914692 0.694043 0.916723 0.694043 0.917400 0.693141 0.919431 0.693141 0.920108 0.692238 0.922139 0.692238 0.922817 0.691336 0.925525 0.691336 0.926202 0.690433 0.930264 0.690433 0.930941 0.689531 0.935003 0.689531 0.935680 0.688628 0.940420 0.688628 0.941097 0.687726 0.943805 0.687726 0.944482 0.686823 0.945836 0.686823 0.946513 0.685921 0.948544 0.685921 0.949221 0.685018 0.949898 0.685018 0.949898 0.683213 0.950575 0.682310 0.950575 0.675090 0.951253 0.674188 0.951253 0.672383 0.951930 0.671480 0.951930 0.668773 0.952607 0.667870 0.952607 0.663357 0.953284 0.662455 0.953284 0.657040 0.953961 0.656137 0.953961 0.651625 0.954638 0.650722 0.954638 0.645307 0.955315 0.644404 0.955315 0.638087 0.955992 0.637184 0.955992 0.631769 0.956669 0.630866 0.956669 0.622744 0.955315 0.620939 0.954638 0.620939 0.953961 0.620036 0.953284 0.620036 0.952607 0.619134 0.949221 0.619134 0.948544 0.618231 0.928233 0.618231 0.927556 0.617329 0.896412 0.617329 0.895735 0.616426
0 0.765741 0.000000 0.765741 0.000903 0.764387 0.002708 0.763710 0.002708 0.763033 0.003610 0.761679 0.003610 0.758971 0.007220 0.757617 0.007220 0.756940 0.008123 0.756263 0.008123 0.754232 0.010830 0.753555 0.010830 0.751523 0.013538 0.750846 0.013538 0.750846 0.014440 0.750169 0.015343 0.750169 0.016245 0.749492 0.017148 0.749492 0.018051 0.748815 0.018953 0.748815 0.020758 0.748138 0.021661 0.748138 0.023466 0.747461 0.024368 0.747461 0.026173 0.746784 0.027076 0.746784 0.027978 0.746107 0.028881 0.746107 0.029783 0.745430 0.030686 0.744753 0.030686 0.744076 0.031588 0.744076 0.032491 0.740691 0.037004 0.740691 0.037906 0.738659 0.040614 0.738659 0.041516 0.737305 0.043321 0.737305 0.044224 0.736628 0.045126 0.736628 0.046029 0.735274 0.047834 0.735274 0.048736 0.734597 0.049639 0.734597 0.050542 0.733920 0.051444 0.733920 0.055957 0.733243 0.056859 0.733243 0.059567 0.732566 0.060469 0.732566 0.064079 0.731889 0.064982 0.731889 0.065884 0.731212 0.066787 0.731212 0.067690 0.730535 0.068592 0.730535 0.073105 0.729858 0.074007 0.729858 0.086643 0.730535 0.087545 0.730535 0.101986 0.731212 0.102888 0.731212 0.108303 0.730535 0.109206 0.730535 0.111913 0.727827 0.115523 0.727150 0.115523 0.726473 0.116426 0.725796 0.116426 0.724441 0.118231 0.723764 0.118231 0.723087 0.119134 0.722410 0.119134 0.721056 0.120939 0.720379 0.120939 0.719702 0.121841 0.719025 0.121841 0.718348 0.122744 0.717671 0.122744 0.714963 0.126354 0.715640 0.127256 0.715640 0.128159 0.716317 0.129061 0.716317 0.129964 0.719702 0.129964 0.720379 0.130866 0.732566 0.130866 0.733243 0.129964 0.737305 0.129964 0.737982 0.129061 0.742722 0.129061 0.743399 0.128159 0.744753 0.128159 0.745430 0.129061 0.746107 0.129061 0.746784 0.129964 0.746107 0.130866 0.746107 0.136282 0.745430 0.137184 0.745430 0.146209 0.744753 0.147112 0.744753 0.153430 0.744076 0.154332 0.744076 0.158845 0.743399 0.159747 0.743399 0.167870 0.744076 0.168773 0.744076 0.171480 0.744753 0.172383 0.744753 0.173285 0.745430 0.174188 0.745430 0.175090 0.746107 0.175993 0.746107 0.177798 0.746784 0.178700 0.746784 0.180505 0.747461 0.181408 0.747461 0.182310 0.748138 0.183213 0.748138 0.185018 0.748815 0.185921 0.748815 0.187726 0.750169 0.189531 0.750169 0.190433 0.751523 0.192238 0.751523 0.193141 0.753555 0.195848 0.753555 0.196751 0.754232 0.197653 0.754232 0.198556 0.755586 0.200361 0.755586 0.201264 0.756940 0.203069 0.756940 0.203971 0.758294 0.205776 0.758294 0.206679 0.759648 0.208484 0.759648 0.209386 0.761002 0.211191 0.761002 0.212094 0.764387 0.216606 0.765064 0.216606 0.765741 0.217509 0.767095 0.217509 0.767773 0.218412 0.784022 0.218412 0.784699 0.219314 0.790115 0.219314 0.790792 0.220217 0.791469 0.220217 0.792146 0.221119 0.792146 0.222022 0.792823 0.222924 0.792823 0.242780 0.792146 0.243682 0.792146 0.259928 0.792823 0.260830 0.792823 0.264440 0.793500 0.265343 0.793500 0.268953 0.794177 0.269856 0.794177 0.271661 0.794854 0.272563 0.794854 0.273466 0.795531 0.274368 0.795531 0.275271 0.796209 0.276173 0.796209 0.277978 0.796886 0.278881 0.796886 0.281588 0.797563 0.282491 0.797563 0.285199 0.798240 0.286101 0.798240 0.289711 0.798917 0.290614 0.798917 0.292419 0.799594 0.293321 0.799594 0.296931 0.800271 0.297834 0.800271 0.298736 0.800948 0.299639 0.800948 0.303249 0.801625 0.304152 0.801625 0.310469 0.802302 0.311372 0.802302 0.328520 0.801625 0.329422 0.801625 0.344765 0.802302 0.345668 0.802302 0.347473 0.802979 0.348375 0.802979 0.351083 0.803656 0.351986 0.803656 0.354693 0.802979 0.355596 0.802979 0.359206 0.802302 0.360108 0.802302 0.374549 0.801625 0.375451 0.801625 0.377256 0.799594 0.379964 0.794854 0.379964 0.794177 0.379061 0.792823 0.379061 0.791469 0.377256 0.790792 0.377256 0.789438 0.375451 0.788761 0.375451 0.788084 0.374549 0.787407 0.374549 0.786053 0.372744 0.785376 0.372744 0.784699 0.371841 0.784022 0.371841 0.783345 0.370939 0.782668 0.370939 0.781991 0.370036 0.779959 0.370036 0.779282 0.369134 0.777251 0.369134 0.776574 0.368231 0.774543 0.368231 0.773866 0.367329 0.769804 0.367329 0.769127 0.366426 0.759648 0.366426 0.758971 0.367329 0.756940 0.367329 0.756263 0.368231 0.754232 0.368231 0.753555 0.369134 0.751523 0.369134 0.749492 0.371841 0.748815 0.371841 0.748138 0.372744 0.747461 0.372744 0.746107 0.374549 0.745430 0.374549 0.744753 0.375451 0.744076 0.375451 0.742722 0.377256 0.742045 0.377256 0.741368 0.378159 0.740691 0.378159 0.740014 0.379061 0.738659 0.379061 0.737982 0.379964 0.737305 0.379964 0.736628 0.380866 0.735951 0.380866 0.735274 0.381769 0.734597 0.381769 0.733243 0.383574 0.733243 0.384477 0.732566 0.385379 0.732566 0.388087 0.733243 0.388989 0.733243 0.390794 0.733920 0.391697 0.733920 0.392599 0.734597 0.393502 0.735274 0.393502 0.737982 0.397112 0.736628 0.398917 0.736628 0.399819 0.733920 0.403430 0.733920 0.404332 0.727150 0.413357 0.727150 0.414260 0.726473 0.415162 0.726473 0.422383 0.727150 0.423285 0.727150 0.424188 0.727827 0.425090 0.728504 0.425090 0.729181 0.425993 0.729858 0.425993 0.730535 0.426895 0.731212 0.426895 0.731889 0.427798 0.733243 0.427798 0.733920 0.428700 0.735951 0.428700 0.736628 0.429603 0.737982 0.429603 0.738659 0.430505 0.739336 0.430505 0.740014 0.431408 0.741368 0.431408 0.742045 0.432310 0.742722 0.432310 0.743399 0.433213 0.744076 0.433213 0.744753 0.434116 0.745430 0.434116 0.746107 0.435018 0.747461 0.435018 0.748138 0.435921 0.750846 0.435921 0.751523 0.436823 0.754909 0.436823 0.755586 0.437726 0.756263 0.437726 0.756940 0.438628 0.759648 0.438628 0.760325 0.439531 0.763033 0.439531 0.763710 0.440433 0.767773 0.440433 0.768450 0.441336 0.775897 0.441336 0.776574 0.440433 0.777251 0.440433 0.778605 0.438628 0.779282 0.438628 0.780636 0.436823 0.780636 0.435921 0.781313 0.435018 0.781313 0.434116 0.782668 0.432310 0.782668 0.431408 0.781313 0.429603 0.781313 0.426895 0.780636 0.425993 0.780636 0.418773 0.781313 0.417870 0.781313 0.407040 0.781991 0.406137 0.781991 0.403430 0.782668 0.402527 0.782668 0.401625 0.784022 0.399819 0.784699 0.399819 0.785376 0.398917 0.793500 0.398917 0.794177 0.399819 0.797563 0.399819 0.798240 0.398917 0.798917 0.398917 0.800271 0.397112 0.800948 0.398014 0.804333 0.398014 0.805010 0.398917 0.807718 0.398917 0.808395 0.399819 0.810427 0.399819 0.814489 0.405235 0.814489 0.407942 0.813812 0.408845 0.813812 0.409747 0.813135 0.410650 0.813135 0.411552 0.812458 0.412455 0.811781 0.412455 0.810427 0.414260 0.809749 0.414260 0.808395 0.416065 0.807718 0.416065 0.807041 0.416968 0.806364 0.416968 0.805687 0.417870 0.805010 0.417870 0.804333 0.418773 0.803656 0.418773 0.802979 0.419675 0.802302 0.419675 0.800271 0.422383 0.799594 0.422383 0.794854 0.428700 0.794177 0.428700 0.792146 0.431408 0.791469 0.431408 0.790792 0.432310 0.790792 0.433213 0.789438 0.435018 0.789438 0.439531 0.790115 0.440433 0.790115 0.443141 0.790792 0.444043 0.790792 0.444946 0.792823 0.447653 0.802979 0.447653 0.803656 0.448556 0.805010 0.448556 0.805687 0.449458 0.807041 0.449458 0.807718 0.450361 0.809072 0.450361 0.809749 0.451264 0.811104 0.451264 0.811781 0.452166 0.812458 0.452166 0.813135 0.453069 0.815166 0.453069 0.815843 0.453971 0.817874 0.453971 0.818551 0.454874 0.819905 0.454874 0.820582 0.455776 0.821259 0.455776 0.821936 0.456679 0.822613 0.456679 0.823290 0.457581 0.823968 0.457581 0.824645 0.458484 0.825322 0.458484 0.825999 0.459386 0.826676 0.459386 0.827353 0.460289 0.828707 0.460289 0.829384 0.461191 0.830061 0.461191 0.830738 0.462094 0.831415 0.462094 0.832092 0.462996 0.834123 0.462996 0.834800 0.463899 0.837508 0.463899 0.838186 0.464801 0.843602 0.464801 0.844279 0.463899 0.846310 0.463899 0.846987 0.462996 0.847664 0.462996 0.848341 0.462094 0.849018 0.462094 0.852404 0.466606 0.852404 0.468412 0.853081 0.469314 0.853081 0.477437 0.852404 0.478339 0.852404 0.483755 0.851726 0.484657 0.851726 0.499097 0.852404 0.500000 0.852404 0.501805 0.851726 0.502708 0.851726 0.507220 0.851049 0.508123 0.851049 0.510830 0.850372 0.511733 0.850372 0.513538 0.849695 0.514440 0.849695 0.515343 0.849018 0.516245 0.849018 0.517148 0.848341 0.518051 0.848341 0.518953 0.847664 0.519856 0.847664 0.520758 0.846310 0.522563 0.846310 0.523466 0.845633 0.524368 0.845633 0.526173 0.844956 0.527076 0.844956 0.528881 0.844279 0.529783 0.844279 0.531588 0.843602 0.532491 0.843602 0.535199 0.842925 0.536101 0.842925 0.537906 0.842248 0.538809 0.842248 0.539711 0.841571 0.540614 0.841571 0.541516 0.840894 0.542419 0.840894 0.544224 0.840217 0.545126 0.840217 0.546931 0.839540 0.547834 0.839540 0.549639 0.838863 0.550542 0.838863 0.552347 0.838186 0.553249 0.838186 0.554152 0.837508 0.555054 0.837508 0.556859 0.836831 0.557762 0.836831 0.558664 0.836154 0.559567 0.836154 0.562274 0.835477 0.563177 0.835477 0.564982 0.834800 0.565884 0.834800 0.567690 0.834123 0.568592 0.834123 0.570397 0.833446 0.571300 0.833446 0.586643 0.834123 0.587545 0.834123 0.590253 0.834800 0.591155 0.834800 0.592058 0.835477 0.592960 0.835477 0.593863 0.836154 0.594765 0.836154 0.595668 0.837508 0.597473 0.838186 0.597473 0.838863 0.598375 0.844279 0.598375 0.844956 0.597473 0.897766 0.597473 0.898443 0.596570 0.943128 0.596570 0.943805 0.595668 0.955315 0.595668 0.955992 0.594765 0.957346 0.594765 0.958700 0.592960 0.958700 0.592058 0.959377 0.591155 0.959377 0.588448 0.960054 0.587545 0.960054 0.585740 0.960731 0.584838 0.960731 0.581227 0.961408 0.580325 0.961408 0.578520 0.962085 0.577617 0.962085 0.574007 0.962762 0.573105 0.962762 0.567690 0.963439 0.566787 0.963439 0.560469 0.964116 0.559567 0.964116 0.552347 0.964794 0.551444 0.964794 0.546931 0.965471 0.546029 0.965471 0.536101 0.966148 0.535199 0.966148 0.533394 0.966825 0.532491 0.966825 0.530686 0.967502 0.529783 0.967502 0.521661 0.968179 0.520758 0.968179 0.508123 0.968856 0.507220 0.968856 0.500903 0.969533 0.500000 0.969533 0.495487 0.970210 0.494585 0.970210 0.487365 0.970887 0.486462 0.970887 0.481949 0.971564 0.481047 0.971564 0.475632 0.972241 0.474729 0.972241 0.469314 0.972918 0.468412 0.972918 0.459386 0.973595 0.458484 0.973595 0.449458 0.974272 0.448556 0.974272 0.435921 0.974949 0.435018 0.974949 0.433213 0.975626 0.432310 0.975626 0.427798 0.976303 0.426895 0.976303 0.419675 0.976980 0.418773 0.976980 0.413357 0.977657 0.412455 0.977657 0.404332 0.978334 0.403430 0.978334 0.396209 0.979012 0.395307 0.979012 0.390794 0.979689 0.389892 0.979689 0.385379 0.980366 0.384477 0.980366 0.379964 0.981043 0.379061 0.981043 0.368231 0.981720 0.367329 0.981720 0.362816 0.982397 0.361913 0.982397 0.356498 0.983074 0.355596 0.983074 0.350181 0.983751 0.349278 0.983751 0.343863 0.984428 0.342960 0.984428 0.333935 0.985105 0.333032 0.985105 0.326715 0.985782 0.325812 0.985782 0.322202 0.986459 0.321300 0.986459 0.314079 0.987136 0.313177 0.987136 0.309567 0.987813 0.308664 0.987813 0.302347 0.988490 0.301444 0.988490 0.296029 0.989167 0.295126 0.989167 0.287906 0.989844 0.287004 0.989844 0.276173 0.990521 0.275271 0.990521 0.271661 0.991198 0.270758 0.991198 0.267148 0.991875 0.266245 0.991875 0.259025 0.992552 0.258123 0.992552 0.253610 0.993230 0.252708 0.993230 0.240975 0.993907 0.240072 0.993907 0.234657 0.993230 0.233755 0.993230 0.231949 0.992552 0.231047 0.992552 0.230144 0.991875 0.229242 0.991875 0.228339 0.989844 0.225632 0.989844 0.224729 0.987813 0.222022 0.987813 0.221119 0.985105 0.217509 0.984428 0.217509 0.982397 0.214801 0.982397 0.213899 0.981720 0.212996 0.981043 0.212996 0.978334 0.209386 0.977657 0.209386 0.972241 0.202166 0.971564 0.202166 0.958700 0.185018 0.958023 0.185018 0.956669 0.183213 0.955992 0.183213 0.952607 0.178700 0.951930 0.178700 0.949898 0.175993 0.949221 0.175993 0.945159 0.170578 0.944482 0.170578 0.939743 0.164260 0.939066 0.164260 0.937035 0.161552 0.936357 0.161552 0.931618 0.155235 0.930941 0.155235 0.928910 0.152527 0.928233 0.152527 0.927556 0.151625 0.926879 0.151625 0.925525 0.149819 0.924171 0.149819 0.923494 0.148917 0.920785 0.148917 0.920108 0.148014 0.908599 0.148014 0.907921 0.147112 0.904536 0.147112 0.903859 0.146209 0.901828 0.146209 0.901151 0.145307 0.899120 0.145307 0.898443 0.144404 0.896412 0.144404 0.895735 0.143502 0.893703 0.143502 0.893026 0.142599 0.891672 0.142599 0.890995 0.141697 0.888964 0.141697 0.888287 0.140794 0.886933 0.140794 0.886256 0.139892 0.884902 0.139892 0.884225 0.138989 0.882871 0.138989 0.882194 0.139892 0.875423 0.139892 0.874746 0.138989 0.874069 0.138989 0.873392 0.138087 0.872715 0.138087 0.872038 0.137184 0.870684 0.137184 0.870007 0.136282 0.869330 0.136282 0.868653 0.135379 0.867976 0.135379 0.867299 0.134477 0.866622 0.134477 0.865944 0.133574 0.865267 0.133574 0.859851 0.126354 0.859851 0.125451 0.859174 0.124549 0.859174 0.123646 0.856466 0.120036 0.856466 0.119134 0.855112 0.117329 0.853758 0.117329 0.853081 0.116426 0.852404 0.116426 0.851726 0.115523 0.850372 0.115523 0.849695 0.114621 0.844279 0.114621 0.843602 0.113718 0.840894 0.113718 0.840217 0.112816 0.838863 0.112816 0.838186 0.111913 0.838863 0.111011 0.839540 0.111011 0.840217 0.110108 0.841571 0.110108 0.842248 0.109206 0.842925 0.109206 0.842925 0.108303 0.840894 0.105596 0.840894 0.103791 0.840217 0.102888 0.840217 0.101986 0.840894 0.101083 0.841571 0.101083 0.843602 0.098375 0.843602 0.097473 0.842925 0.096570 0.842925 0.095668 0.844279 0.093863 0.849018 0.093863 0.849695 0.092960 0.850372 0.092960 0.851726 0.091155 0.852404 0.091155 0.853081 0.090253 0.854435 0.090253 0.855112 0.089350 0.855789 0.089350 0.859851 0.083935 0.859851 0.076715 0.859174 0.075812 0.859174 0.074007 0.856466 0.070397 0.856466 0.069495 0.853758 0.065884 0.853081 0.065884 0.846987 0.057762 0.846987 0.056859 0.844279 0.053249 0.843602 0.053249 0.842248 0.051444 0.842248 0.050542 0.841571 0.049639 0.840894 0.049639 0.839540 0.047834 0.839540 0.046931 0.838186 0.045126 0.837508 0.045126 0.832092 0.037906 0.831415 0.037906 0.827353 0.032491 0.826676 0.032491 0.824645 0.029783 0.823968 0.029783 0.820582 0.025271 0.819905 0.025271 0.817197 0.021661 0.816520 0.021661 0.815843 0.020758 0.815166 0.020758 0.813135 0.018051 0.812458 0.018051 0.809749 0.014440 0.809072 0.014440 0.807718 0.012635 0.807718 0.011733 0.807041 0.010830 0.805687 0.010830 0.805010 0.009928 0.804333 0.009928 0.803656 0.009025 0.802979 0.009025 0.801625 0.007220 0.800948 0.007220 0.800271 0.006318 0.799594 0.006318 0.798917 0.005415 0.798240 0.005415 0.797563 0.004513 0.796886 0.004513 0.796209 0.003610 0.794854 0.003610 0.794177 0.002708 0.792823 0.002708 0.791469 0.000903 0.791469 0.000000
0 0.344617 0.300542 0.343940 0.301444 0.343263 0.301444 0.342586 0.302347 0.341232 0.302347 0.339878 0.304152 0.339201 0.304152 0.337847 0.305957 0.337170 0.305957 0.336493 0.306859 0.335816 0.306859 0.335139 0.307762 0.334462 0.307762 0.333108 0.309567 0.332431 0.309567 0.331754 0.310469 0.331077 0.310469 0.328368 0.314079 0.327691 0.314079 0.324983 0.317690 0.324306 0.317690 0.322952 0.319495 0.322275 0.319495 0.321598 0.320397 0.319567 0.320397 0.318890 0.321300 0.314827 0.321300 0.314150 0.322202 0.313473 0.321300 0.310765 0.321300 0.310088 0.320397 0.308057 0.320397 0.307380 0.319495 0.306026 0.319495 0.305349 0.318592 0.303995 0.318592 0.303318 0.317690 0.299932 0.317690 0.297901 0.320397 0.297901 0.321300 0.295870 0.324007 0.295870 0.324910 0.293839 0.327617 0.293839 0.328520 0.291808 0.331227 0.291808 0.332130 0.286391 0.339350 0.285714 0.339350 0.285037 0.340253 0.284360 0.340253 0.282329 0.342960 0.280975 0.342960 0.280298 0.343863 0.279621 0.343863 0.278944 0.344765 0.274204 0.344765 0.273527 0.345668 0.273527 0.346570 0.274204 0.347473 0.274204 0.348375 0.274882 0.349278 0.274882 0.351083 0.275559 0.351986 0.275559 0.352888 0.277590 0.355596 0.277590 0.356498 0.278267 0.357401 0.278267 0.358303 0.278944 0.359206 0.278944 0.361011 0.279621 0.361913 0.279621 0.362816 0.280298 0.363718 0.280298 0.364621 0.280975 0.365523 0.280975 0.366426 0.281652 0.367329 0.281652 0.368231 0.282329 0.369134 0.282329 0.371841 0.283006 0.372744 0.283006 0.373646 0.283683 0.374549 0.283683 0.375451 0.284360 0.376354 0.284360 0.379061 0.285037 0.379964 0.285037 0.383574 0.285714 0.384477 0.285714 0.386282 0.287745 0.388989 0.287745 0.398014 0.287068 0.398917 0.287068 0.402527 0.286391 0.403430 0.286391 0.405235 0.285714 0.406137 0.285714 0.409747 0.285037 0.410650 0.285037 0.413357 0.284360 0.414260 0.285037 0.415162 0.285037 0.418773 0.285714 0.419675 0.285714 0.422383 0.286391 0.423285 0.286391 0.426895 0.285714 0.427798 0.285714 0.429603 0.285037 0.430505 0.285037 0.433213 0.284360 0.434116 0.284360 0.437726 0.283683 0.438628 0.283683 0.440433 0.283006 0.441336 0.283006 0.442238 0.282329 0.443141 0.282329 0.444946 0.281652 0.445848 0.281652 0.447653 0.280975 0.448556 0.280975 0.460289 0.281652 0.461191 0.281652 0.462094 0.282329 0.462996 0.282329 0.463899 0.283006 0.464801 0.283006 0.465704 0.286391 0.470217 0.287068 0.470217 0.287745 0.471119 0.288422 0.471119 0.289100 0.472022 0.289777 0.472022 0.290454 0.472924 0.291131 0.472924 0.291808 0.473827 0.293839 0.473827 0.294516 0.474729 0.295870 0.474729 0.296547 0.475632 0.297901 0.475632 0.298578 0.476534 0.299255 0.476534 0.299932 0.477437 0.301286 0.477437 0.301963 0.478339 0.303318 0.478339 0.303995 0.479242 0.304672 0.479242 0.305349 0.480144 0.306026 0.480144 0.306703 0.481047 0.308057 0.481047 0.310765 0.484657 0.311442 0.484657 0.312119 0.485560 0.312796 0.485560 0.314150 0.487365 0.315504 0.487365 0.316181 0.488267 0.318213 0.488267 0.318890 0.489170 0.320244 0.489170 0.320921 0.490072 0.321598 0.490072 0.322275 0.490975 0.322952 0.490975 0.324983 0.493682 0.325660 0.493682 0.327691 0.496390 0.328368 0.496390 0.329722 0.498195 0.330399 0.498195 0.331077 0.499097 0.331754 0.499097 0.332431 0.500000 0.333108 0.500000 0.333785 0.500903 0.334462 0.500903 0.338524 0.506318 0.339201 0.506318 0.339878 0.507220 0.339878 0.508123 0.340555 0.508123 0.341909 0.509928 0.342586 0.509928 0.343940 0.511733 0.344617 0.511733 0.345295 0.512635 0.345972 0.512635 0.346649 0.513538 0.347326 0.513538 0.348680 0.515343 0.350034 0.515343 0.350711 0.516245 0.352742 0.516245 0.353419 0.517148 0.356804 0.517148 0.357481 0.518051 0.374408 0.518051 0.375085 0.517148 0.377116 0.517148 0.377793 0.516245 0.379147 0.516245 0.379824 0.515343 0.380501 0.515343 0.381178 0.514440 0.381855 0.514440 0.382532 0.513538 0.383886 0.513538 0.384563 0.512635 0.385917 0.512635 0.386594 0.511733 0.387271 0.511733 0.387949 0.510830 0.388626 0.510830 0.389303 0.509928 0.389980 0.509928 0.390657 0.509025 0.391334 0.509025 0.395396 0.503610 0.395396 0.501805 0.396073 0.500903 0.396073 0.500000 0.395396 0.499097 0.395396 0.496390 0.394719 0.495487 0.394719 0.494585 0.394042 0.493682 0.394042 0.492780 0.393365 0.491877 0.393365 0.490975 0.391334 0.488267 0.391334 0.487365 0.389980 0.485560 0.389303 0.485560 0.388626 0.484657 0.388626 0.483755 0.387949 0.483755 0.383209 0.477437 0.382532 0.477437 0.378470 0.472022 0.377793 0.472022 0.371022 0.462996 0.370345 0.462996 0.369668 0.462094 0.368314 0.462094 0.367637 0.461191 0.366283 0.461191 0.365606 0.460289 0.364929 0.460289 0.356804 0.449458 0.356804 0.445848 0.358158 0.444043 0.360190 0.444043 0.360867 0.443141 0.362898 0.443141 0.363575 0.442238 0.364252 0.442238 0.364929 0.441336 0.365606 0.441336 0.366283 0.440433 0.366960 0.440433 0.367637 0.439531 0.368314 0.439531 0.369668 0.437726 0.369668 0.436823 0.370345 0.435921 0.370345 0.435018 0.371022 0.434116 0.371022 0.433213 0.371699 0.432310 0.371699 0.425090 0.371022 0.424188 0.371022 0.421480 0.370345 0.420578 0.370345 0.419675 0.369668 0.418773 0.369668 0.417870 0.366283 0.413357 0.365606 0.413357 0.362898 0.409747 0.362898 0.408845 0.354096 0.397112 0.353419 0.397112 0.352065 0.395307 0.352065 0.394404 0.351388 0.393502 0.350711 0.393502 0.349357 0.391697 0.349357 0.390794 0.348003 0.388989 0.347326 0.388989 0.345972 0.387184 0.345972 0.386282 0.345295 0.385379 0.345295 0.379061 0.345972 0.378159 0.345972 0.375451 0.346649 0.374549 0.346649 0.361913 0.345972 0.361011 0.345972 0.357401 0.345295 0.356498 0.345295 0.350181 0.344617 0.349278 0.344617 0.344765 0.345295 0.343863 0.345295 0.339350 0.345972 0.338448 0.345972 0.336643 0.346649 0.335740 0.346649 0.334838 0.347326 0.333935 0.347326 0.332130 0.348003 0.331227 0.348003 0.329422 0.348680 0.328520 0.348680 0.326715 0.349357 0.325812 0.349357 0.324007 0.350034 0.323105 0.350034 0.318592 0.350711 0.317690 0.350711 0.308664 0.350034 0.307762 0.350034 0.305054 0.349357 0.304152 0.349357 0.302347 0.348680 0.301444 0.348680 0.300542
0 0.375762 0.000000 0.375762 0.000903 0.375085 0.001805 0.375085 0.002708 0.374408 0.003610 0.374408 0.008123 0.375085 0.009025 0.375085 0.011733 0.375762 0.012635 0.375762 0.013538 0.376439 0.014440 0.376439 0.016245 0.377116 0.017148 0.377116 0.018953 0.377793 0.019856 0.377793 0.020758 0.378470 0.021661 0.378470 0.023466 0.379147 0.024368 0.379147 0.025271 0.379824 0.026173 0.379824 0.027978 0.380501 0.028881 0.380501 0.029783 0.381178 0.030686 0.381178 0.031588 0.382532 0.033394 0.382532 0.034296 0.383209 0.035199 0.383209 0.036101 0.385240 0.038809 0.385240 0.039711 0.386594 0.041516 0.386594 0.042419 0.387271 0.043321 0.387271 0.044224 0.388626 0.046029 0.388626 0.046931 0.389980 0.048736 0.389980 0.049639 0.392688 0.053249 0.392688 0.054152 0.396750 0.059567 0.396750 0.060469 0.397427 0.061372 0.397427 0.064079 0.398104 0.064982 0.398104 0.066787 0.398781 0.067690 0.398781 0.069495 0.399458 0.070397 0.399458 0.071300 0.400135 0.072202 0.400135 0.073105 0.400812 0.074007 0.400812 0.075812 0.401490 0.076715 0.401490 0.077617 0.402167 0.078520 0.402167 0.079422 0.402844 0.080325 0.402844 0.082130 0.403521 0.083032 0.403521 0.083935 0.404198 0.084838 0.404198 0.085740 0.404875 0.086643 0.404875 0.087545 0.405552 0.088448 0.405552 0.089350 0.406229 0.090253 0.406229 0.091155 0.406906 0.092058 0.406906 0.092960 0.408937 0.095668 0.408937 0.096570 0.410968 0.099278 0.411645 0.099278 0.412322 0.100181 0.413676 0.100181 0.414353 0.101083 0.417062 0.101083 0.417739 0.101986 0.418416 0.101986 0.419093 0.102888 0.419770 0.102888 0.420447 0.103791 0.421801 0.103791 0.422478 0.104693 0.423155 0.104693 0.423832 0.105596 0.424509 0.105596 0.425186 0.106498 0.425863 0.106498 0.429926 0.111913 0.429926 0.112816 0.430603 0.113718 0.430603 0.114621 0.431280 0.115523 0.431280 0.116426 0.431957 0.117329 0.431957 0.118231 0.433311 0.120036 0.433311 0.120939 0.433988 0.121841 0.433988 0.123646 0.434665 0.124549 0.434665 0.125451 0.435342 0.126354 0.435342 0.129061 0.436019 0.129964 0.436019 0.130866 0.436696 0.131769 0.436696 0.136282 0.436019 0.137184 0.436019 0.138087 0.435342 0.138989 0.435342 0.147112 0.442112 0.147112 0.443466 0.145307 0.444821 0.145307 0.445498 0.144404 0.446175 0.144404 0.446852 0.143502 0.446852 0.142599 0.447529 0.141697 0.447529 0.140794 0.448883 0.138989 0.448883 0.138087 0.449560 0.137184 0.449560 0.136282 0.450237 0.135379 0.450237 0.133574 0.450914 0.132671 0.450914 0.131769 0.452268 0.129964 0.452268 0.129061 0.452945 0.128159 0.452945 0.127256 0.453622 0.126354 0.453622 0.125451 0.454299 0.124549 0.454299 0.123646 0.454976 0.122744 0.454976 0.120036 0.455653 0.119134 0.455653 0.117329 0.456330 0.116426 0.456330 0.111011 0.457007 0.110108 0.457007 0.105596 0.456330 0.104693 0.456330 0.101986 0.455653 0.101083 0.455653 0.100181 0.454976 0.099278 0.454976 0.098375 0.452945 0.095668 0.452945 0.094765 0.451591 0.092960 0.451591 0.092058 0.450237 0.090253 0.450237 0.089350 0.448883 0.087545 0.448883 0.086643 0.447529 0.084838 0.447529 0.083935 0.446852 0.083032 0.446852 0.082130 0.444821 0.079422 0.444821 0.078520 0.443466 0.076715 0.443466 0.075812 0.440758 0.072202 0.440758 0.071300 0.440081 0.070397 0.440081 0.069495 0.439404 0.068592 0.439404 0.067690 0.438727 0.066787 0.438727 0.064982 0.438050 0.064079 0.438050 0.063177 0.437373 0.062274 0.437373 0.060469 0.436696 0.059567 0.436696 0.056859 0.436019 0.055957 0.436019 0.053249 0.435342 0.052347 0.435342 0.051444 0.434665 0.050542 0.434665 0.049639 0.433988 0.048736 0.433988 0.046931 0.433311 0.046029 0.433311 0.044224 0.432634 0.043321 0.432634 0.036101 0.431957 0.035199 0.431957 0.034296 0.431280 0.033394 0.431280 0.032491 0.430603 0.031588 0.430603 0.029783 0.429926 0.028881 0.429926 0.027978 0.428571 0.026173 0.428571 0.025271 0.426540 0.022563 0.426540 0.021661 0.425863 0.020758 0.425863 0.018953 0.425186 0.018051 0.425186 0.017148 0.424509 0.016245 0.424509 0.013538 0.423832 0.012635 0.423832 0.008123 0.423155 0.007220 0.423155 0.004513 0.422478 0.003610 0.422478 0.002708 0.421801 0.001805 0.421801 0.000000
0 0.140149 0.000000 0.140149 0.002708 0.140826 0.003610 0.140826 0.005415 0.142180 0.007220 0.142180 0.008123 0.144211 0.010830 0.144211 0.011733 0.144888 0.011733 0.146242 0.013538 0.146242 0.014440 0.147596 0.016245 0.148274 0.016245 0.148951 0.017148 0.148951 0.018051 0.151659 0.021661 0.151659 0.022563 0.153013 0.024368 0.153013 0.025271 0.153690 0.026173 0.153690 0.027076 0.155044 0.028881 0.155044 0.029783 0.155721 0.030686 0.155721 0.031588 0.156398 0.032491 0.156398 0.033394 0.157075 0.034296 0.157075 0.035199 0.157752 0.036101 0.157752 0.037004 0.159783 0.039711 0.159783 0.040614 0.160460 0.041516 0.160460 0.042419 0.161137 0.043321 0.161137 0.045126 0.161814 0.046029 0.161814 0.046931 0.162492 0.047834 0.162492 0.050542 0.163169 0.051444 0.163169 0.054152 0.163846 0.055054 0.163846 0.057762 0.164523 0.058664 0.164523 0.060469 0.165200 0.061372 0.165200 0.062274 0.165877 0.063177 0.165877 0.064079 0.166554 0.064982 0.166554 0.066787 0.167231 0.067690 0.167231 0.068592 0.167908 0.069495 0.167908 0.071300 0.168585 0.072202 0.168585 0.073105 0.169262 0.074007 0.169262 0.074910 0.169939 0.075812 0.169939 0.077617 0.170616 0.078520 0.170616 0.080325 0.171293 0.081227 0.171293 0.082130 0.171970 0.083032 0.171970 0.083935 0.172647 0.084838 0.172647 0.085740 0.173324 0.086643 0.173324 0.087545 0.174001 0.088448 0.174001 0.090253 0.174678 0.091155 0.174678 0.092058 0.175355 0.092960 0.175355 0.093863 0.176032 0.094765 0.176032 0.095668 0.176710 0.096570 0.176710 0.098375 0.178064 0.100181 0.178064 0.101083 0.178741 0.101986 0.178741 0.103791 0.179418 0.104693 0.179418 0.105596 0.180772 0.107401 0.180772 0.108303 0.181449 0.109206 0.181449 0.110108 0.182126 0.111011 0.182126 0.111913 0.182803 0.112816 0.182803 0.113718 0.184157 0.115523 0.184157 0.116426 0.184834 0.117329 0.184834 0.119134 0.185511 0.120036 0.185511 0.120939 0.186188 0.121841 0.186188 0.122744 0.186865 0.123646 0.186865 0.124549 0.187542 0.125451 0.187542 0.126354 0.188219 0.127256 0.188219 0.128159 0.188896 0.129061 0.188896 0.129964 0.190928 0.132671 0.190928 0.133574 0.192282 0.135379 0.192282 0.136282 0.194313 0.138989 0.194313 0.139892 0.195667 0.141697 0.195667 0.142599 0.197698 0.145307 0.197698 0.146209 0.199052 0.148014 0.199052 0.148917 0.201083 0.151625 0.201083 0.152527 0.204469 0.157040 0.204469 0.157942 0.205146 0.158845 0.205146 0.159747 0.207177 0.162455 0.207177 0.163357 0.209885 0.166968 0.209885 0.167870 0.211916 0.170578 0.211916 0.171480 0.212593 0.172383 0.212593 0.173285 0.213270 0.174188 0.213270 0.175090 0.213947 0.175993 0.213947 0.176895 0.214624 0.177798 0.214624 0.178700 0.215301 0.179603 0.215301 0.180505 0.215978 0.181408 0.215978 0.182310 0.216655 0.183213 0.216655 0.184116 0.217332 0.185018 0.217332 0.185921 0.218009 0.186823 0.218009 0.187726 0.218687 0.188628 0.218687 0.190433 0.219364 0.191336 0.219364 0.193141 0.220041 0.194043 0.220041 0.194946 0.220718 0.195848 0.220718 0.196751 0.221395 0.197653 0.221395 0.198556 0.222072 0.199458 0.222072 0.200361 0.222749 0.201264 0.222749 0.203069 0.223426 0.203971 0.223426 0.205776 0.224103 0.206679 0.224103 0.211191 0.224780 0.212094 0.224780 0.214801 0.225457 0.215704 0.225457 0.217509 0.226134 0.218412 0.226134 0.219314 0.226811 0.220217 0.226811 0.222924 0.227488 0.223827 0.227488 0.226534 0.228165 0.227437 0.228165 0.228339 0.228842 0.229242 0.228842 0.231047 0.229519 0.231949 0.229519 0.233755 0.230196 0.234657 0.230196 0.235560 0.230873 0.236462 0.230873 0.239170 0.231550 0.240072 0.231550 0.244585 0.232227 0.245487 0.232227 0.249097 0.232905 0.250000 0.232905 0.251805 0.233582 0.252708 0.233582 0.253610 0.234259 0.254513 0.234259 0.255415 0.234936 0.256318 0.234936 0.258123 0.236290 0.259928 0.236290 0.260830 0.236967 0.261733 0.236967 0.262635 0.237644 0.263538 0.237644 0.264440 0.239675 0.267148 0.239675 0.268051 0.240352 0.268953 0.240352 0.270758 0.241029 0.271661 0.241706 0.271661 0.243060 0.269856 0.243060 0.268953 0.243737 0.268051 0.243737 0.265343 0.244414 0.264440 0.244414 0.253610 0.245091 0.252708 0.245091 0.249097 0.245768 0.248195 0.245768 0.245487 0.246445 0.244585 0.246445 0.241877 0.247123 0.240975 0.247123 0.238267 0.247800 0.237365 0.247800 0.234657 0.248477 0.233755 0.248477 0.231047 0.249154 0.230144 0.249154 0.224729 0.249831 0.223827 0.249831 0.220217 0.250508 0.219314 0.250508 0.218412 0.251185 0.217509 0.251185 0.216606 0.251862 0.215704 0.251862 0.212996 0.252539 0.212094 0.252539 0.211191 0.253216 0.210289 0.253216 0.208484 0.253893 0.207581 0.253893 0.204874 0.254570 0.203971 0.254570 0.203069 0.255247 0.202166 0.255247 0.200361 0.255924 0.199458 0.255924 0.198556 0.256601 0.197653 0.256601 0.196751 0.257278 0.195848 0.257278 0.194946 0.257955 0.194043 0.257955 0.193141 0.258632 0.192238 0.258632 0.191336 0.259986 0.189531 0.259986 0.188628 0.260664 0.187726 0.260664 0.186823 0.262018 0.185018 0.262018 0.184116 0.263372 0.182310 0.263372 0.181408 0.264049 0.180505 0.264049 0.179603 0.266757 0.175993 0.266757 0.175090 0.267434 0.174188 0.267434 0.173285 0.270142 0.169675 0.270142 0.168773 0.272173 0.166065 0.272850 0.166065 0.273527 0.165162 0.273527 0.164260 0.275559 0.161552 0.276236 0.161552 0.278944 0.157942 0.279621 0.157942 0.281652 0.155235 0.282329 0.155235 0.283006 0.154332 0.284360 0.154332 0.285714 0.152527 0.286391 0.152527 0.287068 0.151625 0.291131 0.151625 0.291808 0.152527 0.295870 0.152527 0.296547 0.153430 0.298578 0.153430 0.299255 0.154332 0.301963 0.154332 0.302640 0.155235 0.305349 0.155235 0.306026 0.156137 0.307380 0.156137 0.308057 0.157040 0.308734 0.157040 0.309411 0.157942 0.310765 0.157942 0.312796 0.160650 0.313473 0.160650 0.314150 0.161552 0.314827 0.161552 0.317536 0.165162 0.318213 0.165162 0.318890 0.166065 0.319567 0.166065 0.320244 0.166968 0.320244 0.167870 0.320921 0.168773 0.320921 0.165162 0.321598 0.164260 0.321598 0.161552 0.322952 0.159747 0.325660 0.159747 0.326337 0.160650 0.327691 0.160650 0.328368 0.161552 0.331077 0.161552 0.331754 0.162455 0.335139 0.162455 0.335816 0.163357 0.347326 0.163357 0.348003 0.162455 0.348680 0.162455 0.349357 0.161552 0.350034 0.161552 0.351388 0.159747 0.351388 0.158845 0.352742 0.157040 0.352742 0.156137 0.354096 0.154332 0.354096 0.153430 0.354773 0.152527 0.354773 0.148014 0.354096 0.147112 0.354096 0.113718 0.354773 0.112816 0.354773 0.110108 0.355450 0.109206 0.355450 0.102888 0.356127 0.101986 0.356127 0.097473 0.356804 0.096570 0.356804 0.095668 0.358835 0.092960 0.360190 0.092960 0.360867 0.092058 0.362898 0.092058 0.364252 0.090253 0.364252 0.089350 0.364929 0.088448 0.364929 0.084838 0.364252 0.083935 0.364252 0.083032 0.363575 0.082130 0.363575 0.080325 0.362898 0.079422 0.362898 0.077617 0.362221 0.076715 0.362221 0.075812 0.361544 0.074910 0.361544 0.074007 0.360867 0.073105 0.360867 0.071300 0.360190 0.070397 0.360190 0.068592 0.359513 0.067690 0.359513 0.066787 0.358158 0.064982 0.358158 0.064079 0.356804 0.062274 0.356804 0.061372 0.356127 0.060469 0.355450 0.060469 0.353419 0.057762 0.352742 0.057762 0.352065 0.056859 0.351388 0.056859 0.348680 0.053249 0.347326 0.053249 0.346649 0.052347 0.345972 0.052347 0.345295 0.051444 0.343263 0.051444 0.341909 0.049639 0.341909 0.048736 0.342586 0.047834 0.342586 0.036101 0.341909 0.035199 0.341909 0.028881 0.341232 0.027978 0.341232 0.020758 0.340555 0.019856 0.340555 0.010830 0.339878 0.009928 0.339878 0.006318 0.339201 0.005415 0.339201 0.002708 0.338524 0.001805 0.338524 0.000000
1 0.764387 0.000000 0.764387 0.000903 0.763033 0.002708 0.761679 0.002708 0.758971 0.006318 0.758294 0.006318 0.757617 0.007220 0.756940 0.007220 0.756263 0.008123 0.755586 0.008123 0.754232 0.009928 0.753555 0.009928 0.751523 0.012635 0.750846 0.012635 0.750169 0.013538 0.750169 0.014440 0.749492 0.015343 0.749492 0.016245 0.748815 0.017148 0.748815 0.018051 0.748138 0.018953 0.748138 0.020758 0.747461 0.021661 0.747461 0.023466 0.746784 0.024368 0.746784 0.026173 0.742045 0.032491 0.742045 0.033394 0.740014 0.036101 0.740014 0.037004 0.738659 0.038809 0.738659 0.039711 0.737305 0.041516 0.737305 0.042419 0.736628 0.043321 0.736628 0.044224 0.735951 0.045126 0.735951 0.046029 0.735274 0.046931 0.735274 0.048736 0.734597 0.049639 0.734597 0.050542 0.733920 0.051444 0.733920 0.053249 0.733243 0.054152 0.733243 0.056859 0.732566 0.057762 0.732566 0.060469 0.731889 0.061372 0.731889 0.064079 0.731212 0.064982 0.731212 0.066787 0.730535 0.067690 0.730535 0.069495 0.729858 0.070397 0.729858 0.074007 0.729181 0.074910 0.729181 0.089350 0.729858 0.090253 0.729858 0.100181 0.730535 0.101083 0.730535 0.110108 0.729858 0.111011 0.729858 0.111913 0.728504 0.113718 0.727827 0.113718 0.727150 0.114621 0.725796 0.114621 0.725118 0.115523 0.724441 0.115523 0.723087 0.117329 0.722410 0.117329 0.721056 0.119134 0.720379 0.119134 0.719025 0.120939 0.718348 0.120939 0.716994 0.122744 0.716317 0.122744 0.715640 0.123646 0.714963 0.123646 0.712932 0.126354 0.713609 0.127256 0.713609 0.129061 0.714286 0.129964 0.714963 0.129964 0.715640 0.130866 0.716317 0.130866 0.716994 0.131769 0.730535 0.131769 0.731212 0.130866 0.736628 0.130866 0.737305 0.129964 0.739336 0.129964 0.740014 0.129061 0.741368 0.129061 0.742045 0.128159 0.743399 0.128159 0.744076 0.127256 0.746107 0.127256 0.746784 0.126354 0.747461 0.126354 0.748138 0.125451 0.748815 0.125451 0.751523 0.121841 0.752200 0.121841 0.752877 0.120939 0.754232 0.120939 0.754909 0.120036 0.758971 0.120036 0.759648 0.119134 0.761002 0.119134 0.761679 0.118231 0.762356 0.118231 0.763033 0.117329 0.763710 0.117329 0.764387 0.116426 0.765064 0.116426 0.765741 0.115523 0.766418 0.115523 0.768450 0.112816 0.769127 0.112816 0.771158 0.110108 0.771835 0.110108 0.774543 0.106498 0.775220 0.106498 0.779959 0.100181 0.780636 0.100181 0.781313 0.099278 0.781991 0.099278 0.782668 0.098375 0.784699 0.098375 0.785376 0.097473 0.786730 0.097473 0.787407 0.096570 0.788761 0.096570 0.789438 0.095668 0.790115 0.095668 0.790792 0.094765 0.792146 0.094765 0.792823 0.093863 0.794177 0.093863 0.794854 0.092960 0.796209 0.092960 0.796886 0.092058 0.798917 0.092058 0.799594 0.091155 0.802302 0.091155 0.802979 0.090253 0.806364 0.090253 0.807041 0.089350 0.809749 0.089350 0.810427 0.088448 0.813135 0.088448 0.813812 0.087545 0.825999 0.087545 0.826676 0.088448 0.827353 0.088448 0.828030 0.089350 0.828707 0.089350 0.829384 0.090253 0.831415 0.090253 0.832769 0.092058 0.833446 0.092058 0.834123 0.092960 0.836831 0.092960 0.837508 0.093863 0.842248 0.093863 0.842925 0.092960 0.845633 0.092960 0.846310 0.092058 0.847664 0.092058 0.848341 0.091155 0.849695 0.091155 0.850372 0.090253 0.852404 0.090253 0.853081 0.089350 0.855789 0.089350 0.856466 0.088448 0.857143 0.088448 0.858497 0.086643 0.859174 0.086643 0.860528 0.084838 0.860528 0.083032 0.861205 0.082130 0.861205 0.079422 0.861882 0.078520 0.861882 0.076715 0.861205 0.075812 0.861205 0.074910 0.860528 0.074007 0.860528 0.073105 0.857143 0.068592 0.857143 0.067690 0.855789 0.065884 0.855112 0.065884 0.852404 0.062274 0.851726 0.062274 0.844279 0.052347 0.843602 0.052347 0.842248 0.050542 0.842248 0.049639 0.840894 0.047834 0.840217 0.047834 0.834800 0.040614 0.834123 0.040614 0.828030 0.032491 0.827353 0.032491 0.823968 0.027978 0.823290 0.027978 0.820582 0.024368 0.819905 0.024368 0.817197 0.020758 0.816520 0.020758 0.813812 0.017148 0.813135 0.017148 0.809749 0.012635 0.809072 0.012635 0.807041 0.009928 0.805687 0.009928 0.805010 0.009025 0.804333 0.009025 0.803656 0.008123 0.802979 0.008123 0.801625 0.006318 0.800948 0.006318 0.798917 0.003610 0.798240 0.003610 0.797563 0.002708 0.796209 0.002708 0.795531 0.001805 0.794854 0.001805 0.794177 0.000903 0.794177 0.000000
2 0.345295 0.386282 0.341909 0.390794 0.341909 0.391697 0.340555 0.393502 0.340555 0.394404 0.339878 0.395307 0.339878 0.396209 0.339201 0.397112 0.339201 0.398917 0.338524 0.399819 0.338524 0.401625 0.337847 0.402527 0.337847 0.405235 0.337170 0.406137 0.337170 0.408845 0.336493 0.409747 0.336493 0.411552 0.335816 0.412455 0.335816 0.415162 0.335139 0.416065 0.335139 0.418773 0.335816 0.419675 0.335816 0.422383 0.336493 0.423285 0.336493 0.425090 0.338524 0.427798 0.339201 0.426895 0.343263 0.426895 0.343940 0.427798 0.345295 0.427798 0.345972 0.428700 0.346649 0.428700 0.347326 0.429603 0.348003 0.429603 0.350034 0.432310 0.350034 0.433213 0.350711 0.434116 0.350711 0.435018 0.351388 0.435921 0.351388 0.438628 0.352065 0.439531 0.352065 0.440433 0.355450 0.444946 0.359513 0.444946 0.360190 0.444043 0.362898 0.444043 0.363575 0.443141 0.364929 0.443141 0.365606 0.442238 0.366960 0.442238 0.368314 0.440433 0.368991 0.440433 0.370345 0.438628 0.370345 0.436823 0.371022 0.435921 0.371022 0.434116 0.371699 0.433213 0.371699 0.431408 0.372376 0.430505 0.372376 0.424188 0.371699 0.423285 0.371699 0.420578 0.370345 0.418773 0.370345 0.417870 0.366960 0.413357 0.366283 0.413357 0.360867 0.406137 0.360867 0.405235 0.354096 0.396209 0.353419 0.396209 0.352742 0.395307 0.352742 0.394404 0.348003 0.388087 0.347326 0.388087 0.346649 0.387184 0.345972 0.387184
2 0.282329 0.367329 0.280975 0.369134 0.280975 0.372744 0.281652 0.373646 0.281652 0.380866 0.282329 0.381769 0.282329 0.384477 0.283006 0.385379 0.283006 0.387184 0.283683 0.388087 0.283683 0.389892 0.284360 0.390794 0.284360 0.391697 0.285037 0.392599 0.285037 0.393502 0.285714 0.394404 0.285714 0.395307 0.286391 0.395307 0.287068 0.394404 0.287745 0.394404 0.288422 0.393502 0.289100 0.393502 0.289777 0.392599 0.289777 0.391697 0.290454 0.390794 0.290454 0.388087 0.291131 0.387184 0.291131 0.371841 0.290454 0.370939 0.290454 0.370036 0.289777 0.369134 0.286391 0.369134 0.285714 0.368231 0.283683 0.368231 0.283006 0.367329
2 0.337847 0.425993 0.337170 0.426895 0.337170 0.427798 0.333785 0.432310 0.333108 0.432310 0.331754 0.434116 0.329722 0.434116 0.329045 0.435018 0.327691 0.435018 0.327014 0.435921 0.326337 0.435921 0.325660 0.436823 0.324306 0.436823 0.323629 0.437726 0.321598 0.437726 0.320921 0.438628 0.318890 0.438628 0.318213 0.439531 0.316181 0.439531 0.315504 0.440433 0.313473 0.440433 0.312796 0.441336 0.310765 0.441336 0.310088 0.442238 0.308734 0.442238 0.308057 0.443141 0.307380 0.443141 0.306703 0.444043 0.303318 0.444043 0.302640 0.444946 0.301963 0.444946 0.300609 0.446751 0.298578 0.446751 0.297901 0.445848 0.296547 0.445848 0.293839 0.442238 0.293839 0.441336 0.293162 0.440433 0.293162 0.439531 0.291808 0.437726 0.291808 0.436823 0.291131 0.435921 0.291131 0.432310 0.290454 0.431408 0.290454 0.429603 0.289100 0.427798 0.287745 0.427798 0.287068 0.426895 0.285714 0.426895 0.285714 0.429603 0.285037 0.430505 0.285037 0.434116 0.284360 0.435018 0.284360 0.438628 0.283683 0.439531 0.283683 0.440433 0.283006 0.441336 0.283006 0.443141 0.282329 0.444043 0.282329 0.445848 0.281652 0.446751 0.281652 0.447653 0.280975 0.448556 0.280975 0.451264 0.280298 0.452166 0.280298 0.458484 0.280975 0.459386 0.280975 0.462094 0.281652 0.462996 0.281652 0.463899 0.282329 0.464801 0.282329 0.465704 0.285714 0.470217 0.286391 0.470217 0.287068 0.471119 0.287745 0.471119 0.289100 0.472924 0.289777 0.472924 0.290454 0.473827 0.291808 0.473827 0.292485 0.474729 0.294516 0.474729 0.295193 0.475632 0.295870 0.475632 0.296547 0.476534 0.297901 0.476534 0.298578 0.477437 0.299932 0.477437 0.300609 0.478339 0.301963 0.478339 0.302640 0.479242 0.303318 0.479242 0.303995 0.480144 0.304672 0.480144 0.305349 0.481047 0.306703 0.481047 0.307380 0.481949 0.308057 0.481949 0.310088 0.484657 0.310765 0.484657 0.312796 0.487365 0.313473 0.487365 0.314150 0.488267 0.316181 0.488267 0.316858 0.489170 0.318890 0.489170 0.319567 0.490072 0.320921 0.490072 0.321598 0.490975 0.322275 0.490975 0.325660 0.495487 0.326337 0.495487 0.327691 0.497292 0.328368 0.497292 0.329045 0.498195 0.329722 0.498195 0.330399 0.499097 0.331754 0.499097 0.332431 0.500000 0.333108 0.500000 0.334462 0.501805 0.335139 0.501805 0.341232 0.509928 0.341909 0.509928 0.343263 0.511733 0.343940 0.511733 0.345295 0.513538 0.345972 0.513538 0.346649 0.514440 0.347326 0.514440 0.348003 0.515343 0.348680 0.515343 0.349357 0.516245 0.350711 0.516245 0.351388 0.517148 0.354096 0.517148 0.354773 0.518051 0.357481 0.518051 0.358158 0.518953 0.372376 0.518953 0.373053 0.518051 0.376439 0.518051 0.377116 0.517148 0.378470 0.517148 0.379147 0.516245 0.380501 0.516245 0.381178 0.515343 0.381855 0.515343 0.382532 0.514440 0.383209 0.514440 0.383886 0.513538 0.384563 0.513538 0.385240 0.512635 0.387271 0.512635 0.387949 0.511733 0.388626 0.511733 0.389303 0.510830 0.389980 0.510830 0.390657 0.509928 0.391334 0.509928 0.392688 0.508123 0.393365 0.508123 0.396073 0.504513 0.396073 0.502708 0.396750 0.501805 0.396750 0.500000 0.396073 0.499097 0.396073 0.496390 0.395396 0.495487 0.395396 0.493682 0.394042 0.491877 0.394042 0.490975 0.389980 0.485560 0.389303 0.485560 0.381855 0.475632 0.381178 0.475632 0.378470 0.472022 0.377793 0.472022 0.372376 0.464801 0.371699 0.464801 0.371022 0.463899 0.370345 0.463899 0.369668 0.462996 0.368991 0.462996 0.368314 0.462094 0.366283 0.462094 0.360190 0.453971 0.359513 0.453971 0.356127 0.449458 0.356127 0.448556 0.354096 0.445848 0.354096 0.444946 0.352065 0.442238 0.352065 0.441336 0.351388 0.440433 0.351388 0.439531 0.350711 0.438628 0.350711 0.435018 0.350034 0.434116 0.350034 0.433213 0.348003 0.430505 0.347326 0.430505 0.345295 0.427798 0.342586 0.427798 0.341909 0.426895 0.339878 0.426895 0.339201 0.425993