0 0.064478 0.172917 0.063892 0.173958 0.063306 0.173958 0.061547 0.177083 0.060961 0.177083 0.060375 0.178125 0.059203 0.178125 0.058617 0.179167 0.058030 0.179167 0.057444 0.180208 0.056858 0.180208 0.055686 0.182292 0.055686 0.183333 0.055100 0.184375 0.055100 0.188542 0.055686 0.189583 0.055686 0.196875 0.055100 0.197917 0.055100 0.201042 0.054513 0.202083 0.054513 0.214583 0.055100 0.215625 0.055100 0.227083 0.055686 0.228125 0.055686 0.233333 0.056272 0.234375 0.056272 0.236458 0.056858 0.237500 0.056858 0.239583 0.057444 0.240625 0.057444 0.247917 0.058030 0.248958 0.058030 0.251042 0.059789 0.254167 0.059789 0.255208 0.060375 0.256250 0.060961 0.256250 0.062134 0.254167 0.063306 0.254167 0.063892 0.253125 0.066237 0.253125 0.066823 0.252083 0.067409 0.252083 0.067995 0.253125 0.067995 0.254167 0.068581 0.255208 0.068581 0.261458 0.069168 0.262500 0.069168 0.264583 0.069754 0.265625 0.069754 0.267708 0.070340 0.268750 0.070340 0.271875 0.071512 0.273958 0.071512 0.275000 0.073857 0.279167 0.074443 0.279167 0.075029 0.278125 0.075615 0.278125 0.076202 0.277083 0.076202 0.276042 0.076788 0.275000 0.076788 0.268750 0.076202 0.267708 0.076202 0.260417 0.075615 0.259375 0.075615 0.251042 0.076202 0.250000 0.076788 0.250000 0.077374 0.248958 0.081477 0.248958 0.082063 0.247917 0.083236 0.247917 0.083822 0.246875 0.083822 0.243750 0.084408 0.242708 0.084408 0.241667 0.085580 0.239583 0.087339 0.239583 0.087925 0.238542 0.088511 0.238542 0.089097 0.239583 0.089683 0.239583 0.090856 0.241667 0.090856 0.246875 0.091442 0.247917 0.091442 0.251042 0.092028 0.252083 0.092028 0.254167 0.092614 0.255208 0.092614 0.258333 0.093200 0.259375 0.093200 0.262500 0.093787 0.263542 0.093787 0.271875 0.094959 0.273958 0.095545 0.273958 0.096131 0.272917 0.099062 0.272917 0.099648 0.271875 0.100234 0.271875 0.100234 0.269792 0.100821 0.268750 0.100234 0.267708 0.100234 0.266667 0.099648 0.265625 0.099648 0.262500 0.100821 0.260417 0.100821 0.259375 0.101407 0.258333 0.101407 0.257292 0.100821 0.256250 0.100821 0.250000 0.100234 0.248958 0.100234 0.245833 0.099648 0.244792 0.099648 0.242708 0.099062 0.241667 0.099062 0.240625 0.097890 0.238542 0.097890 0.237500 0.097304 0.236458 0.097304 0.233333 0.096131 0.231250 0.096131 0.229167 0.095545 0.228125 0.095545 0.226042 0.094959 0.225000 0.094959 0.222917 0.094373 0.221875 0.094373 0.219792 0.093787 0.218750 0.093787 0.216667 0.093200 0.216667 0.089683 0.210417 0.089683 0.208333 0.089097 0.207292 0.089097 0.206250 0.088511 0.205208 0.088511 0.203125 0.087925 0.202083 0.087925 0.200000 0.087339 0.198958 0.087339 0.197917 0.086753 0.196875 0.086753 0.195833 0.086166 0.194792 0.086166 0.193750 0.085580 0.192708 0.085580 0.191667 0.084994 0.190625 0.084994 0.189583 0.082649 0.185417 0.082063 0.185417 0.081477 0.184375 0.080891 0.184375 0.080305 0.183333 0.079719 0.183333 0.079132 0.182292 0.078546 0.182292 0.077960 0.181250 0.077374 0.181250 0.074443 0.176042 0.073857 0.176042 0.073271 0.175000 0.072685 0.175000 0.072098 0.173958 0.071512 0.173958 0.070926 0.172917
0 0.998242 0.470833 0.997655 0.471875 0.997069 0.471875 0.995311 0.475000 0.994725 0.475000 0.994138 0.476042 0.993552 0.476042 0.991794 0.479167 0.991208 0.479167 0.990035 0.481250 0.990035 0.483333 0.989449 0.484375 0.989449 0.486458 0.988863 0.487500 0.988863 0.488542 0.988277 0.489583 0.988277 0.491667 0.987691 0.492708 0.987691 0.508333 0.988277 0.509375 0.988277 0.514583 0.988863 0.515625 0.988863 0.518750 0.989449 0.519792 0.989449 0.522917 0.990035 0.523958 0.990035 0.532292 0.990621 0.533333 0.990621 0.534375 0.991208 0.535417 0.991794 0.534375 0.994725 0.534375 0.996483 0.531250 0.996483 0.530208 0.997069 0.529167 0.997069 0.521875 0.997655 0.520833 0.997655 0.516667 0.998242 0.515625 0.999414 0.515625 0.999414 0.470833
0 0.120750 0.213542 0.120164 0.214583 0.118992 0.214583 0.118406 0.215625 0.117819 0.215625 0.117233 0.216667 0.117233 0.218750 0.116647 0.219792 0.116647 0.222917 0.116061 0.223958 0.116647 0.225000 0.116647 0.228125 0.117233 0.229167 0.117233 0.231250 0.117819 0.232292 0.117819 0.233333 0.118406 0.234375 0.118406 0.235417 0.118992 0.236458 0.118992 0.237500 0.120164 0.239583 0.120750 0.239583 0.121923 0.241667 0.122509 0.241667 0.123095 0.242708 0.123681 0.242708 0.124853 0.244792 0.124853 0.245833 0.126612 0.248958 0.126612 0.250000 0.127198 0.251042 0.127198 0.252083 0.127784 0.253125 0.127784 0.254167 0.128370 0.255208 0.128370 0.257292 0.129543 0.259375 0.131301 0.259375 0.131887 0.258333 0.137749 0.258333 0.138335 0.257292 0.151231 0.257292 0.152403 0.255208 0.152403 0.254167 0.151817 0.253125 0.151817 0.252083 0.151231 0.251042 0.151231 0.250000 0.150645 0.248958 0.150645 0.247917 0.149472 0.245833 0.149472 0.244792 0.147128 0.240625 0.146542 0.240625 0.145955 0.239583 0.145369 0.239583 0.144783 0.238542 0.144197 0.238542 0.143611 0.237500 0.143025 0.237500 0.142438 0.236458 0.141852 0.236458 0.141266 0.235417 0.140680 0.235417 0.140094 0.234375 0.139508 0.234375 0.138921 0.233333 0.138335 0.233333 0.137749 0.232292 0.137163 0.232292 0.136577 0.231250 0.135991 0.231250 0.135404 0.230208 0.134818 0.230208 0.134232 0.229167 0.133646 0.229167 0.133060 0.228125 0.132474 0.228125 0.131301 0.226042 0.131301 0.225000 0.130715 0.223958 0.130715 0.222917 0.130129 0.221875 0.130129 0.220833 0.127198 0.215625 0.126612 0.215625 0.126026 0.214583 0.124853 0.214583 0.124267 0.213542
0 0.096717 0.215625 0.096131 0.216667 0.095545 0.216667 0.094959 0.217708 0.094959 0.222917 0.095545 0.223958 0.095545 0.226042 0.096131 0.227083 0.096131 0.228125 0.096717 0.229167 0.096717 0.231250 0.097890 0.233333 0.097890 0.235417 0.098476 0.236458 0.098476 0.237500 0.099062 0.238542 0.099062 0.239583 0.100234 0.241667 0.100234 0.243750 0.100821 0.244792 0.100821 0.251042 0.101407 0.252083 0.101407 0.257292 0.101993 0.258333 0.101993 0.259375 0.102579 0.260417 0.102579 0.261458 0.103165 0.262500 0.103165 0.275000 0.103751 0.276042 0.104338 0.276042 0.104924 0.277083 0.110785 0.277083 0.111372 0.276042 0.111958 0.276042 0.112544 0.275000 0.112544 0.269792 0.113130 0.268750 0.113130 0.257292 0.111958 0.255208 0.111958 0.250000 0.111372 0.248958 0.111372 0.244792 0.110785 0.243750 0.110785 0.240625 0.111958 0.238542 0.114889 0.238542 0.116061 0.240625 0.116647 0.240625 0.117233 0.241667 0.117233 0.247917 0.117819 0.248958 0.117819 0.254167 0.118406 0.255208 0.118406 0.264583 0.118992 0.265625 0.118992 0.269792 0.119578 0.270833 0.119578 0.271875 0.121923 0.271875 0.122509 0.272917 0.126026 0.272917 0.126612 0.271875 0.127198 0.271875 0.127198 0.260417 0.127784 0.259375 0.127784 0.257292 0.127198 0.256250 0.127198 0.250000 0.126612 0.248958 0.126612 0.247917 0.126026 0.246875 0.125440 0.246875 0.124853 0.245833 0.124267 0.245833 0.123095 0.243750 0.121923 0.243750 0.119578 0.239583 0.118992 0.239583 0.116061 0.234375 0.114889 0.234375 0.114302 0.233333 0.111958 0.233333 0.111372 0.232292 0.110785 0.232292 0.109027 0.229167 0.109027 0.226042 0.107855 0.223958 0.107855 0.222917 0.106682 0.220833 0.106682 0.219792 0.104924 0.216667 0.103751 0.216667 0.103165 0.215625
0 0.340563 0.232292 0.339977 0.233333 0.338804 0.233333 0.338218 0.234375 0.337632 0.234375 0.335287 0.238542 0.334701 0.238542 0.333529 0.240625 0.333529 0.241667 0.332943 0.242708 0.332943 0.243750 0.332356 0.244792 0.332356 0.245833 0.331770 0.246875 0.331770 0.247917 0.330012 0.251042 0.329426 0.251042 0.328839 0.252083 0.327667 0.252083 0.327081 0.253125 0.325909 0.253125 0.325322 0.254167 0.324736 0.254167 0.322978 0.257292 0.322978 0.258333 0.321219 0.261458 0.321219 0.262500 0.320633 0.263542 0.320633 0.264583 0.318875 0.267708 0.318875 0.268750 0.317702 0.270833 0.317702 0.271875 0.316530 0.273958 0.316530 0.275000 0.314771 0.278125 0.314185 0.278125 0.310082 0.285417 0.310082 0.286458 0.308910 0.288542 0.308910 0.289583 0.307151 0.292708 0.307151 0.293750 0.305979 0.295833 0.305979 0.296875 0.305393 0.297917 0.305393 0.298958 0.302462 0.304167 0.302462 0.305208 0.300703 0.308333 0.300703 0.309375 0.299531 0.311458 0.299531 0.312500 0.298945 0.313542 0.298945 0.314583 0.298359 0.315625 0.298359 0.317708 0.297773 0.318750 0.297773 0.321875 0.297186 0.322917 0.297186 0.330208 0.297773 0.331250 0.297773 0.333333 0.298359 0.334375 0.298359 0.335417 0.298945 0.336458 0.298945 0.337500 0.299531 0.338542 0.299531 0.339583 0.300117 0.340625 0.300117 0.342708 0.301876 0.345833 0.301876 0.346875 0.303048 0.348958 0.303048 0.350000 0.303634 0.351042 0.304220 0.351042 0.305393 0.353125 0.305979 0.353125 0.307151 0.355208 0.307737 0.355208 0.308324 0.356250 0.308910 0.356250 0.310082 0.358333 0.310668 0.358333 0.313013 0.362500 0.313013 0.363542 0.312427 0.364583 0.312427 0.365625 0.311841 0.366667 0.311841 0.367708 0.310668 0.369792 0.310668 0.372917 0.313013 0.377083 0.313599 0.377083 0.314185 0.378125 0.314771 0.378125 0.315358 0.379167 0.316530 0.379167 0.317116 0.380208 0.318288 0.380208 0.318875 0.381250 0.319461 0.381250 0.320047 0.382292 0.320633 0.382292 0.321219 0.383333 0.321805 0.383333 0.322392 0.384375 0.322978 0.384375 0.324150 0.386458 0.325322 0.386458 0.325909 0.387500 0.327081 0.387500 0.327667 0.388542 0.328253 0.387500 0.330012 0.387500 0.330598 0.386458 0.331770 0.386458 0.331770 0.384375 0.332356 0.383333 0.332356 0.382292 0.331770 0.381250 0.331770 0.375000 0.332356 0.373958 0.332356 0.372917 0.332943 0.371875 0.333529 0.371875 0.334115 0.370833 0.335873 0.370833 0.336460 0.369792 0.337632 0.369792 0.338218 0.368750 0.339390 0.368750 0.339977 0.367708 0.341735 0.367708 0.342321 0.366667 0.342907 0.366667 0.343494 0.365625 0.344080 0.365625 0.344666 0.364583 0.345838 0.364583 0.346424 0.363542 0.347597 0.363542 0.348183 0.362500 0.348769 0.362500 0.349355 0.361458 0.349941 0.361458 0.350528 0.360417 0.351700 0.360417 0.352286 0.359375 0.353458 0.359375 0.354045 0.358333 0.354631 0.358333 0.355217 0.357292 0.355803 0.357292 0.356389 0.356250 0.356975 0.356250 0.357562 0.355208 0.358148 0.355208 0.358734 0.354167 0.359320 0.354167 0.361079 0.351042 0.361079 0.350000 0.362251 0.347917 0.362251 0.331250 0.361665 0.330208 0.361665 0.329167 0.360492 0.327083 0.360492 0.322917 0.359906 0.321875 0.359906 0.317708 0.359320 0.316667 0.359320 0.311458 0.358734 0.310417 0.358734 0.309375 0.358148 0.308333 0.358148 0.307292 0.357562 0.306250 0.357562 0.305208 0.356975 0.304167 0.356975 0.303125 0.355803 0.301042 0.355803 0.300000 0.355217 0.298958 0.355217 0.297917 0.354631 0.296875 0.354631 0.295833 0.354045 0.294792 0.354045 0.292708 0.353458 0.291667 0.353458 0.290625 0.352872 0.289583 0.352872 0.288542 0.351700 0.286458 0.351700 0.285417 0.350528 0.283333 0.350528 0.279167 0.351114 0.278125 0.351114 0.276042 0.351700 0.275000 0.351700 0.270833 0.350528 0.268750 0.350528 0.262500 0.351114 0.261458 0.351114 0.260417 0.351700 0.259375 0.351700 0.257292 0.352286 0.256250 0.352286 0.247917 0.351700 0.246875 0.351700 0.245833 0.351114 0.244792 0.351114 0.243750 0.350528 0.242708 0.350528 0.241667 0.349941 0.240625 0.349941 0.239583 0.349355 0.238542 0.349355 0.237500 0.348183 0.235417 0.347597 0.235417 0.346424 0.233333 0.345838 0.233333 0.345252 0.232292
1 0.098476 0.214583 0.097890 0.215625 0.095545 0.215625 0.094959 0.216667 0.094373 0.216667 0.094373 0.220833 0.094959 0.221875 0.094959 0.223958 0.095545 0.225000 0.095545 0.226042 0.096131 0.227083 0.096131 0.228125 0.096717 0.229167 0.096717 0.230208 0.098476 0.233333 0.098476 0.234375 0.099648 0.234375 0.100234 0.233333 0.101407 0.233333 0.101993 0.232292 0.103165 0.232292 0.103751 0.231250 0.107855 0.231250 0.108441 0.230208 0.109027 0.230208 0.109027 0.227083 0.108441 0.226042 0.108441 0.225000 0.107855 0.223958 0.107855 0.222917 0.106682 0.220833 0.106682 0.219792 0.106096 0.218750 0.106096 0.217708 0.105510 0.216667 0.104338 0.216667 0.103751 0.215625 0.101993 0.215625 0.101407 0.214583
1 0.064478 0.171875 0.063892 0.172917 0.063306 0.172917 0.062134 0.175000 0.061547 0.175000 0.060375 0.177083 0.059203 0.177083 0.058617 0.178125 0.058030 0.178125 0.057444 0.179167 0.056858 0.179167 0.055100 0.182292 0.055100 0.189583 0.055686 0.190625 0.055686 0.191667 0.056272 0.192708 0.058030 0.192708 0.058617 0.191667 0.059203 0.191667 0.059789 0.190625 0.060375 0.190625 0.061547 0.188542 0.062134 0.188542 0.063306 0.186458 0.063892 0.186458 0.064478 0.185417 0.066237 0.185417 0.066823 0.184375 0.068581 0.184375 0.069168 0.183333 0.072685 0.183333 0.073271 0.182292 0.075615 0.182292 0.076202 0.181250 0.076202 0.180208 0.075615 0.179167 0.075615 0.178125 0.073857 0.175000 0.073271 0.175000 0.072685 0.173958 0.072098 0.173958 0.071512 0.172917 0.069754 0.172917 0.069168 0.171875
1 0.123095 0.212500 0.122509 0.213542 0.119578 0.213542 0.118992 0.214583 0.118406 0.214583 0.116647 0.217708 0.116647 0.218750 0.116061 0.219792 0.116061 0.226042 0.117819 0.229167 0.118406 0.229167 0.118992 0.230208 0.120164 0.230208 0.120750 0.231250 0.123095 0.231250 0.123681 0.232292 0.124853 0.232292 0.125440 0.233333 0.126026 0.233333 0.126612 0.234375 0.127198 0.233333 0.128370 0.233333 0.128957 0.232292 0.128957 0.231250 0.129543 0.230208 0.129543 0.219792 0.127198 0.215625 0.126612 0.215625 0.126026 0.214583 0.125440 0.214583 0.124853 0.213542 0.123681 0.213542
1 0.339977 0.232292 0.339390 0.233333 0.338218 0.233333 0.337632 0.234375 0.337046 0.234375 0.332943 0.241667 0.332943 0.242708 0.332356 0.243750 0.332356 0.246875 0.331770 0.247917 0.332943 0.250000 0.333529 0.250000 0.334115 0.251042 0.338804 0.251042 0.339390 0.252083 0.341735 0.252083 0.342321 0.253125 0.342907 0.253125 0.343494 0.254167 0.344080 0.254167 0.347011 0.259375 0.347597 0.259375 0.348183 0.260417 0.349941 0.260417 0.350528 0.259375 0.351114 0.259375 0.351700 0.258333 0.351700 0.257292 0.352286 0.256250 0.352286 0.246875 0.351700 0.245833 0.351700 0.244792 0.351114 0.243750 0.351114 0.242708 0.350528 0.241667 0.350528 0.240625 0.349941 0.239583 0.349941 0.238542 0.347011 0.233333 0.346424 0.233333 0.345838 0.232292
2 0.320633 0.361458 0.320047 0.362500 0.318288 0.362500 0.317702 0.363542 0.317116 0.363542 0.315944 0.365625 0.315944 0.367708 0.316530 0.368750 0.316530 0.375000 0.315944 0.376042 0.316530 0.377083 0.316530 0.378125 0.317702 0.380208 0.318288 0.380208 0.320047 0.383333 0.320633 0.383333 0.321219 0.384375 0.321805 0.384375 0.323564 0.387500 0.324150 0.387500 0.324736 0.388542 0.325909 0.388542 0.326495 0.389583 0.331184 0.389583 0.331770 0.388542 0.332356 0.388542 0.333529 0.386458 0.333529 0.381250 0.332943 0.380208 0.332943 0.377083 0.332356 0.376042 0.332356 0.372917 0.327667 0.364583 0.327081 0.364583 0.326495 0.363542 0.325909 0.363542 0.325322 0.362500 0.321805 0.362500 0.321219 0.361458
2 0.312427 0.364583 0.311841 0.365625 0.311254 0.365625 0.310082 0.367708 0.310082 0.368750 0.309496 0.369792 0.309496 0.373958 0.310082 0.375000 0.310082 0.376042 0.310668 0.377083 0.311254 0.377083 0.311841 0.378125 0.312427 0.378125 0.313013 0.379167 0.315358 0.379167 0.316530 0.377083 0.316530 0.367708 0.315944 0.366667 0.315944 0.365625 0.315358 0.365625 0.314771 0.364583
2 0.423212 0.371875 0.422626 0.372917 0.420868 0.372917 0.420868 0.373958 0.420281 0.375000 0.420281 0.377083 0.419695 0.378125 0.419695 0.383333 0.421454 0.386458 0.425557 0.386458 0.427315 0.383333 0.427315 0.381250 0.427902 0.380208 0.427902 0.379167 0.427315 0.378125 0.427315 0.376042 0.426729 0.375000 0.426729 0.373958 0.425557 0.371875