0 0.452521 0.137500 0.451934 0.138542 0.445487 0.138542 0.444900 0.139583 0.441970 0.139583 0.441383 0.140625 0.439625 0.140625 0.439039 0.141667 0.437866 0.141667 0.437280 0.142708 0.435522 0.142708 0.434936 0.143750 0.433763 0.143750 0.433177 0.144792 0.432005 0.144792 0.431419 0.145833 0.430832 0.145833 0.430246 0.146875 0.429660 0.146875 0.429074 0.147917 0.428488 0.147917 0.427902 0.148958 0.427315 0.148958 0.426729 0.150000 0.426143 0.150000 0.425557 0.151042 0.424971 0.151042 0.424385 0.152083 0.423798 0.152083 0.423212 0.153125 0.422626 0.153125 0.422040 0.154167 0.421454 0.154167 0.419695 0.157292 0.419109 0.157292 0.418523 0.158333 0.417937 0.158333 0.417937 0.159375 0.413247 0.167708 0.413247 0.168750 0.411489 0.171875 0.411489 0.172917 0.410903 0.173958 0.410903 0.175000 0.410317 0.176042 0.410317 0.177083 0.409144 0.179167 0.407972 0.179167 0.407386 0.180208 0.406800 0.180208 0.406213 0.181250 0.405041 0.181250 0.404455 0.182292 0.403869 0.182292 0.403283 0.183333 0.402696 0.183333 0.402110 0.184375 0.401524 0.184375 0.400938 0.185417 0.400352 0.185417 0.399179 0.187500 0.398593 0.187500 0.397421 0.189583 0.396835 0.189583 0.395662 0.191667 0.395076 0.191667 0.393318 0.194792 0.392732 0.194792 0.389801 0.200000 0.389215 0.200000 0.388042 0.202083 0.387456 0.202083 0.386284 0.204167 0.385698 0.204167 0.385111 0.205208 0.384525 0.205208 0.383353 0.207292 0.382767 0.207292 0.381008 0.210417 0.380422 0.210417 0.379836 0.211458 0.379250 0.211458 0.378077 0.213542 0.377491 0.213542 0.376319 0.215625 0.375733 0.215625 0.375147 0.216667 0.374560 0.216667 0.373388 0.218750 0.372802 0.218750 0.372216 0.219792 0.371630 0.219792 0.370457 0.221875 0.369871 0.221875 0.369285 0.222917 0.368699 0.222917 0.367526 0.225000 0.366940 0.225000 0.366354 0.226042 0.365768 0.226042 0.364596 0.228125 0.364009 0.228125 0.361665 0.232292 0.361079 0.232292 0.359906 0.234375 0.359320 0.234375 0.359320 0.235417 0.356975 0.239583 0.356389 0.239583 0.354631 0.242708 0.354045 0.242708 0.352872 0.244792 0.352286 0.244792 0.348769 0.251042 0.348769 0.252083 0.347011 0.255208 0.347011 0.256250 0.345252 0.259375 0.345252 0.260417 0.344080 0.262500 0.344080 0.263542 0.342321 0.266667 0.342321 0.267708 0.339977 0.271875 0.339390 0.271875 0.338804 0.272917 0.338218 0.272917 0.337046 0.275000 0.336460 0.275000 0.335873 0.276042 0.335287 0.276042 0.334701 0.277083 0.334115 0.277083 0.333529 0.278125 0.332943 0.278125 0.332356 0.279167 0.331770 0.279167 0.331184 0.280208 0.330598 0.280208 0.330012 0.281250 0.328839 0.281250 0.328253 0.282292 0.327667 0.282292 0.326495 0.284375 0.325909 0.284375 0.324736 0.286458 0.324150 0.286458 0.322978 0.288542 0.322392 0.288542 0.321219 0.290625 0.320633 0.290625 0.319461 0.292708 0.318875 0.292708 0.317702 0.294792 0.317116 0.294792 0.315944 0.296875 0.315358 0.296875 0.314185 0.298958 0.313013 0.298958 0.312427 0.300000 0.311841 0.300000 0.311254 0.301042 0.310082 0.301042 0.309496 0.302083 0.308324 0.302083 0.307737 0.303125 0.306565 0.303125 0.305979 0.304167 0.304220 0.304167 0.303634 0.305208 0.303048 0.305208 0.302462 0.306250 0.301876 0.306250 0.299531 0.310417 0.298945 0.310417 0.293083 0.320833 0.292497 0.320833 0.291325 0.322917 0.290739 0.322917 0.289566 0.325000 0.288980 0.325000 0.287808 0.327083 0.287222 0.327083 0.286635 0.328125 0.286049 0.328125 0.285463 0.329167 0.284877 0.329167 0.284291 0.330208 0.283705 0.330208 0.283118 0.331250 0.281946 0.331250 0.281360 0.332292 0.280774 0.332292 0.279601 0.334375 0.278429 0.334375 0.277843 0.335417 0.277257 0.335417 0.276671 0.336458 0.276084 0.336458 0.275498 0.337500 0.274912 0.337500 0.273740 0.339583 0.273154 0.339583 0.271981 0.341667 0.271395 0.341667 0.270223 0.343750 0.269637 0.343750 0.269050 0.344792 0.268464 0.344792 0.267292 0.346875 0.266706 0.346875 0.265533 0.348958 0.264947 0.348958 0.264361 0.350000 0.263775 0.350000 0.262603 0.352083 0.262016 0.352083 0.259672 0.356250 0.259086 0.356250 0.257327 0.359375 0.256741 0.359375 0.255569 0.361458 0.254982 0.361458 0.252638 0.365625 0.252052 0.365625 0.248535 0.371875 0.247948 0.371875 0.245604 0.376042 0.245018 0.376042 0.243845 0.378125 0.243259 0.378125 0.242673 0.379167 0.242087 0.379167 0.239156 0.384375 0.238570 0.384375 0.236811 0.387500 0.236225 0.387500 0.234467 0.390625 0.233880 0.390625 0.231536 0.394792 0.231536 0.395833 0.229777 0.398958 0.229191 0.398958 0.225674 0.405208 0.225088 0.405208 0.219226 0.415625 0.219226 0.416667 0.213365 0.427083 0.212778 0.427083 0.210434 0.431250 0.210434 0.432292 0.206331 0.439583 0.206331 0.440625 0.196952 0.457292 0.196952 0.458333 0.194021 0.463542 0.194021 0.464583 0.192849 0.466667 0.192849 0.467708 0.191676 0.469792 0.191676 0.470833 0.191090 0.471875 0.191090 0.472917 0.189918 0.475000 0.189918 0.476042 0.188746 0.478125 0.188746 0.479167 0.187573 0.481250 0.187573 0.482292 0.186987 0.483333 0.186987 0.484375 0.186401 0.485417 0.186401 0.486458 0.185229 0.488542 0.185229 0.489583 0.184642 0.490625 0.184642 0.491667 0.184056 0.492708 0.184056 0.493750 0.183470 0.494792 0.183470 0.498958 0.182884 0.500000 0.182884 0.509375 0.183470 0.510417 0.183470 0.513542 0.184056 0.514583 0.184056 0.516667 0.184642 0.517708 0.184642 0.518750 0.185229 0.519792 0.185229 0.521875 0.185815 0.522917 0.185815 0.523958 0.189918 0.531250 0.189918 0.532292 0.191090 0.534375 0.191090 0.535417 0.192263 0.537500 0.192849 0.537500 0.199297 0.548958 0.199883 0.548958 0.201641 0.552083 0.202227 0.552083 0.203400 0.554167 0.203986 0.554167 0.205744 0.557292 0.206331 0.557292 0.206917 0.558333 0.207503 0.558333 0.208675 0.560417 0.209261 0.560417 0.209848 0.561458 0.210434 0.561458 0.211020 0.562500 0.211606 0.562500 0.212192 0.563542 0.212778 0.563542 0.213365 0.564583 0.213951 0.564583 0.214537 0.565625 0.215123 0.565625 0.215709 0.566667 0.216295 0.566667 0.217468 0.568750 0.218054 0.568750 0.218640 0.569792 0.219226 0.569792 0.220399 0.571875 0.220985 0.571875 0.221571 0.572917 0.222157 0.572917 0.222743 0.573958 0.223329 0.573958 0.223916 0.575000 0.224502 0.575000 0.225088 0.576042 0.225674 0.576042 0.226260 0.577083 0.226846 0.577083 0.227433 0.578125 0.228605 0.578125 0.229191 0.579167 0.230363 0.579167 0.230950 0.580208 0.231536 0.580208 0.232122 0.581250 0.232708 0.581250 0.233294 0.582292 0.233880 0.582292 0.234467 0.583333 0.235053 0.583333 0.235639 0.584375 0.236225 0.584375 0.236811 0.585417 0.237397 0.585417 0.237984 0.586458 0.238570 0.586458 0.239742 0.588542 0.240328 0.588542 0.242087 0.591667 0.242673 0.591667 0.243259 0.592708 0.244431 0.592708 0.245018 0.593750 0.246190 0.593750 0.246776 0.594792 0.247362 0.594792 0.247948 0.595833 0.249121 0.595833 0.249707 0.596875 0.250293 0.596875 0.251465 0.598958 0.252638 0.598958 0.253224 0.600000 0.254396 0.600000 0.254982 0.601042 0.256741 0.601042 0.257327 0.602083 0.258499 0.602083 0.259086 0.603125 0.260258 0.603125 0.260844 0.604167 0.261430 0.604167 0.262016 0.605208 0.262603 0.605208 0.263189 0.606250 0.263775 0.606250 0.264361 0.607292 0.264947 0.607292 0.265533 0.608333 0.266120 0.608333 0.266706 0.609375 0.267292 0.609375 0.267878 0.610417 0.268464 0.610417 0.269050 0.611458 0.270223 0.611458 0.270809 0.612500 0.271981 0.612500 0.272567 0.613542 0.273154 0.613542 0.273740 0.614583 0.274912 0.614583 0.275498 0.615625 0.276084 0.615625 0.276671 0.616667 0.277257 0.616667 0.277843 0.617708 0.279015 0.617708 0.279601 0.618750 0.280188 0.618750 0.280774 0.619792 0.281360 0.619792 0.281946 0.620833 0.283705 0.620833 0.284291 0.621875 0.286049 0.621875 0.286635 0.622917 0.287222 0.622917 0.287808 0.623958 0.288394 0.623958 0.288980 0.625000 0.290152 0.625000 0.290739 0.626042 0.291325 0.626042 0.291911 0.627083 0.293083 0.627083 0.293669 0.628125 0.294256 0.628125 0.294842 0.629167 0.296014 0.629167 0.296600 0.630208 0.297186 0.630208 0.297773 0.631250 0.298945 0.631250 0.299531 0.632292 0.300117 0.632292 0.300703 0.633333 0.301876 0.633333 0.302462 0.634375 0.303634 0.634375 0.304220 0.635417 0.305393 0.635417 0.305979 0.636458 0.306565 0.636458 0.307151 0.637500 0.307737 0.637500 0.308324 0.638542 0.309496 0.638542 0.310082 0.639583 0.310668 0.639583 0.311254 0.640625 0.311841 0.640625 0.312427 0.641667 0.313599 0.641667 0.314185 0.642708 0.315358 0.642708 0.316530 0.644792 0.317702 0.644792 0.318288 0.645833 0.318875 0.645833 0.319461 0.646875 0.320047 0.646875 0.320633 0.647917 0.321805 0.647917 0.322392 0.648958 0.323564 0.648958 0.324150 0.650000 0.324736 0.650000 0.325322 0.651042 0.326495 0.651042 0.327081 0.652083 0.327667 0.652083 0.329426 0.655208 0.330012 0.655208 0.331184 0.657292 0.331184 0.658333 0.335287 0.665625 0.335287 0.666667 0.335873 0.667708 0.335873 0.668750 0.336460 0.669792 0.336460 0.671875 0.337046 0.672917 0.337046 0.675000 0.337632 0.676042 0.337632 0.680208 0.338218 0.681250 0.338218 0.686458 0.338804 0.687500 0.338804 0.689583 0.339390 0.690625 0.339390 0.692708 0.339977 0.693750 0.339977 0.694792 0.340563 0.695833 0.340563 0.696875 0.341149 0.697917 0.341149 0.698958 0.341735 0.700000 0.341735 0.704167 0.342321 0.705208 0.342321 0.709375 0.342907 0.710417 0.342907 0.714583 0.342321 0.715625 0.342321 0.726042 0.342907 0.727083 0.342907 0.733333 0.343494 0.734375 0.343494 0.737500 0.344080 0.738542 0.344080 0.740625 0.344666 0.741667 0.344666 0.745833 0.345252 0.746875 0.345252 0.766667 0.345838 0.767708 0.345838 0.777083 0.346424 0.778125 0.346424 0.779167 0.345838 0.780208 0.345838 0.782292 0.346424 0.783333 0.346424 0.798958 0.347011 0.800000 0.347011 0.840625 0.347597 0.841667 0.347597 0.862500 0.348183 0.863542 0.348183 0.883333 0.348769 0.884375 0.348769 0.897917 0.349355 0.898958 0.349355 0.926042 0.349941 0.927083 0.349941 0.955208 0.350528 0.956250 0.350528 0.965625 0.351114 0.966667 0.350528 0.967708 0.350528 0.982292 0.351114 0.983333 0.351114 0.990625 0.351700 0.991667 0.351700 0.993750 0.352286 0.994792 0.354045 0.994792 0.354631 0.995833 0.356389 0.995833 0.356975 0.996875 0.358734 0.996875 0.359320 0.997917 0.359320 0.998958 0.385111 0.998958 0.385111 0.997917 0.385698 0.996875 0.393904 0.996875 0.394490 0.995833 0.403283 0.995833 0.403869 0.994792 0.405041 0.994792 0.405627 0.995833 0.410317 0.995833 0.410903 0.996875 0.433763 0.996875 0.434349 0.997917 0.434349 0.998958 0.439039 0.998958 0.439039 0.997917 0.439625 0.996875 0.488863 0.996875 0.489449 0.997917 0.489449 0.998958 0.500000 0.998958 0.500000 0.997917 0.500586 0.996875 0.502345 0.996875 0.502931 0.997917 0.502931 0.998958 0.575615 0.998958 0.575615 0.997917 0.576202 0.996875 0.577374 0.996875 0.577960 0.995833 0.581477 0.995833 0.582063 0.996875 0.584994 0.996875 0.585580 0.997917 0.585580 0.998958 0.599062 0.998958 0.599062 0.997917 0.599648 0.996875 0.605510 0.996875 0.606096 0.995833 0.607855 0.995833 0.608441 0.994792 0.609027 0.994792 0.609027 0.993750 0.612544 0.987500 0.613130 0.987500 0.613716 0.986458 0.614302 0.986458 0.615475 0.984375 0.616061 0.984375 0.618406 0.980208 0.618406 0.976042 0.617819 0.975000 0.617819 0.970833 0.617233 0.969792 0.617233 0.967708 0.616647 0.966667 0.616647 0.960417 0.617233 0.959375 0.616647 0.958333 0.616647 0.913542 0.616061 0.912500 0.616061 0.897917 0.615475 0.896875 0.615475 0.886458 0.614889 0.885417 0.614889 0.883333 0.614302 0.882292 0.614302 0.879167 0.613716 0.878125 0.613716 0.872917 0.613130 0.871875 0.613130 0.868750 0.612544 0.867708 0.612544 0.862500 0.611958 0.861458 0.611958 0.858333 0.611372 0.857292 0.611372 0.853125 0.610785 0.852083 0.610785 0.847917 0.610199 0.846875 0.610199 0.840625 0.609613 0.839583 0.609613 0.832292 0.609027 0.831250 0.609027 0.828125 0.608441 0.827083 0.608441 0.819792 0.607855 0.818750 0.607855 0.813542 0.607268 0.812500 0.607268 0.804167 0.606682 0.803125 0.606682 0.801042 0.606096 0.800000 0.606096 0.797917 0.605510 0.796875 0.605510 0.791667 0.604924 0.790625 0.604924 0.787500 0.604338 0.786458 0.604338 0.784375 0.603751 0.783333 0.603751 0.780208 0.603165 0.779167 0.603165 0.776042 0.602579 0.775000 0.602579 0.770833 0.601993 0.769792 0.601993 0.766667 0.601407 0.765625 0.601407 0.757292 0.600821 0.756250 0.600821 0.743750 0.600234 0.742708 0.600234 0.739583 0.599648 0.738542 0.599648 0.735417 0.599062 0.734375 0.599062 0.730208 0.598476 0.729167 0.598476 0.726042 0.597890 0.725000 0.597890 0.722917 0.597304 0.721875 0.597304 0.720833 0.596717 0.719792 0.596717 0.701042 0.596131 0.700000 0.596131 0.696875 0.595545 0.695833 0.595545 0.681250 0.594959 0.680208 0.594959 0.676042 0.594373 0.675000 0.594373 0.667708 0.593787 0.666667 0.593787 0.660417 0.593200 0.659375 0.593200 0.654167 0.592614 0.653125 0.592614 0.648958 0.592028 0.647917 0.592028 0.645833 0.591442 0.644792 0.591442 0.642708 0.590856 0.641667 0.590856 0.639583 0.590270 0.638542 0.590270 0.622917 0.589683 0.621875 0.589683 0.619792 0.589097 0.618750 0.589097 0.616667 0.588511 0.615625 0.588511 0.611458 0.587925 0.610417 0.587925 0.606250 0.587339 0.605208 0.587339 0.601042 0.586753 0.600000 0.586753 0.596875 0.586166 0.595833 0.586166 0.593750 0.585580 0.592708 0.585580 0.591667 0.584994 0.590625 0.584994 0.588542 0.584408 0.587500 0.584408 0.583333 0.583822 0.582292 0.583822 0.579167 0.583236 0.578125 0.583236 0.576042 0.582649 0.575000 0.582649 0.571875 0.582063 0.570833 0.582063 0.565625 0.581477 0.564583 0.581477 0.560417 0.580891 0.559375 0.580891 0.554167 0.580305 0.553125 0.580305 0.548958 0.579719 0.547917 0.579719 0.545833 0.579132 0.544792 0.579132 0.542708 0.578546 0.541667 0.578546 0.539583 0.577960 0.538542 0.577960 0.537500 0.577374 0.536458 0.577374 0.535417 0.576788 0.534375 0.576788 0.533333 0.576202 0.532292 0.576202 0.531250 0.574443 0.528125 0.574443 0.527083 0.573857 0.526042 0.573857 0.525000 0.573271 0.523958 0.573271 0.522917 0.570926 0.518750 0.570926 0.517708 0.567995 0.512500 0.567995 0.511458 0.566823 0.509375 0.566823 0.508333 0.565064 0.505208 0.565064 0.504167 0.564478 0.503125 0.563892 0.503125 0.560375 0.496875 0.559203 0.496875 0.558617 0.495833 0.558030 0.495833 0.557444 0.494792 0.556272 0.494792 0.555100 0.492708 0.555100 0.489583 0.554513 0.488542 0.554513 0.483333 0.553927 0.482292 0.553927 0.479167 0.553341 0.478125 0.553341 0.477083 0.552755 0.476042 0.552755 0.473958 0.552169 0.472917 0.552169 0.468750 0.551583 0.467708 0.551583 0.464583 0.550996 0.463542 0.550996 0.461458 0.550410 0.460417 0.550410 0.458333 0.549824 0.457292 0.549824 0.456250 0.549238 0.455208 0.549238 0.453125 0.548652 0.452083 0.548652 0.451042 0.548066 0.450000 0.548066 0.448958 0.547479 0.447917 0.547479 0.445833 0.546893 0.444792 0.546893 0.442708 0.546307 0.441667 0.546307 0.440625 0.545135 0.438542 0.545135 0.437500 0.544549 0.436458 0.544549 0.435417 0.543962 0.434375 0.543962 0.432292 0.543376 0.431250 0.543376 0.427083 0.542790 0.426042 0.542790 0.425000 0.541618 0.422917 0.541618 0.421875 0.541032 0.420833 0.541032 0.414583 0.540445 0.413542 0.540445 0.412500 0.539859 0.411458 0.539859 0.410417 0.539273 0.409375 0.539273 0.407292 0.538101 0.405208 0.538101 0.404167 0.537515 0.403125 0.537515 0.400000 0.536928 0.398958 0.536928 0.397917 0.533998 0.392708 0.533998 0.391667 0.533411 0.390625 0.533411 0.389583 0.532825 0.388542 0.532239 0.388542 0.530481 0.385417 0.530481 0.384375 0.529894 0.383333 0.529894 0.382292 0.529308 0.381250 0.528722 0.381250 0.526964 0.378125 0.526377 0.378125 0.524619 0.375000 0.524619 0.368750 0.525205 0.367708 0.525205 0.366667 0.525791 0.365625 0.525791 0.361458 0.526377 0.360417 0.526377 0.358333 0.526964 0.357292 0.526964 0.355208 0.527550 0.354167 0.527550 0.353125 0.531067 0.346875 0.531067 0.345833 0.533998 0.340625 0.533998 0.339583 0.535170 0.337500 0.535756 0.337500 0.537515 0.334375 0.537515 0.333333 0.538687 0.331250 0.538687 0.330208 0.540445 0.327083 0.540445 0.326042 0.541032 0.325000 0.541032 0.323958 0.541618 0.322917 0.541618 0.321875 0.542790 0.319792 0.542790 0.318750 0.543376 0.317708 0.543376 0.316667 0.543962 0.315625 0.543962 0.314583 0.544549 0.313542 0.544549 0.311458 0.545135 0.310417 0.545135 0.309375 0.545721 0.308333 0.545721 0.307292 0.546307 0.306250 0.546307 0.304167 0.546893 0.303125 0.546893 0.296875 0.547479 0.295833 0.547479 0.292708 0.546893 0.291667 0.546893 0.289583 0.544549 0.285417 0.544549 0.284375 0.543962 0.283333 0.543962 0.282292 0.543376 0.281250 0.542790 0.281250 0.540445 0.277083 0.539859 0.277083 0.539273 0.276042 0.538687 0.276042 0.537515 0.273958 0.536928 0.273958 0.535756 0.271875 0.535170 0.271875 0.534584 0.270833 0.533998 0.270833 0.532825 0.268750 0.531653 0.268750 0.531067 0.267708 0.530481 0.267708 0.528722 0.264583 0.528136 0.264583 0.527550 0.263542 0.526964 0.263542 0.525791 0.261458 0.525205 0.261458 0.524619 0.260417 0.524033 0.260417 0.522274 0.257292 0.521688 0.257292 0.519930 0.254167 0.519343 0.254167 0.517585 0.251042 0.517585 0.250000 0.516999 0.248958 0.516999 0.245833 0.516413 0.244792 0.516413 0.242708 0.515826 0.241667 0.515826 0.240625 0.515240 0.239583 0.515240 0.236458 0.514068 0.234375 0.514068 0.232292 0.513482 0.231250 0.513482 0.218750 0.512896 0.217708 0.512896 0.215625 0.512309 0.214583 0.512309 0.212500 0.511723 0.211458 0.511723 0.209375 0.511137 0.208333 0.511137 0.206250 0.510551 0.205208 0.510551 0.202083 0.509965 0.201042 0.509965 0.200000 0.509379 0.198958 0.509379 0.197917 0.508792 0.196875 0.508792 0.194792 0.507620 0.192708 0.507620 0.191667 0.507034 0.190625 0.507034 0.188542 0.506448 0.187500 0.506448 0.186458 0.505275 0.184375 0.504689 0.184375 0.502345 0.180208 0.502345 0.179167 0.501758 0.178125 0.501758 0.177083 0.499414 0.172917 0.499414 0.171875 0.492966 0.160417 0.492380 0.160417 0.490621 0.157292 0.490035 0.157292 0.487691 0.153125 0.487104 0.153125 0.486518 0.152083 0.485932 0.152083 0.485346 0.151042 0.484760 0.151042 0.484174 0.150000 0.483587 0.150000 0.483001 0.148958 0.482415 0.148958 0.481829 0.147917 0.481243 0.147917 0.480657 0.146875 0.480070 0.146875 0.479484 0.145833 0.478312 0.145833 0.477726 0.144792 0.477140 0.144792 0.476553 0.143750 0.475381 0.143750 0.474795 0.142708 0.473623 0.142708 0.473036 0.141667 0.471864 0.141667 0.471278 0.140625 0.470692 0.140625 0.470106 0.139583 0.467761 0.139583 0.467175 0.138542 0.461899 0.138542 0.461313 0.137500
1 0.543962 0.489583 0.543962 0.490625 0.544549 0.490625 0.545135 0.491667 0.548066 0.491667 0.548066 0.490625 0.547479 0.489583
1 0.539273 0.489583 0.539273 0.496875 0.539859 0.497917 0.540445 0.497917 0.541032 0.496875 0.541032 0.492708 0.542204 0.490625 0.541618 0.490625 0.541032 0.489583
1 0.553341 0.480208 0.552755 0.481250 0.552755 0.486458 0.553341 0.487500
1 0.535756 0.475000 0.535756 0.477083 0.536342 0.478125 0.536342 0.486458 0.537515 0.486458 0.538101 0.485417 0.538687 0.485417 0.539273 0.484375 0.539859 0.484375 0.539273 0.484375 0.538687 0.483333 0.538101 0.483333 0.536342 0.480208 0.536342 0.479167 0.536928 0.478125 0.536928 0.476042 0.536342 0.475000
1 0.542790 0.469792 0.542790 0.470833 0.543376 0.470833 0.543376 0.469792
1 0.531067 0.461458 0.530481 0.462500 0.530481 0.463542 0.531653 0.465625 0.531653 0.466667 0.532239 0.467708 0.532239 0.470833 0.532825 0.471875 0.532825 0.472917 0.533411 0.472917 0.533998 0.471875 0.534584 0.471875 0.535170 0.470833 0.535170 0.469792 0.533411 0.466667 0.533998 0.465625 0.533998 0.464583 0.534584 0.463542 0.534584 0.462500 0.533998 0.461458
1 0.548066 0.457292 0.547479 0.458333 0.547479 0.460417 0.548066 0.461458 0.548066 0.472917 0.548652 0.473958 0.548652 0.475000 0.549238 0.476042 0.550410 0.476042 0.550410 0.475000 0.550996 0.473958 0.550996 0.472917 0.550410 0.471875 0.550410 0.460417 0.549824 0.459375 0.549824 0.457292
1 0.546307 0.442708 0.545721 0.443750 0.545721 0.446875 0.545135 0.447917 0.545135 0.448958 0.545721 0.450000 0.545721 0.451042 0.546307 0.452083 0.546307 0.453125 0.546893 0.452083 0.546893 0.445833 0.546307 0.444792
1 0.410317 0.438542 0.409730 0.439583 0.409730 0.440625 0.409144 0.441667 0.411489 0.441667 0.411489 0.438542
1 0.406800 0.434375 0.406213 0.435417 0.407972 0.435417 0.407972 0.434375
1 0.397421 0.434375 0.396835 0.435417 0.396835 0.440625 0.396249 0.441667 0.396249 0.443750 0.396835 0.444792 0.396835 0.445833 0.397421 0.446875 0.398007 0.446875 0.398593 0.445833 0.399179 0.445833 0.399179 0.443750 0.399766 0.442708 0.399179 0.441667 0.399179 0.440625 0.398007 0.438542 0.398007 0.435417
1 0.500586 0.428125 0.500000 0.429167 0.499414 0.429167 0.498828 0.430208 0.498242 0.430208 0.498242 0.431250 0.496483 0.434375 0.495897 0.434375 0.495311 0.435417 0.494138 0.435417 0.493552 0.436458 0.492380 0.436458 0.491794 0.437500 0.489449 0.437500 0.488863 0.438542 0.485346 0.438542 0.484760 0.439583 0.469519 0.439583 0.468933 0.438542 0.458968 0.438542 0.458382 0.439583 0.454279 0.439583 0.453693 0.438542 0.452521 0.438542 0.452521 0.441667 0.453107 0.442708 0.453693 0.442708 0.456624 0.447917 0.457210 0.447917 0.458382 0.450000 0.458382 0.451042 0.458968 0.452083 0.458968 0.453125 0.459555 0.454167 0.459555 0.455208 0.460141 0.456250 0.460727 0.456250 0.463072 0.460417 0.464830 0.460417 0.466002 0.462500 0.466589 0.462500 0.467175 0.463542 0.468347 0.463542 0.468933 0.464583 0.471864 0.464583 0.472450 0.465625 0.477726 0.465625 0.478312 0.464583 0.482415 0.464583 0.483001 0.463542 0.485346 0.463542 0.485932 0.462500 0.487691 0.462500 0.488277 0.461458 0.488863 0.461458 0.489449 0.460417 0.490035 0.460417 0.490621 0.459375 0.491208 0.459375 0.493552 0.455208 0.494138 0.455208 0.495311 0.453125 0.495311 0.452083 0.495897 0.451042 0.495897 0.450000 0.496483 0.448958 0.496483 0.447917 0.497069 0.446875 0.497069 0.444792 0.497655 0.443750 0.497655 0.441667 0.498242 0.440625 0.498242 0.438542 0.498828 0.437500 0.498828 0.436458 0.499414 0.435417 0.499414 0.433333 0.501172 0.430208 0.501172 0.428125
1 0.414420 0.425000 0.413247 0.427083 0.413247 0.429167 0.414420 0.431250 0.414420 0.430208 0.415006 0.429167 0.415006 0.426042
1 0.512309 0.420833 0.511723 0.421875 0.511723 0.429167 0.512896 0.429167 0.513482 0.428125 0.513482 0.427083 0.512896 0.426042 0.512896 0.422917 0.513482 0.421875 0.512896 0.421875
1 0.520516 0.413542 0.519930 0.414583 0.518757 0.414583 0.519343 0.415625 0.519930 0.415625 0.520516 0.416667 0.521102 0.416667 0.521688 0.417708 0.519930 0.420833 0.519930 0.421875 0.520516 0.421875 0.521102 0.422917 0.521688 0.422917 0.522274 0.423958 0.522860 0.422917 0.523447 0.422917 0.524033 0.421875 0.524033 0.420833 0.522860 0.418750 0.522860 0.414583 0.522274 0.413542
1 0.410903 0.413542 0.410317 0.414583 0.409144 0.414583 0.409144 0.417708 0.409730 0.418750 0.409730 0.420833 0.411489 0.420833 0.411489 0.415625 0.412075 0.414583 0.411489 0.414583
1 0.410903 0.404167 0.410317 0.405208 0.410317 0.406250 0.409730 0.407292 0.410317 0.407292 0.410903 0.408333
1 0.529308 0.385417 0.528722 0.386458 0.528136 0.386458 0.527550 0.387500 0.527550 0.389583 0.526377 0.391667 0.525791 0.391667 0.525205 0.392708 0.524619 0.392708 0.524619 0.394792 0.525205 0.395833 0.525205 0.397917 0.524033 0.400000 0.524033 0.401042 0.524619 0.402083 0.525205 0.402083 0.525791 0.403125 0.526964 0.403125 0.527550 0.404167 0.528722 0.404167 0.529308 0.405208 0.532239 0.405208 0.533998 0.408333 0.535756 0.408333 0.536342 0.409375 0.536928 0.409375 0.537515 0.410417 0.535756 0.413542 0.535170 0.413542 0.534584 0.412500 0.532239 0.412500 0.531653 0.413542 0.531067 0.413542 0.530481 0.414583 0.529894 0.414583 0.529308 0.415625 0.529308 0.416667 0.528722 0.417708 0.528722 0.419792 0.528136 0.420833 0.528722 0.421875 0.529894 0.421875 0.530481 0.422917 0.531067 0.422917 0.531653 0.423958 0.532239 0.423958 0.532825 0.425000 0.532239 0.426042 0.532239 0.427083 0.531653 0.428125 0.533998 0.432292 0.532825 0.434375 0.532825 0.435417 0.533411 0.436458 0.533998 0.436458 0.535170 0.438542 0.535170 0.439583 0.533998 0.441667 0.533998 0.442708 0.535756 0.445833 0.535170 0.446875 0.535170 0.448958 0.535756 0.450000 0.536928 0.450000 0.537515 0.448958 0.538101 0.448958 0.536928 0.446875 0.536928 0.445833 0.538687 0.442708 0.538687 0.441667 0.536928 0.438542 0.537515 0.437500 0.537515 0.434375 0.539273 0.431250 0.541618 0.435417 0.541618 0.436458 0.542790 0.438542 0.543376 0.437500 0.543376 0.427083 0.542790 0.426042 0.542790 0.425000 0.542204 0.425000 0.541032 0.422917 0.541032 0.421875 0.540445 0.420833 0.541032 0.419792 0.541032 0.417708 0.540445 0.416667 0.540445 0.413542 0.539859 0.412500 0.539859 0.410417 0.539273 0.409375 0.538687 0.409375 0.536928 0.406250 0.536928 0.400000 0.536342 0.398958 0.536342 0.396875 0.533411 0.391667 0.533411 0.390625 0.532825 0.389583 0.532825 0.388542 0.531653 0.388542 0.531067 0.387500 0.529894 0.387500 0.529308 0.386458
1 0.451348 0.136458 0.450762 0.137500 0.446073 0.137500 0.445487 0.138542 0.442556 0.138542 0.441970 0.139583 0.439625 0.139583 0.439039 0.140625 0.437866 0.140625 0.437280 0.141667 0.435522 0.141667 0.434936 0.142708 0.433763 0.142708 0.433177 0.143750 0.432591 0.143750 0.432005 0.144792 0.431419 0.144792 0.430832 0.145833 0.429660 0.145833 0.429074 0.146875 0.428488 0.146875 0.427902 0.147917 0.427315 0.147917 0.426729 0.148958 0.426143 0.148958 0.425557 0.150000 0.424385 0.150000 0.423212 0.152083 0.422626 0.152083 0.422040 0.153125 0.421454 0.153125 0.420281 0.155208 0.419695 0.155208 0.418523 0.157292 0.417937 0.157292 0.412075 0.167708 0.412075 0.168750 0.410317 0.171875 0.410317 0.172917 0.409730 0.173958 0.409730 0.175000 0.410317 0.176042 0.410903 0.176042 0.411489 0.177083 0.412075 0.177083 0.412661 0.178125 0.413247 0.178125 0.415006 0.181250 0.416178 0.181250 0.416764 0.182292 0.418523 0.182292 0.420281 0.179167 0.421454 0.179167 0.422626 0.177083 0.423212 0.177083 0.423798 0.176042 0.424385 0.176042 0.424971 0.175000 0.426143 0.175000 0.426729 0.173958 0.427315 0.173958 0.427902 0.172917 0.432005 0.172917 0.437280 0.182292 0.437866 0.182292 0.438453 0.183333 0.444314 0.183333 0.444900 0.184375 0.445487 0.184375 0.447245 0.187500 0.447245 0.188542 0.447831 0.189583 0.447831 0.191667 0.448417 0.192708 0.447831 0.193750 0.447831 0.200000 0.447245 0.201042 0.447245 0.204167 0.446659 0.205208 0.446659 0.209375 0.447831 0.211458 0.447831 0.213542 0.448417 0.214583 0.448417 0.222917 0.447831 0.223958 0.447831 0.227083 0.447245 0.228125 0.447245 0.229167 0.446073 0.231250 0.446073 0.232292 0.444900 0.234375 0.444900 0.235417 0.443728 0.237500 0.443728 0.238542 0.442556 0.240625 0.442556 0.241667 0.440211 0.245833 0.440211 0.246875 0.432005 0.261458 0.431419 0.261458 0.431419 0.262500 0.428488 0.267708 0.427902 0.267708 0.424971 0.272917 0.424385 0.272917 0.423798 0.273958 0.423212 0.273958 0.422626 0.275000 0.421454 0.275000 0.420868 0.276042 0.419109 0.276042 0.418523 0.277083 0.417937 0.277083 0.417937 0.278125 0.417351 0.279167 0.417351 0.280208 0.415006 0.284375 0.415006 0.285417 0.414420 0.286458 0.414420 0.287500 0.413834 0.288542 0.413834 0.289583 0.413247 0.290625 0.413247 0.291667 0.412075 0.293750 0.412075 0.294792 0.410903 0.296875 0.410903 0.300000 0.410317 0.301042 0.410317 0.302083 0.409730 0.303125 0.409144 0.303125 0.409144 0.307292 0.407972 0.309375 0.407972 0.312500 0.407386 0.313542 0.407386 0.323958 0.406800 0.325000 0.406800 0.327083 0.406213 0.328125 0.406213 0.330208 0.405627 0.331250 0.405627 0.332292 0.405041 0.333333 0.405041 0.337500 0.404455 0.338542 0.404455 0.340625 0.403869 0.341667 0.403869 0.342708 0.403283 0.343750 0.403283 0.344792 0.402696 0.345833 0.402696 0.346875 0.400938 0.350000 0.400352 0.350000 0.399766 0.351042 0.399179 0.351042 0.397421 0.354167 0.397421 0.356250 0.396835 0.357292 0.396835 0.359375 0.395662 0.361458 0.395662 0.363542 0.395076 0.364583 0.395076 0.365625 0.393904 0.367708 0.393904 0.369792 0.392732 0.371875 0.392732 0.376042 0.392145 0.377083 0.392145 0.381250 0.391559 0.382292 0.391559 0.384375 0.390973 0.385417 0.390973 0.386458 0.390387 0.387500 0.390387 0.391667 0.389801 0.392708 0.389801 0.400000 0.390973 0.402083 0.391559 0.402083 0.393318 0.405208 0.393318 0.406250 0.393904 0.407292 0.393904 0.409375 0.397421 0.409375 0.398007 0.408333 0.398593 0.408333 0.399179 0.407292 0.399179 0.401042 0.400938 0.397917 0.401524 0.397917 0.402696 0.395833 0.403869 0.395833 0.404455 0.394792 0.407386 0.394792 0.408558 0.392708 0.409730 0.392708 0.410317 0.391667 0.411489 0.391667 0.412075 0.392708 0.412661 0.392708 0.415592 0.397917 0.415592 0.400000 0.416178 0.401042 0.416178 0.402083 0.417351 0.404167 0.417937 0.404167 0.420281 0.408333 0.420868 0.408333 0.421454 0.409375 0.422626 0.409375 0.423212 0.408333 0.423212 0.406250 0.422626 0.405208 0.422626 0.386458 0.420868 0.383333 0.420868 0.382292 0.420281 0.381250 0.420281 0.380208 0.419695 0.379167 0.419695 0.378125 0.419109 0.377083 0.419109 0.373958 0.418523 0.372917 0.418523 0.369792 0.417937 0.368750 0.417937 0.366667 0.417351 0.365625 0.417351 0.364583 0.416764 0.363542 0.416764 0.351042 0.417351 0.350000 0.417351 0.347917 0.416764 0.346875 0.416764 0.340625 0.416178 0.339583 0.416178 0.332292 0.415592 0.331250 0.415592 0.329167 0.415006 0.328125 0.415006 0.326042 0.414420 0.325000 0.414420 0.322917 0.413834 0.321875 0.413834 0.319792 0.413247 0.318750 0.413247 0.316667 0.412661 0.315625 0.412661 0.309375 0.412075 0.308333 0.412075 0.300000 0.413247 0.297917 0.413834 0.297917 0.414420 0.296875 0.415006 0.296875 0.420868 0.286458 0.421454 0.286458 0.423798 0.282292 0.424385 0.282292 0.424971 0.281250 0.425557 0.281250 0.426729 0.279167 0.427315 0.279167 0.428488 0.277083 0.429074 0.277083 0.430246 0.275000 0.430832 0.275000 0.431419 0.273958 0.432005 0.273958 0.432591 0.272917 0.433177 0.272917 0.434349 0.270833 0.434936 0.270833 0.435522 0.269792 0.436108 0.269792 0.436694 0.268750 0.437280 0.268750 0.437866 0.267708 0.439039 0.267708 0.439625 0.266667 0.440211 0.266667 0.440797 0.265625 0.441383 0.265625 0.441970 0.264583 0.443142 0.264583 0.443728 0.263542 0.444314 0.263542 0.444900 0.262500 0.446073 0.262500 0.446659 0.261458 0.447831 0.261458 0.448417 0.260417 0.450176 0.260417 0.450762 0.259375 0.453693 0.259375 0.454279 0.258333 0.456038 0.258333 0.456624 0.257292 0.461899 0.257292 0.462485 0.256250 0.478312 0.256250 0.478898 0.257292 0.485346 0.257292 0.485932 0.258333 0.489449 0.258333 0.490035 0.259375 0.494725 0.259375 0.495311 0.260417 0.496483 0.260417 0.497069 0.261458 0.498242 0.261458 0.498828 0.262500 0.501172 0.262500 0.501758 0.263542 0.502931 0.263542 0.503517 0.264583 0.504689 0.264583 0.507034 0.268750 0.507620 0.268750 0.512896 0.278125 0.512896 0.279167 0.513482 0.280208 0.513482 0.281250 0.514654 0.283333 0.514654 0.284375 0.515826 0.286458 0.515826 0.288542 0.516413 0.289583 0.516413 0.301042 0.515826 0.302083 0.515826 0.312500 0.515240 0.313542 0.515240 0.325000 0.515826 0.326042 0.515826 0.328125 0.516413 0.329167 0.516413 0.331250 0.516999 0.332292 0.516999 0.334375 0.517585 0.335417 0.517585 0.338542 0.518171 0.339583 0.518171 0.351042 0.517585 0.352083 0.518171 0.353125 0.518171 0.377083 0.518757 0.378125 0.519343 0.378125 0.520516 0.380208 0.520516 0.381250 0.519930 0.382292 0.519930 0.383333 0.518757 0.385417 0.518171 0.385417 0.517585 0.386458 0.516999 0.386458 0.516413 0.387500 0.516413 0.388542 0.515240 0.390625 0.515240 0.392708 0.514654 0.393750 0.514654 0.403125 0.514068 0.404167 0.514654 0.404167 0.515240 0.405208 0.515826 0.405208 0.516413 0.404167 0.516413 0.396875 0.518171 0.393750 0.518171 0.392708 0.519343 0.390625 0.519343 0.389583 0.521102 0.386458 0.523447 0.386458 0.523447 0.379167 0.524033 0.378125 0.524033 0.372917 0.525791 0.369792 0.525791 0.359375 0.526964 0.357292 0.526964 0.356250 0.529308 0.352083 0.529308 0.351042 0.534584 0.341667 0.534584 0.340625 0.535756 0.338542 0.536342 0.338542 0.536342 0.337500 0.537515 0.335417 0.537515 0.334375 0.540445 0.329167 0.540445 0.328125 0.541032 0.327083 0.541032 0.326042 0.542204 0.323958 0.542204 0.322917 0.543962 0.319792 0.543962 0.317708 0.544549 0.316667 0.544549 0.315625 0.545135 0.314583 0.545135 0.312500 0.545721 0.311458 0.545721 0.310417 0.546307 0.309375 0.546307 0.308333 0.546893 0.307292 0.546893 0.304167 0.547479 0.303125 0.547479 0.297917 0.548066 0.296875 0.548066 0.292708 0.547479 0.291667 0.547479 0.289583 0.546893 0.288542 0.546893 0.287500 0.545135 0.284375 0.545135 0.283333 0.542204 0.278125 0.541618 0.278125 0.539859 0.275000 0.539273 0.275000 0.538687 0.273958 0.538101 0.273958 0.536928 0.271875 0.536342 0.271875 0.535756 0.270833 0.535170 0.270833 0.533998 0.268750 0.533411 0.268750 0.532825 0.267708 0.531653 0.267708 0.530481 0.265625 0.529894 0.265625 0.529308 0.264583 0.528722 0.264583 0.527550 0.262500 0.526964 0.262500 0.525791 0.260417 0.525205 0.260417 0.524619 0.259375 0.524033 0.259375 0.522274 0.256250 0.521688 0.256250 0.519343 0.252083 0.518757 0.252083 0.518171 0.251042 0.518171 0.250000 0.517585 0.248958 0.517585 0.246875 0.516999 0.245833 0.516999 0.242708 0.516413 0.241667 0.516413 0.237500 0.515826 0.236458 0.515826 0.233333 0.515240 0.232292 0.515240 0.231250 0.514654 0.230208 0.514654 0.228125 0.514068 0.227083 0.514068 0.221875 0.513482 0.220833 0.513482 0.214583 0.512896 0.213542 0.512896 0.211458 0.512309 0.210417 0.512309 0.208333 0.511723 0.207292 0.511723 0.205208 0.511137 0.204167 0.511137 0.203125 0.510551 0.202083 0.510551 0.200000 0.509965 0.198958 0.509965 0.197917 0.509379 0.196875 0.509379 0.195833 0.508792 0.194792 0.508792 0.193750 0.508206 0.192708 0.508206 0.190625 0.507620 0.189583 0.507620 0.188542 0.507034 0.187500 0.507034 0.186458 0.502345 0.178125 0.502345 0.177083 0.501758 0.176042 0.501758 0.175000 0.498242 0.168750 0.498242 0.167708 0.497655 0.167708 0.491794 0.157292 0.491208 0.157292 0.489449 0.154167 0.488863 0.154167 0.487691 0.152083 0.487104 0.152083 0.485932 0.150000 0.485346 0.150000 0.484760 0.148958 0.484174 0.148958 0.483587 0.147917 0.483001 0.147917 0.482415 0.146875 0.481829 0.146875 0.481243 0.145833 0.480070 0.145833 0.479484 0.144792 0.478898 0.144792 0.478312 0.143750 0.477140 0.143750 0.476553 0.142708 0.475381 0.142708 0.474795 0.141667 0.474209 0.141667 0.473623 0.140625 0.472450 0.140625 0.471864 0.139583 0.470106 0.139583 0.469519 0.138542 0.467761 0.138542 0.467175 0.137500 0.464244 0.137500 0.463658 0.136458