0 0.868653 0.258123 0.867976 0.259025 0.867299 0.259025 0.866622 0.259928 0.865944 0.259928 0.864590 0.261733 0.864590 0.262635 0.863913 0.263538 0.863913 0.264440 0.863236 0.265343 0.863236 0.272563 0.862559 0.273466 0.862559 0.277076 0.861882 0.277978 0.861882 0.279783 0.861205 0.280686 0.861205 0.281588 0.860528 0.282491 0.860528 0.284296 0.859851 0.285199 0.859851 0.287906 0.859174 0.288809 0.859174 0.305054 0.858497 0.305957 0.858497 0.310469 0.857820 0.311372 0.857820 0.314079 0.857143 0.314982 0.857143 0.321300 0.856466 0.322202 0.856466 0.334838 0.855789 0.335740 0.855789 0.340253 0.855112 0.341155 0.855112 0.350181 0.854435 0.351083 0.854435 0.370036 0.855112 0.370939 0.856466 0.370939 0.857143 0.371841 0.858497 0.371841 0.859851 0.373646 0.861205 0.373646 0.861882 0.374549 0.866622 0.374549 0.867299 0.373646 0.867976 0.373646 0.868653 0.372744 0.869330 0.372744 0.869330 0.370939 0.870007 0.370036 0.870007 0.368231 0.870684 0.367329 0.870684 0.366426 0.874069 0.361913 0.874069 0.361011 0.876777 0.357401 0.876777 0.356498 0.877454 0.355596 0.877454 0.354693 0.878131 0.353791 0.878131 0.352888 0.880162 0.350181 0.880162 0.348375 0.880840 0.347473 0.880840 0.345668 0.881517 0.344765 0.881517 0.337545 0.880840 0.336643 0.880840 0.333935 0.880162 0.333032 0.880162 0.332130 0.879485 0.331227 0.879485 0.329422 0.878808 0.328520 0.878808 0.325812 0.878131 0.324910 0.878131 0.318592 0.878808 0.317690 0.878808 0.316787 0.879485 0.315884 0.879485 0.313177 0.880162 0.312274 0.880162 0.308664 0.879485 0.307762 0.879485 0.305957 0.878808 0.305054 0.878808 0.292419 0.878131 0.291516 0.878131 0.287906 0.877454 0.287004 0.877454 0.284296 0.876777 0.283394 0.876777 0.280686 0.875423 0.278881 0.875423 0.277978 0.874069 0.276173 0.874069 0.275271 0.873392 0.274368 0.873392 0.272563 0.872715 0.271661 0.872715 0.270758 0.873392 0.269856 0.873392 0.267148 0.874069 0.266245 0.874069 0.265343 0.874746 0.264440 0.874746 0.262635 0.875423 0.261733 0.875423 0.260830 0.873392 0.258123
0 0.311442 0.530686 0.310765 0.531588 0.308057 0.531588 0.307380 0.532491 0.306026 0.532491 0.305349 0.533394 0.304672 0.533394 0.303995 0.534296 0.302640 0.534296 0.301286 0.536101 0.299932 0.536101 0.298578 0.537906 0.297901 0.537906 0.297224 0.538809 0.296547 0.538809 0.295870 0.539711 0.295193 0.539711 0.293839 0.541516 0.293162 0.541516 0.292485 0.542419 0.291808 0.542419 0.291131 0.543321 0.290454 0.543321 0.289100 0.545126 0.288422 0.545126 0.287745 0.546029 0.287068 0.546029 0.285714 0.547834 0.285037 0.547834 0.283683 0.549639 0.283006 0.549639 0.278267 0.555957 0.278267 0.556859 0.277590 0.557762 0.277590 0.572202 0.278267 0.573105 0.278267 0.574910 0.278944 0.575812 0.278944 0.577617 0.279621 0.578520 0.279621 0.579422 0.280298 0.579422 0.281652 0.581227 0.280298 0.583032 0.280298 0.583935 0.273527 0.592960 0.273527 0.593863 0.272173 0.595668 0.272173 0.596570 0.271496 0.597473 0.271496 0.599278 0.270819 0.600181 0.270819 0.602888 0.270142 0.603791 0.270142 0.614621 0.270819 0.615523 0.270819 0.618231 0.271496 0.619134 0.271496 0.627256 0.272173 0.628159 0.272173 0.638989 0.272850 0.639892 0.272850 0.640794 0.272173 0.641697 0.272173 0.643502 0.270819 0.645307 0.270819 0.646209 0.270142 0.647112 0.270142 0.648917 0.269465 0.649819 0.269465 0.662455 0.268788 0.663357 0.268788 0.667870 0.268111 0.668773 0.268111 0.674188 0.267434 0.675090 0.267434 0.675993 0.266757 0.676895 0.266757 0.677798 0.266080 0.678700 0.266080 0.679603 0.265403 0.680505 0.265403 0.681408 0.264726 0.682310 0.264726 0.684116 0.264049 0.685018 0.264049 0.686823 0.263372 0.687726 0.263372 0.689531 0.262695 0.690433 0.262695 0.693141 0.262018 0.694043 0.262018 0.707581 0.262695 0.708484 0.262695 0.711191 0.263372 0.712094 0.263372 0.712996 0.264049 0.713899 0.264049 0.714801 0.266080 0.717509 0.266757 0.717509 0.269465 0.721119 0.270142 0.721119 0.270819 0.722022 0.270819 0.722924 0.271496 0.723827 0.272173 0.723827 0.274882 0.727437 0.274882 0.728339 0.276236 0.730144 0.276236 0.731047 0.277590 0.732852 0.277590 0.733755 0.280298 0.737365 0.280298 0.738267 0.285037 0.744585 0.285714 0.744585 0.287068 0.746390 0.287745 0.746390 0.289777 0.749097 0.290454 0.749097 0.292485 0.751805 0.293162 0.751805 0.293839 0.752708 0.295193 0.752708 0.295870 0.753610 0.296547 0.753610 0.297224 0.754513 0.297901 0.754513 0.299255 0.756318 0.299255 0.757220 0.299932 0.758123 0.299932 0.774368 0.299255 0.775271 0.299255 0.776173 0.298578 0.777076 0.298578 0.777978 0.297901 0.778881 0.297901 0.780686 0.297224 0.781588 0.297224 0.783394 0.296547 0.784296 0.296547 0.786101 0.295870 0.787004 0.295870 0.788809 0.295193 0.789711 0.295193 0.795126 0.295870 0.796029 0.295870 0.796931 0.297901 0.799639 0.298578 0.799639 0.299255 0.800542 0.303318 0.800542 0.303995 0.799639 0.304672 0.799639 0.305349 0.798736 0.306026 0.798736 0.306703 0.797834 0.308057 0.797834 0.308734 0.796931 0.309411 0.796931 0.310088 0.796029 0.310765 0.796029 0.311442 0.795126 0.312119 0.795126 0.312796 0.794224 0.313473 0.794224 0.314150 0.793321 0.314827 0.793321 0.316181 0.791516 0.316858 0.791516 0.317536 0.790614 0.318213 0.790614 0.321598 0.786101 0.321598 0.785199 0.322275 0.784296 0.322275 0.783394 0.322952 0.782491 0.322952 0.781588 0.325660 0.777978 0.325660 0.777076 0.329045 0.772563 0.329045 0.771661 0.331754 0.768051 0.331754 0.767148 0.332431 0.766245 0.332431 0.765343 0.333108 0.764440 0.333108 0.763538 0.333785 0.762635 0.333785 0.756318 0.333108 0.755415 0.333108 0.754513 0.332431 0.754513 0.330399 0.751805 0.330399 0.750903 0.331077 0.750000 0.331754 0.750000 0.332431 0.749097 0.332431 0.748195 0.334462 0.745487 0.335139 0.745487 0.335816 0.744585 0.336493 0.744585 0.337170 0.743682 0.340555 0.743682 0.341232 0.742780 0.344617 0.742780 0.345295 0.741877 0.353419 0.741877 0.354096 0.740975 0.355450 0.740975 0.356804 0.742780 0.356804 0.745487 0.356127 0.746390 0.356127 0.747292 0.355450 0.748195 0.355450 0.749097 0.354773 0.750000 0.354773 0.750903 0.354096 0.751805 0.354096 0.753610 0.353419 0.754513 0.353419 0.757220 0.352742 0.758123 0.352742 0.759928 0.352065 0.760830 0.352065 0.761733 0.351388 0.762635 0.350711 0.762635 0.349357 0.764440 0.348680 0.764440 0.348680 0.765343 0.348003 0.766245 0.348003 0.767148 0.347326 0.768051 0.347326 0.772563 0.348003 0.773466 0.348003 0.774368 0.348680 0.775271 0.349357 0.775271 0.350034 0.776173 0.350711 0.776173 0.351388 0.777076 0.352065 0.777076 0.352742 0.777978 0.354096 0.777978 0.354773 0.778881 0.356127 0.778881 0.356804 0.779783 0.370345 0.779783 0.371022 0.778881 0.375085 0.778881 0.375762 0.777978 0.380501 0.777978 0.381178 0.777076 0.385240 0.777076 0.385917 0.776173 0.389303 0.776173 0.389980 0.775271 0.391334 0.775271 0.392011 0.774368 0.392688 0.774368 0.393365 0.773466 0.394719 0.773466 0.395396 0.772563 0.396073 0.772563 0.396750 0.771661 0.397427 0.771661 0.401490 0.766245 0.401490 0.765343 0.402167 0.764440 0.402167 0.762635 0.402844 0.761733 0.402844 0.756318 0.402167 0.755415 0.402167 0.751805 0.401490 0.750903 0.401490 0.750000 0.400135 0.748195 0.400135 0.747292 0.397427 0.743682 0.396750 0.743682 0.396073 0.742780 0.394719 0.742780 0.394042 0.741877 0.393365 0.741877 0.392688 0.740975 0.391334 0.740975 0.390657 0.740072 0.388626 0.740072 0.387949 0.739170 0.386594 0.739170 0.385917 0.738267 0.385240 0.738267 0.384563 0.737365 0.385917 0.735560 0.385917 0.733755 0.386594 0.732852 0.387271 0.732852 0.387949 0.731949 0.388626 0.731949 0.390657 0.729242 0.391334 0.729242 0.393365 0.726534 0.394042 0.726534 0.394719 0.725632 0.396073 0.725632 0.398104 0.722924 0.398781 0.722924 0.400135 0.721119 0.400812 0.721119 0.404875 0.715704 0.405552 0.715704 0.410291 0.709386 0.410968 0.709386 0.422478 0.694043 0.423155 0.694043 0.427217 0.688628 0.427217 0.687726 0.431280 0.682310 0.431280 0.681408 0.432634 0.679603 0.432634 0.678700 0.433311 0.677798 0.433311 0.676895 0.434665 0.675090 0.434665 0.674188 0.435342 0.673285 0.435342 0.671480 0.436696 0.669675 0.436696 0.668773 0.437373 0.667870 0.437373 0.666968 0.438050 0.666065 0.438050 0.665162 0.438727 0.664260 0.438727 0.663357 0.439404 0.662455 0.439404 0.655235 0.440081 0.654332 0.439404 0.653430 0.439404 0.649819 0.438727 0.648917 0.438727 0.647112 0.438050 0.646209 0.438050 0.645307 0.437373 0.644404 0.437373 0.643502 0.436696 0.642599 0.436696 0.641697 0.431957 0.635379 0.431280 0.635379 0.430603 0.634477 0.429926 0.634477 0.429248 0.633574 0.427217 0.633574 0.426540 0.632671 0.419770 0.632671 0.419093 0.633574 0.415708 0.633574 0.415030 0.634477 0.412999 0.634477 0.412322 0.635379 0.410291 0.635379 0.409614 0.636282 0.408260 0.636282 0.407583 0.637184 0.406229 0.637184 0.405552 0.638087 0.403521 0.638087 0.402844 0.638989 0.402167 0.638989 0.401490 0.639892 0.400135 0.639892 0.399458 0.640794 0.398781 0.640794 0.398104 0.641697 0.396750 0.641697 0.396073 0.642599 0.394719 0.642599 0.394042 0.643502 0.392688 0.643502 0.392011 0.644404 0.391334 0.644404 0.390657 0.645307 0.387949 0.645307 0.387271 0.646209 0.386594 0.646209 0.385917 0.645307 0.385240 0.645307 0.384563 0.644404 0.384563 0.643502 0.383209 0.641697 0.383209 0.640794 0.381855 0.638989 0.381855 0.638087 0.381178 0.637184 0.381178 0.636282 0.379824 0.634477 0.379824 0.633574 0.378470 0.631769 0.378470 0.630866 0.377793 0.629964 0.377793 0.629061 0.377116 0.628159 0.377116 0.627256 0.376439 0.626354 0.376439 0.624549 0.375762 0.623646 0.375762 0.622744 0.375085 0.621841 0.375085 0.620939 0.374408 0.620036 0.374408 0.618231 0.373731 0.617329 0.373731 0.616426 0.373053 0.615523 0.373053 0.613718 0.372376 0.612816 0.372376 0.611011 0.371699 0.610108 0.371699 0.607401 0.371022 0.606498 0.371022 0.603791 0.370345 0.602888 0.370345 0.601083 0.369668 0.600181 0.369668 0.598375 0.368991 0.597473 0.368991 0.596570 0.368314 0.595668 0.368314 0.594765 0.367637 0.593863 0.367637 0.592058 0.366960 0.591155 0.366960 0.589350 0.366283 0.588448 0.366283 0.586643 0.365606 0.585740 0.365606 0.584838 0.363575 0.582130 0.363575 0.581227 0.361544 0.578520 0.361544 0.577617 0.358835 0.574007 0.358835 0.569495 0.359513 0.568592 0.359513 0.564982 0.360190 0.564079 0.360190 0.555957 0.359513 0.555054 0.359513 0.552347 0.358835 0.551444 0.358835 0.550542 0.355450 0.546029 0.354096 0.546029 0.353419 0.545126 0.352742 0.545126 0.352065 0.544224 0.351388 0.544224 0.350711 0.543321 0.350034 0.543321 0.349357 0.542419 0.348003 0.542419 0.347326 0.541516 0.345972 0.541516 0.345295 0.540614 0.344617 0.540614 0.343940 0.539711 0.343263 0.539711 0.342586 0.538809 0.341232 0.538809 0.340555 0.537906 0.339878 0.537906 0.339201 0.537004 0.338524 0.537004 0.337847 0.536101 0.337170 0.536101 0.336493 0.535199 0.335816 0.535199 0.335139 0.534296 0.333785 0.534296 0.333108 0.533394 0.332431 0.533394 0.331754 0.532491 0.328368 0.532491 0.327691 0.531588 0.322952 0.531588 0.322275 0.530686
0 0.067028 0.390794 0.066351 0.391697 0.064320 0.391697 0.062288 0.394404 0.062288 0.396209 0.061611 0.397112 0.061611 0.398014 0.060934 0.398917 0.060934 0.400722 0.060257 0.401625 0.060257 0.404332 0.059580 0.405235 0.059580 0.406137 0.058903 0.407040 0.058903 0.407942 0.058226 0.408845 0.058226 0.409747 0.057549 0.410650 0.056872 0.410650 0.055518 0.412455 0.055518 0.413357 0.054841 0.414260 0.054841 0.421480 0.055518 0.422383 0.055518 0.425993 0.054841 0.426895 0.054841 0.429603 0.054164 0.430505 0.054164 0.432310 0.053487 0.433213 0.053487 0.434116 0.052810 0.435018 0.052810 0.435921 0.050779 0.438628 0.050779 0.439531 0.049425 0.441336 0.048747 0.441336 0.045362 0.445848 0.044685 0.445848 0.044008 0.446751 0.042654 0.446751 0.041977 0.447653 0.041300 0.447653 0.040623 0.448556 0.039946 0.448556 0.039269 0.449458 0.038592 0.449458 0.037915 0.450361 0.037238 0.450361 0.036561 0.451264 0.035206 0.451264 0.034529 0.452166 0.033852 0.452166 0.033175 0.453069 0.032498 0.453069 0.031821 0.453971 0.031144 0.453971 0.030467 0.454874 0.029790 0.454874 0.029113 0.455776 0.027759 0.455776 0.026405 0.457581 0.025728 0.457581 0.025051 0.458484 0.024374 0.458484 0.023697 0.459386 0.023020 0.459386 0.022343 0.460289 0.021666 0.460289 0.020311 0.462094 0.018957 0.462094 0.012864 0.470217 0.012864 0.471119 0.011510 0.472924 0.011510 0.473827 0.010833 0.474729 0.010833 0.475632 0.010156 0.476534 0.010156 0.478339 0.008802 0.480144 0.008802 0.481047 0.008125 0.481949 0.008125 0.485560 0.007448 0.486462 0.007448 0.491877 0.006770 0.492780 0.006770 0.496390 0.006093 0.497292 0.006093 0.502708 0.005416 0.503610 0.005416 0.508123 0.004739 0.509025 0.004739 0.509928 0.004062 0.510830 0.004062 0.511733 0.003385 0.512635 0.003385 0.518953 0.004062 0.519856 0.004062 0.520758 0.004739 0.520758 0.008802 0.526173 0.008802 0.527076 0.009479 0.527978 0.009479 0.529783 0.010156 0.530686 0.010156 0.532491 0.010833 0.533394 0.010833 0.535199 0.012864 0.537906 0.012864 0.538809 0.013541 0.539711 0.014218 0.539711 0.014895 0.540614 0.015572 0.540614 0.016249 0.541516 0.016926 0.541516 0.020988 0.546931 0.020988 0.548736 0.021666 0.549639 0.021666 0.551444 0.023020 0.553249 0.023020 0.554152 0.023697 0.555054 0.023697 0.556859 0.024374 0.557762 0.024374 0.570397 0.023697 0.571300 0.023697 0.574007 0.023020 0.574910 0.023020 0.576715 0.022343 0.577617 0.022343 0.584838 0.023020 0.585740 0.023020 0.587545 0.024374 0.589350 0.024374 0.590253 0.025728 0.592058 0.027759 0.589350 0.029113 0.589350 0.029790 0.588448 0.029790 0.587545 0.031144 0.585740 0.031144 0.584838 0.031821 0.583935 0.032498 0.583935 0.033175 0.583032 0.033175 0.582130 0.035206 0.579422 0.035884 0.579422 0.037915 0.576715 0.038592 0.576715 0.041977 0.572202 0.042654 0.572202 0.045362 0.568592 0.046039 0.568592 0.048070 0.565884 0.048747 0.565884 0.049425 0.564982 0.050102 0.564982 0.052133 0.562274 0.052810 0.562274 0.055518 0.558664 0.056195 0.558664 0.056872 0.557762 0.057549 0.557762 0.058903 0.555957 0.059580 0.555957 0.060257 0.555054 0.060934 0.555054 0.061611 0.554152 0.062965 0.554152 0.063643 0.553249 0.064320 0.553249 0.064997 0.552347 0.065674 0.552347 0.066351 0.551444 0.067028 0.551444 0.067705 0.550542 0.068382 0.550542 0.069059 0.549639 0.069736 0.549639 0.071090 0.547834 0.071767 0.547834 0.073798 0.545126 0.074475 0.545126 0.075152 0.544224 0.075829 0.544224 0.081246 0.537004 0.081923 0.537004 0.083277 0.535199 0.083277 0.534296 0.083954 0.533394 0.083954 0.527076 0.084631 0.526173 0.084631 0.525271 0.083954 0.524368 0.083954 0.519856 0.084631 0.518953 0.084631 0.516245 0.085308 0.515343 0.085308 0.514440 0.088016 0.510830 0.090047 0.513538 0.090047 0.514440 0.090724 0.515343 0.090724 0.518051 0.091401 0.518953 0.091401 0.524368 0.090724 0.525271 0.093433 0.528881 0.096141 0.528881 0.096818 0.527978 0.098172 0.527978 0.098849 0.527076 0.100203 0.527076 0.100880 0.526173 0.101557 0.526173 0.104942 0.521661 0.104942 0.519856 0.105619 0.518953 0.105619 0.515343 0.104942 0.514440 0.104942 0.511733 0.105619 0.510830 0.105619 0.500000 0.104942 0.499097 0.104942 0.498195 0.104265 0.497292 0.104265 0.496390 0.102911 0.494585 0.102911 0.493682 0.100203 0.490072 0.100203 0.489170 0.099526 0.488267 0.099526 0.487365 0.098849 0.486462 0.098849 0.482852 0.098172 0.481949 0.098172 0.480144 0.097495 0.479242 0.097495 0.477437 0.096818 0.476534 0.096818 0.474729 0.096141 0.473827 0.096141 0.472022 0.095464 0.471119 0.095464 0.469314 0.094110 0.467509 0.094110 0.466606 0.093433 0.465704 0.093433 0.464801 0.092079 0.462996 0.092079 0.462094 0.091401 0.462094 0.086662 0.455776 0.086662 0.454874 0.085308 0.453069 0.085985 0.452166 0.085985 0.451264 0.087339 0.449458 0.087339 0.448556 0.089370 0.445848 0.089370 0.444946 0.090047 0.444043 0.090047 0.443141 0.090724 0.442238 0.090724 0.440433 0.091401 0.439531 0.091401 0.438628 0.092079 0.437726 0.092079 0.436823 0.092756 0.435921 0.092756 0.435018 0.095464 0.431408 0.098849 0.431408 0.099526 0.430505 0.104942 0.430505 0.105619 0.429603 0.106297 0.429603 0.106297 0.428700 0.105619 0.427798 0.104265 0.427798 0.103588 0.426895 0.102234 0.426895 0.099526 0.423285 0.099526 0.412455 0.098849 0.411552 0.098849 0.407942 0.098172 0.407040 0.098172 0.406137 0.096818 0.404332 0.096818 0.403430 0.095464 0.401625 0.095464 0.400722 0.094787 0.400722 0.094110 0.399819 0.093433 0.399819 0.092079 0.398014 0.091401 0.398014 0.090724 0.397112 0.088693 0.397112 0.088016 0.396209 0.086662 0.396209 0.085985 0.395307 0.084631 0.395307 0.083954 0.394404 0.081923 0.394404 0.081246 0.393502 0.077861 0.393502 0.077183 0.392599 0.073798 0.392599 0.073121 0.391697 0.068382 0.391697 0.067705 0.390794
0 0.192282 0.609206 0.192282 0.610108 0.190928 0.611913 0.190928 0.614621 0.191605 0.615523 0.191605 0.616426 0.190928 0.617329 0.190928 0.621841 0.190251 0.622744 0.190928 0.623646 0.190928 0.625451 0.191605 0.626354 0.191605 0.627256 0.192282 0.628159 0.194990 0.628159 0.195667 0.627256 0.199729 0.627256 0.200406 0.628159 0.201083 0.628159 0.201760 0.629061 0.203114 0.629061 0.204469 0.627256 0.205146 0.627256 0.205823 0.626354 0.206500 0.626354 0.206500 0.622744 0.207177 0.621841 0.207177 0.619134 0.206500 0.618231 0.206500 0.617329 0.205823 0.616426 0.205823 0.615523 0.205146 0.614621 0.205146 0.613718 0.203791 0.611913 0.201760 0.611913 0.201083 0.611011 0.194990 0.611011 0.194313 0.610108 0.192959 0.610108
0 0.201760 0.600181 0.201083 0.601083 0.200406 0.601083 0.199729 0.601986 0.201760 0.601986 0.202437 0.602888 0.203114 0.601986 0.202437 0.601083 0.202437 0.600181
0 0.201083 0.507220 0.200406 0.508123 0.195667 0.508123 0.195667 0.513538 0.194990 0.514440 0.194990 0.516245 0.194313 0.517148 0.194313 0.525271 0.194990 0.526173 0.194990 0.529783 0.196344 0.531588 0.200406 0.531588 0.201083 0.530686 0.203791 0.530686 0.205823 0.533394 0.205823 0.536101 0.207854 0.536101 0.210562 0.532491 0.210562 0.530686 0.211239 0.529783 0.211239 0.519856 0.211916 0.518953 0.211916 0.517148 0.211239 0.516245 0.211239 0.515343 0.210562 0.514440 0.210562 0.512635 0.209208 0.510830 0.205146 0.510830 0.202437 0.507220
0 0.167908 0.486462 0.167231 0.487365 0.162492 0.487365 0.161814 0.488267 0.161137 0.488267 0.160460 0.489170 0.160460 0.490975 0.159783 0.491877 0.159106 0.491877 0.158429 0.492780 0.157752 0.492780 0.157075 0.493682 0.155044 0.493682 0.154367 0.494585 0.154367 0.497292 0.153690 0.498195 0.154367 0.499097 0.154367 0.500903 0.155044 0.500903 0.155721 0.501805 0.155721 0.502708 0.156398 0.503610 0.156398 0.508123 0.155044 0.509928 0.154367 0.509928 0.153690 0.509025 0.152336 0.509025 0.151659 0.508123 0.150305 0.508123 0.149628 0.507220 0.147596 0.507220 0.146919 0.506318 0.143534 0.506318 0.142857 0.507220 0.138118 0.507220 0.137441 0.508123 0.134733 0.508123 0.134056 0.509025 0.132701 0.509025 0.132024 0.509928 0.131347 0.509928 0.130670 0.510830 0.128639 0.510830 0.127962 0.511733 0.126608 0.511733 0.125254 0.513538 0.123900 0.513538 0.123223 0.514440 0.122546 0.514440 0.121869 0.515343 0.121192 0.515343 0.120515 0.516245 0.119838 0.516245 0.119160 0.517148 0.118483 0.517148 0.117806 0.518051 0.116452 0.518051 0.115775 0.518953 0.115098 0.518953 0.114421 0.519856 0.113744 0.519856 0.113067 0.520758 0.112390 0.520758 0.111713 0.521661 0.111036 0.521661 0.110359 0.522563 0.109682 0.522563 0.109005 0.523466 0.108328 0.523466 0.107651 0.524368 0.106297 0.524368 0.105619 0.525271 0.104942 0.525271 0.104265 0.526173 0.103588 0.526173 0.102911 0.527076 0.101557 0.527076 0.100203 0.528881 0.099526 0.528881 0.098849 0.529783 0.098172 0.529783 0.097495 0.530686 0.095464 0.530686 0.094787 0.531588 0.094110 0.531588 0.093433 0.532491 0.092756 0.532491 0.091401 0.534296 0.090724 0.534296 0.090047 0.535199 0.088693 0.535199 0.088016 0.536101 0.087339 0.536101 0.085985 0.537906 0.085308 0.537906 0.084631 0.538809 0.083954 0.538809 0.082600 0.540614 0.081923 0.540614 0.081246 0.541516 0.079892 0.541516 0.078538 0.543321 0.077861 0.543321 0.077183 0.544224 0.076506 0.544224 0.075829 0.545126 0.074475 0.545126 0.073798 0.546029 0.073121 0.546029 0.071090 0.548736 0.070413 0.548736 0.069059 0.550542 0.068382 0.550542 0.067705 0.551444 0.067028 0.551444 0.065674 0.553249 0.064997 0.553249 0.064320 0.554152 0.063643 0.554152 0.062965 0.555054 0.062288 0.555054 0.061611 0.555957 0.060934 0.555957 0.059580 0.557762 0.058903 0.557762 0.057549 0.559567 0.056872 0.559567 0.056195 0.560469 0.055518 0.560469 0.054164 0.562274 0.053487 0.562274 0.051456 0.564982 0.050779 0.564982 0.050102 0.565884 0.049425 0.565884 0.047393 0.568592 0.046716 0.568592 0.046039 0.569495 0.045362 0.569495 0.042654 0.573105 0.041977 0.573105 0.041300 0.574007 0.041300 0.574910 0.039946 0.576715 0.039269 0.576715 0.035884 0.581227 0.035206 0.581227 0.035206 0.582130 0.034529 0.583032 0.034529 0.583935 0.033852 0.584838 0.033852 0.585740 0.032498 0.587545 0.032498 0.589350 0.029790 0.592960 0.028436 0.592960 0.027759 0.593863 0.026405 0.593863 0.025728 0.594765 0.025728 0.596570 0.025051 0.597473 0.025051 0.601986 0.024374 0.602888 0.024374 0.604693 0.023697 0.605596 0.023697 0.608303 0.023020 0.609206 0.023020 0.614621 0.022343 0.615523 0.022343 0.621841 0.021666 0.622744 0.021666 0.626354 0.022343 0.627256 0.022343 0.633574 0.023020 0.634477 0.023020 0.639892 0.023697 0.640794 0.023697 0.660650 0.024374 0.661552 0.024374 0.673285 0.023697 0.674188 0.023697 0.678700 0.023020 0.679603 0.023020 0.712996 0.023697 0.713899 0.023697 0.716606 0.024374 0.716606 0.025051 0.717509 0.027082 0.717509 0.027759 0.716606 0.029113 0.716606 0.029790 0.715704 0.031821 0.715704 0.032498 0.714801 0.034529 0.714801 0.035206 0.713899 0.036561 0.713899 0.037238 0.712996 0.038592 0.712996 0.039269 0.712094 0.040623 0.712094 0.041300 0.711191 0.042654 0.711191 0.043331 0.710289 0.046039 0.710289 0.046716 0.709386 0.049425 0.709386 0.050102 0.708484 0.052810 0.708484 0.053487 0.707581 0.056195 0.707581 0.056872 0.706679 0.058226 0.706679 0.058903 0.705776 0.059580 0.705776 0.060257 0.704874 0.062288 0.704874 0.062965 0.703971 0.064320 0.703971 0.064997 0.703069 0.066351 0.703069 0.067028 0.702166 0.068382 0.702166 0.069059 0.701264 0.070413 0.701264 0.071090 0.700361 0.072444 0.700361 0.073121 0.699458 0.074475 0.699458 0.075152 0.698556 0.076506 0.698556 0.077183 0.697653 0.079215 0.697653 0.079892 0.696751 0.081923 0.696751 0.082600 0.695848 0.085308 0.695848 0.085985 0.694946 0.087339 0.694946 0.088016 0.694043 0.090047 0.694043 0.090724 0.693141 0.093433 0.693141 0.094110 0.692238 0.095464 0.692238 0.096141 0.691336 0.097495 0.691336 0.098172 0.690433 0.100203 0.690433 0.100880 0.689531 0.102234 0.689531 0.102911 0.688628 0.104942 0.688628 0.105619 0.687726 0.106297 0.687726 0.106974 0.686823 0.108328 0.686823 0.109005 0.685921 0.110359 0.685921 0.111036 0.685018 0.112390 0.685018 0.113067 0.684116 0.115098 0.684116 0.115775 0.683213 0.117806 0.683213 0.118483 0.682310 0.121192 0.682310 0.121869 0.681408 0.123223 0.681408 0.123900 0.680505 0.125254 0.680505 0.125931 0.679603 0.127962 0.679603 0.128639 0.678700 0.130670 0.678700 0.131347 0.677798 0.132024 0.677798 0.132701 0.676895 0.133378 0.676895 0.134056 0.675993 0.134733 0.675993 0.135410 0.675090 0.135410 0.669675 0.134733 0.668773 0.134733 0.666968 0.134056 0.666065 0.134056 0.664260 0.133378 0.663357 0.133378 0.662455 0.132701 0.661552 0.132701 0.660650 0.132024 0.659747 0.132024 0.658845 0.131347 0.657942 0.131347 0.657040 0.130670 0.656137 0.130670 0.655235 0.129993 0.654332 0.129993 0.653430 0.128639 0.651625 0.128639 0.650722 0.127962 0.649819 0.127962 0.648917 0.127285 0.648014 0.127285 0.647112 0.125931 0.645307 0.125931 0.644404 0.123900 0.641697 0.123900 0.640794 0.120515 0.636282 0.120515 0.635379 0.119838 0.634477 0.119838 0.633574 0.119160 0.632671 0.119160 0.631769 0.118483 0.630866 0.118483 0.629964 0.115775 0.626354 0.119160 0.621841 0.119838 0.621841 0.120515 0.620939 0.121192 0.620939 0.121869 0.620036 0.122546 0.620036 0.123223 0.619134 0.123900 0.619134 0.124577 0.618231 0.125931 0.618231 0.126608 0.617329 0.127962 0.617329 0.128639 0.616426 0.129316 0.616426 0.129993 0.615523 0.131347 0.615523 0.132024 0.614621 0.132701 0.614621 0.133378 0.613718 0.134056 0.613718 0.134733 0.612816 0.135410 0.612816 0.136764 0.611011 0.137441 0.611011 0.138118 0.610108 0.140149 0.610108 0.141503 0.611913 0.141503 0.612816 0.142857 0.614621 0.142857 0.615523 0.144211 0.617329 0.144211 0.618231 0.144888 0.619134 0.144888 0.620939 0.145565 0.621841 0.145565 0.622744 0.146242 0.623646 0.146242 0.624549 0.147596 0.626354 0.147596 0.628159 0.148274 0.629061 0.148274 0.633574 0.148951 0.634477 0.148951 0.635379 0.152336 0.639892 0.154367 0.639892 0.155044 0.640794 0.160460 0.640794 0.161137 0.641697 0.167231 0.641697 0.167908 0.640794 0.175355 0.640794 0.176032 0.639892 0.178741 0.639892 0.179418 0.638989 0.182126 0.638989 0.182803 0.638087 0.182803 0.637184 0.183480 0.636282 0.183480 0.632671 0.184157 0.631769 0.184157 0.622744 0.183480 0.621841 0.183480 0.618231 0.182803 0.617329 0.182803 0.615523 0.181449 0.613718 0.180772 0.613718 0.180095 0.612816 0.178741 0.612816 0.178064 0.611913 0.176032 0.611913 0.175355 0.611011 0.171970 0.611011 0.170616 0.609206 0.170616 0.605596 0.171293 0.604693 0.171293 0.603791 0.171970 0.602888 0.178741 0.602888 0.179418 0.601986 0.180095 0.601986 0.180772 0.601083 0.181449 0.601083 0.181449 0.600181 0.182803 0.598375 0.182803 0.592960 0.182126 0.592058 0.182803 0.591155 0.182803 0.587545 0.182126 0.586643 0.182126 0.583935 0.178741 0.579422 0.178064 0.579422 0.172647 0.572202 0.172647 0.571300 0.171970 0.570397 0.171970 0.568592 0.171293 0.567690 0.171293 0.561372 0.171970 0.560469 0.171293 0.559567 0.171293 0.556859 0.170616 0.555957 0.170616 0.554152 0.169939 0.553249 0.169939 0.550542 0.169262 0.549639 0.170616 0.547834 0.174001 0.547834 0.174678 0.548736 0.175355 0.548736 0.176032 0.547834 0.178064 0.547834 0.179418 0.546029 0.179418 0.544224 0.180095 0.543321 0.180095 0.537906 0.179418 0.537004 0.179418 0.533394 0.178741 0.532491 0.178741 0.529783 0.179418 0.528881 0.179418 0.511733 0.178741 0.510830 0.178741 0.509928 0.178064 0.509025 0.178064 0.508123 0.177387 0.507220 0.177387 0.506318 0.176710 0.505415 0.176710 0.504513 0.176032 0.504513 0.175355 0.503610 0.175355 0.502708 0.174678 0.501805 0.174678 0.500903 0.174001 0.500903 0.173324 0.500000 0.171970 0.500000 0.170616 0.498195 0.170616 0.497292 0.171293 0.496390 0.174678 0.496390 0.174678 0.490975 0.172647 0.490975 0.171970 0.491877 0.171293 0.491877 0.170616 0.490975 0.171293 0.490072 0.171293 0.487365 0.169262 0.487365 0.168585 0.486462
0 0.522681 0.481949 0.522004 0.482852 0.519973 0.482852 0.519296 0.483755 0.517265 0.483755 0.516588 0.484657 0.515234 0.484657 0.514557 0.485560 0.513202 0.485560 0.512525 0.486462 0.511171 0.486462 0.510494 0.487365 0.509140 0.487365 0.508463 0.488267 0.507786 0.488267 0.507109 0.489170 0.506432 0.489170 0.505755 0.490072 0.505078 0.490072 0.504401 0.490975 0.503724 0.490975 0.503047 0.491877 0.502370 0.491877 0.501016 0.493682 0.500339 0.493682 0.496276 0.499097 0.496276 0.500000 0.494922 0.501805 0.494922 0.503610 0.494245 0.504513 0.494245 0.510830 0.493568 0.511733 0.493568 0.517148 0.490183 0.521661 0.489506 0.521661 0.488152 0.523466 0.487475 0.523466 0.483412 0.528881 0.483412 0.529783 0.482058 0.531588 0.482058 0.532491 0.481381 0.533394 0.481381 0.535199 0.480704 0.536101 0.481381 0.537004 0.481381 0.537906 0.482058 0.538809 0.482058 0.539711 0.482735 0.539711 0.483412 0.540614 0.484089 0.540614 0.484766 0.541516 0.486798 0.541516 0.487475 0.542419 0.488152 0.542419 0.488829 0.543321 0.490183 0.543321 0.490860 0.544224 0.491537 0.544224 0.492214 0.545126 0.492891 0.545126 0.493568 0.546029 0.494245 0.546029 0.494922 0.546931 0.495599 0.546931 0.497630 0.549639 0.497630 0.550542 0.496953 0.551444 0.496953 0.552347 0.496276 0.553249 0.496276 0.554152 0.492214 0.559567 0.491537 0.559567 0.488829 0.563177 0.488829 0.564079 0.486798 0.566787 0.486798 0.567690 0.485443 0.569495 0.485443 0.570397 0.484766 0.571300 0.484766 0.572202 0.482735 0.574910 0.482735 0.575812 0.482058 0.576715 0.482058 0.577617 0.481381 0.578520 0.481381 0.579422 0.480704 0.580325 0.480704 0.581227 0.479350 0.583032 0.479350 0.584838 0.478673 0.585740 0.478673 0.587545 0.477996 0.588448 0.477996 0.591155 0.477319 0.592058 0.477319 0.593863 0.476642 0.594765 0.476642 0.597473 0.475965 0.598375 0.475965 0.600181 0.475288 0.601083 0.475288 0.603791 0.474611 0.604693 0.474611 0.606498 0.473934 0.607401 0.473934 0.608303 0.473257 0.609206 0.473257 0.610108 0.472580 0.611011 0.472580 0.612816 0.471903 0.613718 0.471903 0.615523 0.471225 0.616426 0.471225 0.620036 0.470548 0.620939 0.470548 0.625451 0.469871 0.626354 0.469871 0.628159 0.469194 0.629061 0.469194 0.630866 0.468517 0.631769 0.468517 0.634477 0.467840 0.635379 0.467840 0.638087 0.467163 0.638989 0.467163 0.642599 0.466486 0.643502 0.466486 0.650722 0.467163 0.651625 0.467163 0.654332 0.467840 0.655235 0.467840 0.657942 0.468517 0.658845 0.468517 0.660650 0.469194 0.661552 0.469194 0.662455 0.469871 0.663357 0.469871 0.664260 0.470548 0.665162 0.471225 0.665162 0.472580 0.666968 0.472580 0.667870 0.473257 0.668773 0.473257 0.669675 0.474611 0.669675 0.475965 0.667870 0.475965 0.666065 0.475288 0.665162 0.475965 0.664260 0.475965 0.662455 0.476642 0.661552 0.476642 0.660650 0.477319 0.659747 0.477319 0.658845 0.477996 0.657942 0.477996 0.657040 0.478673 0.656137 0.478673 0.655235 0.480704 0.652527 0.480704 0.651625 0.481381 0.650722 0.481381 0.648917 0.482058 0.648014 0.482058 0.645307 0.482735 0.644404 0.482735 0.633574 0.482058 0.632671 0.482058 0.628159 0.483412 0.626354 0.483412 0.625451 0.484089 0.624549 0.484089 0.623646 0.487475 0.619134 0.488152 0.619134 0.488152 0.618231 0.490860 0.614621 0.491537 0.614621 0.492214 0.615523 0.492891 0.615523 0.493568 0.616426 0.494922 0.616426 0.498307 0.620939 0.498984 0.620939 0.504401 0.628159 0.505078 0.628159 0.505755 0.629061 0.505755 0.629964 0.507786 0.632671 0.507786 0.633574 0.510494 0.637184 0.510494 0.638087 0.515911 0.645307 0.516588 0.645307 0.517942 0.647112 0.517942 0.649819 0.515911 0.652527 0.515234 0.652527 0.512525 0.656137 0.511848 0.656137 0.510494 0.657942 0.510494 0.658845 0.508463 0.661552 0.507786 0.661552 0.507109 0.662455 0.505078 0.662455 0.504401 0.663357 0.503047 0.663357 0.502370 0.664260 0.501016 0.664260 0.498984 0.666968 0.498307 0.666968 0.495599 0.670578 0.495599 0.671480 0.494922 0.672383 0.494922 0.673285 0.494245 0.674188 0.494245 0.675090 0.493568 0.675993 0.493568 0.676895 0.492214 0.678700 0.492214 0.679603 0.491537 0.680505 0.491537 0.682310 0.490860 0.683213 0.490860 0.685018 0.490183 0.685921 0.490183 0.694043 0.490860 0.694946 0.490860 0.695848 0.493568 0.699458 0.494245 0.699458 0.494922 0.700361 0.496276 0.700361 0.496953 0.701264 0.502370 0.701264 0.512525 0.687726 0.513202 0.687726 0.515234 0.685018 0.515911 0.685018 0.516588 0.684116 0.517265 0.684116 0.518619 0.682310 0.522004 0.682310 0.522681 0.683213 0.523358 0.683213 0.524035 0.684116 0.524712 0.684116 0.525389 0.685018 0.529452 0.685018 0.530129 0.685921 0.534868 0.685921 0.535545 0.686823 0.536222 0.686823 0.536899 0.685921 0.542316 0.685921 0.542993 0.685018 0.547055 0.685018 0.547055 0.684116 0.548409 0.682310 0.550440 0.682310 0.551117 0.681408 0.553825 0.681408 0.553825 0.680505 0.555179 0.678700 0.556534 0.678700 0.557211 0.677798 0.557211 0.675090 0.556534 0.674188 0.553148 0.674188 0.551794 0.672383 0.551794 0.671480 0.551117 0.670578 0.551117 0.669675 0.550440 0.668773 0.550440 0.667870 0.553825 0.663357 0.555179 0.663357 0.557211 0.660650 0.558565 0.660650 0.559242 0.659747 0.560596 0.659747 0.563304 0.656137 0.571429 0.656137 0.572106 0.655235 0.573460 0.655235 0.574137 0.654332 0.576845 0.654332 0.577522 0.653430 0.578199 0.653430 0.578876 0.652527 0.580230 0.652527 0.580907 0.651625 0.581584 0.651625 0.582261 0.650722 0.582938 0.650722 0.584292 0.648917 0.584970 0.648917 0.586324 0.647112 0.587001 0.647112 0.588355 0.645307 0.588355 0.644404 0.589032 0.643502 0.589032 0.642599 0.591063 0.639892 0.591063 0.638989 0.592417 0.637184 0.592417 0.636282 0.593771 0.634477 0.593771 0.633574 0.594448 0.632671 0.594448 0.631769 0.595125 0.630866 0.595125 0.629964 0.595802 0.629061 0.595802 0.628159 0.596479 0.627256 0.596479 0.623646 0.597156 0.622744 0.597156 0.614621 0.596479 0.613718 0.596479 0.604693 0.595802 0.603791 0.595802 0.595668 0.595125 0.594765 0.595125 0.592058 0.594448 0.591155 0.594448 0.589350 0.593771 0.588448 0.593771 0.585740 0.593094 0.584838 0.593094 0.582130 0.592417 0.581227 0.592417 0.578520 0.591740 0.577617 0.591740 0.574910 0.591063 0.574007 0.591063 0.572202 0.590386 0.571300 0.590386 0.569495 0.589709 0.568592 0.589709 0.566787 0.589032 0.565884 0.589032 0.564982 0.588355 0.564079 0.588355 0.562274 0.587678 0.561372 0.587678 0.560469 0.587001 0.559567 0.587001 0.558664 0.585647 0.556859 0.585647 0.555957 0.584970 0.555054 0.584970 0.554152 0.582938 0.551444 0.582938 0.550542 0.580907 0.547834 0.580907 0.546931 0.574814 0.538809 0.574137 0.538809 0.570752 0.534296 0.570074 0.534296 0.568043 0.531588 0.567366 0.531588 0.566689 0.530686 0.566012 0.530686 0.564658 0.528881 0.563981 0.528881 0.563304 0.527978 0.561950 0.527978 0.561273 0.527076 0.560596 0.527076 0.559919 0.526173 0.558565 0.526173 0.557888 0.525271 0.557211 0.525271 0.556534 0.524368 0.556534 0.523466 0.555856 0.522563 0.555856 0.518953 0.555179 0.518051 0.555179 0.516245 0.554502 0.515343 0.554502 0.514440 0.553825 0.513538 0.553825 0.512635 0.553148 0.511733 0.553148 0.510830 0.551794 0.509025 0.551794 0.508123 0.546378 0.500903 0.545701 0.500903 0.545024 0.500000 0.544347 0.500000 0.542993 0.498195 0.540284 0.498195 0.539607 0.497292 0.538930 0.497292 0.536222 0.493682 0.536222 0.492780 0.534868 0.490975 0.534868 0.490072 0.531483 0.485560 0.530806 0.485560 0.529452 0.483755 0.528775 0.483755 0.528097 0.482852 0.526743 0.482852 0.526066 0.481949
2 0.331077 0.751805 0.330399 0.752708 0.329722 0.752708 0.329045 0.753610 0.327691 0.753610 0.326337 0.755415 0.325660 0.755415 0.324983 0.756318 0.324306 0.756318 0.322275 0.759025 0.321598 0.759025 0.320244 0.760830 0.319567 0.760830 0.316181 0.765343 0.315504 0.765343 0.315504 0.766245 0.313473 0.768953 0.312796 0.768953 0.310765 0.771661 0.310088 0.771661 0.309411 0.772563 0.308734 0.772563 0.308057 0.773466 0.307380 0.773466 0.306703 0.774368 0.306026 0.774368 0.305349 0.775271 0.301286 0.775271 0.300609 0.774368 0.299255 0.776173 0.299255 0.777076 0.296547 0.780686 0.296547 0.781588 0.295870 0.782491 0.295870 0.784296 0.295193 0.785199 0.295193 0.787004 0.294516 0.787906 0.294516 0.796931 0.295193 0.797834 0.295193 0.798736 0.296547 0.800542 0.296547 0.801444 0.297224 0.801444 0.297901 0.802347 0.299255 0.802347 0.299932 0.803249 0.300609 0.802347 0.301963 0.802347 0.302640 0.801444 0.303995 0.801444 0.304672 0.800542 0.306026 0.800542 0.306703 0.799639 0.307380 0.799639 0.308057 0.798736 0.308734 0.798736 0.309411 0.797834 0.310088 0.797834 0.310765 0.796931 0.311442 0.796931 0.312119 0.796029 0.312796 0.796029 0.313473 0.795126 0.314150 0.795126 0.314827 0.794224 0.315504 0.794224 0.316858 0.792419 0.317536 0.792419 0.319567 0.789711 0.320244 0.789711 0.320921 0.788809 0.320921 0.787906 0.322275 0.786101 0.322275 0.785199 0.322952 0.784296 0.322952 0.783394 0.323629 0.782491 0.323629 0.781588 0.325660 0.778881 0.325660 0.777978 0.327014 0.776173 0.327691 0.776173 0.329045 0.774368 0.329045 0.773466 0.333108 0.768051 0.333108 0.767148 0.334462 0.765343 0.334462 0.763538 0.335139 0.762635 0.335139 0.757220 0.334462 0.756318 0.334462 0.755415 0.331754 0.751805
2 0.559242 0.657040 0.558565 0.657942 0.557211 0.657942 0.555179 0.660650 0.554502 0.660650 0.553825 0.661552 0.553148 0.661552 0.551117 0.664260 0.550440 0.664260 0.548409 0.666968 0.547732 0.666968 0.547055 0.667870 0.546378 0.667870 0.545701 0.668773 0.545024 0.668773 0.544347 0.669675 0.542993 0.669675 0.542316 0.670578 0.540284 0.670578 0.539607 0.671480 0.538253 0.671480 0.537576 0.672383 0.536899 0.672383 0.536222 0.673285 0.534868 0.673285 0.534191 0.674188 0.533514 0.674188 0.532837 0.675090 0.532160 0.675090 0.531483 0.675993 0.530129 0.675993 0.529452 0.676895 0.527420 0.676895 0.526743 0.677798 0.524712 0.677798 0.524035 0.678700 0.523358 0.678700 0.522681 0.679603 0.522004 0.679603 0.520650 0.681408 0.519973 0.681408 0.519973 0.683213 0.520650 0.684116 0.520650 0.685018 0.521327 0.685921 0.523358 0.685921 0.524035 0.686823 0.527420 0.686823 0.528097 0.687726 0.530129 0.687726 0.530806 0.688628 0.544347 0.688628 0.545024 0.687726 0.546378 0.687726 0.547055 0.686823 0.549086 0.686823 0.549763 0.685921 0.551117 0.685921 0.551794 0.685018 0.552471 0.685018 0.553148 0.684116 0.553825 0.684116 0.554502 0.683213 0.555179 0.683213 0.555856 0.682310 0.556534 0.682310 0.557211 0.681408 0.557888 0.681408 0.558565 0.680505 0.559919 0.680505 0.560596 0.679603 0.561950 0.679603 0.562627 0.678700 0.564658 0.678700 0.565335 0.677798 0.566012 0.677798 0.566689 0.676895 0.568043 0.676895 0.568720 0.675993 0.569397 0.675993 0.570074 0.675090 0.570752 0.675090 0.573460 0.671480 0.574137 0.671480 0.574137 0.670578 0.576168 0.667870 0.576845 0.667870 0.576845 0.666968 0.577522 0.666065 0.577522 0.663357 0.576845 0.663357 0.575491 0.661552 0.574814 0.661552 0.574137 0.660650 0.572783 0.660650 0.572106 0.659747 0.570074 0.659747 0.569397 0.658845 0.566689 0.658845 0.566012 0.657942 0.565335 0.657942 0.564658 0.657040
2 0.359513 0.743682 0.358835 0.744585 0.358835 0.746390 0.358158 0.747292 0.358158 0.748195 0.358835 0.749097 0.361544 0.749097 0.362221 0.748195 0.362898 0.748195 0.362221 0.747292 0.362221 0.746390 0.361544 0.745487 0.361544 0.744585 0.360190 0.744585
2 0.385240 0.739170 0.384563 0.740072 0.383209 0.740072 0.382532 0.740975 0.382532 0.741877 0.381855 0.742780 0.381855 0.744585 0.380501 0.746390 0.380501 0.747292 0.377793 0.750903 0.377116 0.750903 0.377116 0.751805 0.376439 0.752708 0.375085 0.752708 0.374408 0.751805 0.371022 0.751805 0.370345 0.752708 0.370345 0.753610 0.369668 0.754513 0.368314 0.754513 0.367637 0.753610 0.361544 0.753610 0.360867 0.754513 0.360190 0.754513 0.360190 0.758123 0.359513 0.759025 0.358835 0.759025 0.358158 0.758123 0.358158 0.754513 0.357481 0.753610 0.357481 0.752708 0.356804 0.751805 0.355450 0.751805 0.355450 0.754513 0.354773 0.755415 0.354773 0.757220 0.352742 0.759928 0.352065 0.759928 0.352065 0.760830 0.350711 0.762635 0.350034 0.762635 0.347326 0.766245 0.347326 0.767148 0.346649 0.768051 0.346649 0.773466 0.347326 0.774368 0.347326 0.775271 0.348003 0.776173 0.349357 0.776173 0.350034 0.777076 0.350711 0.777076 0.351388 0.777978 0.352065 0.777978 0.352742 0.778881 0.354096 0.778881 0.354773 0.779783 0.358158 0.779783 0.358835 0.780686 0.369668 0.780686 0.370345 0.779783 0.376439 0.779783 0.377116 0.778881 0.381178 0.778881 0.381855 0.777978 0.384563 0.777978 0.385240 0.777076 0.389303 0.777076 0.389980 0.776173 0.392011 0.776173 0.392688 0.775271 0.393365 0.775271 0.394042 0.774368 0.394719 0.774368 0.395396 0.773466 0.396073 0.773466 0.396750 0.772563 0.397427 0.772563 0.401490 0.767148 0.401490 0.766245 0.402167 0.765343 0.402167 0.763538 0.402844 0.762635 0.402844 0.759025 0.403521 0.758123 0.403521 0.757220 0.402844 0.756318 0.402844 0.752708 0.402167 0.751805 0.402167 0.750903 0.401490 0.750000 0.401490 0.749097 0.398104 0.744585 0.397427 0.744585 0.396750 0.743682 0.396073 0.743682 0.395396 0.742780 0.394719 0.742780 0.394042 0.741877 0.392688 0.741877 0.392011 0.740975 0.389980 0.740975 0.389303 0.740072 0.387949 0.740072 0.387271 0.739170