0 0.785980 0.483908 0.785449 0.485057 0.782793 0.485057 0.782262 0.486207 0.781200 0.486207 0.780669 0.487356 0.780138 0.487356 0.779076 0.489655 0.778545 0.489655 0.778014 0.490805 0.778014 0.493103 0.777483 0.494253 0.777483 0.497701 0.776952 0.498851 0.776952 0.501149 0.776421 0.502299 0.776421 0.508046 0.773765 0.513793 0.773234 0.513793 0.772703 0.514943 0.771641 0.514943 0.771110 0.516092 0.770579 0.516092 0.767924 0.521839 0.767924 0.522989 0.767392 0.524138 0.767392 0.525287 0.766861 0.526437 0.766861 0.528736 0.766330 0.529885 0.766330 0.533333 0.765799 0.534483 0.765799 0.535632 0.765268 0.536782 0.765268 0.537931 0.764737 0.539080 0.764737 0.540230 0.764206 0.541379 0.764206 0.542529 0.763675 0.543678 0.763675 0.545977 0.763144 0.547126 0.763144 0.552874 0.761020 0.557471 0.760489 0.557471 0.757833 0.563218 0.757833 0.567816 0.757302 0.568966 0.757302 0.577011 0.757833 0.578161 0.758364 0.578161 0.758895 0.579310 0.761020 0.579310 0.761551 0.580460 0.762613 0.580460 0.763144 0.581609 0.765799 0.581609 0.766330 0.582759 0.767924 0.582759 0.768455 0.583908 0.769517 0.583908 0.770048 0.585057 0.772172 0.585057 0.772703 0.586207 0.774296 0.586207 0.774827 0.587356 0.775890 0.587356 0.776421 0.588506 0.778014 0.588506 0.778545 0.589655 0.783324 0.589655 0.784387 0.587356 0.784918 0.587356 0.785980 0.585057 0.786511 0.585057 0.790228 0.577011 0.790228 0.575862 0.790759 0.574713 0.790759 0.573563 0.792353 0.570115 0.792353 0.568966 0.793415 0.566667 0.793415 0.565517 0.793946 0.564368 0.794477 0.564368 0.795008 0.563218 0.797132 0.563218 0.797663 0.562069 0.799257 0.562069 0.799788 0.560920 0.800319 0.560920 0.802443 0.556322 0.802443 0.555172 0.803505 0.552874 0.803505 0.547126 0.802443 0.544828 0.802443 0.543678 0.801912 0.542529 0.801912 0.541379 0.800850 0.539080 0.800850 0.537931 0.799788 0.535632 0.799788 0.534483 0.798725 0.532184 0.798725 0.531034 0.796070 0.525287 0.795539 0.525287 0.792884 0.519540 0.792353 0.519540 0.791822 0.518391 0.791822 0.517241 0.791290 0.516092 0.791290 0.509195 0.791822 0.508046 0.791822 0.506897 0.792353 0.505747 0.792353 0.497701 0.791822 0.496552 0.791822 0.493103 0.791290 0.491954 0.791290 0.490805 0.789697 0.487356 0.789166 0.487356 0.788635 0.486207 0.787573 0.486207 0.787042 0.485057 0.786511 0.485057
0 0.400956 0.300000 0.400425 0.301149 0.399894 0.301149 0.398301 0.304598 0.397770 0.304598 0.395114 0.310345 0.395114 0.311494 0.394583 0.312644 0.394583 0.313793 0.394052 0.314943 0.394052 0.316092 0.393521 0.317241 0.393521 0.318391 0.392459 0.320690 0.392459 0.321839 0.391397 0.324138 0.391397 0.325287 0.390335 0.327586 0.390335 0.343678 0.390866 0.344828 0.390866 0.345977 0.391397 0.347126 0.391397 0.352874 0.391928 0.354023 0.391928 0.358621 0.392459 0.359770 0.392459 0.362069 0.392990 0.363218 0.392990 0.365517 0.393521 0.366667 0.393521 0.367816 0.394052 0.368966 0.394052 0.370115 0.394583 0.371264 0.394583 0.372414 0.395114 0.373563 0.395645 0.373563 0.398301 0.379310 0.398301 0.383908 0.398832 0.385057 0.398832 0.387356 0.399363 0.388506 0.399363 0.390805 0.398832 0.391954 0.398832 0.394253 0.398301 0.395402 0.398301 0.396552 0.397770 0.397701 0.397770 0.398851 0.396707 0.401149 0.396707 0.402299 0.395645 0.404598 0.395645 0.405747 0.395114 0.406897 0.395114 0.408046 0.394052 0.410345 0.394052 0.411494 0.393521 0.412644 0.393521 0.416092 0.392990 0.417241 0.392990 0.420690 0.392459 0.421839 0.392459 0.425287 0.392990 0.426437 0.392990 0.439080 0.392459 0.440230 0.392459 0.444828 0.392990 0.445977 0.392990 0.448276 0.393521 0.449425 0.393521 0.452874 0.394052 0.454023 0.394052 0.457471 0.394583 0.458621 0.394583 0.460920 0.394052 0.462069 0.394052 0.464368 0.394583 0.465517 0.394583 0.467816 0.395114 0.468966 0.395114 0.494253 0.394583 0.495402 0.394583 0.501149 0.394052 0.502299 0.394052 0.508046 0.393521 0.509195 0.393521 0.514943 0.392990 0.516092 0.392990 0.520690 0.392459 0.521839 0.392459 0.525287 0.391928 0.526437 0.391928 0.529885 0.391397 0.531034 0.391397 0.532184 0.390335 0.534483 0.390335 0.535632 0.389804 0.536782 0.389804 0.537931 0.389272 0.539080 0.389272 0.542529 0.388741 0.543678 0.388741 0.552874 0.387148 0.556322 0.387148 0.557471 0.386617 0.558621 0.386617 0.563218 0.386086 0.564368 0.386086 0.566667 0.385555 0.567816 0.385555 0.570115 0.385024 0.571264 0.385024 0.583908 0.385555 0.585057 0.385555 0.586207 0.386086 0.587356 0.386086 0.589655 0.386617 0.590805 0.386617 0.593103 0.387148 0.594253 0.389272 0.594253 0.390335 0.596552 0.390335 0.597701 0.390335 0.596552 0.392459 0.591954 0.392459 0.583908 0.392990 0.582759 0.392990 0.579310 0.393521 0.578161 0.393521 0.577011 0.394052 0.575862 0.394583 0.575862 0.395645 0.573563 0.396176 0.573563 0.396176 0.572414 0.397238 0.570115 0.397770 0.571264 0.397770 0.573563 0.398301 0.574713 0.398301 0.577011 0.398832 0.578161 0.398832 0.579310 0.399363 0.580460 0.399363 0.581609 0.399894 0.582759 0.399894 0.589655 0.400425 0.590805 0.400425 0.596552 0.399894 0.597701 0.399894 0.600000 0.400425 0.601149 0.400425 0.602299 0.399894 0.603448 0.399894 0.605747 0.399363 0.606897 0.399363 0.608046 0.398832 0.609195 0.398832 0.611494 0.398301 0.612644 0.398301 0.614943 0.397770 0.616092 0.397770 0.622989 0.397238 0.624138 0.397238 0.629885 0.396707 0.631034 0.396707 0.644828 0.396176 0.645977 0.396176 0.648276 0.395645 0.649425 0.395645 0.650575 0.395114 0.651724 0.395114 0.654023 0.394583 0.655172 0.394583 0.656322 0.394052 0.657471 0.394052 0.662069 0.394583 0.663218 0.394583 0.665517 0.395114 0.666667 0.395114 0.672414 0.395645 0.673563 0.395645 0.678161 0.396176 0.679310 0.396176 0.689655 0.395645 0.690805 0.395645 0.698851 0.395114 0.700000 0.395114 0.702299 0.394583 0.703448 0.394583 0.706897 0.394052 0.708046 0.394052 0.710345 0.393521 0.711494 0.393521 0.713793 0.392990 0.714943 0.392990 0.716092 0.392459 0.717241 0.392459 0.718391 0.391397 0.720690 0.391397 0.721839 0.390335 0.724138 0.390335 0.725287 0.389804 0.726437 0.389804 0.728736 0.389272 0.729885 0.389272 0.731034 0.388210 0.733333 0.388210 0.734483 0.387679 0.735632 0.387679 0.736782 0.385024 0.742529 0.383962 0.742529 0.383431 0.743678 0.379182 0.743678 0.378651 0.744828 0.377058 0.744828 0.376527 0.745977 0.375996 0.745977 0.375465 0.747126 0.374934 0.747126 0.373871 0.749425 0.373871 0.750575 0.373340 0.751724 0.373340 0.755172 0.373871 0.756322 0.373871 0.757471 0.375996 0.762069 0.376527 0.762069 0.377058 0.763218 0.378120 0.763218 0.378651 0.764368 0.379182 0.764368 0.379713 0.765517 0.382369 0.765517 0.382900 0.766667 0.397238 0.766667 0.397770 0.765517 0.398301 0.765517 0.398832 0.764368 0.398832 0.763218 0.399363 0.762069 0.399363 0.758621 0.399894 0.757471 0.399894 0.756322 0.403080 0.749425 0.403080 0.748276 0.403611 0.747126 0.403611 0.745977 0.404142 0.744828 0.404142 0.743678 0.404673 0.742529 0.404673 0.740230 0.405204 0.739080 0.405204 0.737931 0.405736 0.736782 0.405736 0.735632 0.406267 0.734483 0.406267 0.733333 0.406798 0.732184 0.406798 0.731034 0.407329 0.729885 0.407329 0.728736 0.407860 0.727586 0.407860 0.726437 0.408391 0.725287 0.408391 0.724138 0.408922 0.722989 0.408922 0.717241 0.409453 0.716092 0.409453 0.713793 0.409984 0.712644 0.409984 0.710345 0.410515 0.709195 0.410515 0.706897 0.411046 0.705747 0.411046 0.704598 0.411577 0.703448 0.411577 0.701149 0.412108 0.700000 0.412108 0.697701 0.412639 0.696552 0.412639 0.695402 0.414764 0.690805 0.416888 0.695402 0.416888 0.696552 0.417950 0.698851 0.417950 0.700000 0.419012 0.702299 0.419012 0.703448 0.420074 0.705747 0.420074 0.706897 0.420605 0.708046 0.420605 0.709195 0.421668 0.711494 0.421668 0.712644 0.423792 0.717241 0.423792 0.718391 0.424854 0.720690 0.424854 0.721839 0.426447 0.725287 0.426447 0.726437 0.426978 0.727586 0.426978 0.729885 0.427509 0.731034 0.427509 0.733333 0.428040 0.734483 0.428040 0.735632 0.429102 0.737931 0.429102 0.739080 0.430165 0.741379 0.430165 0.742529 0.430696 0.743678 0.430696 0.745977 0.431227 0.747126 0.431227 0.754023 0.431758 0.755172 0.431758 0.768966 0.431227 0.770115 0.431227 0.772414 0.430696 0.773563 0.430165 0.773563 0.429634 0.774713 0.428571 0.774713 0.428040 0.775862 0.427509 0.775862 0.426447 0.778161 0.425916 0.778161 0.425385 0.779310 0.424854 0.779310 0.424323 0.780460 0.423792 0.780460 0.422730 0.782759 0.422199 0.782759 0.421668 0.783908 0.421136 0.783908 0.420605 0.785057 0.419543 0.785057 0.419012 0.786207 0.417950 0.786207 0.417419 0.787356 0.416888 0.787356 0.416357 0.788506 0.415826 0.788506 0.415295 0.789655 0.414764 0.789655 0.414764 0.790805 0.414233 0.791954 0.414233 0.794253 0.414764 0.795402 0.414764 0.796552 0.415295 0.797701 0.415826 0.797701 0.416357 0.798851 0.416888 0.798851 0.417419 0.800000 0.420074 0.800000 0.420605 0.801149 0.438662 0.801149 0.439193 0.800000 0.441848 0.800000 0.442379 0.798851 0.443972 0.798851 0.444503 0.797701 0.445566 0.797701 0.446097 0.796552 0.447159 0.796552 0.448221 0.794253 0.448752 0.794253 0.449283 0.793103 0.449283 0.790805 0.449814 0.789655 0.449814 0.782759 0.449283 0.781609 0.449283 0.780460 0.448221 0.778161 0.448221 0.777011 0.447690 0.775862 0.447690 0.774713 0.447159 0.773563 0.447159 0.770115 0.447690 0.768966 0.447690 0.756322 0.447159 0.755172 0.447159 0.748276 0.446628 0.747126 0.446628 0.743678 0.446097 0.742529 0.446097 0.737931 0.445566 0.736782 0.445566 0.732184 0.445035 0.731034 0.445035 0.726437 0.444503 0.725287 0.444503 0.716092 0.443972 0.714943 0.443972 0.712644 0.443441 0.711494 0.443441 0.709195 0.442910 0.708046 0.442910 0.705747 0.442379 0.704598 0.442379 0.702299 0.441848 0.701149 0.441848 0.698851 0.441317 0.697701 0.441317 0.695402 0.440786 0.694253 0.440786 0.691954 0.440255 0.690805 0.440255 0.686207 0.439724 0.685057 0.439724 0.682759 0.439193 0.681609 0.439193 0.680460 0.438662 0.679310 0.438662 0.678161 0.438131 0.677011 0.438131 0.674713 0.437600 0.673563 0.437600 0.671264 0.437069 0.670115 0.437069 0.667816 0.436537 0.666667 0.436537 0.663218 0.436006 0.662069 0.436006 0.656322 0.435475 0.655172 0.435475 0.648276 0.434944 0.647126 0.434944 0.640230 0.434413 0.639080 0.434413 0.633333 0.433882 0.632184 0.433882 0.629885 0.433351 0.628736 0.433351 0.622989 0.432820 0.621839 0.432820 0.603448 0.433351 0.602299 0.433351 0.595402 0.433882 0.594253 0.433882 0.593103 0.434413 0.591954 0.434413 0.588506 0.434944 0.587356 0.434944 0.586207 0.435475 0.585057 0.435475 0.580460 0.436006 0.579310 0.436006 0.577011 0.436537 0.575862 0.436537 0.573563 0.437069 0.572414 0.437069 0.568966 0.437600 0.567816 0.437600 0.560920 0.438131 0.559770 0.438131 0.547126 0.437600 0.545977 0.437600 0.540230 0.437069 0.539080 0.437069 0.531034 0.436006 0.528736 0.438662 0.522989 0.438662 0.516092 0.439193 0.514943 0.438662 0.513793 0.438662 0.506897 0.438131 0.505747 0.438131 0.495402 0.437600 0.494253 0.438131 0.493103 0.438131 0.482759 0.438662 0.481609 0.438662 0.479310 0.438131 0.478161 0.438131 0.475862 0.437600 0.474713 0.437600 0.470115 0.437069 0.468966 0.437069 0.462069 0.436537 0.460920 0.436537 0.455172 0.437069 0.454023 0.437069 0.447126 0.436537 0.445977 0.436537 0.441379 0.436006 0.440230 0.436006 0.434483 0.435475 0.433333 0.435475 0.425287 0.434944 0.424138 0.434944 0.421839 0.434413 0.420690 0.434413 0.419540 0.433882 0.418391 0.433882 0.417241 0.433351 0.416092 0.433351 0.413793 0.432820 0.412644 0.432820 0.410345 0.431227 0.406897 0.431227 0.405747 0.430165 0.403448 0.430165 0.402299 0.428571 0.398851 0.428040 0.398851 0.425916 0.394253 0.425916 0.393103 0.424323 0.389655 0.423792 0.389655 0.422730 0.387356 0.422730 0.386207 0.422199 0.385057 0.422199 0.382759 0.421668 0.381609 0.421668 0.379310 0.421136 0.378161 0.421136 0.375862 0.422199 0.373563 0.422199 0.372414 0.423261 0.370115 0.423261 0.368966 0.423792 0.367816 0.423792 0.362069 0.423261 0.360920 0.423261 0.357471 0.422730 0.356322 0.422730 0.351724 0.422199 0.350575 0.422199 0.349425 0.421668 0.348276 0.421668 0.347126 0.420605 0.344828 0.420074 0.344828 0.419012 0.342529 0.419012 0.341379 0.418481 0.340230 0.418481 0.336782 0.417950 0.335632 0.417950 0.331034 0.417419 0.329885 0.417419 0.327586 0.416888 0.326437 0.416888 0.324138 0.416357 0.322989 0.416357 0.321839 0.415826 0.320690 0.415826 0.319540 0.415295 0.318391 0.415295 0.317241 0.414233 0.314943 0.414233 0.313793 0.413170 0.311494 0.413170 0.310345 0.411577 0.306897 0.411577 0.305747 0.411046 0.304598 0.410515 0.304598 0.409453 0.302299 0.408922 0.302299 0.408391 0.301149 0.407329 0.301149 0.406798 0.300000
0 0.067977 0.542529 0.067446 0.543678 0.066914 0.543678 0.065852 0.545977 0.065852 0.548276 0.065321 0.549425 0.065321 0.551724 0.064790 0.552874 0.066383 0.552874 0.066914 0.554023 0.067446 0.554023 0.067977 0.552874 0.069570 0.552874 0.070101 0.551724 0.070101 0.550575 0.071163 0.548276 0.071694 0.548276 0.072225 0.547126 0.072756 0.547126 0.073287 0.545977 0.073287 0.544828 0.072225 0.542529
0 0.077005 0.441379 0.076474 0.442529 0.074349 0.442529 0.073818 0.443678 0.073287 0.443678 0.072756 0.444828 0.072225 0.444828 0.070101 0.449425 0.070101 0.450575 0.068508 0.454023 0.067446 0.454023 0.066914 0.455172 0.066383 0.455172 0.065852 0.456322 0.065321 0.456322 0.064790 0.457471 0.064259 0.457471 0.063728 0.458621 0.063197 0.458621 0.062666 0.459770 0.062135 0.459770 0.060542 0.463218 0.060011 0.463218 0.059480 0.464368 0.059480 0.465517 0.058417 0.467816 0.058417 0.468966 0.057355 0.471264 0.057355 0.472414 0.056824 0.473563 0.056824 0.474713 0.056293 0.475862 0.056293 0.477011 0.055762 0.478161 0.055762 0.479310 0.055231 0.480460 0.055231 0.481609 0.054700 0.482759 0.054700 0.483908 0.054169 0.485057 0.054169 0.486207 0.053638 0.487356 0.053638 0.489655 0.053107 0.490805 0.053107 0.493103 0.052576 0.494253 0.052576 0.502299 0.053107 0.503448 0.053107 0.506897 0.053638 0.508046 0.053638 0.509195 0.054700 0.511494 0.055231 0.511494 0.056293 0.513793 0.056824 0.513793 0.057355 0.514943 0.057886 0.514943 0.059480 0.518391 0.059480 0.524138 0.060011 0.525287 0.060011 0.528736 0.062135 0.533333 0.062666 0.533333 0.063197 0.534483 0.064790 0.534483 0.065321 0.535632 0.067977 0.535632 0.068508 0.534483 0.069039 0.534483 0.069570 0.533333 0.070101 0.533333 0.070632 0.532184 0.070632 0.531034 0.072756 0.526437 0.073818 0.526437 0.074349 0.525287 0.080722 0.525287 0.081253 0.524138 0.087095 0.524138 0.087626 0.525287 0.093999 0.525287 0.094530 0.524138 0.095592 0.524138 0.096654 0.521839 0.096654 0.519540 0.094530 0.514943 0.093999 0.514943 0.090281 0.506897 0.090281 0.505747 0.089750 0.504598 0.089750 0.503448 0.089219 0.502299 0.089219 0.501149 0.088688 0.500000 0.088688 0.498851 0.088157 0.497701 0.088157 0.496552 0.087626 0.495402 0.087626 0.491954 0.087095 0.490805 0.087095 0.483908 0.086564 0.482759 0.086564 0.477011 0.086033 0.475862 0.086033 0.466667 0.086564 0.465517 0.086564 0.463218 0.086033 0.462069 0.086033 0.458621 0.085502 0.457471 0.085502 0.455172 0.084971 0.454023 0.084971 0.451724 0.084440 0.450575 0.084440 0.449425 0.081784 0.443678 0.080722 0.443678 0.080191 0.442529 0.078598 0.442529 0.078067 0.441379
0 0.313330 0.420690 0.312799 0.421839 0.311737 0.421839 0.311206 0.422989 0.310674 0.422989 0.309081 0.426437 0.309081 0.429885 0.308550 0.431034 0.308550 0.445977 0.308019 0.447126 0.308019 0.448276 0.305895 0.452874 0.305895 0.454023 0.305364 0.455172 0.305364 0.460920 0.305895 0.462069 0.305895 0.465517 0.306426 0.466667 0.306426 0.468966 0.306957 0.470115 0.306957 0.473563 0.307488 0.474713 0.307488 0.478161 0.306426 0.480460 0.306426 0.495402 0.305895 0.496552 0.305895 0.500000 0.306426 0.501149 0.306426 0.502299 0.306957 0.502299 0.309612 0.508046 0.309612 0.509195 0.309081 0.510345 0.309081 0.512644 0.309612 0.513793 0.309612 0.514943 0.313330 0.514943 0.313861 0.513793 0.317578 0.513793 0.318109 0.512644 0.318109 0.511494 0.318640 0.510345 0.318640 0.509195 0.319172 0.508046 0.319172 0.506897 0.321827 0.501149 0.321827 0.500000 0.322889 0.497701 0.322889 0.496552 0.323420 0.495402 0.323420 0.494253 0.323951 0.493103 0.323951 0.485057 0.323420 0.483908 0.323951 0.482759 0.323951 0.480460 0.324482 0.479310 0.324482 0.474713 0.325013 0.473563 0.325013 0.465517 0.324482 0.464368 0.324482 0.456322 0.322889 0.452874 0.322889 0.451724 0.321827 0.449425 0.321827 0.448276 0.320234 0.444828 0.320234 0.443678 0.319703 0.442529 0.319703 0.432184 0.319172 0.431034 0.319172 0.427586 0.318109 0.425287 0.318109 0.424138 0.317047 0.421839 0.315454 0.421839 0.314923 0.420690
0 0.373340 0.406897 0.371216 0.411494 0.371216 0.413793 0.370685 0.414943 0.371216 0.416092 0.371216 0.421839 0.371747 0.422989 0.371747 0.428736 0.371216 0.429885 0.371216 0.432184 0.370685 0.433333 0.370685 0.434483 0.369623 0.436782 0.369092 0.436782 0.368561 0.437931 0.368030 0.437931 0.367499 0.439080 0.366437 0.439080 0.364843 0.442529 0.365374 0.443678 0.365374 0.444828 0.365905 0.445977 0.366437 0.445977 0.366968 0.447126 0.367499 0.447126 0.368030 0.448276 0.369092 0.448276 0.369623 0.449425 0.370685 0.449425 0.371216 0.450575 0.371747 0.450575 0.372809 0.452874 0.372809 0.454023 0.373340 0.455172 0.373871 0.455172 0.374403 0.456322 0.374403 0.457471 0.375996 0.460920 0.380775 0.460920 0.381306 0.459770 0.381837 0.459770 0.382369 0.458621 0.382900 0.458621 0.384493 0.455172 0.384493 0.447126 0.385024 0.445977 0.385024 0.441379 0.385555 0.440230 0.385555 0.434483 0.385024 0.433333 0.385024 0.432184 0.384493 0.431034 0.384493 0.428736 0.383431 0.426437 0.383431 0.425287 0.381306 0.420690 0.381306 0.419540 0.380775 0.418391 0.380775 0.416092 0.380244 0.414943 0.380244 0.413793 0.379713 0.412644 0.379713 0.411494 0.377589 0.406897
0 0.750398 0.455172 0.749867 0.456322 0.747212 0.456322 0.746681 0.457471 0.746150 0.457471 0.745619 0.458621 0.745088 0.458621 0.742963 0.463218 0.742963 0.464368 0.742432 0.465517 0.742432 0.468966 0.742963 0.470115 0.742963 0.473563 0.743494 0.474713 0.743494 0.480460 0.744025 0.481609 0.744025 0.488506 0.744557 0.489655 0.744557 0.491954 0.745088 0.493103 0.745088 0.494253 0.745619 0.495402 0.745619 0.497701 0.746150 0.498851 0.746150 0.500000 0.746681 0.501149 0.746681 0.503448 0.747212 0.504598 0.747212 0.505747 0.747743 0.506897 0.747743 0.513793 0.748274 0.514943 0.748274 0.520690 0.748805 0.521839 0.748805 0.524138 0.749336 0.525287 0.749336 0.529885 0.749867 0.531034 0.749867 0.539080 0.750929 0.541379 0.751460 0.541379 0.752523 0.543678 0.753585 0.543678 0.754116 0.544828 0.755709 0.544828 0.756240 0.545977 0.757302 0.545977 0.757833 0.547126 0.758364 0.547126 0.759958 0.543678 0.759958 0.542529 0.760489 0.541379 0.760489 0.539080 0.761020 0.537931 0.761020 0.535632 0.761551 0.534483 0.761551 0.532184 0.762082 0.531034 0.762613 0.531034 0.763675 0.528736 0.764737 0.528736 0.765799 0.526437 0.765799 0.525287 0.766861 0.522989 0.766861 0.521839 0.767392 0.520690 0.767392 0.519540 0.767924 0.518391 0.767924 0.514943 0.766330 0.511494 0.766330 0.510345 0.765799 0.509195 0.765799 0.508046 0.765268 0.506897 0.765268 0.505747 0.764737 0.504598 0.764737 0.503448 0.764206 0.502299 0.764206 0.501149 0.764737 0.500000 0.764737 0.498851 0.766861 0.494253 0.767392 0.494253 0.768455 0.491954 0.773234 0.491954 0.773765 0.493103 0.776421 0.493103 0.778545 0.488506 0.779076 0.488506 0.780138 0.486207 0.780669 0.486207 0.781200 0.485057 0.783856 0.485057 0.784387 0.483908 0.786511 0.483908 0.786511 0.481609 0.787042 0.480460 0.786511 0.479310 0.786511 0.475862 0.785980 0.474713 0.785980 0.473563 0.784387 0.470115 0.783324 0.470115 0.782793 0.468966 0.780669 0.468966 0.780138 0.467816 0.779076 0.467816 0.778545 0.466667 0.778014 0.466667 0.777483 0.465517 0.776952 0.465517 0.776421 0.464368 0.768986 0.464368 0.768455 0.463218 0.767392 0.463218 0.766861 0.462069 0.764737 0.462069 0.764206 0.460920 0.763144 0.460920 0.762613 0.459770 0.761020 0.459770 0.760489 0.458621 0.758895 0.458621 0.758364 0.457471 0.755709 0.457471 0.755178 0.456322 0.752523 0.456322 0.751992 0.455172
0 0.293149 0.463218 0.292618 0.464368 0.290494 0.464368 0.289963 0.465517 0.289432 0.465517 0.288901 0.466667 0.288370 0.466667 0.286776 0.470115 0.286245 0.470115 0.284121 0.474713 0.283590 0.474713 0.283059 0.475862 0.282528 0.475862 0.281997 0.477011 0.281997 0.478161 0.279873 0.482759 0.279341 0.482759 0.278810 0.483908 0.278810 0.485057 0.275624 0.491954 0.275624 0.494253 0.275093 0.495402 0.275093 0.496552 0.272438 0.502299 0.272438 0.503448 0.271375 0.505747 0.271375 0.506897 0.270844 0.508046 0.270844 0.509195 0.270313 0.510345 0.270313 0.513793 0.270844 0.514943 0.271375 0.514943 0.271907 0.516092 0.275093 0.516092 0.275624 0.517241 0.281466 0.517241 0.281997 0.518391 0.282528 0.518391 0.283059 0.517241 0.286776 0.517241 0.287307 0.516092 0.289432 0.516092 0.289963 0.514943 0.291025 0.514943 0.293149 0.510345 0.293149 0.509195 0.293680 0.508046 0.293680 0.505747 0.294211 0.504598 0.294211 0.503448 0.294742 0.502299 0.294742 0.501149 0.295273 0.500000 0.295273 0.498851 0.296867 0.495402 0.296867 0.494253 0.297398 0.493103 0.297398 0.491954 0.297929 0.490805 0.297929 0.488506 0.298460 0.487356 0.298460 0.483908 0.298991 0.482759 0.298991 0.480460 0.300584 0.477011 0.300584 0.468966 0.300053 0.467816 0.300053 0.466667 0.299522 0.466667 0.298991 0.465517 0.297929 0.465517 0.297398 0.464368 0.293680 0.464368
0 0.224110 0.428736 0.223579 0.429885 0.223048 0.429885 0.222517 0.431034 0.221986 0.431034 0.219862 0.435632 0.219862 0.436782 0.219331 0.437931 0.219331 0.439080 0.218800 0.440230 0.218800 0.441379 0.217738 0.443678 0.217207 0.443678 0.216676 0.444828 0.216144 0.444828 0.215082 0.447126 0.215082 0.456322 0.214020 0.458621 0.214020 0.459770 0.213489 0.460920 0.213489 0.462069 0.212958 0.463218 0.212958 0.466667 0.212427 0.467816 0.212427 0.472414 0.211896 0.473563 0.211896 0.483908 0.212427 0.485057 0.212427 0.490805 0.210834 0.494253 0.210834 0.495402 0.209772 0.497701 0.209772 0.504598 0.210834 0.504598 0.211365 0.505747 0.215613 0.505747 0.216144 0.504598 0.218800 0.504598 0.219331 0.503448 0.221986 0.503448 0.222517 0.502299 0.223579 0.502299 0.224110 0.503448 0.224642 0.503448 0.226766 0.508046 0.227297 0.508046 0.227828 0.509195 0.231014 0.509195 0.231545 0.508046 0.232608 0.508046 0.234201 0.504598 0.234201 0.503448 0.234732 0.502299 0.234732 0.500000 0.235263 0.498851 0.235263 0.493103 0.235794 0.491954 0.235794 0.490805 0.236325 0.489655 0.236325 0.487356 0.236856 0.486207 0.236856 0.485057 0.237387 0.483908 0.237387 0.482759 0.237918 0.481609 0.237918 0.463218 0.237387 0.462069 0.237387 0.460920 0.236325 0.458621 0.236325 0.457471 0.235794 0.456322 0.235263 0.456322 0.233139 0.451724 0.233139 0.450575 0.232608 0.449425 0.232608 0.441379 0.232076 0.440230 0.232076 0.437931 0.231014 0.435632 0.231014 0.434483 0.228359 0.428736
0 0.510887 0.405747 0.510356 0.406897 0.509294 0.406897 0.508232 0.409195 0.508232 0.410345 0.507700 0.411494 0.507700 0.412644 0.507169 0.413793 0.507169 0.420690 0.507700 0.421839 0.507700 0.422989 0.508232 0.424138 0.508232 0.427586 0.509294 0.429885 0.509294 0.431034 0.509825 0.432184 0.509825 0.434483 0.510356 0.435632 0.509825 0.436782 0.509825 0.439080 0.509294 0.440230 0.509294 0.442529 0.508763 0.443678 0.508763 0.445977 0.508232 0.447126 0.508232 0.450575 0.507700 0.451724 0.507700 0.452874 0.507169 0.454023 0.507169 0.455172 0.506107 0.457471 0.506107 0.458621 0.505576 0.459770 0.505045 0.459770 0.505045 0.460920 0.502921 0.465517 0.501859 0.465517 0.501328 0.466667 0.499734 0.466667 0.499203 0.467816 0.498141 0.467816 0.497610 0.468966 0.496548 0.468966 0.496017 0.470115 0.495486 0.470115 0.494424 0.472414 0.494424 0.496552 0.494955 0.497701 0.494955 0.504598 0.494424 0.505747 0.494424 0.506897 0.492300 0.511494 0.492300 0.512644 0.492831 0.513793 0.492831 0.514943 0.494424 0.514943 0.494955 0.516092 0.499203 0.516092 0.499734 0.514943 0.500797 0.514943 0.501328 0.513793 0.501328 0.512644 0.501859 0.511494 0.505576 0.511494 0.506107 0.512644 0.507169 0.512644 0.507700 0.513793 0.508232 0.513793 0.509294 0.516092 0.509825 0.516092 0.510887 0.518391 0.515666 0.518391 0.516198 0.517241 0.516729 0.517241 0.517260 0.516092 0.517791 0.516092 0.518322 0.514943 0.518322 0.508046 0.517791 0.506897 0.517791 0.491954 0.518853 0.489655 0.518853 0.488506 0.519915 0.486207 0.519915 0.485057 0.520977 0.482759 0.520977 0.481609 0.521508 0.480460 0.521508 0.478161 0.522039 0.477011 0.522039 0.454023 0.521508 0.452874 0.522039 0.451724 0.522039 0.444828 0.521508 0.443678 0.521508 0.441379 0.520977 0.440230 0.520977 0.439080 0.520446 0.437931 0.520446 0.436782 0.519915 0.435632 0.519915 0.434483 0.518853 0.432184 0.518853 0.431034 0.518322 0.429885 0.518322 0.420690 0.517791 0.419540 0.517791 0.416092 0.517260 0.414943 0.517260 0.411494 0.515135 0.406897 0.514073 0.406897 0.513542 0.405747
0 0.367499 0.459770 0.366968 0.460920 0.366437 0.460920 0.363781 0.466667 0.363781 0.467816 0.363250 0.468966 0.363250 0.470115 0.362719 0.471264 0.362719 0.474713 0.362188 0.475862 0.362188 0.478161 0.362719 0.479310 0.362719 0.482759 0.363250 0.483908 0.363250 0.485057 0.363781 0.486207 0.363781 0.490805 0.362719 0.493103 0.362719 0.494253 0.362188 0.495402 0.361657 0.495402 0.360595 0.497701 0.360595 0.498851 0.358471 0.503448 0.358471 0.504598 0.357408 0.506897 0.357408 0.508046 0.355284 0.512644 0.355284 0.513793 0.354753 0.514943 0.354753 0.516092 0.354222 0.517241 0.354222 0.518391 0.353691 0.519540 0.353691 0.520690 0.353160 0.521839 0.353160 0.524138 0.352629 0.525287 0.352629 0.526437 0.352098 0.527586 0.352098 0.534483 0.351567 0.535632 0.351567 0.543678 0.352629 0.545977 0.356346 0.545977 0.356877 0.544828 0.356877 0.543678 0.357408 0.542529 0.357408 0.532184 0.357939 0.531034 0.357939 0.529885 0.358471 0.528736 0.358471 0.527586 0.359002 0.526437 0.360064 0.526437 0.360595 0.527586 0.361657 0.527586 0.363250 0.531034 0.363250 0.532184 0.363781 0.533333 0.363781 0.534483 0.365374 0.537931 0.365374 0.539080 0.365905 0.540230 0.365905 0.541379 0.366437 0.542529 0.366437 0.543678 0.367499 0.545977 0.367499 0.547126 0.368030 0.548276 0.368030 0.549425 0.368561 0.550575 0.369092 0.550575 0.369623 0.551724 0.372278 0.551724 0.372809 0.552874 0.373871 0.552874 0.378120 0.562069 0.378651 0.562069 0.379713 0.564368 0.380244 0.564368 0.380775 0.565517 0.382369 0.565517 0.382900 0.566667 0.383431 0.566667 0.384493 0.564368 0.384493 0.563218 0.385024 0.562069 0.385024 0.560920 0.385555 0.559770 0.385555 0.558621 0.387148 0.555172 0.387148 0.554023 0.387679 0.552874 0.387679 0.542529 0.388210 0.541379 0.388210 0.539080 0.390335 0.534483 0.390335 0.533333 0.390866 0.532184 0.390866 0.529885 0.391397 0.528736 0.391397 0.524138 0.391928 0.522989 0.391928 0.519540 0.392459 0.518391 0.392459 0.511494 0.392990 0.510345 0.392990 0.504598 0.392459 0.503448 0.392459 0.501149 0.391928 0.500000 0.391928 0.498851 0.390866 0.496552 0.390866 0.495402 0.390335 0.494253 0.389804 0.494253 0.388741 0.491954 0.388741 0.490805 0.388210 0.490805 0.387148 0.488506 0.386086 0.488506 0.385555 0.487356 0.385024 0.487356 0.384493 0.486207 0.382900 0.486207 0.382369 0.485057 0.381306 0.485057 0.380775 0.483908 0.380244 0.483908 0.379713 0.482759 0.379182 0.482759 0.378651 0.481609 0.378120 0.481609 0.377589 0.480460 0.377589 0.471264 0.377058 0.470115 0.377058 0.467816 0.373871 0.460920 0.372809 0.460920 0.372278 0.459770
0 0.476367 0.368966 0.475836 0.370115 0.474774 0.370115 0.474243 0.371264 0.473712 0.371264 0.473181 0.372414 0.473181 0.374713 0.472650 0.375862 0.472650 0.377011 0.472119 0.378161 0.472119 0.381609 0.471588 0.382759 0.471588 0.410345 0.472119 0.411494 0.472119 0.418391 0.472650 0.419540 0.472650 0.420690 0.473181 0.421839 0.474243 0.421839 0.474774 0.420690 0.475836 0.420690 0.476367 0.419540 0.476899 0.419540 0.477430 0.418391 0.477430 0.417241 0.477961 0.416092 0.477961 0.412644 0.478492 0.411494 0.478492 0.409195 0.479023 0.408046 0.479023 0.406897 0.479554 0.405747 0.479554 0.401149 0.480085 0.400000 0.480085 0.394253 0.480616 0.393103 0.480616 0.380460 0.480085 0.379310 0.480085 0.378161 0.479554 0.377011 0.479554 0.375862 0.479023 0.374713 0.479023 0.373563 0.476899 0.368966
0 0.673925 0.428736 0.673394 0.429885 0.671800 0.429885 0.671269 0.431034 0.670738 0.431034 0.670207 0.432184 0.669676 0.432184 0.668614 0.434483 0.668083 0.434483 0.667021 0.436782 0.667021 0.437931 0.666490 0.439080 0.666490 0.441379 0.665959 0.442529 0.665959 0.443678 0.665428 0.444828 0.665428 0.450575 0.664896 0.451724 0.664896 0.457471 0.664365 0.458621 0.664365 0.459770 0.664896 0.460920 0.664896 0.465517 0.665428 0.466667 0.665428 0.471264 0.665959 0.472414 0.665959 0.480460 0.666490 0.481609 0.666490 0.485057 0.667021 0.486207 0.667021 0.489655 0.667552 0.490805 0.667552 0.497701 0.668083 0.498851 0.668083 0.501149 0.671269 0.501149 0.672862 0.497701 0.672862 0.495402 0.673394 0.494253 0.673394 0.491954 0.673925 0.490805 0.673925 0.489655 0.674987 0.487356 0.674987 0.485057 0.675518 0.483908 0.675518 0.481609 0.676049 0.480460 0.676049 0.475862 0.676580 0.474713 0.676580 0.473563 0.677111 0.472414 0.677642 0.472414 0.678173 0.471264 0.678704 0.471264 0.682422 0.463218 0.682422 0.449425 0.681891 0.448276 0.681891 0.445977 0.681360 0.444828 0.681360 0.443678 0.680828 0.442529 0.680828 0.440230 0.680297 0.439080 0.680297 0.435632 0.679766 0.434483 0.679766 0.433333 0.679235 0.432184 0.679235 0.431034 0.678704 0.429885 0.678173 0.429885 0.677642 0.428736
1 0.532661 0.388506 0.532130 0.389655 0.531599 0.389655 0.531067 0.390805 0.531067 0.391954 0.530536 0.393103 0.530536 0.396552 0.531599 0.398851 0.532130 0.398851 0.532661 0.400000 0.533723 0.400000 0.534254 0.398851 0.535316 0.398851 0.535847 0.397701 0.536378 0.397701 0.536378 0.396552 0.537971 0.393103 0.537440 0.391954 0.537440 0.390805 0.536909 0.389655 0.535847 0.389655 0.535316 0.388506
1 0.780138 0.468966 0.779607 0.470115 0.779607 0.471264 0.780138 0.472414 0.780138 0.474713 0.780669 0.475862 0.780669 0.479310 0.781200 0.480460 0.781200 0.483908 0.781731 0.483908 0.782262 0.485057 0.786511 0.485057 0.787042 0.483908 0.787573 0.483908 0.787573 0.481609 0.788104 0.480460 0.787573 0.479310 0.787573 0.477011 0.787042 0.475862 0.787042 0.474713 0.786511 0.473563 0.786511 0.472414 0.785449 0.470115 0.784918 0.470115 0.784387 0.468966
1 0.300053 0.403448 0.299522 0.404598 0.298991 0.404598 0.297929 0.406897 0.297929 0.409195 0.297398 0.410345 0.297398 0.414943 0.297929 0.416092 0.297929 0.418391 0.298460 0.419540 0.298460 0.420690 0.299522 0.422989 0.300584 0.422989 0.301115 0.421839 0.302708 0.421839 0.303240 0.420690 0.303771 0.420690 0.303771 0.416092 0.304302 0.414943 0.304302 0.410345 0.303771 0.409195 0.303771 0.405747 0.303240 0.404598 0.302177 0.404598 0.301646 0.403448
1 0.511418 0.404598 0.510887 0.405747 0.510356 0.405747 0.509825 0.406897 0.509294 0.406897 0.508232 0.409195 0.508232 0.410345 0.507700 0.411494 0.507700 0.412644 0.507169 0.413793 0.507169 0.420690 0.507700 0.421839 0.508232 0.421839 0.508763 0.422989 0.516198 0.422989 0.516729 0.421839 0.517260 0.421839 0.517791 0.420690 0.517791 0.413793 0.517260 0.412644 0.517260 0.410345 0.515666 0.406897 0.515135 0.406897 0.514604 0.405747 0.513011 0.405747 0.512480 0.404598
1 0.549124 0.394253 0.548593 0.395402 0.547531 0.395402 0.546999 0.396552 0.545937 0.396552 0.545937 0.397701 0.545406 0.398851 0.545406 0.406897 0.545937 0.408046 0.546468 0.408046 0.546999 0.409195 0.550717 0.409195 0.551248 0.408046 0.553372 0.408046 0.553903 0.406897 0.553903 0.400000 0.553372 0.398851 0.553372 0.397701 0.552310 0.395402 0.551248 0.395402 0.550717 0.394253
1 0.288370 0.405747 0.287839 0.406897 0.286245 0.406897 0.285183 0.409195 0.285183 0.410345 0.284652 0.411494 0.284652 0.413793 0.285183 0.414943 0.285183 0.416092 0.286245 0.418391 0.288901 0.418391 0.289432 0.419540 0.289963 0.418391 0.290494 0.418391 0.291025 0.417241 0.291556 0.417241 0.292087 0.416092 0.292618 0.416092 0.293680 0.413793 0.293680 0.409195 0.292618 0.406897 0.291556 0.406897 0.291025 0.405747
1 0.077005 0.441379 0.076474 0.442529 0.074349 0.442529 0.073818 0.443678 0.073287 0.443678 0.072756 0.444828 0.072225 0.444828 0.071163 0.447126 0.071163 0.448276 0.070632 0.449425 0.070632 0.451724 0.070101 0.452874 0.070101 0.455172 0.070632 0.456322 0.070632 0.457471 0.071163 0.458621 0.071163 0.459770 0.072225 0.462069 0.072225 0.463218 0.073287 0.465517 0.073818 0.465517 0.074881 0.467816 0.075412 0.467816 0.076474 0.470115 0.077005 0.470115 0.077536 0.471264 0.078067 0.471264 0.078598 0.472414 0.080722 0.472414 0.081253 0.473563 0.081784 0.473563 0.082315 0.472414 0.084440 0.472414 0.084971 0.471264 0.085502 0.471264 0.085502 0.470115 0.086033 0.468966 0.086033 0.466667 0.086564 0.465517 0.086564 0.463218 0.086033 0.462069 0.086033 0.458621 0.085502 0.457471 0.085502 0.455172 0.084971 0.454023 0.084971 0.451724 0.084440 0.450575 0.084440 0.449425 0.083378 0.447126 0.083378 0.445977 0.082847 0.444828 0.082315 0.444828 0.081784 0.443678 0.081253 0.443678 0.080722 0.442529 0.079129 0.442529 0.078598 0.441379
1 0.313330 0.420690 0.312799 0.421839 0.311737 0.421839 0.311206 0.422989 0.310674 0.422989 0.309081 0.426437 0.309081 0.428736 0.308550 0.429885 0.308550 0.435632 0.310143 0.439080 0.315454 0.439080 0.315985 0.440230 0.318640 0.440230 0.319703 0.437931 0.319703 0.431034 0.319172 0.429885 0.319172 0.427586 0.318640 0.426437 0.318640 0.425287 0.317047 0.421839 0.315454 0.421839 0.314923 0.420690
1 0.449283 0.366667 0.448752 0.367816 0.447159 0.367816 0.446628 0.368966 0.446097 0.368966 0.446097 0.373563 0.445566 0.374713 0.445566 0.375862 0.446097 0.377011 0.446097 0.379310 0.447690 0.379310 0.448221 0.380460 0.449283 0.380460 0.449814 0.379310 0.450345 0.379310 0.451407 0.377011 0.451407 0.371264
1 0.224110 0.428736 0.223579 0.429885 0.223048 0.429885 0.222517 0.431034 0.221986 0.431034 0.219862 0.435632 0.219862 0.436782 0.219331 0.437931 0.219331 0.442529 0.219862 0.442529 0.220393 0.443678 0.224110 0.443678 0.224642 0.444828 0.225704 0.444828 0.226235 0.445977 0.227828 0.445977 0.228359 0.447126 0.229421 0.447126 0.229952 0.448276 0.231545 0.448276 0.232608 0.445977 0.232608 0.441379 0.232076 0.440230 0.232076 0.437931 0.231545 0.436782 0.231545 0.435632 0.229952 0.432184 0.229952 0.431034 0.229421 0.431034 0.228359 0.428736
1 0.373340 0.406897 0.371216 0.411494 0.371216 0.413793 0.370685 0.414943 0.371216 0.416092 0.371216 0.419540 0.372278 0.421839 0.375996 0.421839 0.376527 0.420690 0.377058 0.420690 0.377589 0.419540 0.378120 0.419540 0.378651 0.418391 0.379182 0.418391 0.379713 0.417241 0.379713 0.416092 0.380244 0.414943 0.379713 0.413793 0.379713 0.411494 0.378120 0.408046 0.377589 0.408046 0.377058 0.406897
1 0.773765 0.464368 0.773234 0.465517 0.772703 0.465517 0.772703 0.474713 0.773234 0.475862 0.773234 0.477011 0.772703 0.478161 0.772703 0.480460 0.773234 0.481609 0.773765 0.481609 0.774296 0.482759 0.774827 0.482759 0.775358 0.483908 0.775890 0.483908 0.776421 0.485057 0.776952 0.485057 0.778014 0.487356 0.778545 0.487356 0.779076 0.488506 0.779607 0.487356 0.780138 0.487356 0.780669 0.486207 0.782262 0.486207 0.782793 0.485057 0.785980 0.485057 0.787042 0.482759 0.787042 0.481609 0.787573 0.480460 0.787042 0.479310 0.787042 0.475862 0.786511 0.474713 0.786511 0.473563 0.784918 0.470115 0.784387 0.470115 0.783856 0.468966 0.782262 0.468966 0.781731 0.467816 0.780138 0.467816 0.779607 0.466667 0.778545 0.466667 0.778014 0.465517 0.776952 0.465517 0.776421 0.464368
1 0.402549 0.298851 0.402018 0.300000 0.400425 0.300000 0.399894 0.301149 0.399363 0.301149 0.398301 0.303448 0.397770 0.303448 0.395645 0.308046 0.395645 0.309195 0.394583 0.311494 0.394583 0.312644 0.394052 0.313793 0.394052 0.314943 0.393521 0.316092 0.393521 0.317241 0.392990 0.318391 0.392990 0.319540 0.391928 0.321839 0.391928 0.322989 0.391397 0.324138 0.391397 0.325287 0.390866 0.326437 0.390866 0.327586 0.390335 0.328736 0.390335 0.341379 0.390866 0.342529 0.390866 0.343678 0.391397 0.344828 0.391397 0.345977 0.393521 0.350575 0.394583 0.350575 0.395114 0.351724 0.396176 0.351724 0.396707 0.352874 0.399894 0.352874 0.400425 0.354023 0.407860 0.354023 0.408391 0.352874 0.409984 0.352874 0.410515 0.351724 0.411046 0.351724 0.411577 0.350575 0.412108 0.350575 0.412639 0.349425 0.413170 0.349425 0.413702 0.348276 0.414233 0.348276 0.414764 0.347126 0.415295 0.347126 0.417950 0.341379 0.417950 0.339080 0.418481 0.337931 0.418481 0.336782 0.417950 0.335632 0.417950 0.327586 0.417419 0.326437 0.417419 0.325287 0.416888 0.324138 0.416888 0.322989 0.416357 0.321839 0.416357 0.320690 0.415295 0.318391 0.415295 0.317241 0.414764 0.316092 0.414764 0.314943 0.414233 0.313793 0.414233 0.312644 0.413170 0.310345 0.413170 0.309195 0.409984 0.302299 0.409453 0.302299 0.408922 0.301149 0.408391 0.301149 0.407860 0.300000 0.405736 0.300000 0.405204 0.298851
1 0.784918 0.483908 0.784387 0.485057 0.782262 0.485057 0.781731 0.486207 0.781200 0.486207 0.780669 0.487356 0.780138 0.487356 0.778014 0.491954 0.778014 0.498851 0.778545 0.498851 0.779076 0.500000 0.780138 0.500000 0.780669 0.501149 0.782793 0.501149 0.783324 0.502299 0.784918 0.502299 0.785449 0.503448 0.785980 0.503448 0.786511 0.504598 0.787042 0.504598 0.789697 0.510345 0.790228 0.510345 0.790759 0.509195 0.791290 0.509195 0.792353 0.506897 0.792353 0.495402 0.791822 0.494253 0.791822 0.493103 0.791290 0.491954 0.791290 0.490805 0.789166 0.486207 0.788104 0.486207 0.787573 0.485057 0.787042 0.485057 0.786511 0.483908
1 0.367499 0.459770 0.366968 0.460920 0.365905 0.460920 0.363250 0.466667 0.363250 0.467816 0.362719 0.468966 0.362719 0.473563 0.362188 0.474713 0.362188 0.475862 0.361657 0.477011 0.361657 0.479310 0.362719 0.481609 0.363250 0.481609 0.363781 0.482759 0.365374 0.482759 0.365905 0.483908 0.366437 0.482759 0.366968 0.482759 0.368030 0.480460 0.368561 0.480460 0.369623 0.478161 0.370154 0.478161 0.370685 0.477011 0.376527 0.477011 0.377058 0.475862 0.377058 0.474713 0.377589 0.473563 0.377589 0.471264 0.377058 0.470115 0.377058 0.467816 0.373871 0.460920 0.372809 0.460920 0.372278 0.459770
1 0.291556 0.463218 0.291025 0.464368 0.289963 0.464368 0.289432 0.465517 0.288901 0.465517 0.286776 0.470115 0.286245 0.470115 0.286245 0.471264 0.285183 0.473563 0.285183 0.477011 0.285714 0.477011 0.286776 0.479310 0.287307 0.479310 0.287839 0.480460 0.288370 0.480460 0.288901 0.481609 0.294742 0.481609 0.295273 0.480460 0.295805 0.480460 0.296867 0.478161 0.297398 0.478161 0.299522 0.473563 0.299522 0.470115 0.298460 0.467816 0.298460 0.466667 0.297929 0.466667 0.297398 0.465517 0.296867 0.465517 0.296336 0.464368 0.295805 0.464368 0.295273 0.463218
1 0.473712 0.365517 0.473181 0.366667 0.472650 0.366667 0.472119 0.367816 0.472119 0.373563 0.472650 0.374713 0.472650 0.375862 0.473712 0.378161 0.474774 0.378161 0.475305 0.377011 0.477430 0.377011 0.477961 0.375862 0.477961 0.371264 0.477430 0.370115 0.477430 0.368966 0.476367 0.366667 0.474243 0.366667
2 0.380775 0.559770 0.380244 0.560920 0.378651 0.560920 0.378120 0.562069 0.378120 0.564368 0.378651 0.565517 0.378651 0.566667 0.379182 0.567816 0.379182 0.568966 0.379713 0.570115 0.381837 0.570115 0.382369 0.571264 0.383431 0.571264 0.385024 0.567816 0.385024 0.560920 0.384493 0.559770
2 0.313330 0.508046 0.312799 0.509195 0.312799 0.510345 0.312268 0.511494 0.312268 0.514943 0.313330 0.514943 0.313861 0.516092 0.317578 0.516092 0.318109 0.514943 0.318640 0.514943 0.319172 0.513793 0.319172 0.510345 0.318640 0.509195 0.318640 0.508046
2 0.310143 0.505747 0.309612 0.506897 0.309081 0.506897 0.308550 0.508046 0.308550 0.514943 0.309081 0.516092 0.313861 0.516092 0.314392 0.514943 0.315454 0.514943 0.317047 0.511494 0.316516 0.511494 0.314923 0.508046 0.313330 0.508046 0.312799 0.506897 0.311206 0.506897 0.310674 0.505747
2 0.380244 0.742529 0.379713 0.743678 0.377589 0.743678 0.377058 0.744828 0.375996 0.744828 0.374934 0.747126 0.374403 0.747126 0.372809 0.750575 0.372809 0.756322 0.375465 0.762069 0.375996 0.762069 0.376527 0.763218 0.377058 0.763218 0.377589 0.764368 0.378651 0.764368 0.379182 0.765517 0.380244 0.765517 0.380775 0.766667 0.382369 0.766667 0.382900 0.767816 0.386617 0.767816 0.387148 0.768966 0.397238 0.768966 0.397770 0.767816 0.398832 0.767816 0.399894 0.765517 0.399894 0.758621 0.398832 0.756322 0.398301 0.756322 0.397770 0.755172 0.392459 0.755172 0.391928 0.754023 0.390335 0.754023 0.389804 0.752874 0.389272 0.752874 0.387148 0.748276 0.387148 0.747126 0.386617 0.745977 0.386617 0.744828 0.386086 0.743678 0.385555 0.743678 0.385024 0.742529
2 0.511949 0.510345 0.511418 0.511494 0.510356 0.511494 0.509825 0.512644 0.509294 0.512644 0.508763 0.513793 0.508232 0.513793 0.507700 0.514943 0.507169 0.514943 0.507700 0.516092 0.507700 0.517241 0.508232 0.518391 0.509294 0.518391 0.509825 0.519540 0.516729 0.519540 0.517260 0.518391 0.518322 0.518391 0.518322 0.514943 0.517260 0.512644 0.516729 0.512644 0.516198 0.511494 0.515666 0.511494 0.515135 0.510345
2 0.495486 0.505747 0.494955 0.506897 0.494424 0.506897 0.493893 0.508046 0.493362 0.508046 0.491768 0.511494 0.491237 0.511494 0.491237 0.514943 0.492300 0.514943 0.492831 0.516092 0.496017 0.516092 0.496548 0.517241 0.500266 0.517241 0.500797 0.516092 0.501859 0.516092 0.502390 0.514943 0.501859 0.513793 0.501859 0.511494 0.501328 0.511494 0.500266 0.509195 0.500266 0.508046 0.499734 0.508046 0.498672 0.505747
2 0.430696 0.773563 0.430165 0.774713 0.428040 0.774713 0.426978 0.777011 0.426447 0.777011 0.425916 0.778161 0.425385 0.778161 0.424323 0.780460 0.423792 0.780460 0.423261 0.781609 0.422730 0.781609 0.422199 0.782759 0.421668 0.782759 0.421136 0.783908 0.420605 0.783908 0.420074 0.785057 0.419012 0.785057 0.418481 0.786207 0.417419 0.786207 0.416888 0.787356 0.416357 0.787356 0.415826 0.788506 0.415295 0.788506 0.414233 0.790805 0.414233 0.791954 0.413702 0.793103 0.413702 0.795402 0.414233 0.796552 0.414233 0.797701 0.414764 0.798851 0.415295 0.798851 0.415826 0.800000 0.416888 0.800000 0.417419 0.801149 0.422730 0.801149 0.423261 0.802299 0.437600 0.802299 0.438131 0.801149 0.440786 0.801149 0.441317 0.800000 0.443441 0.800000 0.443972 0.798851 0.445035 0.798851 0.445566 0.797701 0.446628 0.797701 0.447159 0.796552 0.447690 0.796552 0.448221 0.795402 0.448752 0.795402 0.449283 0.794253 0.449283 0.791954 0.449814 0.790805 0.449814 0.781609 0.449283 0.780460 0.449283 0.779310 0.447690 0.775862 0.446628 0.775862 0.446097 0.774713 0.445566 0.775862 0.445035 0.775862 0.444503 0.777011 0.443972 0.777011 0.442910 0.779310 0.441848 0.779310 0.441317 0.780460 0.438131 0.780460 0.437600 0.779310 0.436537 0.779310 0.436006 0.778161 0.435475 0.778161 0.434944 0.777011 0.434413 0.777011 0.433882 0.775862 0.433351 0.775862 0.432289 0.773563
2 0.513542 0.501149 0.513011 0.502299 0.512480 0.502299 0.511949 0.503448 0.511949 0.504598 0.510887 0.506897 0.510887 0.508046 0.509294 0.511494 0.508763 0.511494 0.508763 0.514943 0.509294 0.516092 0.509294 0.517241 0.509825 0.518391 0.517260 0.518391 0.517791 0.517241 0.518322 0.517241 0.518322 0.516092 0.518853 0.514943 0.518853 0.504598 0.518322 0.503448 0.517791 0.503448 0.516729 0.501149