0 0.164523 0.714801 0.164523 0.715704 0.163846 0.716606 0.165200 0.716606 0.164523 0.715704
0 0.146242 0.702166 0.146919 0.703069 0.148274 0.703069 0.148274 0.702166
0 0.167231 0.697653 0.167231 0.699458 0.167908 0.699458 0.167908 0.697653
0 0.163846 0.694946 0.163169 0.695848 0.162492 0.695848 0.163169 0.695848 0.163846 0.696751 0.165877 0.696751 0.165877 0.695848 0.165200 0.695848 0.164523 0.694946
0 0.161137 0.691336 0.160460 0.692238 0.160460 0.693141 0.161137 0.694043 0.161814 0.693141 0.161814 0.692238
0 0.181449 0.686823 0.180772 0.687726 0.180095 0.687726 0.179418 0.688628 0.182803 0.688628 0.182126 0.687726 0.182126 0.686823
0 0.143534 0.681408 0.142857 0.682310 0.144888 0.685018 0.143534 0.686823 0.142857 0.686823 0.141503 0.688628 0.142857 0.690433 0.143534 0.690433 0.144888 0.692238 0.144888 0.695848 0.145565 0.695848 0.146242 0.696751 0.147596 0.696751 0.148274 0.695848 0.149628 0.695848 0.149628 0.694043 0.148951 0.693141 0.148951 0.692238 0.150305 0.690433 0.151659 0.690433 0.151659 0.689531 0.152336 0.688628 0.152336 0.686823 0.153013 0.685921 0.153013 0.685018 0.151659 0.683213 0.150305 0.683213 0.149628 0.682310 0.148951 0.682310 0.148274 0.681408
0 0.299932 0.332130 0.299255 0.333032 0.295870 0.333032 0.295193 0.333935 0.292485 0.333935 0.291808 0.334838 0.291131 0.334838 0.290454 0.335740 0.288422 0.335740 0.287745 0.336643 0.285714 0.336643 0.285037 0.337545 0.283683 0.337545 0.283006 0.338448 0.282329 0.338448 0.281652 0.339350 0.280975 0.339350 0.280298 0.340253 0.278944 0.340253 0.278267 0.341155 0.277590 0.341155 0.276913 0.342058 0.276236 0.342058 0.275559 0.342960 0.274882 0.342960 0.274204 0.343863 0.273527 0.343863 0.272850 0.344765 0.271496 0.344765 0.270819 0.345668 0.269465 0.345668 0.268788 0.346570 0.268111 0.346570 0.266757 0.348375 0.266080 0.348375 0.263372 0.351986 0.262695 0.351986 0.259986 0.355596 0.259309 0.355596 0.259309 0.356498 0.258632 0.357401 0.257955 0.357401 0.255247 0.361011 0.254570 0.361011 0.254570 0.361913 0.250508 0.367329 0.250508 0.368231 0.247800 0.371841 0.247800 0.372744 0.245091 0.376354 0.245091 0.377256 0.243060 0.379964 0.243060 0.380866 0.241029 0.383574 0.241029 0.384477 0.238998 0.387184 0.238998 0.388087 0.237644 0.389892 0.237644 0.390794 0.236290 0.392599 0.236290 0.393502 0.234259 0.396209 0.233582 0.396209 0.232905 0.397112 0.230873 0.397112 0.230196 0.398014 0.229519 0.398014 0.222749 0.407040 0.222072 0.407040 0.221395 0.407942 0.221395 0.408845 0.220041 0.410650 0.220041 0.414260 0.220718 0.415162 0.220718 0.416065 0.221395 0.416968 0.221395 0.417870 0.224103 0.421480 0.224780 0.421480 0.227488 0.425090 0.228165 0.425090 0.231550 0.429603 0.231550 0.430505 0.232227 0.431408 0.232227 0.436823 0.231550 0.437726 0.231550 0.443141 0.230873 0.444043 0.230873 0.449458 0.230196 0.450361 0.230196 0.461191 0.229519 0.462094 0.229519 0.466606 0.228842 0.467509 0.228842 0.468412 0.226811 0.471119 0.226134 0.471119 0.225457 0.472022 0.224780 0.472022 0.224103 0.472924 0.223426 0.472924 0.222749 0.473827 0.222072 0.473827 0.221395 0.474729 0.219364 0.474729 0.218687 0.475632 0.216655 0.475632 0.215978 0.476534 0.214624 0.476534 0.213947 0.477437 0.213270 0.477437 0.212593 0.478339 0.210562 0.478339 0.209885 0.479242 0.208531 0.479242 0.207854 0.480144 0.205823 0.480144 0.205146 0.481047 0.204469 0.481047 0.203791 0.481949 0.203114 0.481949 0.202437 0.482852 0.201760 0.482852 0.198375 0.487365 0.198375 0.488267 0.197698 0.489170 0.197698 0.490072 0.197021 0.490975 0.197021 0.497292 0.197698 0.498195 0.197698 0.499097 0.198375 0.500000 0.198375 0.500903 0.199052 0.501805 0.199052 0.502708 0.204469 0.509928 0.205823 0.509928 0.208531 0.513538 0.209208 0.513538 0.209885 0.514440 0.210562 0.514440 0.211239 0.515343 0.211239 0.516245 0.212593 0.518051 0.211239 0.519856 0.210562 0.519856 0.205823 0.526173 0.205146 0.526173 0.204469 0.527076 0.203791 0.527076 0.203114 0.527978 0.200406 0.527978 0.199729 0.527076 0.196344 0.527076 0.195667 0.526173 0.194990 0.527076 0.192959 0.527076 0.192282 0.527978 0.190928 0.527978 0.190251 0.528881 0.186188 0.528881 0.185511 0.529783 0.184157 0.529783 0.183480 0.530686 0.182126 0.530686 0.181449 0.531588 0.180095 0.531588 0.179418 0.532491 0.178064 0.532491 0.176710 0.534296 0.176032 0.534296 0.175355 0.535199 0.174678 0.535199 0.173324 0.537004 0.172647 0.537004 0.171970 0.537906 0.171293 0.537906 0.169939 0.539711 0.169262 0.539711 0.168585 0.540614 0.167908 0.540614 0.167231 0.541516 0.166554 0.541516 0.164523 0.544224 0.163846 0.544224 0.161814 0.546931 0.161137 0.546931 0.159106 0.549639 0.158429 0.549639 0.157075 0.551444 0.156398 0.551444 0.155044 0.553249 0.154367 0.553249 0.153013 0.555054 0.152336 0.555054 0.150982 0.556859 0.150305 0.556859 0.145565 0.563177 0.144888 0.563177 0.144211 0.564079 0.144211 0.564982 0.139472 0.571300 0.139472 0.572202 0.138118 0.574007 0.138118 0.574910 0.137441 0.575812 0.137441 0.576715 0.136764 0.577617 0.136764 0.578520 0.136087 0.579422 0.136087 0.580325 0.135410 0.581227 0.135410 0.583032 0.134733 0.583935 0.134733 0.585740 0.134056 0.586643 0.134056 0.592960 0.133378 0.593863 0.133378 0.600181 0.134056 0.601083 0.134056 0.608303 0.134733 0.609206 0.134733 0.617329 0.135410 0.618231 0.135410 0.624549 0.136087 0.625451 0.136087 0.631769 0.136764 0.632671 0.136764 0.638989 0.137441 0.639892 0.137441 0.649819 0.138118 0.650722 0.138118 0.659747 0.138795 0.660650 0.138795 0.670578 0.139472 0.671480 0.139472 0.674188 0.140149 0.675090 0.140149 0.680505 0.140826 0.680505 0.140826 0.676895 0.141503 0.675993 0.141503 0.675090 0.143534 0.672383 0.147596 0.672383 0.148274 0.671480 0.150305 0.671480 0.150982 0.672383 0.150982 0.674188 0.151659 0.675090 0.152336 0.675090 0.153013 0.675993 0.155721 0.675993 0.156398 0.676895 0.157752 0.676895 0.158429 0.677798 0.159106 0.677798 0.161814 0.681408 0.161814 0.684116 0.161137 0.685018 0.162492 0.686823 0.162492 0.688628 0.163169 0.689531 0.165877 0.689531 0.167908 0.686823 0.168585 0.686823 0.169262 0.687726 0.169939 0.687726 0.170616 0.688628 0.173324 0.688628 0.174001 0.689531 0.176032 0.689531 0.176710 0.688628 0.178064 0.688628 0.176032 0.685921 0.176032 0.683213 0.176710 0.682310 0.182126 0.682310 0.182803 0.681408 0.184157 0.681408 0.183480 0.680505 0.183480 0.679603 0.182803 0.678700 0.182803 0.677798 0.182126 0.676895 0.182126 0.671480 0.182803 0.670578 0.182803 0.669675 0.183480 0.668773 0.183480 0.666065 0.184157 0.665162 0.184157 0.660650 0.185511 0.658845 0.187542 0.658845 0.188219 0.657942 0.188896 0.657942 0.189573 0.657040 0.190928 0.657040 0.191605 0.656137 0.193636 0.656137 0.194313 0.655235 0.194990 0.655235 0.194990 0.654332 0.195667 0.653430 0.199052 0.653430 0.199729 0.654332 0.199052 0.655235 0.198375 0.655235 0.197698 0.656137 0.197698 0.657040 0.197021 0.657942 0.197021 0.658845 0.195667 0.660650 0.194990 0.660650 0.194313 0.659747 0.190928 0.659747 0.190928 0.663357 0.191605 0.664260 0.191605 0.666065 0.190928 0.666968 0.190928 0.667870 0.192282 0.669675 0.194313 0.669675 0.194990 0.670578 0.194990 0.671480 0.197021 0.671480 0.197698 0.672383 0.198375 0.672383 0.200406 0.675090 0.201760 0.675090 0.202437 0.675993 0.207854 0.675993 0.209885 0.678700 0.209885 0.679603 0.207854 0.682310 0.207177 0.682310 0.206500 0.683213 0.205823 0.683213 0.204469 0.685018 0.204469 0.688628 0.203114 0.690433 0.201760 0.690433 0.201083 0.691336 0.200406 0.691336 0.200406 0.692238 0.199052 0.694043 0.198375 0.694043 0.198375 0.694946 0.197021 0.696751 0.195667 0.696751 0.194990 0.697653 0.192959 0.697653 0.192282 0.698556 0.191605 0.698556 0.190928 0.699458 0.190251 0.699458 0.189573 0.700361 0.188896 0.700361 0.188219 0.701264 0.187542 0.701264 0.186865 0.702166 0.186188 0.702166 0.185511 0.703069 0.184834 0.703069 0.184157 0.703971 0.182803 0.703971 0.182126 0.704874 0.181449 0.704874 0.180772 0.705776 0.180095 0.705776 0.178741 0.707581 0.178064 0.707581 0.176032 0.710289 0.175355 0.710289 0.174678 0.711191 0.174001 0.711191 0.173324 0.712094 0.173324 0.715704 0.174001 0.716606 0.174001 0.720217 0.174678 0.721119 0.174678 0.722924 0.175355 0.723827 0.175355 0.730144 0.176032 0.731047 0.176032 0.734657 0.177387 0.736462 0.178064 0.736462 0.178741 0.737365 0.178741 0.738267 0.178064 0.739170 0.178064 0.741877 0.177387 0.742780 0.177387 0.743682 0.176710 0.744585 0.176710 0.745487 0.176032 0.746390 0.176032 0.747292 0.175355 0.748195 0.175355 0.749097 0.174678 0.750000 0.173324 0.750000 0.171970 0.751805 0.169262 0.751805 0.168585 0.752708 0.164523 0.752708 0.163846 0.751805 0.161814 0.751805 0.161137 0.750903 0.161137 0.750000 0.161137 0.750903 0.160460 0.751805 0.159783 0.751805 0.159106 0.752708 0.157075 0.752708 0.156398 0.751805 0.155721 0.751805 0.155044 0.750903 0.154367 0.750903 0.153690 0.751805 0.152336 0.751805 0.151659 0.752708 0.148951 0.752708 0.148274 0.753610 0.147596 0.753610 0.146242 0.755415 0.145565 0.755415 0.144888 0.756318 0.144211 0.756318 0.143534 0.757220 0.142857 0.757220 0.142180 0.758123 0.142180 0.760830 0.142857 0.761733 0.142857 0.766245 0.142180 0.767148 0.142180 0.773466 0.141503 0.774368 0.141503 0.803249 0.142180 0.804152 0.142180 0.810469 0.142857 0.811372 0.142857 0.814079 0.143534 0.814982 0.143534 0.816787 0.144211 0.817690 0.144211 0.819495 0.144888 0.820397 0.144888 0.835740 0.145565 0.836643 0.145565 0.846570 0.146242 0.847473 0.146242 0.849278 0.145565 0.850181 0.145565 0.857401 0.146242 0.858303 0.146242 0.879964 0.146919 0.880866 0.146919 0.884477 0.147596 0.885379 0.147596 0.888087 0.148274 0.888989 0.148274 0.892599 0.148951 0.893502 0.148951 0.895307 0.149628 0.896209 0.149628 0.897112 0.150305 0.898014 0.150305 0.899819 0.150982 0.900722 0.150982 0.901625 0.151659 0.902527 0.151659 0.905235 0.152336 0.906137 0.152336 0.907942 0.153013 0.908845 0.153013 0.910650 0.153690 0.911552 0.153690 0.915162 0.154367 0.916065 0.154367 0.916968 0.155044 0.917870 0.155044 0.918773 0.155721 0.919675 0.155721 0.920578 0.156398 0.921480 0.156398 0.922383 0.157752 0.924188 0.157752 0.925090 0.159783 0.927798 0.160460 0.927798 0.163169 0.931408 0.163169 0.932310 0.163846 0.933213 0.163846 0.934116 0.165200 0.935921 0.165200 0.936823 0.167231 0.939531 0.167231 0.940433 0.167908 0.940433 0.169262 0.942238 0.169262 0.943141 0.177387 0.953971 0.178064 0.953971 0.181449 0.958484 0.181449 0.959386 0.182126 0.960289 0.182803 0.960289 0.184157 0.962094 0.184157 0.962996 0.184834 0.962996 0.193636 0.974729 0.193636 0.975632 0.194313 0.976534 0.194313 0.977437 0.197021 0.981047 0.197021 0.981949 0.199052 0.984657 0.199052 0.985560 0.202437 0.990072 0.202437 0.990975 0.205823 0.995487 0.206500 0.995487 0.207177 0.996390 0.208531 0.996390 0.209208 0.997292 0.210562 0.997292 0.211239 0.996390 0.225457 0.996390 0.226134 0.997292 0.229519 0.997292 0.230196 0.996390 0.235613 0.996390 0.236290 0.995487 0.250508 0.995487 0.251185 0.994585 0.251862 0.994585 0.252539 0.995487 0.294516 0.995487 0.295193 0.996390 0.302640 0.996390 0.303318 0.997292 0.303995 0.996390 0.328368 0.996390 0.329045 0.995487 0.330399 0.995487 0.331077 0.994585 0.331754 0.994585 0.332431 0.993682 0.333785 0.993682 0.334462 0.992780 0.335139 0.992780 0.335816 0.991877 0.336493 0.991877 0.338524 0.989170 0.339201 0.989170 0.341232 0.986462 0.341909 0.986462 0.343263 0.984657 0.343940 0.984657 0.345295 0.982852 0.345972 0.982852 0.346649 0.981949 0.347326 0.981949 0.348003 0.981047 0.348680 0.981047 0.349357 0.980144 0.350034 0.980144 0.350711 0.979242 0.351388 0.979242 0.352065 0.978339 0.353419 0.978339 0.354096 0.977437 0.355450 0.977437 0.356127 0.976534 0.357481 0.976534 0.358158 0.975632 0.360190 0.975632 0.361544 0.973827 0.362221 0.973827 0.366960 0.967509 0.366960 0.966606 0.368991 0.963899 0.368991 0.962996 0.371699 0.959386 0.371699 0.958484 0.372376 0.957581 0.372376 0.956679 0.373053 0.955776 0.373053 0.954874 0.373731 0.953971 0.373731 0.953069 0.374408 0.952166 0.374408 0.951264 0.375085 0.950361 0.375085 0.949458 0.375762 0.948556 0.375762 0.944946 0.376439 0.944043 0.376439 0.938628 0.377116 0.937726 0.377116 0.933213 0.377793 0.932310 0.377793 0.926895 0.378470 0.925993 0.378470 0.911552 0.379147 0.910650 0.379147 0.909747 0.379824 0.908845 0.379824 0.907942 0.380501 0.907040 0.380501 0.906137 0.381178 0.905235 0.381178 0.904332 0.381855 0.903430 0.381855 0.902527 0.382532 0.901625 0.382532 0.900722 0.383209 0.899819 0.383209 0.896209 0.382532 0.895307 0.382532 0.889892 0.381855 0.888989 0.381855 0.882671 0.381178 0.881769 0.381178 0.877256 0.380501 0.876354 0.380501 0.874549 0.379147 0.872744 0.379147 0.869134 0.379824 0.868231 0.381178 0.870036 0.381178 0.870939 0.382532 0.872744 0.383209 0.872744 0.383209 0.871841 0.383886 0.870939 0.383886 0.870036 0.384563 0.869134 0.384563 0.868231 0.385240 0.867329 0.385240 0.866426 0.385917 0.865523 0.385917 0.864621 0.386594 0.863718 0.386594 0.862816 0.389303 0.859206 0.389980 0.859206 0.389980 0.858303 0.390657 0.857401 0.390657 0.856498 0.392011 0.854693 0.392011 0.853791 0.394042 0.851083 0.394042 0.850181 0.396073 0.847473 0.396750 0.847473 0.397427 0.846570 0.397427 0.845668 0.398104 0.844765 0.398104 0.843863 0.398781 0.842960 0.398781 0.842058 0.400812 0.839350 0.400812 0.838448 0.401490 0.837545 0.401490 0.835740 0.404198 0.832130 0.404198 0.830325 0.404875 0.829422 0.404875 0.826715 0.405552 0.825812 0.405552 0.824910 0.406229 0.824007 0.406229 0.823105 0.407583 0.821300 0.407583 0.818592 0.408260 0.817690 0.408260 0.815884 0.408937 0.814982 0.408937 0.813177 0.409614 0.812274 0.409614 0.810469 0.410291 0.809567 0.410291 0.808664 0.410968 0.807762 0.410968 0.804152 0.411645 0.803249 0.411645 0.796931 0.412322 0.796029 0.412322 0.776173 0.411645 0.775271 0.411645 0.771661 0.410968 0.770758 0.410968 0.769856 0.410291 0.769856 0.409614 0.768953 0.409614 0.768051 0.408937 0.767148 0.408937 0.766245 0.408260 0.765343 0.408260 0.764440 0.407583 0.763538 0.406229 0.763538 0.404875 0.761733 0.404875 0.759025 0.405552 0.758123 0.406229 0.758123 0.406906 0.757220 0.408937 0.757220 0.409614 0.758123 0.417739 0.758123 0.418416 0.757220 0.419093 0.757220 0.419770 0.756318 0.420447 0.756318 0.421124 0.755415 0.422478 0.755415 0.423155 0.754513 0.424509 0.754513 0.425186 0.753610 0.425863 0.753610 0.426540 0.752708 0.427894 0.752708 0.428571 0.751805 0.429248 0.751805 0.429926 0.750903 0.430603 0.750903 0.431280 0.750000 0.431957 0.750000 0.432634 0.749097 0.433311 0.749097 0.433988 0.748195 0.434665 0.748195 0.439404 0.741877 0.440081 0.741877 0.444821 0.735560 0.445498 0.735560 0.446852 0.733755 0.447529 0.733755 0.450914 0.729242 0.451591 0.729242 0.452268 0.728339 0.452945 0.728339 0.455653 0.724729 0.455653 0.723827 0.456330 0.722924 0.458362 0.722924 0.459039 0.723827 0.461747 0.723827 0.462424 0.724729 0.465809 0.724729 0.466486 0.725632 0.473257 0.725632 0.473934 0.724729 0.474611 0.724729 0.475288 0.723827 0.475965 0.723827 0.476642 0.722924 0.477319 0.722924 0.477319 0.722022 0.479350 0.719314 0.479350 0.718412 0.480027 0.717509 0.480027 0.716606 0.480704 0.715704 0.480704 0.712996 0.481381 0.712094 0.481381 0.710289 0.482058 0.709386 0.482058 0.700361 0.482735 0.699458 0.482058 0.698556 0.482058 0.690433 0.481381 0.689531 0.481381 0.687726 0.480704 0.686823 0.480704 0.685921 0.480027 0.685018 0.480027 0.684116 0.478673 0.682310 0.478673 0.681408 0.477319 0.679603 0.477319 0.678700 0.476642 0.678700 0.475965 0.677798 0.475288 0.677798 0.474611 0.676895 0.473934 0.676895 0.473257 0.675993 0.464455 0.675993 0.463778 0.675090 0.462424 0.675090 0.461747 0.675993 0.458362 0.675993 0.457684 0.676895 0.454976 0.676895 0.454299 0.677798 0.450914 0.677798 0.450237 0.678700 0.448883 0.678700 0.446852 0.681408 0.446175 0.681408 0.442112 0.686823 0.441435 0.686823 0.440758 0.687726 0.440081 0.687726 0.439404 0.688628 0.431957 0.688628 0.431280 0.687726 0.430603 0.687726 0.429926 0.686823 0.429248 0.686823 0.427894 0.685018 0.427217 0.685018 0.425186 0.682310 0.425186 0.681408 0.424509 0.680505 0.424509 0.678700 0.423832 0.677798 0.423832 0.674188 0.423155 0.673285 0.423155 0.670578 0.422478 0.669675 0.422478 0.667870 0.421801 0.666968 0.421801 0.665162 0.421124 0.664260 0.421124 0.663357 0.419770 0.661552 0.419770 0.660650 0.418416 0.658845 0.418416 0.657942 0.412322 0.649819 0.411645 0.649819 0.408937 0.646209 0.408260 0.646209 0.401490 0.637184 0.401490 0.636282 0.395396 0.628159 0.395396 0.627256 0.394042 0.625451 0.394042 0.623646 0.393365 0.622744 0.393365 0.621841 0.392688 0.620939 0.392688 0.620036 0.391334 0.618231 0.391334 0.617329 0.389980 0.615523 0.389980 0.614621 0.389303 0.613718 0.388626 0.613718 0.387949 0.612816 0.387271 0.612816 0.386594 0.611913 0.386594 0.608303 0.387271 0.607401 0.387271 0.605596 0.386594 0.604693 0.385240 0.604693 0.384563 0.605596 0.384563 0.606498 0.383886 0.607401 0.383209 0.607401 0.382532 0.606498 0.379824 0.606498 0.379147 0.605596 0.379147 0.601986 0.378470 0.601083 0.378470 0.600181 0.377793 0.599278 0.377793 0.597473 0.378470 0.596570 0.379824 0.596570 0.379824 0.594765 0.377793 0.594765 0.376439 0.592960 0.376439 0.592058 0.375085 0.592058 0.374408 0.591155 0.372376 0.591155 0.371699 0.592058 0.370345 0.592058 0.369668 0.592960 0.366960 0.592960 0.366283 0.592058 0.364929 0.592058 0.364252 0.591155 0.362898 0.591155 0.362221 0.590253 0.360867 0.590253 0.360190 0.589350 0.359513 0.589350 0.358835 0.588448 0.353419 0.588448 0.352742 0.587545 0.348003 0.587545 0.347326 0.586643 0.340555 0.586643 0.339878 0.587545 0.335139 0.587545 0.333785 0.585740 0.333785 0.583935 0.333108 0.583032 0.333108 0.581227 0.332431 0.580325 0.332431 0.577617 0.331754 0.576715 0.331754 0.574910 0.331077 0.574007 0.331077 0.573105 0.331754 0.572202 0.331754 0.570397 0.332431 0.569495 0.332431 0.568592 0.333108 0.567690 0.333108 0.566787 0.333785 0.565884 0.333785 0.564982 0.337170 0.560469 0.337170 0.559567 0.339201 0.556859 0.339878 0.556859 0.339878 0.555957 0.343263 0.551444 0.343263 0.550542 0.345295 0.547834 0.345295 0.546931 0.345972 0.546029 0.345972 0.545126 0.346649 0.544224 0.346649 0.543321 0.347326 0.542419 0.347326 0.540614 0.348003 0.539711 0.348003 0.537906 0.348680 0.537004 0.348680 0.536101 0.349357 0.535199 0.349357 0.534296 0.350034 0.533394 0.350034 0.532491 0.350711 0.531588 0.350711 0.530686 0.351388 0.529783 0.351388 0.527076 0.352065 0.526173 0.352065 0.524368 0.352742 0.523466 0.352742 0.522563 0.353419 0.521661 0.353419 0.519856 0.354096 0.518953 0.354096 0.514440 0.354773 0.513538 0.354773 0.508123 0.355450 0.507220 0.355450 0.505415 0.356127 0.504513 0.356127 0.500000 0.356804 0.499097 0.356804 0.496390 0.357481 0.495487 0.357481 0.493682 0.358835 0.491877 0.358835 0.484657 0.358158 0.483755 0.358835 0.482852 0.358835 0.481047 0.360867 0.478339 0.360867 0.477437 0.362221 0.475632 0.362898 0.475632 0.363575 0.474729 0.364929 0.474729 0.365606 0.473827 0.366283 0.473827 0.366960 0.474729 0.368314 0.474729 0.368991 0.475632 0.369668 0.475632 0.370345 0.476534 0.371022 0.476534 0.374408 0.481047 0.375085 0.481047 0.375762 0.481949 0.377116 0.481949 0.377793 0.481047 0.377116 0.480144 0.377116 0.479242 0.376439 0.478339 0.376439 0.477437 0.375762 0.476534 0.375762 0.472924 0.375085 0.472022 0.375085 0.461191 0.374408 0.460289 0.374408 0.456679 0.373731 0.455776 0.373731 0.453971 0.373053 0.453069 0.373053 0.444946 0.373731 0.444043 0.373731 0.433213 0.374408 0.432310 0.374408 0.416968 0.373731 0.416065 0.373731 0.410650 0.373053 0.409747 0.373053 0.406137 0.372376 0.405235 0.372376 0.402527 0.371699 0.401625 0.371699 0.399819 0.371022 0.398917 0.371022 0.397112 0.370345 0.396209 0.370345 0.394404 0.369668 0.393502 0.369668 0.391697 0.368991 0.390794 0.368991 0.389892 0.368314 0.388989 0.368314 0.388087 0.367637 0.387184 0.367637 0.385379 0.366960 0.384477 0.366960 0.383574 0.366283 0.382671 0.366283 0.381769 0.365606 0.380866 0.365606 0.379964 0.364929 0.379061 0.364929 0.378159 0.364252 0.377256 0.364252 0.376354 0.363575 0.375451 0.363575 0.374549 0.362898 0.373646 0.362898 0.372744 0.362221 0.371841 0.362221 0.370939 0.360190 0.368231 0.360190 0.367329 0.357481 0.363718 0.357481 0.362816 0.356127 0.361011 0.356127 0.360108 0.355450 0.359206 0.355450 0.358303 0.354773 0.358303 0.353419 0.356498 0.353419 0.355596 0.351388 0.352888 0.351388 0.351986 0.350711 0.351986 0.347326 0.347473 0.346649 0.347473 0.344617 0.344765 0.343940 0.344765 0.343263 0.343863 0.342586 0.343863 0.341232 0.342058 0.340555 0.342058 0.339878 0.341155 0.339201 0.341155 0.338524 0.340253 0.337847 0.340253 0.336493 0.338448 0.335816 0.338448 0.335139 0.337545 0.333785 0.337545 0.333108 0.336643 0.331754 0.336643 0.331077 0.335740 0.329722 0.335740 0.329045 0.334838 0.326337 0.334838 0.325660 0.333935 0.322952 0.333935 0.322275 0.333032 0.316858 0.333032 0.316181 0.332130
1 0.300609 0.331227 0.299932 0.332130 0.296547 0.332130 0.295870 0.333032 0.293839 0.333032 0.293162 0.333935 0.291131 0.333935 0.290454 0.334838 0.289100 0.334838 0.288422 0.335740 0.286391 0.335740 0.285714 0.336643 0.284360 0.336643 0.283683 0.337545 0.283006 0.337545 0.282329 0.338448 0.281652 0.338448 0.280975 0.339350 0.279621 0.339350 0.278944 0.340253 0.278267 0.340253 0.277590 0.341155 0.276913 0.341155 0.276236 0.342058 0.275559 0.342058 0.274882 0.342960 0.274204 0.342960 0.273527 0.343863 0.272173 0.343863 0.271496 0.344765 0.270142 0.344765 0.269465 0.345668 0.268788 0.345668 0.268111 0.346570 0.267434 0.346570 0.266757 0.347473 0.266080 0.347473 0.264049 0.350181 0.263372 0.350181 0.258632 0.356498 0.257955 0.356498 0.255247 0.360108 0.254570 0.360108 0.253216 0.361913 0.253216 0.362816 0.250508 0.366426 0.250508 0.367329 0.247800 0.370939 0.247800 0.371841 0.246445 0.373646 0.246445 0.374549 0.243060 0.379061 0.243060 0.379964 0.241706 0.381769 0.241706 0.382671 0.239675 0.385379 0.239675 0.386282 0.238321 0.388087 0.238321 0.388989 0.236967 0.390794 0.236967 0.391697 0.236290 0.392599 0.236290 0.393502 0.234259 0.396209 0.232905 0.396209 0.232227 0.397112 0.230196 0.397112 0.228842 0.398917 0.228165 0.398917 0.228165 0.399819 0.224103 0.405235 0.223426 0.405235 0.222072 0.407040 0.221395 0.407040 0.220041 0.408845 0.220041 0.409747 0.219364 0.410650 0.219364 0.414260 0.220041 0.415162 0.220041 0.416065 0.220718 0.416968 0.220718 0.417870 0.224103 0.422383 0.224780 0.422383 0.226134 0.424188 0.226811 0.424188 0.228165 0.425993 0.228842 0.425993 0.229519 0.426895 0.230196 0.426895 0.231550 0.428700 0.232227 0.428700 0.233582 0.430505 0.234259 0.430505 0.236290 0.433213 0.236967 0.433213 0.237644 0.434116 0.238321 0.434116 0.238998 0.435018 0.239675 0.435018 0.240352 0.435921 0.241706 0.435921 0.242383 0.436823 0.243737 0.436823 0.244414 0.437726 0.245768 0.437726 0.247123 0.439531 0.248477 0.439531 0.249154 0.440433 0.250508 0.440433 0.251185 0.441336 0.251862 0.441336 0.252539 0.442238 0.253216 0.442238 0.253893 0.443141 0.254570 0.443141 0.255247 0.444043 0.256601 0.444043 0.257955 0.445848 0.258632 0.445848 0.259309 0.446751 0.259986 0.446751 0.260664 0.447653 0.261341 0.447653 0.262018 0.448556 0.262695 0.448556 0.263372 0.449458 0.264049 0.449458 0.264726 0.450361 0.265403 0.450361 0.266080 0.451264 0.268111 0.451264 0.268788 0.452166 0.269465 0.452166 0.270142 0.453069 0.271496 0.453069 0.272173 0.453971 0.273527 0.453971 0.274204 0.454874 0.276236 0.454874 0.276913 0.455776 0.277590 0.455776 0.278267 0.456679 0.278944 0.456679 0.279621 0.457581 0.281652 0.457581 0.282329 0.458484 0.283683 0.458484 0.284360 0.459386 0.285037 0.459386 0.285714 0.460289 0.287068 0.460289 0.287745 0.461191 0.289777 0.461191 0.290454 0.462094 0.292485 0.462094 0.293162 0.462996 0.293839 0.462996 0.294516 0.463899 0.296547 0.463899 0.297224 0.464801 0.299932 0.464801 0.300609 0.465704 0.302640 0.465704 0.303318 0.466606 0.303995 0.466606 0.304672 0.467509 0.306703 0.467509 0.307380 0.468412 0.309411 0.468412 0.310088 0.469314 0.312119 0.469314 0.312796 0.470217 0.314150 0.470217 0.314827 0.471119 0.320244 0.471119 0.320921 0.470217 0.322275 0.470217 0.322952 0.469314 0.325660 0.469314 0.326337 0.468412 0.328368 0.468412 0.329045 0.467509 0.330399 0.467509 0.331754 0.465704 0.333785 0.465704 0.334462 0.464801 0.335816 0.464801 0.336493 0.463899 0.339201 0.463899 0.339878 0.462996 0.343263 0.462996 0.343940 0.462094 0.345972 0.462094 0.346649 0.462996 0.349357 0.462996 0.350034 0.463899 0.351388 0.463899 0.352065 0.464801 0.353419 0.464801 0.354096 0.465704 0.354773 0.465704 0.355450 0.466606 0.356804 0.466606 0.357481 0.467509 0.358835 0.467509 0.359513 0.468412 0.361544 0.468412 0.362221 0.469314 0.362898 0.469314 0.364252 0.471119 0.364929 0.471119 0.366960 0.473827 0.367637 0.473827 0.373053 0.481047 0.373731 0.481047 0.374408 0.481949 0.375085 0.481949 0.376439 0.483755 0.377793 0.483755 0.378470 0.484657 0.382532 0.484657 0.382532 0.483755 0.381855 0.483755 0.376439 0.476534 0.376439 0.475632 0.375762 0.474729 0.375762 0.472924 0.375085 0.472022 0.375085 0.457581 0.374408 0.456679 0.374408 0.454874 0.373731 0.453971 0.373731 0.438628 0.374408 0.437726 0.374408 0.414260 0.373731 0.413357 0.373731 0.407040 0.373053 0.406137 0.373053 0.403430 0.372376 0.402527 0.372376 0.400722 0.371699 0.399819 0.371699 0.397112 0.371022 0.396209 0.371022 0.395307 0.370345 0.394404 0.370345 0.392599 0.369668 0.391697 0.369668 0.389892 0.368991 0.388989 0.368991 0.388087 0.368314 0.387184 0.368314 0.386282 0.367637 0.385379 0.367637 0.384477 0.366960 0.383574 0.366960 0.382671 0.366283 0.381769 0.366283 0.379964 0.365606 0.379061 0.365606 0.378159 0.364929 0.377256 0.364929 0.376354 0.364252 0.375451 0.364252 0.374549 0.363575 0.373646 0.363575 0.372744 0.362898 0.371841 0.362898 0.370939 0.360867 0.368231 0.360867 0.367329 0.358835 0.364621 0.358835 0.363718 0.356804 0.361011 0.356804 0.360108 0.355450 0.358303 0.355450 0.357401 0.352742 0.353791 0.352742 0.352888 0.351388 0.351083 0.350711 0.351083 0.348003 0.347473 0.347326 0.347473 0.345295 0.344765 0.344617 0.344765 0.343940 0.343863 0.343263 0.343863 0.341909 0.342058 0.341232 0.342058 0.339878 0.340253 0.339201 0.340253 0.338524 0.339350 0.337847 0.339350 0.336493 0.337545 0.335139 0.337545 0.334462 0.336643 0.333108 0.336643 0.332431 0.335740 0.331754 0.335740 0.331077 0.334838 0.329045 0.334838 0.328368 0.333935 0.325660 0.333935 0.324983 0.333032 0.322275 0.333032 0.321598 0.332130 0.312796 0.332130 0.312119 0.331227
2 0.390657 0.757220 0.389980 0.758123 0.389980 0.759025 0.389303 0.759928 0.389303 0.777978 0.388626 0.778881 0.388626 0.782491 0.387949 0.783394 0.387949 0.785199 0.387271 0.786101 0.387271 0.787004 0.386594 0.787906 0.386594 0.798736 0.387271 0.799639 0.387271 0.814079 0.386594 0.814982 0.386594 0.816787 0.385917 0.817690 0.385917 0.819495 0.385240 0.820397 0.385240 0.822202 0.384563 0.823105 0.384563 0.825812 0.383886 0.826715 0.383886 0.830325 0.383209 0.831227 0.383209 0.833032 0.382532 0.833935 0.382532 0.834838 0.381855 0.835740 0.381855 0.836643 0.381178 0.837545 0.381178 0.839350 0.380501 0.840253 0.380501 0.841155 0.379824 0.842058 0.379824 0.844765 0.379147 0.845668 0.379147 0.848375 0.379824 0.849278 0.379824 0.866426 0.380501 0.867329 0.380501 0.872744 0.381178 0.873646 0.381178 0.875451 0.381855 0.876354 0.381855 0.877256 0.382532 0.878159 0.382532 0.879061 0.383209 0.879964 0.383209 0.880866 0.385917 0.877256 0.385917 0.876354 0.386594 0.875451 0.386594 0.874549 0.387271 0.873646 0.387271 0.872744 0.387949 0.871841 0.387949 0.870939 0.389303 0.869134 0.389303 0.868231 0.390657 0.866426 0.390657 0.865523 0.391334 0.864621 0.391334 0.863718 0.392011 0.862816 0.392011 0.861913 0.393365 0.860108 0.393365 0.859206 0.394042 0.858303 0.394042 0.857401 0.396073 0.854693 0.396073 0.853791 0.397427 0.851986 0.397427 0.851083 0.398104 0.850181 0.398104 0.849278 0.399458 0.847473 0.399458 0.846570 0.402167 0.842960 0.402167 0.842058 0.403521 0.840253 0.403521 0.839350 0.404198 0.838448 0.404198 0.837545 0.404875 0.836643 0.404875 0.835740 0.405552 0.834838 0.405552 0.833032 0.406906 0.831227 0.406906 0.830325 0.407583 0.829422 0.407583 0.827617 0.408260 0.826715 0.408260 0.824910 0.408937 0.824007 0.408937 0.822202 0.409614 0.821300 0.409614 0.819495 0.410291 0.818592 0.410291 0.816787 0.410968 0.815884 0.410968 0.814982 0.411645 0.814079 0.411645 0.811372 0.412322 0.810469 0.412322 0.807762 0.412999 0.806859 0.412999 0.804152 0.413676 0.803249 0.413676 0.801444 0.414353 0.800542 0.414353 0.792419 0.415030 0.791516 0.415030 0.786101 0.414353 0.785199 0.414353 0.777076 0.413676 0.776173 0.413676 0.773466 0.412999 0.772563 0.412999 0.771661 0.412322 0.770758 0.412322 0.768953 0.411645 0.768051 0.411645 0.767148 0.410291 0.765343 0.410291 0.764440 0.408260 0.761733 0.407583 0.761733 0.406906 0.760830 0.405552 0.760830 0.404875 0.759928 0.402167 0.759928 0.401490 0.759025 0.399458 0.759025 0.398781 0.758123 0.394719 0.758123 0.394042 0.757220
3 0.140149 0.757220 0.139472 0.758123 0.136764 0.758123 0.136764 0.759025 0.135410 0.760830 0.134733 0.760830 0.134056 0.761733 0.133378 0.761733 0.133378 0.762635 0.132701 0.763538 0.132701 0.764440 0.129993 0.768051 0.129993 0.768953 0.129316 0.769856 0.129316 0.770758 0.128639 0.771661 0.128639 0.772563 0.127962 0.773466 0.127962 0.774368 0.126608 0.776173 0.126608 0.777076 0.125931 0.777978 0.125931 0.779783 0.125254 0.780686 0.125254 0.781588 0.124577 0.782491 0.124577 0.784296 0.123900 0.785199 0.123900 0.787004 0.123223 0.787906 0.123223 0.788809 0.122546 0.789711 0.122546 0.791516 0.121869 0.792419 0.121869 0.793321 0.121192 0.794224 0.121192 0.795126 0.117806 0.799639 0.117129 0.799639 0.116452 0.800542 0.115775 0.800542 0.115098 0.801444 0.114421 0.801444 0.113744 0.802347 0.112390 0.802347 0.111713 0.803249 0.111036 0.803249 0.107651 0.807762 0.106974 0.807762 0.106297 0.808664 0.105619 0.808664 0.104942 0.809567 0.104265 0.809567 0.102234 0.812274 0.102234 0.813177 0.101557 0.814079 0.101557 0.816787 0.102234 0.817690 0.102234 0.820397 0.102911 0.821300 0.102911 0.822202 0.103588 0.823105 0.103588 0.825812 0.104265 0.826715 0.104265 0.829422 0.104942 0.830325 0.104942 0.833935 0.105619 0.834838 0.105619 0.839350 0.106297 0.840253 0.106297 0.841155 0.106974 0.842058 0.106974 0.842960 0.108328 0.844765 0.109682 0.844765 0.110359 0.843863 0.111036 0.843863 0.111713 0.842960 0.112390 0.842960 0.113067 0.842058 0.113744 0.842058 0.115098 0.840253 0.115775 0.840253 0.117806 0.837545 0.118483 0.837545 0.120515 0.834838 0.121192 0.834838 0.123223 0.832130 0.123900 0.832130 0.125254 0.830325 0.125931 0.830325 0.127285 0.828520 0.128639 0.828520 0.129316 0.827617 0.129993 0.827617 0.132024 0.824910 0.132701 0.824910 0.134056 0.823105 0.134733 0.823105 0.136764 0.820397 0.137441 0.820397 0.140826 0.815884 0.140826 0.814982 0.141503 0.814079 0.141503 0.811372 0.142180 0.810469 0.142180 0.807762 0.141503 0.806859 0.141503 0.770758 0.140826 0.769856 0.140826 0.759025 0.140149 0.758123
3 0.190251 0.569495 0.189573 0.570397 0.187542 0.570397 0.186865 0.571300 0.186188 0.571300 0.185511 0.572202 0.184834 0.572202 0.182126 0.575812 0.181449 0.575812 0.172647 0.587545 0.171970 0.587545 0.171293 0.588448 0.171293 0.589350 0.168585 0.592960 0.168585 0.593863 0.167231 0.595668 0.167231 0.596570 0.166554 0.597473 0.166554 0.598375 0.165877 0.599278 0.165877 0.600181 0.164523 0.601986 0.164523 0.602888 0.163169 0.604693 0.163169 0.606498 0.162492 0.607401 0.162492 0.608303 0.161814 0.609206 0.161814 0.610108 0.161137 0.611011 0.161137 0.612816 0.160460 0.613718 0.160460 0.615523 0.159783 0.616426 0.159783 0.617329 0.159106 0.618231 0.159106 0.620036 0.157752 0.621841 0.157752 0.623646 0.157075 0.624549 0.157075 0.625451 0.156398 0.626354 0.156398 0.628159 0.155721 0.629061 0.155721 0.630866 0.155044 0.631769 0.155044 0.634477 0.154367 0.635379 0.154367 0.637184 0.153690 0.638087 0.153690 0.640794 0.153013 0.641697 0.153013 0.644404 0.152336 0.645307 0.152336 0.649819 0.151659 0.650722 0.151659 0.654332 0.150982 0.655235 0.150982 0.661552 0.150305 0.662455 0.150305 0.665162 0.149628 0.666065 0.149628 0.667870 0.148951 0.668773 0.148951 0.669675 0.146919 0.672383 0.144888 0.672383 0.144211 0.673285 0.141503 0.673285 0.140826 0.674188 0.139472 0.674188 0.138795 0.675090 0.138118 0.675090 0.136764 0.676895 0.136764 0.682310 0.136087 0.683213 0.136087 0.684116 0.134056 0.686823 0.132024 0.686823 0.131347 0.687726 0.128639 0.687726 0.127962 0.688628 0.123900 0.688628 0.123223 0.689531 0.122546 0.689531 0.122546 0.690433 0.121869 0.691336 0.121869 0.694043 0.121192 0.694946 0.121192 0.703069 0.121869 0.703971 0.121869 0.706679 0.122546 0.707581 0.122546 0.710289 0.123223 0.711191 0.123223 0.712996 0.123900 0.713899 0.123900 0.714801 0.124577 0.715704 0.124577 0.717509 0.125254 0.718412 0.125254 0.720217 0.124577 0.721119 0.123900 0.721119 0.121869 0.723827 0.121869 0.724729 0.120515 0.726534 0.120515 0.727437 0.119838 0.728339 0.119838 0.731047 0.120515 0.731949 0.120515 0.734657 0.121192 0.735560 0.121192 0.738267 0.121869 0.739170 0.121869 0.740975 0.123900 0.743682 0.124577 0.743682 0.125254 0.744585 0.127285 0.744585 0.127962 0.745487 0.128639 0.745487 0.129316 0.746390 0.129993 0.746390 0.130670 0.747292 0.131347 0.747292 0.132024 0.748195 0.132701 0.748195 0.133378 0.749097 0.134733 0.749097 0.136764 0.751805 0.138118 0.751805 0.138795 0.752708 0.140149 0.752708 0.140826 0.753610 0.146919 0.753610 0.147596 0.752708 0.154367 0.752708 0.155044 0.753610 0.155721 0.753610 0.157752 0.756318 0.158429 0.756318 0.159106 0.757220 0.159106 0.758123 0.160460 0.759928 0.160460 0.760830 0.161137 0.761733 0.162492 0.761733 0.164523 0.764440 0.164523 0.765343 0.162492 0.768051 0.162492 0.771661 0.163169 0.772563 0.163169 0.774368 0.165200 0.777076 0.165200 0.778881 0.165877 0.779783 0.165877 0.781588 0.166554 0.782491 0.166554 0.784296 0.167231 0.785199 0.167231 0.787004 0.168585 0.788809 0.168585 0.789711 0.170616 0.792419 0.170616 0.793321 0.171970 0.795126 0.171970 0.796029 0.172647 0.796931 0.172647 0.797834 0.173324 0.798736 0.173324 0.800542 0.174678 0.802347 0.174678 0.803249 0.176032 0.805054 0.176032 0.805957 0.176710 0.806859 0.176710 0.807762 0.177387 0.808664 0.177387 0.809567 0.178064 0.810469 0.178064 0.811372 0.178741 0.812274 0.178741 0.813177 0.180772 0.815884 0.180772 0.816787 0.185511 0.823105 0.185511 0.824007 0.187542 0.826715 0.187542 0.827617 0.190251 0.831227 0.190251 0.832130 0.194313 0.837545 0.194313 0.838448 0.197021 0.842058 0.197698 0.842058 0.199052 0.843863 0.199729 0.843863 0.202437 0.847473 0.203114 0.847473 0.205146 0.850181 0.205823 0.850181 0.209885 0.855596 0.210562 0.855596 0.214624 0.861011 0.215301 0.861011 0.220041 0.867329 0.220718 0.867329 0.222749 0.870036 0.223426 0.870036 0.226134 0.873646 0.226811 0.873646 0.229519 0.877256 0.230196 0.877256 0.233582 0.881769 0.234259 0.881769 0.235613 0.883574 0.236290 0.883574 0.236967 0.884477 0.237644 0.884477 0.238321 0.885379 0.238998 0.885379 0.241029 0.888087 0.241706 0.888087 0.243737 0.890794 0.244414 0.890794 0.247123 0.894404 0.247800 0.894404 0.248477 0.895307 0.249154 0.895307 0.250508 0.897112 0.251185 0.897112 0.252539 0.898917 0.253216 0.898917 0.254570 0.900722 0.255247 0.900722 0.256601 0.902527 0.257278 0.902527 0.257955 0.903430 0.258632 0.903430 0.259986 0.905235 0.260664 0.905235 0.261341 0.906137 0.262695 0.906137 0.264049 0.907942 0.264726 0.907942 0.265403 0.908845 0.266080 0.908845 0.266757 0.909747 0.267434 0.909747 0.268111 0.910650 0.268788 0.910650 0.269465 0.911552 0.270142 0.911552 0.270819 0.912455 0.272850 0.912455 0.273527 0.913357 0.274882 0.913357 0.275559 0.914260 0.277590 0.914260 0.278267 0.915162 0.280975 0.915162 0.281652 0.916065 0.287745 0.916065 0.288422 0.916968 0.294516 0.916968 0.295193 0.917870 0.306703 0.917870 0.307380 0.916968 0.310088 0.916968 0.310765 0.916065 0.313473 0.916065 0.314150 0.915162 0.316181 0.915162 0.316858 0.914260 0.317536 0.914260 0.318213 0.913357 0.319567 0.913357 0.320244 0.912455 0.322275 0.912455 0.322952 0.911552 0.324306 0.911552 0.324983 0.910650 0.325660 0.910650 0.326337 0.909747 0.327014 0.909747 0.327691 0.908845 0.329045 0.908845 0.329722 0.907942 0.330399 0.907942 0.331077 0.907040 0.332431 0.907040 0.333108 0.906137 0.334462 0.906137 0.335139 0.905235 0.335816 0.905235 0.336493 0.904332 0.337170 0.904332 0.337847 0.903430 0.338524 0.903430 0.354096 0.882671 0.354096 0.881769 0.354773 0.880866 0.354773 0.879061 0.355450 0.878159 0.355450 0.876354 0.356127 0.875451 0.356127 0.865523 0.355450 0.864621 0.355450 0.862816 0.354773 0.861913 0.353419 0.861913 0.352742 0.861011 0.351388 0.861011 0.350711 0.861913 0.348003 0.861913 0.347326 0.862816 0.346649 0.862816 0.345972 0.863718 0.345295 0.863718 0.344617 0.864621 0.343940 0.864621 0.343263 0.865523 0.343263 0.866426 0.342586 0.867329 0.342586 0.868231 0.341909 0.869134 0.341909 0.870036 0.341232 0.870939 0.341232 0.871841 0.340555 0.872744 0.340555 0.873646 0.339201 0.875451 0.339201 0.876354 0.337847 0.878159 0.337170 0.878159 0.335139 0.880866 0.334462 0.880866 0.333108 0.882671 0.332431 0.882671 0.331754 0.883574 0.331077 0.883574 0.329722 0.885379 0.329045 0.885379 0.328368 0.886282 0.327691 0.886282 0.327014 0.887184 0.326337 0.887184 0.325660 0.888087 0.324306 0.888087 0.323629 0.888989 0.322952 0.888989 0.322275 0.889892 0.321598 0.889892 0.320921 0.890794 0.319567 0.890794 0.318890 0.891697 0.318213 0.891697 0.317536 0.892599 0.316858 0.892599 0.316181 0.893502 0.314827 0.893502 0.314150 0.894404 0.312796 0.894404 0.312119 0.895307 0.310088 0.895307 0.309411 0.896209 0.307380 0.896209 0.306703 0.897112 0.301963 0.897112 0.301286 0.896209 0.293839 0.896209 0.293162 0.895307 0.289777 0.895307 0.289100 0.894404 0.287745 0.894404 0.287068 0.893502 0.286391 0.893502 0.285714 0.892599 0.284360 0.892599 0.283683 0.891697 0.282329 0.891697 0.281652 0.890794 0.280975 0.890794 0.279621 0.888989 0.278944 0.888989 0.278267 0.888087 0.276913 0.888087 0.276236 0.887184 0.275559 0.887184 0.274882 0.886282 0.274204 0.886282 0.273527 0.885379 0.272850 0.885379 0.272173 0.884477 0.271496 0.884477 0.266757 0.878159 0.266080 0.878159 0.259986 0.870036 0.259986 0.869134 0.251862 0.858303 0.251185 0.858303 0.249831 0.856498 0.249154 0.856498 0.248477 0.855596 0.247800 0.855596 0.246445 0.853791 0.245768 0.853791 0.243737 0.851083 0.243060 0.851083 0.242383 0.850181 0.241706 0.850181 0.238998 0.846570 0.238321 0.846570 0.235613 0.842960 0.234936 0.842960 0.229519 0.835740 0.228842 0.835740 0.226134 0.832130 0.225457 0.832130 0.220718 0.825812 0.220041 0.825812 0.218687 0.824007 0.218687 0.823105 0.218009 0.823105 0.217332 0.822202 0.216655 0.822202 0.213947 0.818592 0.213270 0.818592 0.210562 0.814982 0.209885 0.814982 0.208531 0.813177 0.208531 0.812274 0.207177 0.810469 0.206500 0.810469 0.202437 0.805054 0.201083 0.805054 0.200406 0.804152 0.199052 0.804152 0.194990 0.798736 0.194990 0.797834 0.193636 0.796029 0.192959 0.796029 0.190251 0.792419 0.190251 0.791516 0.186865 0.787004 0.186188 0.787004 0.182126 0.781588 0.181449 0.781588 0.180772 0.780686 0.179418 0.780686 0.178741 0.779783 0.178064 0.779783 0.176710 0.777978 0.176032 0.777978 0.175355 0.777076 0.174678 0.777076 0.172647 0.774368 0.171970 0.774368 0.169939 0.771661 0.169939 0.770758 0.167908 0.768051 0.167231 0.768051 0.166554 0.767148 0.165877 0.767148 0.164523 0.765343 0.164523 0.761733 0.165200 0.760830 0.165200 0.759928 0.167908 0.756318 0.168585 0.756318 0.170616 0.753610 0.171293 0.753610 0.172647 0.751805 0.173324 0.751805 0.176032 0.748195 0.176032 0.747292 0.176710 0.746390 0.176710 0.744585 0.177387 0.743682 0.177387 0.735560 0.176710 0.734657 0.176710 0.732852 0.176032 0.731949 0.176032 0.730144 0.175355 0.729242 0.175355 0.725632 0.174678 0.724729 0.174678 0.722924 0.174001 0.722022 0.174001 0.719314 0.173324 0.718412 0.173324 0.712996 0.174678 0.711191 0.175355 0.711191 0.176032 0.710289 0.176710 0.710289 0.177387 0.709386 0.178064 0.709386 0.178741 0.708484 0.179418 0.708484 0.180095 0.707581 0.180772 0.707581 0.181449 0.706679 0.182126 0.706679 0.183480 0.704874 0.184834 0.704874 0.185511 0.703971 0.186188 0.703971 0.186865 0.703069 0.187542 0.703069 0.188896 0.701264 0.190251 0.701264 0.190928 0.700361 0.191605 0.700361 0.192282 0.699458 0.192959 0.699458 0.193636 0.698556 0.194990 0.698556 0.195667 0.697653 0.197021 0.697653 0.197698 0.696751 0.198375 0.696751 0.199052 0.695848 0.199729 0.695848 0.200406 0.694946 0.201083 0.694946 0.202437 0.693141 0.203114 0.693141 0.203791 0.692238 0.204469 0.692238 0.205146 0.691336 0.205823 0.691336 0.206500 0.690433 0.207177 0.690433 0.207854 0.689531 0.208531 0.689531 0.209885 0.687726 0.211239 0.687726 0.211916 0.686823 0.212593 0.686823 0.213270 0.685921 0.213947 0.685921 0.214624 0.685018 0.215301 0.685018 0.215978 0.684116 0.216655 0.684116 0.217332 0.683213 0.218009 0.683213 0.218687 0.682310 0.219364 0.682310 0.220718 0.680505 0.222072 0.680505 0.222749 0.679603 0.223426 0.679603 0.224103 0.678700 0.224780 0.678700 0.226134 0.676895 0.226811 0.676895 0.227488 0.675993 0.228165 0.675993 0.230196 0.673285 0.230873 0.673285 0.231550 0.672383 0.232227 0.672383 0.233582 0.670578 0.234259 0.670578 0.234936 0.669675 0.236290 0.669675 0.236967 0.668773 0.238321 0.668773 0.238998 0.667870 0.239675 0.667870 0.241029 0.666065 0.241706 0.666065 0.242383 0.665162 0.243060 0.665162 0.243737 0.664260 0.244414 0.664260 0.245091 0.663357 0.245768 0.663357 0.247123 0.661552 0.247800 0.661552 0.248477 0.660650 0.249154 0.660650 0.249831 0.659747 0.250508 0.659747 0.251185 0.658845 0.252539 0.658845 0.253893 0.657040 0.254570 0.657040 0.255247 0.656137 0.255924 0.656137 0.256601 0.655235 0.257955 0.655235 0.259986 0.652527 0.260664 0.652527 0.262695 0.649819 0.263372 0.649819 0.264726 0.648014 0.265403 0.648014 0.266080 0.647112 0.266757 0.647112 0.268111 0.645307 0.269465 0.645307 0.270142 0.644404 0.270819 0.644404 0.272173 0.642599 0.272850 0.642599 0.273527 0.641697 0.274204 0.641697 0.275559 0.639892 0.276236 0.639892 0.277590 0.638087 0.278267 0.638087 0.278944 0.637184 0.279621 0.637184 0.280298 0.636282 0.280298 0.633574 0.278944 0.633574 0.278267 0.634477 0.276236 0.634477 0.275559 0.635379 0.270142 0.635379 0.269465 0.636282 0.265403 0.636282 0.264726 0.635379 0.262018 0.635379 0.261341 0.634477 0.258632 0.634477 0.257955 0.633574 0.255924 0.633574 0.255247 0.632671 0.252539 0.632671 0.251862 0.631769 0.249154 0.631769 0.248477 0.630866 0.247123 0.630866 0.246445 0.629964 0.245091 0.629964 0.244414 0.629061 0.241706 0.629061 0.241029 0.628159 0.238998 0.628159 0.238321 0.627256 0.236290 0.627256 0.235613 0.628159 0.232905 0.628159 0.232227 0.629061 0.230873 0.629061 0.230196 0.629964 0.228842 0.629964 0.228165 0.630866 0.226811 0.630866 0.226134 0.631769 0.224103 0.631769 0.223426 0.632671 0.222072 0.632671 0.221395 0.633574 0.220718 0.633574 0.220041 0.634477 0.219364 0.634477 0.218009 0.636282 0.217332 0.636282 0.215978 0.638087 0.215301 0.638087 0.214624 0.638989 0.213947 0.638989 0.212593 0.640794 0.211916 0.640794 0.211239 0.641697 0.210562 0.641697 0.209885 0.642599 0.209208 0.642599 0.208531 0.643502 0.207854 0.643502 0.206500 0.645307 0.205146 0.645307 0.203791 0.647112 0.203114 0.647112 0.202437 0.648014 0.201083 0.648014 0.200406 0.648917 0.199052 0.648917 0.198375 0.649819 0.197698 0.649819 0.196344 0.651625 0.195667 0.651625 0.194313 0.653430 0.193636 0.653430 0.192959 0.654332 0.192282 0.654332 0.191605 0.655235 0.190928 0.655235 0.190251 0.656137 0.189573 0.656137 0.188896 0.657040 0.188219 0.657040 0.187542 0.657942 0.186865 0.657942 0.186188 0.658845 0.184834 0.658845 0.184157 0.659747 0.183480 0.659747 0.181449 0.662455 0.180095 0.662455 0.179418 0.663357 0.178064 0.663357 0.177387 0.662455 0.177387 0.661552 0.176710 0.660650 0.176710 0.658845 0.177387 0.657942 0.177387 0.654332 0.178064 0.653430 0.178064 0.652527 0.178741 0.651625 0.178741 0.650722 0.179418 0.649819 0.179418 0.646209 0.180095 0.645307 0.180095 0.642599 0.180772 0.641697 0.180772 0.639892 0.181449 0.638989 0.181449 0.638087 0.182126 0.637184 0.182126 0.635379 0.182803 0.634477 0.182803 0.632671 0.183480 0.631769 0.183480 0.630866 0.184157 0.629964 0.184157 0.628159 0.185511 0.626354 0.185511 0.625451 0.186188 0.624549 0.186188 0.623646 0.186865 0.622744 0.186865 0.621841 0.187542 0.620939 0.187542 0.620036 0.188219 0.619134 0.188219 0.618231 0.188896 0.617329 0.188896 0.615523 0.190251 0.613718 0.190251 0.612816 0.191605 0.611011 0.191605 0.610108 0.192282 0.609206 0.192282 0.608303 0.192959 0.607401 0.192959 0.606498 0.193636 0.605596 0.193636 0.602888 0.194313 0.601986 0.194313 0.596570 0.194990 0.595668 0.194990 0.589350 0.195667 0.588448 0.195667 0.586643 0.194990 0.585740 0.194990 0.577617 0.194313 0.576715 0.194313 0.573105 0.193636 0.572202 0.193636 0.571300 0.192282 0.569495