0 0.355450 0.470217 0.354773 0.471119 0.354096 0.471119 0.353419 0.472022 0.352742 0.472022 0.348680 0.477437 0.348680 0.479242 0.348003 0.480144 0.348003 0.481047 0.347326 0.481949 0.347326 0.482852 0.346649 0.483755 0.345972 0.483755 0.345295 0.484657 0.343263 0.484657 0.342586 0.485560 0.340555 0.485560 0.339878 0.486462 0.337847 0.486462 0.337170 0.487365 0.335139 0.487365 0.334462 0.488267 0.333785 0.488267 0.333108 0.489170 0.331077 0.489170 0.330399 0.490072 0.329045 0.490072 0.328368 0.490975 0.327691 0.490975 0.326337 0.492780 0.325660 0.492780 0.324983 0.493682 0.324306 0.493682 0.321598 0.497292 0.320921 0.497292 0.317536 0.501805 0.317536 0.502708 0.316181 0.504513 0.316181 0.505415 0.314150 0.508123 0.314150 0.509025 0.313473 0.509928 0.313473 0.510830 0.312796 0.511733 0.312796 0.512635 0.311442 0.514440 0.311442 0.515343 0.310765 0.516245 0.310765 0.517148 0.310088 0.518051 0.310088 0.519856 0.309411 0.520758 0.309411 0.521661 0.308734 0.522563 0.308734 0.524368 0.308057 0.525271 0.308057 0.526173 0.307380 0.527076 0.307380 0.534296 0.308057 0.535199 0.308057 0.537906 0.308734 0.538809 0.308734 0.540614 0.310765 0.543321 0.310765 0.544224 0.311442 0.544224 0.312796 0.546029 0.313473 0.546029 0.314150 0.546931 0.317536 0.546931 0.318890 0.548736 0.318890 0.555957 0.318213 0.556859 0.318890 0.557762 0.318890 0.558664 0.319567 0.558664 0.320244 0.559567 0.324306 0.559567 0.324983 0.558664 0.326337 0.558664 0.327014 0.557762 0.327691 0.557762 0.328368 0.556859 0.328368 0.555957 0.329045 0.555054 0.329045 0.554152 0.331077 0.551444 0.331754 0.551444 0.332431 0.552347 0.334462 0.552347 0.335139 0.553249 0.339878 0.553249 0.340555 0.552347 0.341909 0.552347 0.342586 0.551444 0.343263 0.551444 0.348003 0.545126 0.348003 0.544224 0.350034 0.541516 0.350034 0.540614 0.350711 0.539711 0.350711 0.538809 0.351388 0.537906 0.351388 0.537004 0.352065 0.536101 0.352065 0.535199 0.352742 0.534296 0.352742 0.533394 0.354773 0.530686 0.356127 0.530686 0.361544 0.537906 0.363575 0.537906 0.364252 0.537004 0.365606 0.537004 0.366283 0.536101 0.366960 0.536101 0.369668 0.532491 0.368991 0.531588 0.368991 0.530686 0.368314 0.529783 0.368314 0.528881 0.367637 0.528881 0.363575 0.523466 0.363575 0.522563 0.362898 0.521661 0.362898 0.520758 0.361544 0.518953 0.361544 0.518051 0.360190 0.516245 0.360190 0.514440 0.359513 0.513538 0.359513 0.510830 0.358835 0.509928 0.358835 0.506318 0.358158 0.505415 0.358158 0.504513 0.360190 0.501805 0.362898 0.501805 0.363575 0.500903 0.364252 0.500903 0.364929 0.500000 0.365606 0.500000 0.366283 0.499097 0.366283 0.498195 0.367637 0.496390 0.367637 0.495487 0.368314 0.494585 0.368314 0.492780 0.368991 0.491877 0.368991 0.490975 0.369668 0.490072 0.369668 0.489170 0.370345 0.488267 0.370345 0.480144 0.369668 0.479242 0.369668 0.477437 0.368314 0.475632 0.368314 0.474729 0.366960 0.472924 0.366283 0.472924 0.365606 0.472022 0.364929 0.472022 0.364252 0.471119 0.363575 0.471119 0.362898 0.470217
0 0.973595 0.500903 0.972918 0.501805 0.970887 0.501805 0.970210 0.502708 0.968179 0.502708 0.967502 0.503610 0.965471 0.503610 0.964794 0.504513 0.964116 0.504513 0.963439 0.505415 0.962762 0.505415 0.962085 0.506318 0.961408 0.506318 0.960731 0.507220 0.959377 0.507220 0.958700 0.508123 0.956669 0.508123 0.955992 0.509025 0.954638 0.509025 0.953961 0.509928 0.952607 0.509928 0.951930 0.510830 0.951253 0.510830 0.947190 0.516245 0.947190 0.517148 0.945836 0.518953 0.945836 0.520758 0.945159 0.521661 0.945159 0.545126 0.945836 0.546029 0.945836 0.551444 0.945159 0.552347 0.945159 0.574910 0.945836 0.575812 0.945836 0.581227 0.945159 0.582130 0.945159 0.584838 0.944482 0.585740 0.944482 0.589350 0.943805 0.590253 0.943805 0.593863 0.943128 0.594765 0.943128 0.596570 0.942451 0.597473 0.942451 0.600181 0.941774 0.601083 0.941774 0.601986 0.941097 0.602888 0.941097 0.604693 0.940420 0.605596 0.940420 0.606498 0.939743 0.607401 0.939743 0.609206 0.939066 0.610108 0.939066 0.617329 0.938389 0.618231 0.938389 0.619134 0.939066 0.620036 0.939066 0.621841 0.942451 0.621841 0.943805 0.620036 0.943805 0.619134 0.945836 0.616426 0.945836 0.614621 0.946513 0.613718 0.946513 0.611011 0.947190 0.610108 0.947190 0.609206 0.947867 0.608303 0.947867 0.607401 0.950575 0.603791 0.950575 0.602888 0.951253 0.601986 0.951253 0.601083 0.952607 0.599278 0.952607 0.598375 0.953284 0.597473 0.953284 0.596570 0.953961 0.595668 0.953961 0.593863 0.954638 0.592960 0.954638 0.592058 0.955992 0.590253 0.955992 0.589350 0.956669 0.588448 0.956669 0.586643 0.957346 0.585740 0.957346 0.584838 0.958023 0.583935 0.958023 0.582130 0.959377 0.580325 0.959377 0.579422 0.960054 0.578520 0.960054 0.577617 0.961408 0.575812 0.961408 0.574910 0.962762 0.573105 0.962762 0.572202 0.964116 0.570397 0.964116 0.568592 0.965471 0.566787 0.965471 0.565884 0.968179 0.562274 0.968856 0.562274 0.970210 0.560469 0.971564 0.560469 0.972241 0.559567 0.972918 0.559567 0.973595 0.558664 0.974272 0.558664 0.975626 0.556859 0.976303 0.556859 0.976980 0.555957 0.977657 0.555957 0.978334 0.555054 0.979012 0.555054 0.980366 0.553249 0.982397 0.555957 0.982397 0.556859 0.983074 0.557762 0.983074 0.559567 0.983751 0.560469 0.983751 0.567690 0.984428 0.568592 0.984428 0.570397 0.985105 0.571300 0.985105 0.573105 0.985782 0.574007 0.985782 0.574910 0.986459 0.575812 0.986459 0.577617 0.987136 0.578520 0.987136 0.581227 0.987813 0.582130 0.987813 0.583935 0.988490 0.584838 0.988490 0.587545 0.989167 0.588448 0.989167 0.592960 0.989844 0.593863 0.989844 0.596570 0.990521 0.597473 0.990521 0.600181 0.991198 0.601083 0.991198 0.603791 0.991875 0.604693 0.991875 0.606498 0.992552 0.607401 0.992552 0.609206 0.993230 0.610108 0.993230 0.611913 0.993907 0.612816 0.993907 0.615523 0.994584 0.616426 0.994584 0.619134 0.995938 0.619134 0.996615 0.620036 0.999323 0.620036 0.999323 0.584838 0.997969 0.584838 0.997292 0.583935 0.997292 0.563177 0.996615 0.562274 0.996615 0.558664 0.997292 0.557762 0.997292 0.549639 0.997969 0.548736 0.999323 0.548736 0.999323 0.520758 0.997969 0.520758 0.997292 0.519856 0.997292 0.518051 0.996615 0.517148 0.996615 0.514440 0.995938 0.513538 0.995938 0.512635 0.991198 0.506318 0.990521 0.506318 0.989167 0.504513 0.987813 0.504513 0.987136 0.503610 0.986459 0.503610 0.985782 0.502708 0.983751 0.502708 0.983074 0.501805 0.981720 0.501805 0.981043 0.500903
0 0.848341 0.396209 0.847664 0.397112 0.846987 0.397112 0.845633 0.398917 0.845633 0.399819 0.844956 0.400722 0.844956 0.406137 0.842925 0.408845 0.842248 0.408845 0.840894 0.410650 0.840894 0.411552 0.838863 0.414260 0.838863 0.415162 0.838186 0.416065 0.838186 0.421480 0.839540 0.423285 0.839540 0.427798 0.840217 0.428700 0.840217 0.438628 0.840894 0.439531 0.840894 0.440433 0.841571 0.441336 0.841571 0.443141 0.842248 0.444043 0.842248 0.454874 0.841571 0.455776 0.841571 0.461191 0.840894 0.462094 0.840894 0.477437 0.841571 0.478339 0.844279 0.478339 0.844956 0.479242 0.846310 0.479242 0.846987 0.480144 0.850372 0.480144 0.851049 0.481047 0.851726 0.481047 0.853081 0.479242 0.853081 0.476534 0.853758 0.475632 0.853758 0.469314 0.854435 0.468412 0.854435 0.460289 0.855112 0.459386 0.855112 0.453069 0.855789 0.452166 0.855789 0.444043 0.856466 0.443141 0.856466 0.442238 0.857143 0.441336 0.857143 0.440433 0.857820 0.439531 0.857820 0.438628 0.858497 0.437726 0.858497 0.435018 0.859174 0.434116 0.859174 0.430505 0.859851 0.429603 0.859851 0.427798 0.860528 0.426895 0.861205 0.426895 0.861882 0.425993 0.863236 0.425993 0.863913 0.425090 0.863913 0.423285 0.864590 0.422383 0.864590 0.417870 0.863913 0.416968 0.863913 0.415162 0.863236 0.414260 0.863236 0.412455 0.862559 0.411552 0.862559 0.409747 0.861205 0.407942 0.860528 0.407942 0.859851 0.407040 0.857143 0.407040 0.855789 0.408845 0.854435 0.407040 0.854435 0.402527 0.853758 0.401625 0.853758 0.399819 0.852404 0.398014 0.852404 0.397112 0.850372 0.397112 0.849695 0.396209
0 0.136087 0.486462 0.135410 0.487365 0.133378 0.487365 0.132701 0.488267 0.132024 0.488267 0.130670 0.490072 0.130670 0.498195 0.131347 0.499097 0.131347 0.502708 0.132024 0.503610 0.132024 0.504513 0.132701 0.505415 0.133378 0.505415 0.134056 0.506318 0.136087 0.506318 0.136764 0.507220 0.137441 0.506318 0.140149 0.506318 0.140826 0.505415 0.140826 0.488267 0.140149 0.487365 0.139472 0.487365 0.138795 0.486462
0 0.112390 0.449458 0.110359 0.452166 0.110359 0.453069 0.108328 0.455776 0.108328 0.456679 0.106297 0.459386 0.105619 0.459386 0.105619 0.460289 0.104942 0.461191 0.104942 0.462094 0.103588 0.463899 0.103588 0.464801 0.102911 0.465704 0.102911 0.468412 0.102234 0.469314 0.102234 0.472022 0.101557 0.472924 0.101557 0.486462 0.102234 0.487365 0.102234 0.488267 0.102911 0.489170 0.102911 0.490072 0.103588 0.490975 0.103588 0.491877 0.104265 0.492780 0.104265 0.500903 0.104942 0.501805 0.104942 0.503610 0.105619 0.504513 0.106297 0.504513 0.106974 0.505415 0.111036 0.505415 0.111713 0.504513 0.113744 0.504513 0.115098 0.502708 0.115098 0.500903 0.115775 0.500000 0.115775 0.484657 0.116452 0.483755 0.116452 0.471119 0.117129 0.470217 0.116452 0.469314 0.116452 0.451264 0.115775 0.450361 0.115775 0.449458
0 0.132024 0.439531 0.131347 0.440433 0.129993 0.440433 0.128639 0.442238 0.128639 0.450361 0.129316 0.451264 0.129316 0.453971 0.129993 0.454874 0.129993 0.467509 0.129993 0.464801 0.130670 0.463899 0.131347 0.463899 0.132024 0.462996 0.133378 0.462996 0.134056 0.463899 0.135410 0.463899 0.136087 0.464801 0.140149 0.464801 0.140826 0.463899 0.140826 0.461191 0.141503 0.460289 0.141503 0.453971 0.142180 0.453069 0.142180 0.447653 0.141503 0.446751 0.141503 0.444043 0.140826 0.443141 0.140826 0.442238 0.140149 0.441336 0.139472 0.441336 0.138795 0.440433 0.137441 0.440433 0.136764 0.439531
0 0.997969 0.409747 0.997292 0.410650 0.996615 0.410650 0.994584 0.413357 0.994584 0.418773 0.993907 0.419675 0.993907 0.422383 0.992552 0.424188 0.992552 0.425090 0.991875 0.425993 0.991198 0.425993 0.990521 0.426895 0.989844 0.426895 0.988490 0.428700 0.987813 0.428700 0.985782 0.431408 0.985782 0.432310 0.984428 0.434116 0.983751 0.434116 0.983751 0.435018 0.983074 0.435921 0.983074 0.436823 0.981720 0.438628 0.981720 0.439531 0.980366 0.441336 0.980366 0.442238 0.979689 0.443141 0.979689 0.444043 0.978334 0.445848 0.978334 0.447653 0.977657 0.448556 0.977657 0.450361 0.978334 0.451264 0.978334 0.453971 0.979012 0.454874 0.979012 0.456679 0.979689 0.457581 0.979689 0.458484 0.980366 0.459386 0.980366 0.460289 0.981043 0.461191 0.981043 0.462094 0.981720 0.462996 0.981720 0.463899 0.982397 0.464801 0.982397 0.465704 0.983074 0.466606 0.983074 0.469314 0.983751 0.470217 0.983751 0.472924 0.983074 0.473827 0.983074 0.487365 0.983751 0.488267 0.983751 0.491877 0.984428 0.492780 0.984428 0.494585 0.985105 0.495487 0.985105 0.496390 0.987136 0.499097 0.989844 0.499097 0.990521 0.500000 0.995938 0.500000 0.996615 0.499097 0.997292 0.499097 0.997969 0.498195 0.999323 0.498195 0.999323 0.409747
0 0.511171 0.490072 0.510494 0.490975 0.509817 0.490975 0.509140 0.491877 0.508463 0.491877 0.507786 0.492780 0.507109 0.492780 0.505078 0.495487 0.504401 0.495487 0.503047 0.497292 0.502370 0.497292 0.502370 0.498195 0.501693 0.499097 0.501693 0.500000 0.501016 0.500903 0.501016 0.501805 0.501693 0.502708 0.501693 0.503610 0.503047 0.505415 0.503047 0.507220 0.503724 0.508123 0.503047 0.509025 0.502370 0.509025 0.501693 0.509928 0.501016 0.509928 0.500339 0.510830 0.499661 0.510830 0.498984 0.511733 0.498307 0.511733 0.496953 0.513538 0.496276 0.513538 0.495599 0.514440 0.494922 0.514440 0.494245 0.515343 0.492891 0.515343 0.492214 0.516245 0.491537 0.516245 0.490860 0.517148 0.489506 0.517148 0.488829 0.518051 0.487475 0.518051 0.486798 0.518953 0.486121 0.518953 0.485443 0.519856 0.484766 0.519856 0.484089 0.520758 0.482735 0.520758 0.482058 0.521661 0.480704 0.521661 0.480027 0.522563 0.478673 0.522563 0.477996 0.523466 0.477319 0.523466 0.476642 0.524368 0.475965 0.524368 0.475288 0.525271 0.474611 0.525271 0.473934 0.526173 0.473257 0.526173 0.471903 0.527978 0.471225 0.527978 0.470548 0.528881 0.469871 0.528881 0.468517 0.530686 0.467840 0.530686 0.467163 0.531588 0.466486 0.531588 0.464455 0.534296 0.463778 0.534296 0.461747 0.537004 0.461070 0.537004 0.459716 0.538809 0.459039 0.538809 0.458362 0.539711 0.458362 0.540614 0.456330 0.543321 0.456330 0.544224 0.455653 0.545126 0.455653 0.546029 0.454976 0.546931 0.454976 0.547834 0.454299 0.548736 0.454299 0.549639 0.453622 0.550542 0.453622 0.551444 0.452945 0.552347 0.452945 0.566787 0.457007 0.572202 0.457684 0.572202 0.459716 0.574910 0.463101 0.574910 0.463778 0.575812 0.468517 0.575812 0.469194 0.574910 0.471903 0.574910 0.472580 0.574007 0.476642 0.574007 0.477319 0.573105 0.480027 0.573105 0.480704 0.572202 0.482735 0.572202 0.483412 0.571300 0.484089 0.571300 0.484766 0.572202 0.484766 0.578520 0.484089 0.579422 0.484089 0.583032 0.483412 0.583935 0.483412 0.592058 0.484089 0.592960 0.484089 0.593863 0.486798 0.597473 0.488152 0.597473 0.488829 0.598375 0.490860 0.598375 0.491537 0.599278 0.492214 0.599278 0.492891 0.600181 0.493568 0.600181 0.494245 0.601083 0.495599 0.601083 0.496276 0.601986 0.498307 0.601986 0.501016 0.598375 0.501016 0.597473 0.501693 0.596570 0.501693 0.593863 0.502370 0.592960 0.502370 0.577617 0.503047 0.576715 0.503047 0.574007 0.503724 0.573105 0.503724 0.572202 0.504401 0.571300 0.504401 0.570397 0.505755 0.568592 0.505755 0.567690 0.506432 0.566787 0.506432 0.565884 0.507109 0.564982 0.507109 0.564079 0.507786 0.563177 0.507786 0.561372 0.508463 0.560469 0.508463 0.553249 0.509140 0.552347 0.509140 0.547834 0.509817 0.546931 0.509817 0.538809 0.510494 0.537906 0.510494 0.534296 0.514557 0.528881 0.515234 0.528881 0.519973 0.522563 0.520650 0.522563 0.522004 0.520758 0.522681 0.520758 0.523358 0.519856 0.523358 0.518953 0.524035 0.518051 0.524035 0.517148 0.524712 0.516245 0.524712 0.513538 0.525389 0.512635 0.525389 0.510830 0.526066 0.509928 0.526066 0.500903 0.525389 0.500000 0.525389 0.499097 0.524712 0.498195 0.524712 0.497292 0.521327 0.492780 0.520650 0.492780 0.519973 0.491877 0.519296 0.491877 0.518619 0.490975 0.517265 0.490975 0.516588 0.490072
0 0.817197 0.406137 0.816520 0.407040 0.815843 0.407040 0.815843 0.407942 0.815166 0.408845 0.815166 0.409747 0.814489 0.410650 0.814489 0.415162 0.815166 0.416065 0.815166 0.417870 0.815843 0.418773 0.815843 0.427798 0.816520 0.428700 0.816520 0.435921 0.817197 0.436823 0.817197 0.441336 0.817874 0.442238 0.817874 0.444946 0.818551 0.445848 0.818551 0.449458 0.819228 0.450361 0.819228 0.459386 0.819905 0.460289 0.819905 0.472022 0.820582 0.472924 0.820582 0.474729 0.821936 0.476534 0.823290 0.476534 0.823968 0.477437 0.824645 0.477437 0.825322 0.476534 0.826676 0.476534 0.827353 0.475632 0.828030 0.475632 0.829384 0.473827 0.829384 0.472924 0.830061 0.472022 0.830061 0.462996 0.829384 0.462094 0.829384 0.461191 0.828707 0.460289 0.828707 0.456679 0.828030 0.455776 0.828030 0.451264 0.828707 0.450361 0.828707 0.449458 0.829384 0.448556 0.829384 0.447653 0.830061 0.446751 0.830738 0.446751 0.832092 0.444946 0.832092 0.444043 0.833446 0.442238 0.833446 0.434116 0.832769 0.433213 0.832769 0.428700 0.832092 0.427798 0.832092 0.424188 0.831415 0.423285 0.831415 0.421480 0.830738 0.420578 0.830738 0.419675 0.829384 0.417870 0.829384 0.416968 0.827353 0.414260 0.826676 0.414260 0.825322 0.412455 0.825322 0.411552 0.821936 0.407040 0.821259 0.407040 0.820582 0.406137
1 0.675017 0.426895 0.674340 0.427798 0.673663 0.427798 0.672986 0.428700 0.672986 0.429603 0.672309 0.430505 0.672309 0.437726 0.672986 0.438628 0.673663 0.438628 0.674340 0.439531 0.676371 0.439531 0.677048 0.438628 0.678402 0.438628 0.679079 0.437726 0.679079 0.436823 0.679756 0.435921 0.679756 0.434116 0.680433 0.433213 0.680433 0.431408 0.679756 0.430505 0.679756 0.427798 0.679079 0.426895
1 0.847664 0.396209 0.846987 0.397112 0.846310 0.397112 0.845633 0.398014 0.845633 0.398917 0.844956 0.399819 0.844956 0.403430 0.845633 0.403430 0.846310 0.404332 0.852404 0.404332 0.853081 0.403430 0.853758 0.403430 0.853758 0.401625 0.854435 0.400722 0.853758 0.399819 0.853758 0.398917 0.852404 0.397112 0.851726 0.397112 0.851049 0.396209
1 0.955315 0.508123 0.954638 0.509025 0.952607 0.509025 0.951930 0.509928 0.951253 0.509928 0.949898 0.511733 0.949221 0.511733 0.946513 0.515343 0.946513 0.516245 0.945836 0.517148 0.945836 0.518051 0.945159 0.518953 0.945159 0.519856 0.944482 0.520758 0.944482 0.528881 0.945159 0.529783 0.945159 0.530686 0.945836 0.531588 0.946513 0.530686 0.946513 0.529783 0.947190 0.528881 0.947190 0.527076 0.947867 0.526173 0.947867 0.525271 0.948544 0.524368 0.948544 0.523466 0.949221 0.522563 0.949221 0.521661 0.951253 0.518953 0.951253 0.518051 0.951930 0.517148 0.952607 0.517148 0.956669 0.511733 0.957346 0.511733 0.957346 0.508123
1 0.355450 0.470217 0.354773 0.471119 0.354096 0.471119 0.353419 0.472022 0.352742 0.472022 0.350034 0.475632 0.350034 0.476534 0.349357 0.477437 0.349357 0.481047 0.350711 0.482852 0.350711 0.483755 0.351388 0.483755 0.352065 0.484657 0.352742 0.484657 0.353419 0.483755 0.354773 0.483755 0.355450 0.482852 0.356804 0.484657 0.357481 0.484657 0.358158 0.485560 0.359513 0.485560 0.360867 0.487365 0.360867 0.488267 0.361544 0.489170 0.361544 0.490072 0.362221 0.490975 0.362221 0.499097 0.362898 0.500000 0.363575 0.500000 0.364252 0.499097 0.366283 0.499097 0.366960 0.498195 0.366960 0.497292 0.367637 0.496390 0.367637 0.495487 0.368314 0.494585 0.368314 0.493682 0.368991 0.492780 0.368991 0.491877 0.369668 0.490975 0.369668 0.489170 0.370345 0.488267 0.370345 0.479242 0.369668 0.478339 0.369668 0.477437 0.368991 0.476534 0.368991 0.475632 0.366283 0.472022 0.365606 0.472022 0.364929 0.471119 0.364252 0.471119 0.363575 0.470217
1 0.131347 0.439531 0.130670 0.440433 0.129993 0.440433 0.129316 0.441336 0.129316 0.442238 0.128639 0.443141 0.128639 0.447653 0.129316 0.448556 0.129316 0.451264 0.129993 0.452166 0.129993 0.453069 0.130670 0.453971 0.130670 0.455776 0.131347 0.456679 0.131347 0.457581 0.132024 0.458484 0.132024 0.459386 0.134056 0.462094 0.134733 0.462094 0.136087 0.463899 0.138795 0.463899 0.139472 0.464801 0.140149 0.464801 0.140149 0.463899 0.140826 0.462996 0.140826 0.461191 0.141503 0.460289 0.141503 0.454874 0.142180 0.453971 0.142180 0.445848 0.141503 0.444946 0.141503 0.443141 0.140826 0.442238 0.140826 0.441336 0.140149 0.441336 0.139472 0.440433 0.138118 0.440433 0.137441 0.439531
1 0.681110 0.425993 0.679079 0.428700 0.679079 0.429603 0.679756 0.430505 0.679756 0.436823 0.681787 0.439531 0.683142 0.439531 0.683819 0.438628 0.684496 0.438628 0.685850 0.436823 0.685850 0.435921 0.687204 0.434116 0.687204 0.429603 0.686527 0.428700 0.686527 0.427798 0.685173 0.425993
1 0.997969 0.409747 0.997292 0.410650 0.995938 0.410650 0.994584 0.412455 0.994584 0.416065 0.993907 0.416968 0.993907 0.417870 0.994584 0.418773 0.994584 0.419675 0.999323 0.419675 0.999323 0.409747
1 0.511171 0.490072 0.510494 0.490975 0.509817 0.490975 0.509140 0.491877 0.508463 0.491877 0.507786 0.492780 0.507109 0.492780 0.505078 0.495487 0.504401 0.495487 0.503047 0.497292 0.502370 0.497292 0.501693 0.498195 0.501693 0.499097 0.501016 0.500000 0.501016 0.501805 0.503047 0.504513 0.503724 0.504513 0.504401 0.505415 0.505078 0.505415 0.505755 0.506318 0.506432 0.506318 0.507786 0.508123 0.508463 0.508123 0.509140 0.509025 0.509817 0.509025 0.511171 0.510830 0.511848 0.510830 0.513202 0.512635 0.513879 0.512635 0.515911 0.515343 0.516588 0.515343 0.519973 0.519856 0.520650 0.519856 0.521327 0.520758 0.523358 0.520758 0.524712 0.518953 0.524712 0.515343 0.525389 0.514440 0.525389 0.512635 0.526066 0.511733 0.526066 0.509025 0.526743 0.508123 0.526743 0.503610 0.526066 0.502708 0.526066 0.500903 0.525389 0.500000 0.525389 0.498195 0.523358 0.495487 0.523358 0.494585 0.522681 0.494585 0.521327 0.492780 0.520650 0.492780 0.519296 0.490975 0.517942 0.490975 0.517265 0.490072
1 0.816520 0.406137 0.815166 0.407942 0.815166 0.408845 0.814489 0.409747 0.814489 0.415162 0.815166 0.416065 0.815166 0.416968 0.815843 0.416968 0.816520 0.417870 0.819228 0.417870 0.819905 0.416968 0.821259 0.416968 0.822613 0.415162 0.823290 0.415162 0.823968 0.414260 0.823968 0.410650 0.823290 0.409747 0.823290 0.408845 0.821259 0.406137
2 0.939066 0.612816 0.937035 0.615523 0.937035 0.620939 0.936357 0.621841 0.936357 0.622744 0.937035 0.623646 0.937035 0.625451 0.938389 0.627256 0.941097 0.627256 0.941774 0.626354 0.943128 0.626354 0.943805 0.625451 0.944482 0.625451 0.945836 0.623646 0.945836 0.622744 0.946513 0.621841 0.946513 0.620036 0.947190 0.619134 0.947190 0.616426 0.946513 0.615523 0.946513 0.614621 0.945836 0.613718 0.940420 0.613718 0.939743 0.612816
3 0.484089 0.520758 0.483412 0.521661 0.482058 0.521661 0.481381 0.522563 0.479350 0.522563 0.477319 0.525271 0.480704 0.529783 0.481381 0.529783 0.482735 0.531588 0.482735 0.532491 0.483412 0.533394 0.483412 0.534296 0.484766 0.536101 0.484766 0.537004 0.486121 0.538809 0.486121 0.539711 0.487475 0.541516 0.487475 0.543321 0.489506 0.546029 0.489506 0.549639 0.492214 0.553249 0.492891 0.553249 0.494245 0.555054 0.494245 0.555957 0.496276 0.558664 0.496276 0.559567 0.496953 0.560469 0.496953 0.561372 0.497630 0.562274 0.497630 0.563177 0.498984 0.563177 0.499661 0.564079 0.501016 0.564079 0.501693 0.563177 0.501693 0.561372 0.502370 0.560469 0.502370 0.555957 0.501016 0.554152 0.501016 0.553249 0.498307 0.549639 0.498307 0.548736 0.496953 0.546931 0.496276 0.546931 0.493568 0.543321 0.493568 0.538809 0.492891 0.537906 0.492891 0.536101 0.492214 0.535199 0.492214 0.533394 0.491537 0.532491 0.491537 0.531588 0.490860 0.530686 0.490860 0.529783 0.490183 0.528881 0.490183 0.527978 0.488829 0.526173 0.488829 0.525271 0.487475 0.523466 0.487475 0.522563 0.486798 0.522563 0.486121 0.521661 0.484766 0.521661