0 0.577522 0.451264 0.576845 0.452166 0.576168 0.452166 0.575491 0.453069 0.574814 0.453069 0.573460 0.454874 0.573460 0.455776 0.572783 0.456679 0.572783 0.458484 0.572106 0.459386 0.572106 0.462996 0.572783 0.463899 0.572783 0.464801 0.573460 0.465704 0.573460 0.467509 0.574137 0.468412 0.574137 0.470217 0.575491 0.472022 0.575491 0.472924 0.576168 0.473827 0.577522 0.473827 0.578199 0.474729 0.579553 0.474729 0.580230 0.475632 0.580907 0.475632 0.582261 0.477437 0.582938 0.477437 0.583615 0.478339 0.583615 0.479242 0.584292 0.480144 0.584292 0.486462 0.583615 0.487365 0.583615 0.491877 0.582938 0.492780 0.582938 0.499097 0.582261 0.500000 0.582261 0.509928 0.581584 0.510830 0.581584 0.522563 0.580907 0.523466 0.580907 0.527978 0.581584 0.528881 0.581584 0.530686 0.582261 0.531588 0.582261 0.544224 0.581584 0.545126 0.581584 0.546029 0.582261 0.546931 0.582261 0.563177 0.582938 0.564079 0.582938 0.564982 0.582261 0.565884 0.582261 0.568592 0.582938 0.569495 0.582938 0.570397 0.582261 0.571300 0.582261 0.581227 0.581584 0.582130 0.581584 0.591155 0.579553 0.593863 0.578199 0.593863 0.577522 0.594765 0.575491 0.594765 0.574814 0.595668 0.574137 0.595668 0.572106 0.598375 0.571429 0.598375 0.571429 0.600181 0.572106 0.601083 0.572106 0.601986 0.573460 0.601986 0.574137 0.602888 0.585647 0.602888 0.586324 0.601986 0.589032 0.601986 0.589709 0.601083 0.591063 0.601083 0.591740 0.600181 0.593771 0.600181 0.594448 0.599278 0.595802 0.599278 0.596479 0.598375 0.596479 0.591155 0.597156 0.590253 0.597156 0.574007 0.597833 0.573105 0.597833 0.546029 0.598510 0.545126 0.598510 0.538809 0.599188 0.537906 0.599188 0.531588 0.599865 0.530686 0.599865 0.529783 0.600542 0.528881 0.600542 0.527978 0.601896 0.526173 0.601896 0.505415 0.601219 0.504513 0.601219 0.501805 0.600542 0.500903 0.600542 0.493682 0.601219 0.492780 0.601219 0.478339 0.600542 0.477437 0.600542 0.476534 0.598510 0.473827 0.598510 0.472924 0.597833 0.472924 0.595125 0.469314 0.594448 0.469314 0.593771 0.468412 0.593094 0.468412 0.592417 0.467509 0.591740 0.467509 0.591063 0.466606 0.590386 0.466606 0.589709 0.465704 0.589709 0.464801 0.589032 0.463899 0.589032 0.462996 0.588355 0.462094 0.588355 0.460289 0.587678 0.459386 0.587678 0.458484 0.587001 0.457581 0.587001 0.456679 0.585647 0.454874 0.585647 0.453971 0.584292 0.452166 0.582938 0.452166 0.582261 0.451264
0 0.497630 0.426895 0.496953 0.427798 0.492214 0.427798 0.491537 0.428700 0.489506 0.428700 0.488829 0.429603 0.488152 0.429603 0.486798 0.431408 0.486798 0.432310 0.486121 0.433213 0.486121 0.436823 0.485443 0.437726 0.485443 0.450361 0.486121 0.451264 0.486121 0.453971 0.486798 0.454874 0.486798 0.456679 0.487475 0.457581 0.487475 0.460289 0.488152 0.461191 0.488152 0.462996 0.487475 0.463899 0.487475 0.464801 0.486798 0.465704 0.486798 0.466606 0.484089 0.470217 0.484089 0.472022 0.483412 0.472924 0.483412 0.474729 0.482735 0.475632 0.482735 0.477437 0.482058 0.478339 0.482058 0.479242 0.481381 0.480144 0.481381 0.481949 0.480704 0.482852 0.480704 0.486462 0.480027 0.487365 0.480027 0.490975 0.479350 0.491877 0.479350 0.493682 0.478673 0.494585 0.478673 0.496390 0.477996 0.497292 0.477996 0.499097 0.477319 0.500000 0.477319 0.503610 0.477996 0.504513 0.477996 0.506318 0.478673 0.507220 0.478673 0.509025 0.479350 0.509928 0.479350 0.518051 0.478673 0.518953 0.478673 0.523466 0.477996 0.524368 0.477996 0.529783 0.477319 0.530686 0.477319 0.534296 0.476642 0.535199 0.476642 0.538809 0.475965 0.539711 0.475965 0.542419 0.475288 0.543321 0.475288 0.548736 0.474611 0.549639 0.474611 0.553249 0.475288 0.554152 0.475288 0.555054 0.475965 0.555957 0.475965 0.556859 0.476642 0.556859 0.477319 0.557762 0.477996 0.557762 0.478673 0.558664 0.480027 0.558664 0.480704 0.559567 0.481381 0.559567 0.482058 0.560469 0.482735 0.560469 0.484089 0.562274 0.484089 0.564079 0.484766 0.564982 0.484766 0.568592 0.485443 0.569495 0.485443 0.574910 0.486121 0.575812 0.486121 0.581227 0.486798 0.582130 0.486798 0.590253 0.487475 0.591155 0.487475 0.594765 0.488152 0.595668 0.488152 0.597473 0.488829 0.598375 0.488829 0.599278 0.489506 0.600181 0.489506 0.601986 0.490183 0.602888 0.490183 0.608303 0.490860 0.609206 0.490860 0.623646 0.491537 0.624549 0.491537 0.633574 0.492214 0.634477 0.492214 0.635379 0.494245 0.638087 0.496276 0.638087 0.496953 0.638989 0.499661 0.638989 0.500339 0.638087 0.502370 0.638087 0.503724 0.636282 0.503724 0.617329 0.503047 0.616426 0.503047 0.615523 0.503724 0.614621 0.503724 0.602888 0.504401 0.601986 0.504401 0.598375 0.505078 0.597473 0.505755 0.598375 0.505755 0.602888 0.506432 0.603791 0.506432 0.607401 0.507109 0.608303 0.507109 0.611011 0.507786 0.611913 0.507786 0.613718 0.508463 0.614621 0.508463 0.615523 0.509140 0.616426 0.509140 0.619134 0.509817 0.620036 0.509817 0.623646 0.510494 0.624549 0.510494 0.626354 0.511171 0.627256 0.511171 0.628159 0.511848 0.629061 0.511848 0.629964 0.513879 0.632671 0.514557 0.632671 0.515234 0.633574 0.518619 0.633574 0.519296 0.632671 0.522004 0.632671 0.522681 0.631769 0.522681 0.630866 0.523358 0.629964 0.523358 0.627256 0.524035 0.626354 0.524035 0.606498 0.523358 0.605596 0.523358 0.601986 0.522681 0.601083 0.522681 0.597473 0.522004 0.596570 0.522004 0.594765 0.521327 0.593863 0.521327 0.592058 0.520650 0.591155 0.520650 0.590253 0.519973 0.589350 0.519973 0.587545 0.519296 0.586643 0.519296 0.584838 0.518619 0.583935 0.518619 0.581227 0.517265 0.579422 0.517265 0.578520 0.516588 0.577617 0.516588 0.575812 0.515911 0.574910 0.515911 0.573105 0.515234 0.572202 0.515234 0.569495 0.514557 0.568592 0.514557 0.564982 0.513879 0.564079 0.513879 0.553249 0.514557 0.552347 0.514557 0.541516 0.515234 0.540614 0.515234 0.533394 0.515911 0.532491 0.515911 0.518051 0.516588 0.517148 0.516588 0.516245 0.519973 0.511733 0.520650 0.511733 0.523358 0.508123 0.524035 0.508123 0.525389 0.506318 0.526066 0.506318 0.526743 0.505415 0.526743 0.504513 0.528097 0.502708 0.528775 0.502708 0.530129 0.500903 0.530129 0.500000 0.530806 0.499097 0.531483 0.499097 0.533514 0.496390 0.533514 0.495487 0.534868 0.493682 0.534868 0.491877 0.535545 0.490975 0.535545 0.490072 0.534868 0.489170 0.534868 0.487365 0.534191 0.486462 0.534191 0.485560 0.529452 0.479242 0.528775 0.479242 0.526743 0.476534 0.526743 0.475632 0.522004 0.469314 0.521327 0.469314 0.517942 0.464801 0.517265 0.464801 0.516588 0.463899 0.515911 0.463899 0.515234 0.462996 0.514557 0.462996 0.513879 0.462094 0.513202 0.462094 0.512525 0.461191 0.511171 0.461191 0.509817 0.459386 0.509140 0.459386 0.508463 0.458484 0.507786 0.458484 0.505078 0.454874 0.505078 0.453971 0.504401 0.453069 0.504401 0.448556 0.505078 0.447653 0.505078 0.444043 0.505755 0.443141 0.505755 0.435921 0.505078 0.435018 0.505078 0.433213 0.503047 0.430505 0.503047 0.429603 0.501693 0.427798 0.498984 0.427798 0.498307 0.426895
0 0.554502 0.425090 0.553825 0.425993 0.553148 0.425993 0.552471 0.426895 0.551794 0.426895 0.550440 0.428700 0.550440 0.429603 0.549763 0.430505 0.549763 0.431408 0.549086 0.432310 0.549086 0.433213 0.548409 0.434116 0.548409 0.435018 0.547732 0.435921 0.547732 0.436823 0.546378 0.438628 0.546378 0.439531 0.545701 0.440433 0.545701 0.441336 0.545024 0.442238 0.545024 0.443141 0.545701 0.444043 0.545701 0.444946 0.546378 0.445848 0.546378 0.446751 0.547055 0.447653 0.547055 0.448556 0.547732 0.449458 0.547732 0.450361 0.548409 0.451264 0.548409 0.455776 0.549086 0.456679 0.549086 0.458484 0.549763 0.459386 0.549763 0.461191 0.550440 0.462094 0.550440 0.462996 0.549763 0.463899 0.549763 0.464801 0.547055 0.468412 0.546378 0.468412 0.545701 0.469314 0.545024 0.469314 0.543670 0.471119 0.542993 0.471119 0.542316 0.472022 0.538253 0.472022 0.537576 0.472924 0.531483 0.472924 0.530806 0.472022 0.528775 0.472022 0.528097 0.472924 0.527420 0.472924 0.527420 0.473827 0.528775 0.475632 0.528775 0.476534 0.532837 0.481949 0.533514 0.481949 0.535545 0.484657 0.536222 0.484657 0.536899 0.485560 0.538253 0.485560 0.538930 0.486462 0.540284 0.486462 0.541638 0.488267 0.541638 0.489170 0.542316 0.490072 0.542316 0.491877 0.541638 0.492780 0.541638 0.500000 0.540961 0.500903 0.540961 0.503610 0.540284 0.504513 0.540284 0.507220 0.539607 0.508123 0.539607 0.509928 0.538930 0.510830 0.538930 0.512635 0.538253 0.513538 0.538253 0.519856 0.538930 0.520758 0.538930 0.521661 0.540961 0.524368 0.540961 0.525271 0.541638 0.526173 0.541638 0.529783 0.542316 0.530686 0.542316 0.535199 0.542993 0.536101 0.542993 0.545126 0.543670 0.546029 0.543670 0.550542 0.544347 0.551444 0.544347 0.554152 0.545024 0.555054 0.545024 0.558664 0.545701 0.559567 0.545701 0.563177 0.546378 0.564079 0.546378 0.568592 0.547055 0.569495 0.547055 0.572202 0.547732 0.573105 0.547732 0.576715 0.548409 0.577617 0.548409 0.581227 0.549086 0.582130 0.549086 0.588448 0.549763 0.589350 0.549763 0.601083 0.550440 0.601986 0.550440 0.605596 0.549763 0.606498 0.549763 0.611011 0.549086 0.611913 0.549086 0.612816 0.544347 0.619134 0.544347 0.622744 0.545701 0.624549 0.547055 0.624549 0.547732 0.625451 0.550440 0.625451 0.551117 0.624549 0.553148 0.624549 0.553825 0.623646 0.555179 0.623646 0.555856 0.622744 0.556534 0.622744 0.559242 0.619134 0.559919 0.619134 0.561273 0.617329 0.561950 0.617329 0.562627 0.616426 0.563304 0.616426 0.565335 0.613718 0.565335 0.612816 0.566012 0.611913 0.566012 0.610108 0.566689 0.609206 0.566689 0.594765 0.566012 0.593863 0.566012 0.580325 0.565335 0.579422 0.565335 0.570397 0.564658 0.569495 0.564658 0.546931 0.565335 0.546029 0.565335 0.542419 0.566012 0.541516 0.566012 0.539711 0.566689 0.538809 0.566689 0.537906 0.567366 0.537004 0.567366 0.535199 0.568043 0.534296 0.568043 0.532491 0.568720 0.531588 0.569397 0.531588 0.570074 0.530686 0.570752 0.530686 0.571429 0.529783 0.572106 0.529783 0.572783 0.528881 0.573460 0.528881 0.573460 0.527978 0.574137 0.527076 0.574137 0.523466 0.574814 0.522563 0.574814 0.521661 0.574137 0.520758 0.574137 0.506318 0.574814 0.505415 0.574814 0.504513 0.574137 0.503610 0.574137 0.483755 0.573460 0.482852 0.573460 0.479242 0.572783 0.478339 0.572783 0.475632 0.572106 0.474729 0.572106 0.468412 0.571429 0.467509 0.571429 0.465704 0.570752 0.464801 0.570752 0.463899 0.570074 0.462996 0.570074 0.462094 0.569397 0.461191 0.569397 0.460289 0.568720 0.459386 0.568720 0.458484 0.566012 0.454874 0.566012 0.449458 0.566689 0.448556 0.566689 0.444946 0.567366 0.444043 0.567366 0.442238 0.568043 0.441336 0.568043 0.434116 0.567366 0.433213 0.567366 0.432310 0.566012 0.430505 0.566012 0.429603 0.563304 0.425993 0.561950 0.425993 0.561273 0.425090
0 0.610697 0.463899 0.610020 0.464801 0.609343 0.464801 0.607989 0.466606 0.607989 0.467509 0.607312 0.468412 0.607312 0.469314 0.606635 0.470217 0.606635 0.471119 0.605958 0.472022 0.605958 0.472924 0.605281 0.473827 0.605281 0.475632 0.604604 0.476534 0.604604 0.477437 0.603927 0.478339 0.603927 0.481949 0.602573 0.483755 0.602573 0.492780 0.601896 0.493682 0.601896 0.506318 0.602573 0.507220 0.602573 0.515343 0.603250 0.516245 0.603250 0.518953 0.604604 0.520758 0.605281 0.520758 0.605958 0.521661 0.606635 0.521661 0.607312 0.522563 0.607989 0.522563 0.608666 0.523466 0.609343 0.523466 0.610697 0.525271 0.610697 0.526173 0.611374 0.527076 0.611374 0.527978 0.612051 0.528881 0.612051 0.530686 0.612729 0.531588 0.612729 0.547834 0.613406 0.548736 0.617468 0.548736 0.618145 0.547834 0.619499 0.547834 0.619499 0.536101 0.618822 0.535199 0.618822 0.520758 0.618145 0.519856 0.618145 0.518953 0.617468 0.518051 0.617468 0.517148 0.614083 0.512635 0.614083 0.511733 0.610020 0.506318 0.610020 0.494585 0.610697 0.493682 0.610697 0.483755 0.612729 0.481047 0.612729 0.480144 0.614760 0.477437 0.615437 0.477437 0.616114 0.476534 0.616114 0.475632 0.616791 0.474729 0.616791 0.473827 0.617468 0.472924 0.617468 0.470217 0.616791 0.469314 0.616791 0.466606 0.615437 0.464801 0.614760 0.464801 0.614083 0.463899
1 0.448883 0.512635 0.448206 0.513538 0.447529 0.513538 0.446175 0.515343 0.446175 0.517148 0.445498 0.518051 0.445498 0.526173 0.446175 0.527076 0.446175 0.527978 0.447529 0.527978 0.448206 0.528881 0.450237 0.528881 0.450914 0.527978 0.452268 0.527978 0.452945 0.527076 0.453622 0.527076 0.454299 0.526173 0.454299 0.525271 0.454976 0.524368 0.454976 0.518051 0.454299 0.517148 0.454299 0.516245 0.452268 0.513538 0.450914 0.513538 0.450237 0.512635
1 0.351388 0.461191 0.350711 0.462094 0.349357 0.462094 0.348680 0.462996 0.347326 0.462996 0.346649 0.463899 0.346649 0.464801 0.345295 0.466606 0.345295 0.469314 0.344617 0.470217 0.345295 0.471119 0.345295 0.472924 0.345972 0.473827 0.345972 0.474729 0.346649 0.475632 0.346649 0.476534 0.348003 0.478339 0.348680 0.478339 0.350034 0.480144 0.350711 0.480144 0.351388 0.481047 0.352742 0.481047 0.353419 0.481949 0.356127 0.481949 0.356804 0.481047 0.358835 0.481047 0.361544 0.477437 0.361544 0.475632 0.362221 0.474729 0.362221 0.468412 0.361544 0.467509 0.361544 0.466606 0.360867 0.465704 0.360867 0.464801 0.360190 0.463899 0.359513 0.463899 0.358835 0.462996 0.358158 0.462996 0.357481 0.462094 0.356804 0.462094 0.356127 0.461191
1 0.580230 0.450361 0.579553 0.451264 0.576845 0.451264 0.576168 0.452166 0.574814 0.452166 0.572783 0.454874 0.572783 0.455776 0.572106 0.456679 0.572106 0.457581 0.571429 0.458484 0.571429 0.461191 0.572106 0.462094 0.572106 0.463899 0.572783 0.464801 0.572783 0.466606 0.573460 0.467509 0.573460 0.468412 0.574137 0.469314 0.574137 0.470217 0.574814 0.470217 0.580230 0.462996 0.580230 0.462094 0.580907 0.461191 0.583615 0.461191 0.584292 0.462094 0.585647 0.462094 0.586324 0.461191 0.587001 0.461191 0.587678 0.460289 0.587678 0.459386 0.587001 0.458484 0.587001 0.456679 0.586324 0.455776 0.586324 0.454874 0.585647 0.453971 0.585647 0.453069 0.584970 0.452166 0.584292 0.452166 0.583615 0.451264 0.582261 0.451264 0.581584 0.450361
1 0.554502 0.425090 0.553825 0.425993 0.553148 0.425993 0.552471 0.426895 0.551794 0.426895 0.550440 0.428700 0.550440 0.429603 0.549763 0.430505 0.549763 0.431408 0.549086 0.432310 0.549086 0.433213 0.548409 0.434116 0.548409 0.435018 0.547732 0.435921 0.547732 0.436823 0.546378 0.438628 0.546378 0.439531 0.545024 0.441336 0.545024 0.444946 0.545701 0.444946 0.546378 0.445848 0.547732 0.445848 0.548409 0.444946 0.551117 0.444946 0.551794 0.444043 0.555179 0.444043 0.555856 0.443141 0.559242 0.443141 0.559919 0.442238 0.565335 0.442238 0.566012 0.441336 0.567366 0.441336 0.568043 0.440433 0.568043 0.439531 0.568720 0.438628 0.568720 0.435921 0.568043 0.435018 0.568043 0.434116 0.567366 0.433213 0.567366 0.431408 0.563304 0.425993 0.562627 0.425993 0.561950 0.425090
1 0.611374 0.463899 0.610697 0.464801 0.609343 0.464801 0.607989 0.466606 0.607989 0.467509 0.607312 0.468412 0.607312 0.471119 0.609343 0.473827 0.610020 0.473827 0.610697 0.474729 0.611374 0.474729 0.612051 0.475632 0.614760 0.475632 0.615437 0.476534 0.617468 0.473827 0.617468 0.469314 0.616791 0.468412 0.616791 0.466606 0.615437 0.464801 0.614760 0.464801 0.614083 0.463899
2 0.608666 0.542419 0.605958 0.546029 0.605958 0.547834 0.605281 0.548736 0.605281 0.549639 0.607989 0.549639 0.608666 0.550542 0.612729 0.550542 0.613406 0.549639 0.614760 0.549639 0.614760 0.548736 0.616114 0.546931 0.615437 0.546029 0.614760 0.546029 0.614083 0.545126 0.613406 0.545126 0.612051 0.543321 0.610697 0.543321 0.610020 0.542419
2 0.580230 0.592058 0.579553 0.592960 0.578199 0.592960 0.577522 0.593863 0.576845 0.593863 0.576168 0.594765 0.574814 0.594765 0.574137 0.595668 0.573460 0.595668 0.572106 0.597473 0.571429 0.597473 0.570752 0.598375 0.570074 0.598375 0.570074 0.601986 0.570752 0.601986 0.571429 0.602888 0.574137 0.602888 0.574814 0.603791 0.584292 0.603791 0.584970 0.602888 0.587678 0.602888 0.588355 0.601986 0.590386 0.601986 0.590386 0.598375 0.589709 0.597473 0.589709 0.596570 0.589032 0.595668 0.588355 0.595668 0.587678 0.594765 0.585647 0.594765 0.584970 0.593863 0.583615 0.593863 0.582938 0.592960 0.582261 0.592960 0.581584 0.592058
2 0.487475 0.629061 0.484089 0.633574 0.484089 0.637184 0.484766 0.637184 0.485443 0.638087 0.486121 0.638087 0.487475 0.639892 0.489506 0.639892 0.490183 0.640794 0.501693 0.640794 0.502370 0.639892 0.503047 0.639892 0.505078 0.637184 0.505078 0.633574 0.503724 0.631769 0.501016 0.631769 0.499661 0.633574 0.498984 0.633574 0.498307 0.634477 0.496953 0.634477 0.496276 0.633574 0.494245 0.633574 0.493568 0.632671 0.492891 0.632671 0.490860 0.629964 0.489506 0.629964 0.488829 0.629061
2 0.521327 0.626354 0.520650 0.627256 0.519973 0.627256 0.519296 0.628159 0.511848 0.628159 0.510494 0.629964 0.510494 0.630866 0.508463 0.633574 0.508463 0.634477 0.509817 0.636282 0.510494 0.636282 0.511848 0.638087 0.512525 0.638087 0.513202 0.638989 0.513879 0.638989 0.514557 0.639892 0.518619 0.639892 0.519296 0.638989 0.519973 0.638989 0.520650 0.638087 0.521327 0.638087 0.522004 0.637184 0.522681 0.637184 0.523358 0.636282 0.523358 0.635379 0.524035 0.634477 0.524035 0.628159 0.523358 0.627256 0.523358 0.626354
2 0.551117 0.611913 0.550440 0.612816 0.549763 0.612816 0.549086 0.613718 0.548409 0.613718 0.547732 0.614621 0.546378 0.614621 0.545701 0.615523 0.545024 0.615523 0.544347 0.616426 0.544347 0.617329 0.542993 0.619134 0.542993 0.622744 0.545024 0.625451 0.545701 0.625451 0.546378 0.626354 0.551117 0.626354 0.551794 0.625451 0.553825 0.625451 0.554502 0.624549 0.555856 0.624549 0.556534 0.623646 0.557211 0.623646 0.557888 0.622744 0.558565 0.622744 0.559919 0.620939 0.560596 0.620939 0.561273 0.620036 0.561950 0.620036 0.562627 0.619134 0.562627 0.617329 0.563304 0.616426 0.563304 0.615523 0.562627 0.614621 0.561950 0.614621 0.561273 0.613718 0.559242 0.613718 0.558565 0.612816 0.555856 0.612816 0.555179 0.611913
2 0.595125 0.592058 0.594448 0.592960 0.593094 0.592960 0.592417 0.593863 0.591740 0.593863 0.591063 0.594765 0.590386 0.594765 0.589709 0.595668 0.589709 0.596570 0.589032 0.597473 0.589032 0.599278 0.591063 0.601986 0.595802 0.601986 0.596479 0.601083 0.597156 0.601083 0.598510 0.599278 0.598510 0.596570 0.597833 0.595668 0.597833 0.594765 0.595802 0.592058
2 0.615437 0.543321 0.614760 0.544224 0.614083 0.544224 0.612729 0.546029 0.612729 0.549639 0.618145 0.549639 0.618822 0.548736 0.619499 0.548736 0.620853 0.546931 0.620853 0.546029 0.620176 0.545126 0.620176 0.544224 0.619499 0.543321