0 0.470548 0.419675 0.469871 0.420578 0.468517 0.420578 0.467840 0.421480 0.466486 0.421480 0.464455 0.424188 0.463778 0.424188 0.463101 0.425090 0.463101 0.425993 0.461747 0.427798 0.461747 0.431408 0.461070 0.432310 0.461070 0.434116 0.460393 0.435018 0.461747 0.435018 0.462424 0.435921 0.481381 0.435921 0.482058 0.436823 0.484766 0.436823 0.485443 0.437726 0.486798 0.437726 0.487475 0.438628 0.490860 0.438628 0.491537 0.437726 0.491537 0.436823 0.492214 0.435921 0.492214 0.434116 0.492891 0.433213 0.492891 0.432310 0.493568 0.431408 0.493568 0.425090 0.492214 0.423285 0.492214 0.422383 0.490860 0.420578 0.486121 0.420578 0.485443 0.421480 0.480704 0.421480 0.480027 0.420578 0.477996 0.420578 0.477319 0.419675
0 0.518619 0.457581 0.518619 0.458484 0.517942 0.459386 0.517942 0.460289 0.516588 0.462094 0.516588 0.465704 0.517265 0.466606 0.516588 0.467509 0.516588 0.470217 0.517942 0.470217 0.518619 0.471119 0.519296 0.471119 0.519973 0.470217 0.520650 0.470217 0.520650 0.469314 0.522681 0.466606 0.522681 0.460289 0.522004 0.459386 0.522004 0.458484 0.519973 0.458484 0.519296 0.457581
0 0.513879 0.413357 0.513202 0.414260 0.511848 0.414260 0.511171 0.415162 0.511171 0.416065 0.510494 0.416968 0.510494 0.418773 0.509817 0.419675 0.509817 0.420578 0.508463 0.422383 0.508463 0.425993 0.509140 0.426895 0.509140 0.427798 0.513202 0.433213 0.513202 0.434116 0.514557 0.435921 0.514557 0.436823 0.515234 0.437726 0.515234 0.439531 0.515911 0.440433 0.515911 0.442238 0.516588 0.443141 0.516588 0.447653 0.517265 0.448556 0.517265 0.450361 0.517942 0.451264 0.517942 0.452166 0.518619 0.453069 0.518619 0.454874 0.519296 0.454874 0.519973 0.453971 0.519973 0.453069 0.522004 0.450361 0.522004 0.449458 0.522681 0.448556 0.522681 0.445848 0.523358 0.444946 0.523358 0.442238 0.525389 0.439531 0.527420 0.442238 0.527420 0.444043 0.528775 0.445848 0.529452 0.445848 0.530129 0.446751 0.530806 0.446751 0.531483 0.447653 0.533514 0.447653 0.533514 0.446751 0.534191 0.445848 0.532837 0.444043 0.532837 0.442238 0.530806 0.439531 0.530806 0.438628 0.526066 0.432310 0.526066 0.431408 0.524035 0.428700 0.524035 0.427798 0.522004 0.425090 0.521327 0.425090 0.518619 0.421480 0.518619 0.419675 0.517942 0.418773 0.517942 0.416968 0.517265 0.416065 0.517265 0.415162 0.516588 0.414260 0.515911 0.414260 0.515234 0.413357
0 0.340555 0.389892 0.338524 0.392599 0.338524 0.393502 0.337847 0.394404 0.337847 0.403430 0.337170 0.404332 0.337170 0.405235 0.336493 0.406137 0.336493 0.407040 0.335816 0.407942 0.335816 0.408845 0.334462 0.410650 0.334462 0.411552 0.333108 0.413357 0.332431 0.413357 0.330399 0.416065 0.330399 0.416968 0.329722 0.417870 0.329722 0.419675 0.329045 0.420578 0.329045 0.425993 0.329722 0.426895 0.329722 0.430505 0.330399 0.431408 0.330399 0.435921 0.331077 0.436823 0.331077 0.438628 0.333785 0.442238 0.334462 0.442238 0.335139 0.443141 0.340555 0.443141 0.342586 0.440433 0.342586 0.439531 0.343263 0.438628 0.343263 0.437726 0.343940 0.436823 0.343940 0.435921 0.344617 0.435018 0.344617 0.433213 0.345295 0.432310 0.345295 0.427798 0.345972 0.426895 0.345972 0.406137 0.345295 0.405235 0.345295 0.403430 0.347326 0.400722 0.347326 0.399819 0.348003 0.398917 0.348003 0.393502 0.346649 0.391697 0.345972 0.391697 0.344617 0.389892
0 0.282329 0.442238 0.281652 0.443141 0.278944 0.443141 0.278267 0.444043 0.277590 0.444043 0.276913 0.444946 0.276236 0.444946 0.276236 0.445848 0.275559 0.446751 0.275559 0.452166 0.276236 0.453069 0.276236 0.455776 0.276913 0.456679 0.276913 0.457581 0.279621 0.461191 0.280975 0.461191 0.281652 0.462094 0.286391 0.462094 0.287068 0.461191 0.290454 0.461191 0.291131 0.460289 0.292485 0.460289 0.293162 0.459386 0.293839 0.459386 0.295193 0.457581 0.295193 0.455776 0.295870 0.454874 0.295870 0.449458 0.295193 0.448556 0.294516 0.448556 0.293839 0.447653 0.293162 0.447653 0.292485 0.446751 0.291808 0.446751 0.289777 0.444043 0.285714 0.444043 0.285037 0.443141 0.283006 0.443141
0 0.285037 0.424188 0.284360 0.425090 0.283006 0.425090 0.282329 0.425993 0.282329 0.426895 0.281652 0.427798 0.281652 0.432310 0.280975 0.433213 0.280975 0.435018 0.282329 0.436823 0.287745 0.436823 0.289100 0.435018 0.289100 0.433213 0.289777 0.432310 0.289777 0.430505 0.289100 0.429603 0.289100 0.426895 0.287745 0.425090 0.287068 0.425090 0.286391 0.424188
0 0.223426 0.439531 0.222749 0.440433 0.220041 0.440433 0.219364 0.441336 0.219364 0.443141 0.218687 0.444043 0.218687 0.447653 0.219364 0.448556 0.219364 0.454874 0.220041 0.455776 0.220041 0.457581 0.220718 0.458484 0.220718 0.459386 0.223426 0.462996 0.226134 0.462996 0.226811 0.463899 0.232227 0.463899 0.232905 0.464801 0.234936 0.464801 0.236290 0.462996 0.236290 0.460289 0.235613 0.459386 0.235613 0.458484 0.234936 0.457581 0.234936 0.455776 0.234259 0.454874 0.234259 0.450361 0.234936 0.449458 0.234936 0.447653 0.235613 0.446751 0.235613 0.442238 0.234936 0.441336 0.234259 0.441336 0.233582 0.440433 0.231550 0.440433 0.230873 0.439531 0.228842 0.439531 0.228165 0.440433 0.225457 0.440433 0.224780 0.439531
0 0.226134 0.424188 0.225457 0.425090 0.223426 0.425090 0.223426 0.425993 0.222072 0.427798 0.222072 0.430505 0.221395 0.431408 0.222072 0.432310 0.222072 0.433213 0.222749 0.433213 0.223426 0.434116 0.226134 0.434116 0.226811 0.435018 0.227488 0.435018 0.228165 0.434116 0.230873 0.434116 0.230873 0.433213 0.231550 0.432310 0.231550 0.431408 0.230873 0.430505 0.230873 0.427798 0.228842 0.425090 0.228165 0.425090 0.227488 0.424188
0 0.017603 0.381769 0.016926 0.382671 0.014895 0.382671 0.013541 0.384477 0.013541 0.385379 0.012864 0.386282 0.012864 0.398917 0.012187 0.399819 0.012187 0.401625 0.011510 0.402527 0.011510 0.403430 0.010833 0.404332 0.010833 0.415162 0.010156 0.416065 0.010156 0.428700 0.009479 0.429603 0.009479 0.438628 0.010156 0.439531 0.010156 0.441336 0.010833 0.442238 0.010833 0.444043 0.011510 0.444946 0.011510 0.446751 0.012187 0.447653 0.012187 0.450361 0.012864 0.451264 0.012864 0.457581 0.012187 0.458484 0.012187 0.460289 0.011510 0.461191 0.011510 0.469314 0.012187 0.470217 0.013541 0.468412 0.014218 0.468412 0.014895 0.467509 0.017603 0.467509 0.018280 0.466606 0.019634 0.468412 0.019634 0.469314 0.020311 0.470217 0.025728 0.470217 0.027082 0.468412 0.027082 0.466606 0.027759 0.465704 0.027759 0.464801 0.029790 0.462094 0.030467 0.462094 0.031821 0.460289 0.033175 0.460289 0.033852 0.459386 0.034529 0.459386 0.038592 0.453971 0.039269 0.453971 0.040623 0.452166 0.040623 0.451264 0.041300 0.450361 0.041300 0.448556 0.040623 0.447653 0.040623 0.446751 0.032498 0.435921 0.031821 0.435921 0.030467 0.434116 0.029790 0.434116 0.027759 0.431408 0.027759 0.427798 0.028436 0.426895 0.028436 0.425993 0.029113 0.425090 0.032498 0.425090 0.033852 0.423285 0.033852 0.421480 0.032498 0.419675 0.031821 0.419675 0.029113 0.416065 0.028436 0.416065 0.025051 0.411552 0.025051 0.410650 0.024374 0.409747 0.024374 0.408845 0.023697 0.407942 0.023697 0.407040 0.023020 0.406137 0.023020 0.405235 0.022343 0.404332 0.022343 0.403430 0.023020 0.402527 0.023020 0.398917 0.023697 0.398014 0.023697 0.395307 0.024374 0.394404 0.024374 0.392599 0.025051 0.391697 0.025051 0.388989 0.024374 0.388087 0.024374 0.386282 0.022343 0.383574 0.021666 0.383574 0.020988 0.382671 0.020311 0.382671 0.019634 0.381769
0 0.501016 0.427798 0.499661 0.429603 0.498984 0.429603 0.498307 0.430505 0.497630 0.430505 0.496276 0.432310 0.496276 0.433213 0.495599 0.434116 0.495599 0.435018 0.494245 0.436823 0.494245 0.439531 0.492891 0.441336 0.489506 0.441336 0.488829 0.440433 0.488152 0.440433 0.487475 0.439531 0.484766 0.439531 0.484089 0.438628 0.482735 0.438628 0.482058 0.437726 0.480704 0.437726 0.480027 0.436823 0.462424 0.436823 0.461747 0.437726 0.459716 0.437726 0.459039 0.438628 0.458362 0.438628 0.457007 0.440433 0.456330 0.440433 0.454976 0.442238 0.454299 0.442238 0.451591 0.445848 0.450914 0.445848 0.447529 0.450361 0.447529 0.451264 0.446175 0.453069 0.446175 0.453971 0.445498 0.454874 0.445498 0.463899 0.446175 0.464801 0.446175 0.466606 0.447529 0.468412 0.447529 0.469314 0.448206 0.470217 0.448206 0.471119 0.448883 0.472022 0.448883 0.472924 0.450914 0.475632 0.450914 0.476534 0.451591 0.477437 0.451591 0.478339 0.452268 0.479242 0.452268 0.480144 0.452945 0.481047 0.452945 0.482852 0.453622 0.483755 0.453622 0.484657 0.454299 0.485560 0.454299 0.487365 0.454976 0.488267 0.454976 0.489170 0.455653 0.490072 0.455653 0.490975 0.456330 0.491877 0.456330 0.492780 0.458362 0.495487 0.458362 0.496390 0.459039 0.497292 0.459039 0.498195 0.459716 0.499097 0.459716 0.500903 0.461070 0.502708 0.461070 0.504513 0.461747 0.505415 0.461747 0.509025 0.461070 0.509928 0.461070 0.512635 0.459716 0.514440 0.459716 0.520758 0.459039 0.521661 0.459039 0.527978 0.459716 0.528881 0.459716 0.529783 0.461747 0.529783 0.462424 0.530686 0.463778 0.530686 0.464455 0.529783 0.467840 0.529783 0.469871 0.532491 0.469871 0.533394 0.470548 0.534296 0.470548 0.536101 0.471903 0.537906 0.473257 0.537906 0.473934 0.538809 0.479350 0.538809 0.480027 0.537906 0.481381 0.537906 0.481381 0.537004 0.482058 0.536101 0.482058 0.527076 0.481381 0.526173 0.481381 0.515343 0.482058 0.514440 0.482058 0.510830 0.482735 0.509928 0.482735 0.509025 0.484089 0.507220 0.484766 0.508123 0.485443 0.508123 0.486121 0.509025 0.487475 0.509025 0.492891 0.516245 0.493568 0.516245 0.497630 0.521661 0.497630 0.522563 0.498307 0.523466 0.498984 0.523466 0.499661 0.524368 0.499661 0.525271 0.501693 0.527978 0.503724 0.527978 0.504401 0.528881 0.505078 0.528881 0.505755 0.527978 0.507109 0.527978 0.507786 0.527076 0.508463 0.527076 0.508463 0.526173 0.509140 0.525271 0.508463 0.524368 0.508463 0.521661 0.506432 0.518953 0.506432 0.518051 0.505078 0.516245 0.504401 0.516245 0.503047 0.514440 0.502370 0.514440 0.499661 0.510830 0.498984 0.510830 0.488829 0.497292 0.488829 0.496390 0.488152 0.495487 0.488152 0.494585 0.486798 0.492780 0.486798 0.491877 0.486121 0.490975 0.486121 0.490072 0.485443 0.489170 0.485443 0.486462 0.484766 0.485560 0.484766 0.481047 0.485443 0.480144 0.485443 0.479242 0.486121 0.478339 0.486798 0.478339 0.487475 0.477437 0.492214 0.477437 0.492891 0.476534 0.493568 0.476534 0.494245 0.475632 0.494922 0.475632 0.495599 0.474729 0.496953 0.474729 0.497630 0.473827 0.498307 0.473827 0.498984 0.474729 0.499661 0.474729 0.500339 0.475632 0.501016 0.475632 0.503724 0.479242 0.503724 0.480144 0.505755 0.482852 0.505755 0.483755 0.507109 0.485560 0.507109 0.486462 0.507786 0.487365 0.507786 0.488267 0.508463 0.489170 0.508463 0.490072 0.509817 0.491877 0.509817 0.492780 0.510494 0.493682 0.510494 0.494585 0.511171 0.495487 0.511171 0.496390 0.517265 0.504513 0.517265 0.505415 0.518619 0.507220 0.518619 0.508123 0.519296 0.508123 0.519973 0.509025 0.519973 0.509928 0.522004 0.512635 0.522004 0.513538 0.522681 0.513538 0.523358 0.514440 0.523358 0.515343 0.524035 0.516245 0.524035 0.518051 0.524712 0.518953 0.524712 0.519856 0.525389 0.520758 0.525389 0.521661 0.526066 0.522563 0.526743 0.522563 0.527420 0.523466 0.528097 0.523466 0.528775 0.524368 0.529452 0.524368 0.530129 0.525271 0.534191 0.525271 0.534868 0.526173 0.535545 0.526173 0.536222 0.525271 0.537576 0.525271 0.537576 0.524368 0.538930 0.522563 0.538930 0.521661 0.536222 0.518051 0.535545 0.518051 0.534868 0.517148 0.534191 0.517148 0.532837 0.515343 0.532160 0.515343 0.531483 0.514440 0.530806 0.514440 0.529452 0.512635 0.529452 0.511733 0.528097 0.509928 0.528097 0.509025 0.527420 0.508123 0.527420 0.507220 0.526743 0.506318 0.526743 0.505415 0.526066 0.504513 0.526066 0.503610 0.524035 0.500903 0.524035 0.500000 0.522681 0.498195 0.522681 0.497292 0.521327 0.495487 0.521327 0.494585 0.520650 0.493682 0.520650 0.492780 0.519973 0.491877 0.519973 0.490975 0.519296 0.490072 0.519296 0.489170 0.518619 0.488267 0.518619 0.487365 0.517265 0.485560 0.517265 0.484657 0.516588 0.483755 0.516588 0.482852 0.515911 0.481949 0.515911 0.480144 0.514557 0.478339 0.514557 0.477437 0.513879 0.476534 0.513879 0.475632 0.513202 0.474729 0.513202 0.473827 0.512525 0.472924 0.512525 0.471119 0.511848 0.470217 0.511848 0.467509 0.511171 0.466606 0.511171 0.463899 0.510494 0.462996 0.511171 0.462094 0.511171 0.459386 0.511848 0.458484 0.513202 0.458484 0.513879 0.457581 0.515234 0.457581 0.515911 0.456679 0.515911 0.454874 0.516588 0.453971 0.516588 0.445848 0.515911 0.444946 0.515911 0.442238 0.515234 0.441336 0.515234 0.439531 0.513879 0.437726 0.513879 0.436823 0.513202 0.435921 0.513202 0.435018 0.512525 0.434116 0.512525 0.433213 0.511171 0.431408 0.510494 0.431408 0.507786 0.427798
0 0.379824 0.422383 0.379147 0.423285 0.377116 0.423285 0.376439 0.424188 0.375085 0.424188 0.374408 0.425090 0.373731 0.425090 0.373053 0.425993 0.372376 0.425993 0.371022 0.427798 0.370345 0.427798 0.368991 0.429603 0.368991 0.430505 0.367637 0.432310 0.367637 0.441336 0.368314 0.442238 0.368314 0.444043 0.368991 0.444946 0.368991 0.445848 0.369668 0.446751 0.370345 0.446751 0.372376 0.449458 0.373731 0.449458 0.374408 0.450361 0.375085 0.450361 0.375762 0.451264 0.375762 0.452166 0.376439 0.453069 0.376439 0.456679 0.377116 0.457581 0.377116 0.461191 0.377793 0.462094 0.377793 0.462996 0.378470 0.463899 0.378470 0.464801 0.379824 0.466606 0.379824 0.468412 0.379824 0.467509 0.380501 0.466606 0.381178 0.466606 0.381855 0.465704 0.384563 0.465704 0.385240 0.464801 0.390657 0.464801 0.391334 0.463899 0.392011 0.463899 0.392688 0.462996 0.394042 0.462996 0.395396 0.464801 0.395396 0.485560 0.396073 0.486462 0.396073 0.487365 0.396750 0.488267 0.403521 0.488267 0.404198 0.489170 0.404875 0.489170 0.405552 0.488267 0.407583 0.488267 0.407583 0.487365 0.406229 0.487365 0.405552 0.486462 0.404198 0.486462 0.403521 0.485560 0.402844 0.485560 0.401490 0.483755 0.401490 0.482852 0.400812 0.481949 0.400812 0.475632 0.401490 0.474729 0.401490 0.472022 0.402844 0.470217 0.402844 0.469314 0.404198 0.467509 0.404198 0.464801 0.404875 0.463899 0.404875 0.460289 0.405552 0.459386 0.405552 0.456679 0.406229 0.455776 0.406229 0.453971 0.406906 0.453069 0.406906 0.452166 0.407583 0.451264 0.407583 0.450361 0.408937 0.448556 0.408937 0.447653 0.409614 0.446751 0.410291 0.446751 0.410968 0.445848 0.412322 0.445848 0.412999 0.444946 0.414353 0.444946 0.415030 0.444043 0.417739 0.444043 0.419093 0.442238 0.419093 0.441336 0.419770 0.440433 0.419770 0.439531 0.421124 0.437726 0.421124 0.435921 0.421801 0.435018 0.421801 0.432310 0.421124 0.431408 0.421124 0.430505 0.420447 0.429603 0.420447 0.428700 0.417739 0.425090 0.417062 0.425090 0.416385 0.424188 0.411645 0.424188 0.410968 0.425090 0.408937 0.425090 0.407583 0.426895 0.406906 0.426895 0.406229 0.427798 0.405552 0.427798 0.404875 0.428700 0.403521 0.428700 0.402844 0.427798 0.401490 0.427798 0.400812 0.426895 0.400135 0.426895 0.399458 0.425993 0.398781 0.425993 0.398104 0.425090 0.397427 0.425090 0.396750 0.424188 0.395396 0.424188 0.394719 0.423285 0.390657 0.423285 0.389980 0.422383
1 0.016926 0.381769 0.016249 0.382671 0.014895 0.382671 0.013541 0.384477 0.013541 0.385379 0.012864 0.386282 0.012864 0.390794 0.013541 0.391697 0.015572 0.391697 0.016249 0.392599 0.020311 0.392599 0.020988 0.393502 0.023697 0.393502 0.024374 0.392599 0.025051 0.392599 0.025051 0.388989 0.024374 0.388087 0.024374 0.386282 0.021666 0.382671 0.020988 0.382671 0.020311 0.381769
1 0.340555 0.389892 0.337847 0.393502 0.337847 0.398014 0.338524 0.398917 0.338524 0.399819 0.339201 0.399819 0.339878 0.400722 0.341232 0.400722 0.341909 0.401625 0.345295 0.401625 0.345972 0.400722 0.346649 0.400722 0.348003 0.398917 0.348003 0.398014 0.348680 0.397112 0.348003 0.396209 0.348003 0.393502 0.345972 0.390794 0.345295 0.390794 0.344617 0.389892
1 0.284360 0.424188 0.283683 0.425090 0.283006 0.425090 0.281652 0.426895 0.281652 0.432310 0.282329 0.433213 0.288422 0.433213 0.289100 0.432310 0.289100 0.426895 0.287745 0.425090 0.287068 0.425090 0.286391 0.424188
1 0.225457 0.424188 0.224780 0.425090 0.223426 0.425090 0.222749 0.425993 0.222749 0.426895 0.222072 0.427798 0.222072 0.430505 0.221395 0.431408 0.222072 0.432310 0.222749 0.432310 0.223426 0.433213 0.230196 0.433213 0.230873 0.432310 0.230873 0.427798 0.228842 0.425090 0.228165 0.425090 0.227488 0.424188
1 0.503724 0.426895 0.503047 0.427798 0.500339 0.427798 0.498984 0.429603 0.498307 0.429603 0.497630 0.430505 0.496953 0.430505 0.494245 0.434116 0.494245 0.435018 0.493568 0.435921 0.493568 0.437726 0.492891 0.438628 0.493568 0.439531 0.493568 0.440433 0.494245 0.441336 0.494922 0.441336 0.495599 0.442238 0.496953 0.442238 0.497630 0.443141 0.500339 0.443141 0.501693 0.444946 0.503047 0.443141 0.505755 0.443141 0.507109 0.444946 0.507786 0.444946 0.508463 0.445848 0.508463 0.446751 0.509140 0.447653 0.509140 0.448556 0.509817 0.449458 0.509140 0.450361 0.509140 0.455776 0.511848 0.459386 0.512525 0.459386 0.513202 0.458484 0.515234 0.458484 0.515911 0.457581 0.515911 0.456679 0.516588 0.455776 0.516588 0.443141 0.515911 0.442238 0.515911 0.439531 0.515234 0.438628 0.515234 0.437726 0.514557 0.436823 0.514557 0.435921 0.513202 0.434116 0.513202 0.433213 0.511171 0.430505 0.510494 0.430505 0.508463 0.427798 0.506432 0.427798 0.505755 0.426895
1 0.410968 0.424188 0.410291 0.425090 0.409614 0.425090 0.408937 0.425993 0.408937 0.426895 0.408260 0.427798 0.408260 0.430505 0.408937 0.431408 0.408937 0.432310 0.410291 0.434116 0.410291 0.435018 0.410968 0.435018 0.411645 0.435921 0.411645 0.436823 0.412999 0.438628 0.412999 0.441336 0.412322 0.442238 0.412999 0.443141 0.412999 0.444043 0.413676 0.444946 0.417062 0.444946 0.417739 0.444043 0.418416 0.444043 0.419770 0.442238 0.419770 0.441336 0.420447 0.440433 0.420447 0.439531 0.421124 0.438628 0.421124 0.436823 0.421801 0.435921 0.421801 0.431408 0.421124 0.430505 0.421124 0.429603 0.420447 0.428700 0.420447 0.427798 0.418416 0.425090 0.417739 0.425090 0.417062 0.424188
1 0.487475 0.420578 0.486798 0.421480 0.485443 0.421480 0.485443 0.422383 0.484766 0.423285 0.484766 0.424188 0.484089 0.425090 0.484089 0.429603 0.484766 0.429603 0.486121 0.431408 0.487475 0.431408 0.488152 0.432310 0.491537 0.432310 0.492214 0.431408 0.492891 0.431408 0.493568 0.430505 0.493568 0.429603 0.494245 0.428700 0.494245 0.427798 0.493568 0.426895 0.493568 0.425090 0.492891 0.424188 0.492891 0.423285 0.492214 0.422383 0.492214 0.421480 0.491537 0.421480 0.490860 0.420578
1 0.512525 0.413357 0.511848 0.414260 0.511171 0.414260 0.511171 0.415162 0.510494 0.416065 0.510494 0.416968 0.509817 0.417870 0.509817 0.419675 0.509140 0.420578 0.509140 0.421480 0.509817 0.422383 0.515234 0.422383 0.515911 0.421480 0.518619 0.421480 0.517942 0.420578 0.517942 0.416968 0.517265 0.416065 0.517265 0.415162 0.516588 0.414260 0.515911 0.414260 0.515234 0.413357
2 0.462424 0.504513 0.461747 0.505415 0.461747 0.506318 0.461070 0.507220 0.461070 0.509928 0.460393 0.510830 0.460393 0.511733 0.459716 0.512635 0.459716 0.517148 0.459039 0.518051 0.459039 0.521661 0.458362 0.522563 0.458362 0.528881 0.459716 0.530686 0.461070 0.530686 0.461747 0.531588 0.467163 0.531588 0.468517 0.529783 0.468517 0.527978 0.469194 0.527076 0.469194 0.521661 0.468517 0.520758 0.468517 0.513538 0.467840 0.512635 0.467840 0.510830 0.467163 0.509928 0.467163 0.509025 0.465809 0.507220 0.465132 0.507220 0.463778 0.505415 0.463778 0.504513
2 0.397427 0.471119 0.396750 0.472022 0.396750 0.473827 0.396073 0.474729 0.396073 0.476534 0.395396 0.477437 0.395396 0.480144 0.394719 0.481047 0.394719 0.486462 0.395396 0.487365 0.395396 0.488267 0.396073 0.489170 0.396750 0.489170 0.397427 0.490072 0.401490 0.490072 0.402167 0.490975 0.407583 0.490975 0.408260 0.490072 0.408260 0.489170 0.408937 0.488267 0.408937 0.487365 0.407583 0.485560 0.405552 0.485560 0.404875 0.484657 0.404198 0.484657 0.403521 0.483755 0.402844 0.483755 0.402167 0.482852 0.402167 0.481949 0.401490 0.481047 0.401490 0.479242 0.400812 0.478339 0.400812 0.476534 0.400135 0.475632 0.400135 0.474729
2 0.022343 0.463899 0.021666 0.464801 0.020988 0.464801 0.019634 0.466606 0.019634 0.467509 0.018957 0.468412 0.018957 0.470217 0.019634 0.471119 0.019634 0.472022 0.020988 0.473827 0.026405 0.473827 0.027082 0.472924 0.028436 0.472924 0.028436 0.472022 0.029113 0.471119 0.029113 0.469314 0.028436 0.468412 0.028436 0.466606 0.027082 0.464801 0.026405 0.464801 0.025728 0.463899
2 0.476642 0.508123 0.475965 0.509025 0.475288 0.509025 0.474611 0.509928 0.473934 0.509928 0.473257 0.510830 0.471903 0.510830 0.471225 0.511733 0.469871 0.511733 0.469871 0.512635 0.469194 0.513538 0.469194 0.529783 0.469871 0.530686 0.469871 0.535199 0.470548 0.536101 0.470548 0.537004 0.471903 0.538809 0.472580 0.538809 0.473257 0.539711 0.480704 0.539711 0.482735 0.537004 0.482735 0.533394 0.482058 0.532491 0.482058 0.522563 0.481381 0.521661 0.481381 0.512635 0.482058 0.511733 0.482058 0.510830 0.481381 0.509928 0.481381 0.508123
2 0.379824 0.462996 0.378470 0.464801 0.378470 0.465704 0.377793 0.466606 0.377793 0.469314 0.378470 0.470217 0.378470 0.479242 0.377793 0.480144 0.377793 0.481047 0.378470 0.481949 0.378470 0.493682 0.379824 0.495487 0.393365 0.495487 0.394719 0.493682 0.394719 0.485560 0.394042 0.484657 0.394042 0.471119 0.394719 0.470217 0.394042 0.469314 0.394042 0.468412 0.393365 0.467509 0.393365 0.466606 0.392011 0.464801 0.391334 0.464801 0.390657 0.463899 0.387949 0.463899 0.387271 0.462996