0 0.726534 0.501693 0.725632 0.502370 0.719314 0.502370 0.718412 0.503047 0.715704 0.503047 0.714801 0.503724 0.712996 0.503724 0.712094 0.504401 0.711191 0.504401 0.707581 0.507109 0.707581 0.507786 0.704874 0.509817 0.704874 0.510494 0.702166 0.512525 0.702166 0.513879 0.701264 0.514557 0.701264 0.517942 0.702166 0.518619 0.701264 0.519296 0.701264 0.524035 0.702166 0.524712 0.702166 0.529452 0.703069 0.530129 0.703069 0.532160 0.703971 0.532837 0.703971 0.533514 0.704874 0.534191 0.704874 0.535545 0.706679 0.536899 0.706679 0.537576 0.707581 0.538253 0.707581 0.539607 0.708484 0.540284 0.708484 0.540961 0.709386 0.541638 0.709386 0.542316 0.710289 0.542993 0.709386 0.543670 0.709386 0.544347 0.708484 0.545024 0.708484 0.545701 0.706679 0.547055 0.706679 0.547732 0.700361 0.552471 0.699458 0.552471 0.697653 0.553825 0.696751 0.553825 0.693141 0.556534 0.692238 0.556534 0.692238 0.557211 0.689531 0.559242 0.689531 0.559919 0.688628 0.560596 0.688628 0.561273 0.687726 0.561950 0.687726 0.562627 0.686823 0.563304 0.686823 0.564658 0.685921 0.565335 0.685921 0.566689 0.685018 0.567366 0.685018 0.570074 0.684116 0.570752 0.684116 0.572783 0.683213 0.573460 0.683213 0.576845 0.682310 0.577522 0.682310 0.581584 0.681408 0.582261 0.681408 0.586324 0.680505 0.587001 0.680505 0.591063 0.679603 0.591740 0.679603 0.596479 0.678700 0.597156 0.678700 0.602573 0.677798 0.603250 0.677798 0.605958 0.676895 0.606635 0.676895 0.612729 0.675993 0.613406 0.675993 0.616791 0.675090 0.617468 0.675090 0.622207 0.674188 0.622884 0.674188 0.634394 0.673285 0.635071 0.673285 0.646581 0.672383 0.647258 0.672383 0.654705 0.673285 0.655383 0.673285 0.658091 0.675090 0.659445 0.675090 0.660122 0.677798 0.662153 0.678700 0.662153 0.679603 0.662830 0.681408 0.662830 0.682310 0.663507 0.683213 0.663507 0.685018 0.664861 0.685018 0.666892 0.685921 0.667569 0.685921 0.682464 0.685018 0.683142 0.685018 0.693297 0.684116 0.693974 0.684116 0.700745 0.683213 0.701422 0.683213 0.704807 0.682310 0.705484 0.682310 0.708192 0.681408 0.708869 0.681408 0.710900 0.680505 0.711578 0.680505 0.713609 0.679603 0.714286 0.679603 0.716994 0.678700 0.717671 0.678700 0.721733 0.677798 0.722410 0.677798 0.725796 0.676895 0.726473 0.676895 0.727827 0.675993 0.728504 0.675993 0.729858 0.675090 0.730535 0.675090 0.731889 0.674188 0.732566 0.674188 0.733920 0.673285 0.734597 0.673285 0.735951 0.672383 0.736628 0.672383 0.739336 0.671480 0.740014 0.671480 0.740691 0.670578 0.741368 0.670578 0.742045 0.669675 0.742722 0.669675 0.743399 0.668773 0.744076 0.668773 0.744753 0.667870 0.745430 0.660650 0.745430 0.659747 0.744753 0.655235 0.744753 0.654332 0.744076 0.652527 0.744076 0.651625 0.743399 0.650722 0.743399 0.649819 0.742722 0.648014 0.742722 0.647112 0.742045 0.644404 0.742045 0.643502 0.742722 0.641697 0.742722 0.639892 0.744076 0.639892 0.746107 0.640794 0.746784 0.640794 0.748138 0.641697 0.748815 0.641697 0.750169 0.642599 0.750846 0.642599 0.751523 0.645307 0.753555 0.645307 0.754232 0.650722 0.758294 0.651625 0.758294 0.652527 0.758971 0.653430 0.758971 0.654332 0.759648 0.655235 0.759648 0.657942 0.761679 0.658845 0.761679 0.659747 0.762356 0.660650 0.762356 0.661552 0.763033 0.662455 0.763033 0.664260 0.764387 0.665162 0.764387 0.666065 0.765064 0.666968 0.765064 0.667870 0.765741 0.669675 0.765741 0.670578 0.766418 0.673285 0.766418 0.674188 0.767095 0.676895 0.767095 0.677798 0.767773 0.680505 0.767773 0.681408 0.768450 0.685018 0.768450 0.685921 0.769127 0.689531 0.769127 0.690433 0.769804 0.694946 0.769804 0.695848 0.769127 0.696751 0.769127 0.696751 0.767773 0.697653 0.767095 0.697653 0.763033 0.698556 0.762356 0.698556 0.760325 0.699458 0.759648 0.699458 0.758294 0.700361 0.757617 0.700361 0.756940 0.701264 0.756263 0.701264 0.755586 0.702166 0.754909 0.702166 0.753555 0.703069 0.752877 0.703069 0.752200 0.703971 0.751523 0.703971 0.750846 0.704874 0.750169 0.704874 0.749492 0.705776 0.748815 0.705776 0.748138 0.706679 0.747461 0.706679 0.746107 0.707581 0.745430 0.707581 0.744753 0.708484 0.744076 0.708484 0.742722 0.709386 0.742045 0.709386 0.740691 0.710289 0.740014 0.710289 0.738659 0.711191 0.737982 0.711191 0.735951 0.712094 0.735274 0.712094 0.733243 0.712996 0.732566 0.712996 0.729858 0.713899 0.729181 0.713899 0.726473 0.712996 0.725796 0.712996 0.725118 0.711191 0.723764 0.711191 0.722410 0.710289 0.721733 0.710289 0.714963 0.709386 0.714286 0.709386 0.708869 0.710289 0.708192 0.710289 0.702776 0.711191 0.702099 0.711191 0.698714 0.712094 0.698037 0.712094 0.695328 0.712996 0.694651 0.712996 0.693974 0.713899 0.693297 0.713899 0.691266 0.714801 0.690589 0.714801 0.689235 0.715704 0.688558 0.715704 0.687204 0.716606 0.686527 0.716606 0.685173 0.717509 0.684496 0.717509 0.683142 0.718412 0.682464 0.718412 0.681110 0.719314 0.680433 0.719314 0.679756 0.720217 0.679079 0.720217 0.678402 0.721119 0.677725 0.721119 0.676371 0.722022 0.675694 0.722022 0.675017 0.726534 0.671632 0.727437 0.671632 0.728339 0.672309 0.730144 0.672309 0.731047 0.672986 0.731047 0.673663 0.731949 0.674340 0.731949 0.675694 0.732852 0.676371 0.732852 0.677725 0.733755 0.678402 0.733755 0.679079 0.734657 0.679756 0.734657 0.681110 0.735560 0.681787 0.735560 0.683142 0.736462 0.683819 0.736462 0.685173 0.737365 0.685850 0.737365 0.688558 0.738267 0.689235 0.738267 0.691266 0.739170 0.691943 0.739170 0.693974 0.740072 0.694651 0.740072 0.697360 0.740975 0.698037 0.740975 0.700068 0.741877 0.700745 0.741877 0.703453 0.742780 0.704130 0.742780 0.705484 0.743682 0.706161 0.743682 0.707515 0.744585 0.708192 0.744585 0.708869 0.745487 0.709546 0.745487 0.710900 0.746390 0.711578 0.746390 0.712932 0.747292 0.713609 0.747292 0.714963 0.748195 0.715640 0.748195 0.716317 0.749097 0.716994 0.749097 0.717671 0.750000 0.718348 0.750000 0.719025 0.750903 0.719702 0.750903 0.720379 0.751805 0.721056 0.751805 0.722410 0.752708 0.723087 0.752708 0.726473 0.753610 0.727150 0.753610 0.731212 0.754513 0.731889 0.754513 0.741368 0.755415 0.742045 0.755415 0.749492 0.756318 0.750169 0.756318 0.757617 0.757220 0.758294 0.757220 0.761679 0.758123 0.762356 0.758123 0.765064 0.759025 0.765741 0.759025 0.766418 0.759928 0.767095 0.759928 0.768450 0.760830 0.769127 0.760830 0.770481 0.761733 0.771158 0.761733 0.771835 0.764440 0.773866 0.765343 0.773866 0.766245 0.774543 0.768051 0.774543 0.768953 0.775220 0.776173 0.775220 0.776173 0.774543 0.777076 0.773866 0.777076 0.772512 0.777978 0.771835 0.777978 0.769127 0.778881 0.768450 0.778881 0.765741 0.779783 0.765064 0.779783 0.757617 0.778881 0.756940 0.778881 0.755586 0.777978 0.754909 0.777978 0.754232 0.777076 0.753555 0.777076 0.752200 0.776173 0.751523 0.776173 0.730535 0.775271 0.729858 0.775271 0.724441 0.774368 0.723764 0.774368 0.711578 0.773466 0.710900 0.773466 0.707515 0.772563 0.706838 0.772563 0.704807 0.771661 0.704130 0.771661 0.702776 0.770758 0.702099 0.770758 0.701422 0.769856 0.700745 0.769856 0.700068 0.768953 0.699391 0.768953 0.698037 0.768051 0.697360 0.768051 0.696005 0.767148 0.695328 0.767148 0.693297 0.766245 0.692620 0.766245 0.690589 0.765343 0.689912 0.765343 0.687881 0.764440 0.687204 0.764440 0.686527 0.763538 0.685850 0.763538 0.684496 0.762635 0.683819 0.762635 0.679756 0.761733 0.679079 0.761733 0.672309 0.762635 0.671632 0.762635 0.659445 0.763538 0.658768 0.763538 0.656060 0.764440 0.655383 0.764440 0.653351 0.765343 0.652674 0.765343 0.648612 0.766245 0.647935 0.766245 0.643196 0.767148 0.642519 0.767148 0.637102 0.766245 0.636425 0.766245 0.630332 0.765343 0.629655 0.766245 0.628978 0.766245 0.627624 0.767148 0.626947 0.767148 0.626269 0.768051 0.625592 0.769856 0.625592 0.770758 0.624915 0.774368 0.624915 0.775271 0.624238 0.779783 0.624238 0.780686 0.623561 0.781588 0.623561 0.782491 0.622884 0.784296 0.622884 0.785199 0.622207 0.786101 0.622207 0.787004 0.621530 0.787906 0.621530 0.788809 0.620853 0.789711 0.620853 0.790614 0.620176 0.791516 0.620176 0.792419 0.619499 0.793321 0.619499 0.793321 0.618822 0.795126 0.617468 0.796029 0.617468 0.797834 0.616114 0.797834 0.615437 0.801444 0.612729 0.801444 0.612051 0.804152 0.610020 0.804152 0.609343 0.806859 0.607312 0.806859 0.606635 0.807762 0.605958 0.807762 0.604604 0.808664 0.603927 0.808664 0.601896 0.809567 0.601219 0.810469 0.601219 0.812274 0.599865 0.812274 0.599188 0.813177 0.598510 0.813177 0.594448 0.811372 0.593094 0.811372 0.592417 0.810469 0.591740 0.810469 0.591063 0.802347 0.584970 0.802347 0.584292 0.797834 0.580907 0.797834 0.580230 0.796029 0.578876 0.796029 0.578199 0.794224 0.576845 0.794224 0.576168 0.791516 0.574137 0.791516 0.573460 0.789711 0.572106 0.789711 0.571429 0.788809 0.570752 0.788809 0.570074 0.787004 0.568720 0.787004 0.568043 0.785199 0.566689 0.785199 0.566012 0.778881 0.561273 0.777978 0.561273 0.776173 0.559919 0.775271 0.559919 0.773466 0.558565 0.772563 0.558565 0.769856 0.556534 0.768953 0.556534 0.767148 0.555179 0.766245 0.555179 0.762635 0.552471 0.761733 0.552471 0.759025 0.550440 0.758123 0.550440 0.757220 0.549763 0.756318 0.549763 0.755415 0.549086 0.754513 0.549086 0.753610 0.548409 0.752708 0.548409 0.751805 0.547732 0.750903 0.547732 0.749097 0.546378 0.748195 0.546378 0.746390 0.545024 0.745487 0.545024 0.742780 0.542993 0.742780 0.542316 0.741877 0.541638 0.741877 0.536222 0.746390 0.532837 0.746390 0.524712 0.745487 0.524035 0.745487 0.522681 0.744585 0.522004 0.744585 0.516588 0.745487 0.515911 0.745487 0.514557 0.744585 0.513879 0.744585 0.510494 0.743682 0.509817 0.743682 0.509140 0.742780 0.508463 0.742780 0.507786 0.739170 0.505078 0.738267 0.505078 0.737365 0.504401 0.736462 0.504401 0.735560 0.503724 0.734657 0.503724 0.733755 0.503047 0.731949 0.503047 0.731047 0.502370 0.727437 0.502370
0 0.774368 0.471903 0.773466 0.472580 0.772563 0.472580 0.770758 0.473934 0.770758 0.474611 0.768953 0.475965 0.768953 0.476642 0.768051 0.477319 0.768051 0.477996 0.767148 0.478673 0.766245 0.478673 0.765343 0.479350 0.753610 0.479350 0.752708 0.480027 0.751805 0.480027 0.751805 0.480704 0.750903 0.481381 0.750903 0.484766 0.753610 0.486798 0.754513 0.486798 0.755415 0.487475 0.756318 0.487475 0.757220 0.488152 0.758123 0.488152 0.759025 0.488829 0.759928 0.488829 0.761733 0.490183 0.763538 0.490183 0.765343 0.491537 0.767148 0.491537 0.768051 0.492214 0.770758 0.492214 0.771661 0.492891 0.773466 0.492891 0.774368 0.493568 0.775271 0.493568 0.776173 0.494245 0.776173 0.496276 0.777076 0.496953 0.777076 0.500339 0.777978 0.501016 0.777978 0.501693 0.777076 0.502370 0.777076 0.503047 0.776173 0.503724 0.776173 0.504401 0.775271 0.505078 0.775271 0.506432 0.774368 0.507109 0.774368 0.508463 0.773466 0.509140 0.773466 0.510494 0.772563 0.511171 0.772563 0.512525 0.771661 0.513202 0.771661 0.518619 0.770758 0.519296 0.770758 0.519973 0.768051 0.522004 0.767148 0.522004 0.766245 0.522681 0.761733 0.522681 0.760830 0.523358 0.756318 0.523358 0.755415 0.524035 0.754513 0.524035 0.753610 0.523358 0.750000 0.523358 0.749097 0.524035 0.748195 0.524035 0.748195 0.528097 0.749097 0.528775 0.749097 0.529452 0.750000 0.530129 0.750000 0.530806 0.750903 0.531483 0.753610 0.531483 0.754513 0.532160 0.765343 0.532160 0.767148 0.533514 0.767148 0.534191 0.768051 0.534868 0.768051 0.539607 0.767148 0.540284 0.767148 0.544347 0.766245 0.545024 0.766245 0.549763 0.767148 0.550440 0.767148 0.551117 0.768051 0.551794 0.768051 0.552471 0.770758 0.554502 0.771661 0.554502 0.774368 0.556534 0.775271 0.556534 0.782491 0.561950 0.783394 0.561950 0.787906 0.565335 0.787906 0.566012 0.788809 0.566689 0.788809 0.567366 0.789711 0.568043 0.789711 0.568720 0.792419 0.570752 0.793321 0.570752 0.795126 0.569397 0.795126 0.568720 0.796029 0.568043 0.796029 0.567366 0.796931 0.566689 0.796931 0.566012 0.797834 0.565335 0.797834 0.564658 0.799639 0.563304 0.799639 0.562627 0.800542 0.561950 0.800542 0.561273 0.801444 0.560596 0.801444 0.556534 0.802347 0.555856 0.802347 0.551117 0.803249 0.550440 0.803249 0.542316 0.802347 0.541638 0.802347 0.536222 0.803249 0.535545 0.803249 0.533514 0.804152 0.532837 0.804152 0.531483 0.805054 0.530806 0.805054 0.528775 0.805957 0.528097 0.805957 0.526066 0.806859 0.525389 0.806859 0.507786 0.805957 0.507109 0.805957 0.505078 0.805054 0.504401 0.805054 0.503724 0.804152 0.503047 0.804152 0.501693 0.801444 0.499661 0.801444 0.498984 0.799639 0.497630 0.799639 0.492891 0.800542 0.492214 0.800542 0.490860 0.793321 0.485443 0.793321 0.484089 0.792419 0.483412 0.792419 0.480704 0.791516 0.480027 0.791516 0.476642 0.790614 0.475965 0.790614 0.474611 0.788809 0.473257 0.787906 0.473257 0.787004 0.472580 0.786101 0.472580 0.785199 0.471903
0 0.442238 0.542316 0.441336 0.542993 0.440433 0.542993 0.436823 0.545701 0.436823 0.547055 0.435921 0.547732 0.435921 0.549763 0.435018 0.550440 0.435018 0.555179 0.435921 0.555856 0.435921 0.557211 0.436823 0.557888 0.436823 0.558565 0.438628 0.559919 0.439531 0.559919 0.440433 0.560596 0.441336 0.560596 0.444043 0.562627 0.444043 0.566012 0.443141 0.566689 0.443141 0.567366 0.442238 0.568043 0.442238 0.569397 0.441336 0.570074 0.441336 0.570752 0.440433 0.571429 0.440433 0.572783 0.438628 0.574137 0.438628 0.576168 0.437726 0.576845 0.437726 0.578199 0.436823 0.578876 0.436823 0.579553 0.435921 0.580230 0.435921 0.581584 0.435018 0.582261 0.435018 0.583615 0.434116 0.584292 0.434116 0.585647 0.433213 0.586324 0.433213 0.587001 0.432310 0.587678 0.432310 0.588355 0.431408 0.589032 0.431408 0.591063 0.430505 0.591740 0.430505 0.595802 0.431408 0.596479 0.431408 0.597833 0.432310 0.598510 0.432310 0.599188 0.434116 0.600542 0.435018 0.600542 0.435921 0.601219 0.436823 0.601219 0.437726 0.600542 0.438628 0.600542 0.439531 0.599865 0.439531 0.599188 0.440433 0.598510 0.439531 0.597833 0.439531 0.596479 0.438628 0.595802 0.438628 0.590386 0.439531 0.589709 0.439531 0.587678 0.441336 0.586324 0.441336 0.585647 0.442238 0.584970 0.442238 0.584292 0.444043 0.582938 0.444043 0.582261 0.446751 0.580230 0.446751 0.579553 0.448556 0.578199 0.448556 0.577522 0.449458 0.576845 0.449458 0.576168 0.450361 0.575491 0.450361 0.574814 0.451264 0.574137 0.451264 0.573460 0.453069 0.572106 0.453069 0.571429 0.453971 0.570752 0.453971 0.570074 0.455776 0.568720 0.461191 0.568720 0.462996 0.570074 0.463899 0.570074 0.464801 0.570752 0.466606 0.570752 0.469314 0.572783 0.469314 0.574137 0.470217 0.574814 0.470217 0.580230 0.471119 0.580907 0.471119 0.582261 0.472022 0.582938 0.472022 0.583615 0.472924 0.584292 0.472924 0.585647 0.473827 0.586324 0.473827 0.587678 0.474729 0.588355 0.474729 0.589032 0.475632 0.589709 0.475632 0.591063 0.476534 0.591740 0.476534 0.592417 0.480144 0.595125 0.481949 0.595125 0.482852 0.595802 0.485560 0.595802 0.486462 0.596479 0.487365 0.596479 0.488267 0.595802 0.489170 0.595802 0.490072 0.595125 0.490072 0.593094 0.489170 0.592417 0.489170 0.591063 0.490072 0.590386 0.490072 0.589032 0.490975 0.588355 0.494585 0.588355 0.496390 0.587001 0.497292 0.587001 0.500000 0.584970 0.500000 0.580230 0.500903 0.579553 0.500903 0.576168 0.501805 0.575491 0.501805 0.573460 0.502708 0.572783 0.502708 0.572106 0.503610 0.571429 0.503610 0.570752 0.504513 0.570074 0.506318 0.571429 0.507220 0.571429 0.510830 0.574137 0.510830 0.574814 0.512635 0.576168 0.512635 0.576845 0.513538 0.577522 0.513538 0.578199 0.515343 0.579553 0.515343 0.580907 0.516245 0.581584 0.516245 0.582261 0.517148 0.582938 0.517148 0.584292 0.518051 0.584970 0.518051 0.586324 0.519856 0.587678 0.519856 0.588355 0.520758 0.589032 0.520758 0.589709 0.521661 0.590386 0.521661 0.591740 0.522563 0.592417 0.522563 0.593094 0.523466 0.593771 0.523466 0.594448 0.524368 0.595125 0.524368 0.596479 0.526173 0.597833 0.531588 0.597833 0.532491 0.598510 0.534296 0.598510 0.536101 0.597156 0.536101 0.591740 0.535199 0.591063 0.535199 0.589032 0.534296 0.588355 0.534296 0.587001 0.533394 0.586324 0.533394 0.584970 0.532491 0.584292 0.532491 0.583615 0.530686 0.582261 0.530686 0.581584 0.529783 0.580907 0.529783 0.580230 0.528881 0.579553 0.528881 0.578876 0.527978 0.578199 0.527978 0.577522 0.527076 0.576845 0.527076 0.575491 0.526173 0.574814 0.526173 0.574137 0.525271 0.573460 0.525271 0.572783 0.523466 0.571429 0.523466 0.570752 0.522563 0.570074 0.522563 0.569397 0.521661 0.568720 0.521661 0.568043 0.520758 0.567366 0.520758 0.566689 0.519856 0.566012 0.519856 0.564658 0.518953 0.563981 0.518953 0.562627 0.518051 0.561950 0.518051 0.560596 0.517148 0.559919 0.517148 0.557211 0.516245 0.556534 0.516245 0.554502 0.515343 0.553825 0.515343 0.551794 0.514440 0.551117 0.514440 0.550440 0.513538 0.549763 0.513538 0.549086 0.512635 0.548409 0.512635 0.547055 0.510830 0.545701 0.509928 0.545701 0.507220 0.543670 0.506318 0.543670 0.505415 0.542993 0.503610 0.542993 0.502708 0.542316 0.483755 0.542316 0.482852 0.542993 0.480144 0.542993 0.479242 0.543670 0.478339 0.543670 0.477437 0.544347 0.475632 0.544347 0.474729 0.545024 0.473827 0.545024 0.472924 0.545701 0.472022 0.545701 0.471119 0.546378 0.470217 0.546378 0.469314 0.547055 0.468412 0.547055 0.467509 0.547732 0.466606 0.547732 0.465704 0.548409 0.460289 0.548409 0.455776 0.545024 0.454874 0.545024 0.453069 0.543670 0.452166 0.543670 0.451264 0.542993 0.449458 0.542993 0.448556 0.542316
0 0.917870 0.488829 0.916065 0.490183 0.915162 0.490183 0.914260 0.490860 0.914260 0.491537 0.913357 0.492214 0.913357 0.492891 0.912455 0.493568 0.912455 0.497630 0.911552 0.498307 0.911552 0.498984 0.909747 0.500339 0.904332 0.500339 0.903430 0.501016 0.900722 0.501016 0.900722 0.501693 0.898917 0.503047 0.898014 0.503047 0.896209 0.504401 0.895307 0.504401 0.895307 0.505078 0.893502 0.506432 0.892599 0.506432 0.889892 0.508463 0.888989 0.508463 0.888087 0.509140 0.888087 0.509817 0.886282 0.511171 0.886282 0.515911 0.890794 0.515911 0.891697 0.515234 0.895307 0.515234 0.897112 0.516588 0.897112 0.517265 0.898014 0.517942 0.898014 0.520650 0.897112 0.521327 0.897112 0.529452 0.898014 0.530129 0.898014 0.532160 0.898917 0.532837 0.898917 0.534191 0.899819 0.534868 0.899819 0.536222 0.900722 0.536899 0.900722 0.537576 0.901625 0.538253 0.901625 0.539607 0.902527 0.540284 0.902527 0.541638 0.903430 0.542316 0.903430 0.543670 0.904332 0.544347 0.904332 0.545024 0.905235 0.545701 0.905235 0.550440 0.904332 0.551117 0.904332 0.553148 0.903430 0.553825 0.903430 0.555179 0.902527 0.555856 0.902527 0.557211 0.901625 0.557888 0.901625 0.560596 0.902527 0.561273 0.903430 0.561273 0.904332 0.561950 0.907942 0.561950 0.908845 0.562627 0.909747 0.562627 0.911552 0.563981 0.911552 0.565335 0.913357 0.566689 0.913357 0.567366 0.915162 0.567366 0.916065 0.568043 0.923285 0.568043 0.924188 0.567366 0.924188 0.566689 0.923285 0.566012 0.923285 0.563981 0.922383 0.563304 0.922383 0.561273 0.921480 0.560596 0.921480 0.557211 0.920578 0.556534 0.920578 0.548409 0.922383 0.547055 0.923285 0.547055 0.924188 0.546378 0.925090 0.546378 0.925993 0.545701 0.925993 0.544347 0.926895 0.543670 0.926895 0.538930 0.927798 0.538253 0.927798 0.532837 0.928700 0.532160 0.928700 0.527420 0.929603 0.526743 0.929603 0.524712 0.931408 0.523358 0.932310 0.523358 0.937726 0.527420 0.937726 0.528097 0.940433 0.530129 0.940433 0.530806 0.941336 0.531483 0.941336 0.532837 0.942238 0.533514 0.942238 0.534191 0.944043 0.535545 0.944043 0.536222 0.944946 0.536899 0.946751 0.536899 0.947653 0.536222 0.948556 0.536222 0.949458 0.535545 0.949458 0.532160 0.947653 0.530806 0.947653 0.530129 0.944946 0.528097 0.944946 0.527420 0.944043 0.526743 0.944043 0.526066 0.943141 0.525389 0.943141 0.524712 0.942238 0.524035 0.942238 0.523358 0.941336 0.522681 0.941336 0.522004 0.940433 0.521327 0.940433 0.519973 0.939531 0.519296 0.939531 0.518619 0.938628 0.517942 0.938628 0.516588 0.937726 0.515911 0.937726 0.515234 0.936823 0.514557 0.936823 0.513879 0.935921 0.513202 0.935921 0.511848 0.935018 0.511171 0.935018 0.509817 0.934116 0.509140 0.934116 0.508463 0.933213 0.507786 0.933213 0.506432 0.932310 0.505755 0.932310 0.505078 0.931408 0.504401 0.931408 0.503724 0.929603 0.502370 0.929603 0.499661 0.928700 0.498984 0.928700 0.498307 0.929603 0.497630 0.929603 0.492891 0.928700 0.492214 0.928700 0.490860 0.927798 0.490183 0.926895 0.490183 0.925993 0.489506 0.925090 0.489506 0.924188 0.488829
1 0.917870 0.488829 0.916968 0.489506 0.916065 0.489506 0.914260 0.490860 0.914260 0.491537 0.913357 0.492214 0.913357 0.493568 0.912455 0.494245 0.913357 0.494922 0.913357 0.495599 0.915162 0.496953 0.919675 0.496953 0.920578 0.497630 0.921480 0.497630 0.922383 0.498307 0.923285 0.498307 0.924188 0.498984 0.925090 0.498984 0.925993 0.498307 0.927798 0.498307 0.928700 0.497630 0.928700 0.496953 0.929603 0.496276 0.929603 0.492214 0.928700 0.491537 0.928700 0.490860 0.927798 0.490183 0.926895 0.490183 0.925993 0.489506 0.925090 0.489506 0.924188 0.488829
1 0.441336 0.542316 0.439531 0.543670 0.438628 0.543670 0.437726 0.544347 0.437726 0.545024 0.436823 0.545701 0.436823 0.546378 0.435921 0.547055 0.435921 0.548409 0.435018 0.549086 0.435018 0.556534 0.435921 0.557211 0.435921 0.558565 0.436823 0.559242 0.437726 0.559242 0.438628 0.559919 0.440433 0.559919 0.441336 0.559242 0.442238 0.559242 0.443141 0.558565 0.443141 0.557888 0.448556 0.553825 0.449458 0.553825 0.451264 0.552471 0.452166 0.552471 0.453069 0.551794 0.453971 0.551794 0.454874 0.551117 0.455776 0.551117 0.457581 0.549763 0.457581 0.546378 0.455776 0.545024 0.454874 0.545024 0.453069 0.543670 0.452166 0.543670 0.451264 0.542993 0.449458 0.542993 0.448556 0.542316
1 0.720217 0.501693 0.719314 0.502370 0.716606 0.502370 0.715704 0.503047 0.712996 0.503047 0.711191 0.504401 0.710289 0.504401 0.707581 0.506432 0.706679 0.506432 0.705776 0.507109 0.705776 0.507786 0.704874 0.508463 0.704874 0.509140 0.703971 0.509817 0.703971 0.510494 0.700361 0.513202 0.700361 0.514557 0.699458 0.515234 0.700361 0.515911 0.700361 0.516588 0.701264 0.517265 0.701264 0.518619 0.703971 0.520650 0.706679 0.520650 0.707581 0.521327 0.708484 0.521327 0.709386 0.522004 0.709386 0.522681 0.711191 0.524035 0.711191 0.526066 0.712094 0.526743 0.712094 0.528097 0.712996 0.528775 0.712996 0.529452 0.713899 0.530129 0.713899 0.530806 0.714801 0.531483 0.714801 0.532160 0.716606 0.533514 0.719314 0.533514 0.720217 0.534191 0.725632 0.534191 0.726534 0.534868 0.728339 0.534868 0.729242 0.534191 0.740072 0.534191 0.740975 0.533514 0.745487 0.533514 0.746390 0.532837 0.746390 0.528097 0.745487 0.527420 0.745487 0.523358 0.744585 0.522681 0.744585 0.520650 0.745487 0.519973 0.745487 0.511171 0.744585 0.510494 0.744585 0.509140 0.742780 0.507786 0.742780 0.507109 0.740975 0.505755 0.740072 0.505755 0.738267 0.504401 0.737365 0.504401 0.736462 0.503724 0.735560 0.503724 0.734657 0.503047 0.733755 0.503047 0.732852 0.502370 0.731047 0.502370 0.730144 0.501693
2 0.917870 0.546378 0.916968 0.547055 0.915162 0.547055 0.914260 0.547732 0.914260 0.549086 0.913357 0.549763 0.913357 0.554502 0.912455 0.555179 0.912455 0.556534 0.911552 0.557211 0.911552 0.558565 0.910650 0.559242 0.910650 0.562627 0.909747 0.563304 0.909747 0.563981 0.910650 0.564658 0.910650 0.566689 0.912455 0.568043 0.914260 0.568043 0.915162 0.568720 0.916968 0.568720 0.917870 0.569397 0.922383 0.569397 0.923285 0.568720 0.924188 0.568720 0.925090 0.568043 0.925090 0.566689 0.924188 0.566012 0.924188 0.564658 0.923285 0.563981 0.923285 0.563304 0.922383 0.562627 0.922383 0.560596 0.921480 0.559919 0.921480 0.556534 0.920578 0.555856 0.920578 0.550440 0.919675 0.549763 0.919675 0.548409 0.918773 0.547732 0.918773 0.547055
2 0.760830 0.722410 0.759928 0.723087 0.754513 0.723087 0.754513 0.724441 0.753610 0.725118 0.753610 0.733920 0.754513 0.734597 0.754513 0.741368 0.755415 0.742045 0.755415 0.752200 0.756318 0.752877 0.756318 0.758971 0.757220 0.759648 0.757220 0.763033 0.758123 0.763710 0.758123 0.766418 0.759025 0.767095 0.759025 0.768450 0.759928 0.769127 0.759928 0.770481 0.760830 0.771158 0.760830 0.772512 0.761733 0.773189 0.761733 0.773866 0.764440 0.775897 0.770758 0.775897 0.771661 0.776574 0.777076 0.776574 0.777978 0.775897 0.778881 0.775897 0.778881 0.768450 0.779783 0.767773 0.779783 0.765741 0.780686 0.765064 0.780686 0.757617 0.779783 0.756940 0.779783 0.756263 0.778881 0.755586 0.778881 0.754232 0.777076 0.752877 0.777076 0.751523 0.776173 0.750846 0.776173 0.729181 0.775271 0.728504 0.775271 0.725796 0.774368 0.725118 0.774368 0.723764 0.772563 0.722410
2 0.500903 0.566012 0.500000 0.566689 0.499097 0.566689 0.495487 0.569397 0.494585 0.569397 0.493682 0.570074 0.493682 0.571429 0.492780 0.572106 0.492780 0.574137 0.491877 0.574814 0.491877 0.577522 0.490975 0.578199 0.490975 0.578876 0.490072 0.579553 0.490072 0.582261 0.489170 0.582938 0.489170 0.584970 0.490072 0.585647 0.490072 0.587001 0.490975 0.587678 0.490975 0.588355 0.496390 0.588355 0.497292 0.587678 0.498195 0.587678 0.500000 0.586324 0.500000 0.585647 0.500903 0.584970 0.500903 0.579553 0.501805 0.578876 0.501805 0.573460 0.502708 0.572783 0.502708 0.566689 0.501805 0.566012
2 0.477437 0.576168 0.476534 0.576845 0.472924 0.576845 0.471119 0.578199 0.471119 0.581584 0.472022 0.582261 0.472022 0.584292 0.472924 0.584970 0.472924 0.586324 0.473827 0.587001 0.473827 0.588355 0.474729 0.589032 0.474729 0.589709 0.475632 0.590386 0.475632 0.591740 0.476534 0.592417 0.476534 0.593771 0.477437 0.594448 0.477437 0.595125 0.478339 0.595125 0.480144 0.596479 0.484657 0.596479 0.485560 0.597156 0.490072 0.597156 0.490072 0.596479 0.490975 0.595802 0.490975 0.593094 0.490072 0.592417 0.490072 0.589032 0.489170 0.588355 0.489170 0.586324 0.488267 0.585647 0.488267 0.581584 0.487365 0.580907 0.487365 0.578876 0.486462 0.578199 0.486462 0.577522 0.485560 0.576845 0.484657 0.576845 0.483755 0.576168
2 0.914260 0.545701 0.913357 0.546378 0.910650 0.546378 0.910650 0.547055 0.909747 0.547732 0.909747 0.560596 0.911552 0.561950 0.914260 0.561950 0.915162 0.561273 0.917870 0.561273 0.918773 0.560596 0.919675 0.560596 0.919675 0.558565 0.920578 0.557888 0.920578 0.556534 0.919675 0.555856 0.919675 0.547732 0.918773 0.547055 0.918773 0.546378 0.917870 0.545701
2 0.681408 0.720379 0.681408 0.721056 0.680505 0.721733 0.680505 0.722410 0.678700 0.723764 0.678700 0.725796 0.677798 0.726473 0.677798 0.727827 0.676895 0.728504 0.676895 0.729858 0.675993 0.730535 0.675993 0.731212 0.675090 0.731889 0.675090 0.733243 0.674188 0.733920 0.674188 0.735274 0.673285 0.735951 0.673285 0.736628 0.672383 0.737305 0.672383 0.737982 0.671480 0.738659 0.671480 0.740014 0.670578 0.740691 0.670578 0.742045 0.669675 0.742722 0.669675 0.743399 0.667870 0.744753 0.666968 0.744076 0.665162 0.744076 0.664260 0.743399 0.663357 0.744076 0.655235 0.744076 0.654332 0.743399 0.652527 0.743399 0.651625 0.742722 0.650722 0.742722 0.649819 0.742045 0.648917 0.742045 0.648014 0.741368 0.642599 0.741368 0.641697 0.742045 0.640794 0.742045 0.639892 0.742722 0.639892 0.743399 0.638989 0.744076 0.638989 0.746107 0.639892 0.746784 0.639892 0.748815 0.640794 0.749492 0.640794 0.750169 0.641697 0.750846 0.641697 0.751523 0.642599 0.752200 0.642599 0.752877 0.650722 0.758971 0.650722 0.759648 0.651625 0.759648 0.652527 0.760325 0.653430 0.760325 0.654332 0.761002 0.655235 0.761002 0.657040 0.762356 0.658845 0.762356 0.661552 0.764387 0.662455 0.764387 0.664260 0.765741 0.666065 0.765741 0.666968 0.766418 0.669675 0.766418 0.670578 0.767095 0.672383 0.767095 0.673285 0.767773 0.676895 0.767773 0.677798 0.768450 0.681408 0.768450 0.682310 0.769127 0.686823 0.769127 0.687726 0.769804 0.691336 0.769804 0.692238 0.770481 0.695848 0.770481 0.697653 0.769127 0.697653 0.765064 0.698556 0.764387 0.698556 0.761002 0.699458 0.760325 0.699458 0.758294 0.700361 0.757617 0.700361 0.756940 0.701264 0.756263 0.701264 0.755586 0.702166 0.754909 0.702166 0.754232 0.703069 0.753555 0.703069 0.752877 0.703971 0.752200 0.703971 0.751523 0.704874 0.750846 0.704874 0.750169 0.705776 0.749492 0.705776 0.748815 0.706679 0.748138 0.706679 0.746784 0.707581 0.746107 0.707581 0.744753 0.708484 0.744076 0.708484 0.743399 0.709386 0.742722 0.709386 0.741368 0.710289 0.740691 0.710289 0.737982 0.711191 0.737305 0.711191 0.734597 0.712094 0.733920 0.712094 0.733243 0.712996 0.732566 0.712996 0.730535 0.713899 0.729858 0.713899 0.726473 0.712996 0.725796 0.708484 0.725796 0.707581 0.726473 0.699458 0.726473 0.698556 0.725796 0.694043 0.725796 0.691336 0.723764 0.690433 0.723764 0.689531 0.723087 0.687726 0.723087 0.686823 0.722410 0.685921 0.722410 0.683213 0.720379
2 0.524368 0.578876 0.523466 0.579553 0.521661 0.579553 0.520758 0.580230 0.518953 0.580230 0.517148 0.581584 0.517148 0.582261 0.518051 0.582938 0.518051 0.586324 0.518953 0.587001 0.518953 0.587678 0.519856 0.588355 0.519856 0.589032 0.520758 0.589709 0.520758 0.590386 0.521661 0.591063 0.521661 0.592417 0.522563 0.593094 0.522563 0.593771 0.523466 0.594448 0.523466 0.595802 0.524368 0.596479 0.524368 0.597156 0.526173 0.598510 0.528881 0.598510 0.529783 0.599188 0.531588 0.599188 0.532491 0.599865 0.535199 0.599865 0.536101 0.600542 0.537004 0.599865 0.537004 0.599188 0.537906 0.598510 0.537906 0.597833 0.537004 0.597156 0.537004 0.593771 0.536101 0.593094 0.536101 0.590386 0.535199 0.589709 0.535199 0.588355 0.534296 0.587678 0.534296 0.587001 0.533394 0.586324 0.533394 0.585647 0.532491 0.584970 0.532491 0.584292 0.530686 0.582938 0.530686 0.582261 0.529783 0.581584 0.529783 0.580907 0.527978 0.579553 0.527076 0.579553 0.526173 0.578876
2 0.907040 0.546378 0.905235 0.547732 0.905235 0.549086 0.904332 0.549763 0.904332 0.553148 0.903430 0.553825 0.903430 0.555179 0.902527 0.555856 0.902527 0.556534 0.901625 0.557211 0.901625 0.557888 0.900722 0.558565 0.900722 0.559242 0.899819 0.559919 0.899819 0.560596 0.900722 0.561273 0.902527 0.561273 0.903430 0.561950 0.907942 0.561950 0.908845 0.561273 0.909747 0.561273 0.910650 0.560596 0.910650 0.559919 0.911552 0.559242 0.911552 0.556534 0.912455 0.555856 0.912455 0.547055 0.911552 0.546378