0 0.383431 0.331034 0.382900 0.332184 0.381837 0.332184 0.381306 0.333333 0.380244 0.333333 0.379713 0.334483 0.379182 0.334483 0.378120 0.336782 0.377589 0.336782 0.375465 0.341379 0.375465 0.342529 0.374403 0.344828 0.374403 0.345977 0.373871 0.347126 0.373871 0.348276 0.373340 0.349425 0.373340 0.354023 0.372809 0.355172 0.373340 0.356322 0.373340 0.362069 0.373871 0.363218 0.373871 0.364368 0.374403 0.365517 0.374403 0.366667 0.374934 0.367816 0.374934 0.368966 0.375465 0.370115 0.375465 0.371264 0.375996 0.372414 0.375996 0.373563 0.376527 0.374713 0.376527 0.375862 0.378120 0.379310 0.378120 0.380460 0.379713 0.383908 0.380244 0.383908 0.380775 0.385057 0.381837 0.385057 0.382900 0.387356 0.383431 0.387356 0.385024 0.390805 0.385555 0.390805 0.386086 0.391954 0.386086 0.393103 0.386617 0.393103 0.389272 0.398851 0.389272 0.402299 0.388741 0.403448 0.388741 0.404598 0.387148 0.408046 0.386617 0.408046 0.386086 0.409195 0.385555 0.409195 0.385024 0.410345 0.384493 0.410345 0.382900 0.413793 0.382369 0.413793 0.381306 0.416092 0.380775 0.416092 0.379713 0.418391 0.379182 0.418391 0.377589 0.421839 0.377589 0.422989 0.376527 0.425287 0.376527 0.426437 0.375996 0.427586 0.375996 0.428736 0.374403 0.432184 0.373871 0.432184 0.373340 0.433333 0.372809 0.433333 0.372278 0.434483 0.371747 0.434483 0.371216 0.435632 0.370685 0.435632 0.369623 0.437931 0.369092 0.437931 0.367499 0.441379 0.366968 0.441379 0.366437 0.442529 0.365905 0.442529 0.364312 0.445977 0.364312 0.447126 0.362719 0.450575 0.362719 0.451724 0.362188 0.452874 0.362188 0.460920 0.362719 0.462069 0.362719 0.466667 0.360595 0.471264 0.359533 0.471264 0.358471 0.473563 0.357939 0.473563 0.357939 0.474713 0.357408 0.475862 0.357408 0.477011 0.355284 0.481609 0.355284 0.482759 0.354753 0.483908 0.354753 0.485057 0.355284 0.486207 0.355284 0.489655 0.355815 0.490805 0.356877 0.490805 0.357408 0.489655 0.359002 0.489655 0.359533 0.488506 0.360595 0.488506 0.361126 0.487356 0.361657 0.487356 0.363781 0.482759 0.364312 0.482759 0.364843 0.481609 0.371747 0.481609 0.372278 0.480460 0.372809 0.480460 0.375465 0.474713 0.375996 0.474713 0.377058 0.472414 0.377589 0.472414 0.378120 0.471264 0.378651 0.471264 0.379713 0.468966 0.380244 0.468966 0.380775 0.467816 0.381306 0.467816 0.382369 0.465517 0.382900 0.465517 0.383431 0.464368 0.385024 0.464368 0.385555 0.465517 0.386617 0.465517 0.387679 0.467816 0.387679 0.472414 0.388210 0.473563 0.388210 0.475862 0.388741 0.477011 0.388741 0.483908 0.393521 0.494253 0.396176 0.494253 0.396707 0.495402 0.397770 0.495402 0.398301 0.494253 0.403611 0.494253 0.404142 0.493103 0.406798 0.493103 0.407329 0.491954 0.408391 0.491954 0.408922 0.490805 0.409453 0.490805 0.411046 0.487356 0.413170 0.487356 0.414233 0.489655 0.414233 0.490805 0.416357 0.490805 0.416888 0.491954 0.418481 0.491954 0.419012 0.490805 0.425916 0.490805 0.426447 0.489655 0.430165 0.489655 0.430696 0.488506 0.433351 0.488506 0.433882 0.487356 0.434944 0.487356 0.435475 0.486207 0.436006 0.486207 0.436537 0.485057 0.436537 0.483908 0.437069 0.482759 0.437069 0.481609 0.437600 0.480460 0.437600 0.468966 0.437069 0.467816 0.437069 0.459770 0.436537 0.458621 0.436537 0.452874 0.436006 0.451724 0.436006 0.445977 0.435475 0.444828 0.435475 0.442529 0.434944 0.441379 0.434944 0.428736 0.434413 0.427586 0.434413 0.425287 0.433882 0.424138 0.433882 0.422989 0.433351 0.421839 0.433351 0.420690 0.432289 0.418391 0.432289 0.417241 0.431227 0.414943 0.431227 0.413793 0.430696 0.412644 0.430696 0.410345 0.430165 0.409195 0.430165 0.408046 0.429634 0.406897 0.429634 0.405747 0.428571 0.403448 0.428571 0.402299 0.422730 0.389655 0.422199 0.389655 0.419012 0.382759 0.418481 0.382759 0.417950 0.381609 0.417419 0.381609 0.416888 0.380460 0.416357 0.380460 0.415826 0.379310 0.415295 0.379310 0.414764 0.378161 0.414233 0.378161 0.413170 0.375862 0.412639 0.375862 0.411577 0.373563 0.411046 0.373563 0.410515 0.372414 0.409984 0.372414 0.409453 0.371264 0.408922 0.371264 0.408391 0.370115 0.407329 0.370115 0.406798 0.368966 0.405736 0.368966 0.405204 0.367816 0.404142 0.367816 0.403611 0.366667 0.403080 0.366667 0.401487 0.363218 0.401487 0.362069 0.400425 0.359770 0.400425 0.358621 0.399894 0.358621 0.398832 0.356322 0.398832 0.355172 0.398301 0.354023 0.398301 0.352874 0.396176 0.348276 0.396176 0.342529 0.394583 0.339080 0.394052 0.339080 0.393521 0.337931 0.392990 0.337931 0.392459 0.336782 0.391928 0.336782 0.390866 0.334483 0.390335 0.334483 0.389804 0.333333 0.388741 0.333333 0.388210 0.332184 0.387679 0.332184 0.387148 0.331034
0 0.567711 0.378161 0.567180 0.379310 0.563994 0.379310 0.563463 0.380460 0.561869 0.380460 0.561338 0.381609 0.559745 0.381609 0.559214 0.382759 0.558683 0.382759 0.558152 0.383908 0.557621 0.383908 0.557090 0.385057 0.556559 0.385057 0.556028 0.386207 0.555497 0.386207 0.553903 0.389655 0.553903 0.390805 0.553372 0.391954 0.553372 0.393103 0.552841 0.394253 0.552841 0.397701 0.552310 0.398851 0.552310 0.400000 0.551779 0.401149 0.551779 0.403448 0.551248 0.404598 0.551248 0.406897 0.550717 0.408046 0.550717 0.410345 0.550186 0.411494 0.550186 0.414943 0.549655 0.416092 0.549655 0.419540 0.549124 0.420690 0.549124 0.426437 0.548593 0.427586 0.548593 0.428736 0.546999 0.432184 0.546468 0.432184 0.544344 0.436782 0.544344 0.437931 0.543282 0.440230 0.543282 0.444828 0.544344 0.447126 0.544875 0.447126 0.545406 0.448276 0.545406 0.449425 0.545937 0.449425 0.546999 0.451724 0.547531 0.451724 0.548062 0.452874 0.549124 0.452874 0.549655 0.454023 0.550186 0.454023 0.552310 0.458621 0.552310 0.460920 0.552841 0.462069 0.552841 0.474713 0.553372 0.475862 0.553372 0.477011 0.553903 0.478161 0.553903 0.479310 0.554434 0.480460 0.554434 0.483908 0.554965 0.485057 0.554965 0.486207 0.555497 0.487356 0.555497 0.488506 0.558152 0.494253 0.558152 0.495402 0.558683 0.496552 0.558683 0.497701 0.561338 0.503448 0.561869 0.503448 0.562400 0.504598 0.562400 0.509195 0.561869 0.510345 0.561869 0.511494 0.561338 0.512644 0.561338 0.513793 0.560807 0.514943 0.560807 0.517241 0.560276 0.518391 0.560276 0.519540 0.559745 0.520690 0.559745 0.521839 0.558683 0.524138 0.558683 0.525287 0.558152 0.526437 0.558152 0.527586 0.557621 0.528736 0.557621 0.531034 0.557090 0.532184 0.557090 0.533333 0.556559 0.534483 0.556559 0.535632 0.556028 0.536782 0.556028 0.537931 0.555497 0.539080 0.555497 0.540230 0.554965 0.541379 0.554965 0.542529 0.554434 0.543678 0.553372 0.543678 0.552310 0.545977 0.551779 0.545977 0.548593 0.552874 0.548062 0.552874 0.543813 0.562069 0.543282 0.562069 0.541158 0.566667 0.540627 0.566667 0.539033 0.570115 0.538502 0.570115 0.536909 0.573563 0.536378 0.573563 0.524695 0.598851 0.524164 0.598851 0.523101 0.601149 0.522570 0.601149 0.521508 0.603448 0.520977 0.603448 0.519915 0.605747 0.519384 0.605747 0.518322 0.608046 0.517791 0.608046 0.515666 0.612644 0.515135 0.612644 0.514604 0.613793 0.514073 0.613793 0.511949 0.618391 0.504514 0.618391 0.503983 0.619540 0.501328 0.619540 0.500797 0.620690 0.500266 0.620690 0.499734 0.621839 0.498672 0.621839 0.498141 0.622989 0.497610 0.622989 0.497079 0.624138 0.496548 0.624138 0.494955 0.627586 0.494955 0.628736 0.494424 0.629885 0.494424 0.634483 0.496548 0.639080 0.496548 0.643678 0.495486 0.645977 0.494424 0.645977 0.493893 0.647126 0.493362 0.647126 0.492831 0.648276 0.491768 0.648276 0.491237 0.649425 0.490706 0.649425 0.490175 0.650575 0.489644 0.650575 0.488582 0.652874 0.488051 0.652874 0.487520 0.654023 0.486989 0.654023 0.485396 0.657471 0.485396 0.659770 0.484865 0.660920 0.484865 0.662069 0.484334 0.663218 0.484334 0.664368 0.483802 0.665517 0.483802 0.666667 0.483271 0.667816 0.483271 0.671264 0.482740 0.672414 0.482740 0.674713 0.483802 0.677011 0.483802 0.678161 0.484865 0.680460 0.485396 0.680460 0.486458 0.682759 0.486989 0.682759 0.488051 0.685057 0.488582 0.685057 0.489113 0.686207 0.489644 0.686207 0.490706 0.688506 0.492300 0.688506 0.492831 0.689655 0.495486 0.689655 0.496017 0.688506 0.497610 0.688506 0.498141 0.687356 0.498672 0.687356 0.499203 0.686207 0.499734 0.686207 0.500266 0.685057 0.501859 0.685057 0.502390 0.683908 0.505045 0.683908 0.505576 0.682759 0.508232 0.682759 0.508763 0.681609 0.510356 0.681609 0.510887 0.680460 0.511418 0.680460 0.511949 0.679310 0.512480 0.679310 0.513011 0.678161 0.513542 0.678161 0.514073 0.677011 0.514604 0.677011 0.515135 0.675862 0.523633 0.675862 0.524164 0.677011 0.525757 0.677011 0.528412 0.682759 0.528943 0.682759 0.530005 0.685057 0.530536 0.685057 0.531067 0.686207 0.531599 0.686207 0.532661 0.688506 0.534254 0.688506 0.534785 0.689655 0.535316 0.689655 0.535847 0.690805 0.536378 0.690805 0.537971 0.694253 0.537971 0.695402 0.538502 0.696552 0.538502 0.697701 0.539033 0.698851 0.539033 0.700000 0.540096 0.702299 0.540096 0.703448 0.540627 0.704598 0.540627 0.706897 0.541158 0.708046 0.541158 0.709195 0.542220 0.711494 0.542220 0.712644 0.544875 0.718391 0.545406 0.718391 0.545937 0.719540 0.546468 0.719540 0.549655 0.726437 0.550186 0.726437 0.553903 0.734483 0.554434 0.734483 0.557090 0.740230 0.557621 0.740230 0.559214 0.743678 0.559745 0.743678 0.560807 0.745977 0.561338 0.745977 0.562931 0.749425 0.563463 0.749425 0.564525 0.751724 0.565056 0.751724 0.567180 0.756322 0.567711 0.756322 0.568773 0.758621 0.569304 0.758621 0.571429 0.763218 0.571960 0.763218 0.573022 0.765517 0.573022 0.767816 0.573553 0.768966 0.572491 0.771264 0.572491 0.772414 0.571960 0.773563 0.571960 0.774713 0.571429 0.775862 0.571429 0.777011 0.568242 0.783908 0.567711 0.783908 0.565587 0.788506 0.565056 0.788506 0.562931 0.793103 0.562400 0.793103 0.562400 0.794253 0.561338 0.796552 0.561338 0.797701 0.560807 0.798851 0.560807 0.805747 0.561338 0.806897 0.561338 0.808046 0.561869 0.809195 0.561869 0.810345 0.563463 0.813793 0.563994 0.813793 0.565056 0.816092 0.565587 0.816092 0.566118 0.817241 0.566649 0.817241 0.567180 0.818391 0.568242 0.818391 0.568773 0.819540 0.569835 0.819540 0.570366 0.820690 0.577801 0.820690 0.578332 0.819540 0.579395 0.819540 0.579926 0.818391 0.581519 0.818391 0.582050 0.817241 0.582581 0.817241 0.583112 0.816092 0.583643 0.816092 0.584174 0.814943 0.585236 0.814943 0.586298 0.812644 0.586830 0.812644 0.590016 0.805747 0.590016 0.804598 0.591078 0.802299 0.591078 0.801149 0.592140 0.798851 0.592140 0.797701 0.595327 0.790805 0.595858 0.790805 0.598513 0.785057 0.598513 0.783908 0.600637 0.779310 0.600637 0.778161 0.602230 0.774713 0.602230 0.773563 0.602762 0.772414 0.602762 0.768966 0.603293 0.767816 0.603293 0.760920 0.602762 0.759770 0.602762 0.752874 0.602230 0.751724 0.602230 0.750575 0.601168 0.748276 0.601168 0.744828 0.600637 0.743678 0.601168 0.742529 0.601168 0.741379 0.602230 0.739080 0.602230 0.737931 0.602762 0.736782 0.602762 0.735632 0.603293 0.734483 0.603293 0.733333 0.604355 0.731034 0.604886 0.731034 0.605417 0.729885 0.608072 0.729885 0.608603 0.728736 0.611790 0.728736 0.612321 0.727586 0.613914 0.727586 0.614445 0.726437 0.615507 0.726437 0.616038 0.725287 0.616569 0.725287 0.617631 0.722989 0.618163 0.722989 0.619225 0.720690 0.619756 0.720690 0.621349 0.717241 0.621880 0.717241 0.622411 0.716092 0.623473 0.716092 0.624004 0.714943 0.630377 0.714943 0.631970 0.711494 0.631970 0.704598 0.631439 0.703448 0.631439 0.701149 0.630908 0.700000 0.630908 0.695402 0.630377 0.694253 0.630377 0.686207 0.629846 0.685057 0.629846 0.673563 0.629315 0.672414 0.629315 0.667816 0.628784 0.666667 0.628784 0.664368 0.628253 0.663218 0.628253 0.659770 0.627722 0.658621 0.627722 0.656322 0.627191 0.655172 0.627191 0.652874 0.626660 0.651724 0.626660 0.648276 0.626129 0.647126 0.626129 0.644828 0.625597 0.643678 0.625597 0.640230 0.625066 0.639080 0.625066 0.631034 0.624535 0.629885 0.624535 0.626437 0.624004 0.625287 0.624004 0.622989 0.623473 0.621839 0.623473 0.618391 0.622942 0.617241 0.622942 0.612644 0.622411 0.611494 0.622411 0.608046 0.621880 0.606897 0.621880 0.603448 0.621349 0.602299 0.621349 0.598851 0.620818 0.597701 0.620818 0.595402 0.620287 0.594253 0.620287 0.593103 0.619756 0.591954 0.619756 0.589655 0.619225 0.588506 0.619225 0.587356 0.618694 0.586207 0.618694 0.582759 0.618163 0.581609 0.618163 0.577011 0.617631 0.575862 0.617631 0.573563 0.617100 0.572414 0.617100 0.571264 0.616569 0.570115 0.616569 0.568966 0.616038 0.567816 0.616038 0.564368 0.615507 0.563218 0.615507 0.562069 0.614976 0.560920 0.614976 0.558621 0.614445 0.557471 0.614445 0.555172 0.613914 0.554023 0.613914 0.549425 0.613383 0.548276 0.613383 0.540230 0.612852 0.539080 0.612852 0.537931 0.612321 0.536782 0.612321 0.535632 0.611259 0.533333 0.611259 0.532184 0.610728 0.531034 0.610728 0.529885 0.610196 0.528736 0.610196 0.527586 0.609665 0.526437 0.609665 0.524138 0.609134 0.522989 0.609134 0.521839 0.608072 0.519540 0.608072 0.518391 0.606479 0.514943 0.606479 0.513793 0.601699 0.503448 0.601168 0.503448 0.600106 0.501149 0.600106 0.500000 0.599575 0.498851 0.599575 0.497701 0.599044 0.496552 0.599044 0.495402 0.598513 0.494253 0.598513 0.491954 0.597982 0.490805 0.597982 0.489655 0.597451 0.488506 0.597451 0.487356 0.596920 0.486207 0.596920 0.474713 0.596389 0.473563 0.596389 0.472414 0.595858 0.471264 0.595858 0.468966 0.595327 0.467816 0.595327 0.465517 0.594264 0.463218 0.594264 0.462069 0.593733 0.460920 0.593733 0.457471 0.593202 0.456322 0.593202 0.450575 0.592671 0.449425 0.593202 0.448276 0.593202 0.444828 0.593733 0.443678 0.593733 0.442529 0.594264 0.441379 0.594264 0.440230 0.595327 0.437931 0.595327 0.436782 0.595858 0.435632 0.595858 0.433333 0.596389 0.432184 0.596389 0.429885 0.595858 0.428736 0.595858 0.426437 0.595327 0.425287 0.595327 0.424138 0.593202 0.419540 0.593202 0.418391 0.592671 0.417241 0.592671 0.416092 0.592140 0.414943 0.592140 0.411494 0.591609 0.410345 0.591609 0.406897 0.591078 0.405747 0.591078 0.404598 0.590547 0.403448 0.590547 0.402299 0.589485 0.400000 0.589485 0.398851 0.588423 0.396552 0.588423 0.395402 0.584705 0.387356 0.584174 0.387356 0.583112 0.385057 0.582581 0.385057 0.582050 0.383908 0.581519 0.383908 0.580988 0.382759 0.579926 0.382759 0.579395 0.381609 0.578864 0.381609 0.578332 0.380460 0.576739 0.380460 0.576208 0.379310 0.574615 0.379310 0.574084 0.378161
0 0.531067 0.097701 0.530536 0.098851 0.528943 0.098851 0.528412 0.100000 0.527881 0.100000 0.527350 0.101149 0.526819 0.101149 0.525226 0.104598 0.524695 0.104598 0.523101 0.108046 0.523101 0.109195 0.521508 0.112644 0.521508 0.113793 0.520977 0.114943 0.520977 0.116092 0.520446 0.117241 0.520446 0.118391 0.519915 0.119540 0.519915 0.124138 0.519384 0.125287 0.519384 0.128736 0.518853 0.129885 0.518853 0.137931 0.518322 0.139080 0.518322 0.142529 0.517791 0.143678 0.517791 0.144828 0.517260 0.145977 0.517260 0.147126 0.515135 0.151724 0.515135 0.152874 0.514604 0.154023 0.514604 0.157471 0.515135 0.158621 0.515135 0.159770 0.515666 0.160920 0.516198 0.160920 0.516729 0.162069 0.517791 0.162069 0.518322 0.163218 0.519384 0.163218 0.519915 0.164368 0.520977 0.164368 0.521508 0.165517 0.522039 0.165517 0.522570 0.166667 0.523101 0.166667 0.525226 0.171264 0.525226 0.172414 0.525757 0.173563 0.525757 0.174713 0.526288 0.175862 0.526288 0.177011 0.526819 0.178161 0.526819 0.179310 0.527350 0.180460 0.527350 0.181609 0.527881 0.182759 0.527881 0.183908 0.528943 0.186207 0.528943 0.187356 0.529474 0.188506 0.529474 0.189655 0.530005 0.190805 0.530005 0.197701 0.529474 0.198851 0.529474 0.200000 0.528943 0.201149 0.528943 0.203448 0.528412 0.204598 0.528412 0.206897 0.527881 0.208046 0.527881 0.210345 0.527350 0.211494 0.527350 0.213793 0.526819 0.214943 0.526819 0.217241 0.526288 0.218391 0.526288 0.222989 0.523633 0.228736 0.523633 0.229885 0.523101 0.231034 0.522570 0.231034 0.522039 0.232184 0.514604 0.232184 0.514073 0.233333 0.512480 0.233333 0.511949 0.234483 0.511949 0.236782 0.516198 0.245977 0.516198 0.247126 0.516729 0.248276 0.516729 0.249425 0.519384 0.255172 0.520446 0.255172 0.521508 0.257471 0.522039 0.257471 0.523101 0.259770 0.523633 0.259770 0.524695 0.262069 0.524695 0.263218 0.525226 0.264368 0.525226 0.268966 0.525757 0.270115 0.525757 0.277011 0.525226 0.278161 0.525226 0.279310 0.525757 0.280460 0.525757 0.308046 0.526288 0.309195 0.526288 0.326437 0.525757 0.327586 0.525757 0.334483 0.525226 0.335632 0.524695 0.335632 0.524164 0.336782 0.522570 0.336782 0.522039 0.337931 0.517791 0.337931 0.516729 0.340230 0.516729 0.341379 0.516198 0.342529 0.516198 0.352874 0.515666 0.354023 0.515666 0.366667 0.516198 0.367816 0.516198 0.368966 0.517260 0.371264 0.517260 0.373563 0.517791 0.374713 0.517791 0.375862 0.518322 0.377011 0.518322 0.379310 0.518853 0.380460 0.518853 0.386207 0.519384 0.387356 0.519384 0.406897 0.519915 0.408046 0.519915 0.427586 0.520446 0.428736 0.520446 0.433333 0.520977 0.434483 0.520977 0.436782 0.521508 0.437931 0.521508 0.443678 0.522039 0.444828 0.522039 0.454023 0.522570 0.455172 0.522570 0.458621 0.523101 0.459770 0.523101 0.477011 0.522570 0.478161 0.522570 0.485057 0.522039 0.486207 0.522039 0.488506 0.521508 0.489655 0.521508 0.490805 0.520977 0.491954 0.520977 0.493103 0.519384 0.496552 0.518322 0.496552 0.517791 0.497701 0.517260 0.497701 0.516729 0.498851 0.516198 0.498851 0.515666 0.500000 0.514604 0.500000 0.514073 0.501149 0.513542 0.501149 0.513011 0.502299 0.512480 0.502299 0.511949 0.503448 0.510887 0.503448 0.510356 0.504598 0.509825 0.504598 0.509294 0.505747 0.508763 0.505747 0.508232 0.506897 0.507700 0.506897 0.506638 0.509195 0.506638 0.510345 0.506107 0.511494 0.506638 0.512644 0.506638 0.514943 0.507169 0.516092 0.507700 0.516092 0.508232 0.517241 0.515135 0.517241 0.515666 0.516092 0.520446 0.516092 0.520977 0.514943 0.525226 0.514943 0.525757 0.513793 0.531067 0.513793 0.531599 0.512644 0.532661 0.512644 0.533192 0.511494 0.533723 0.511494 0.533723 0.510345 0.533192 0.509195 0.533192 0.501149 0.533723 0.500000 0.533723 0.497701 0.534254 0.496552 0.534254 0.495402 0.535316 0.493103 0.535316 0.491954 0.535847 0.490805 0.536378 0.490805 0.537971 0.494253 0.537971 0.496552 0.538502 0.497701 0.537971 0.498851 0.537971 0.510345 0.537440 0.511494 0.537440 0.513793 0.536909 0.514943 0.536909 0.516092 0.535847 0.518391 0.535316 0.518391 0.534785 0.519540 0.533723 0.519540 0.533192 0.520690 0.532661 0.520690 0.532661 0.521839 0.528943 0.529885 0.528412 0.529885 0.527350 0.532184 0.526819 0.532184 0.525757 0.534483 0.525226 0.534483 0.524695 0.535632 0.524164 0.535632 0.523633 0.536782 0.523101 0.536782 0.520446 0.542529 0.520446 0.545977 0.522039 0.549425 0.523633 0.549425 0.524164 0.550575 0.534785 0.550575 0.535316 0.549425 0.537440 0.549425 0.537971 0.548276 0.539033 0.548276 0.539565 0.547126 0.541689 0.547126 0.542220 0.545977 0.543282 0.545977 0.543813 0.544828 0.545937 0.544828 0.546468 0.543678 0.549655 0.543678 0.550186 0.542529 0.550717 0.542529 0.550717 0.541379 0.551248 0.540230 0.551248 0.532184 0.551779 0.531034 0.551779 0.529885 0.552841 0.527586 0.553903 0.527586 0.556028 0.522989 0.556028 0.521839 0.556559 0.520690 0.556559 0.519540 0.557090 0.518391 0.557090 0.517241 0.557621 0.516092 0.557621 0.510345 0.557090 0.509195 0.557090 0.508046 0.556028 0.505747 0.556028 0.503448 0.555497 0.502299 0.555497 0.496552 0.554965 0.495402 0.554965 0.494253 0.554434 0.493103 0.554434 0.491954 0.553372 0.489655 0.553372 0.488506 0.552841 0.487356 0.552841 0.486207 0.552310 0.485057 0.552310 0.483908 0.551779 0.482759 0.551779 0.480460 0.551248 0.479310 0.551248 0.475862 0.550717 0.474713 0.550717 0.462069 0.550186 0.460920 0.550186 0.459770 0.549124 0.457471 0.549124 0.456322 0.548593 0.456322 0.548062 0.455172 0.547531 0.455172 0.546999 0.454023 0.546468 0.454023 0.544344 0.449425 0.543813 0.449425 0.541689 0.444828 0.541689 0.441379 0.542220 0.440230 0.542220 0.439080 0.547531 0.427586 0.547531 0.426437 0.548062 0.425287 0.548062 0.417241 0.548593 0.416092 0.548593 0.402299 0.549124 0.401149 0.549124 0.393103 0.550717 0.389655 0.550717 0.388506 0.552310 0.385057 0.552310 0.383908 0.552841 0.382759 0.552841 0.378161 0.553372 0.377011 0.553372 0.366667 0.553903 0.365517 0.553903 0.358621 0.554434 0.357471 0.554434 0.351724 0.554965 0.350575 0.554965 0.343678 0.555497 0.342529 0.555497 0.336782 0.556028 0.335632 0.556028 0.328736 0.556559 0.327586 0.556559 0.318391 0.557090 0.317241 0.557090 0.305747 0.557621 0.304598 0.557621 0.298851 0.558152 0.297701 0.558152 0.296552 0.558683 0.295402 0.558683 0.294253 0.559745 0.291954 0.559745 0.290805 0.560807 0.288506 0.560807 0.287356 0.561338 0.286207 0.561338 0.283908 0.561869 0.282759 0.561869 0.280460 0.562400 0.279310 0.562400 0.274713 0.562931 0.273563 0.562931 0.270115 0.562400 0.268966 0.562400 0.264368 0.561869 0.263218 0.561869 0.260920 0.562931 0.258621 0.563463 0.258621 0.563463 0.255172 0.562931 0.254023 0.562931 0.247126 0.563463 0.245977 0.563463 0.222989 0.562931 0.221839 0.562931 0.212644 0.562400 0.211494 0.562400 0.205747 0.561869 0.204598 0.561869 0.202299 0.561338 0.201149 0.561338 0.200000 0.560807 0.198851 0.560807 0.197701 0.560276 0.196552 0.560276 0.195402 0.559214 0.193103 0.559214 0.191954 0.558683 0.190805 0.558683 0.189655 0.558152 0.188506 0.558152 0.187356 0.557621 0.186207 0.557621 0.179310 0.558152 0.178161 0.557621 0.177011 0.557621 0.174713 0.557090 0.173563 0.557090 0.171264 0.556028 0.168966 0.556028 0.166667 0.555497 0.165517 0.555497 0.163218 0.554965 0.162069 0.554965 0.160920 0.554434 0.159770 0.554434 0.158621 0.553903 0.157471 0.553903 0.156322 0.553372 0.155172 0.553372 0.154023 0.552841 0.152874 0.552841 0.151724 0.552310 0.150575 0.552310 0.149425 0.551779 0.148276 0.551779 0.147126 0.551248 0.145977 0.551248 0.143678 0.549655 0.140230 0.549655 0.128736 0.549124 0.127586 0.549124 0.126437 0.548593 0.125287 0.548593 0.124138 0.548062 0.122989 0.548062 0.121839 0.547531 0.120690 0.547531 0.119540 0.546999 0.118391 0.546999 0.117241 0.546468 0.116092 0.546468 0.114943 0.545937 0.113793 0.545937 0.112644 0.544875 0.110345 0.544875 0.109195 0.543813 0.106897 0.543813 0.105747 0.542751 0.103448 0.542220 0.103448 0.541158 0.101149 0.540627 0.101149 0.540096 0.100000 0.539033 0.100000 0.538502 0.098851 0.537971 0.098851 0.537440 0.097701
1 0.566118 0.378161 0.565587 0.379310 0.562931 0.379310 0.562400 0.380460 0.561338 0.380460 0.560807 0.381609 0.559745 0.381609 0.559214 0.382759 0.558152 0.382759 0.557621 0.383908 0.557090 0.383908 0.556559 0.385057 0.556028 0.385057 0.555497 0.386207 0.554965 0.386207 0.553372 0.389655 0.553372 0.390805 0.552841 0.391954 0.552841 0.395402 0.552310 0.396552 0.552310 0.398851 0.551779 0.400000 0.551779 0.402299 0.550717 0.404598 0.550717 0.405747 0.550186 0.406897 0.550186 0.410345 0.549655 0.411494 0.549655 0.414943 0.549124 0.416092 0.549124 0.426437 0.548593 0.427586 0.548593 0.428736 0.548062 0.429885 0.547531 0.429885 0.546468 0.432184 0.545937 0.432184 0.544875 0.434483 0.544344 0.434483 0.543813 0.435632 0.543813 0.436782 0.543282 0.437931 0.543282 0.439080 0.542751 0.440230 0.542751 0.441379 0.542220 0.442529 0.542751 0.443678 0.542751 0.445977 0.544875 0.450575 0.545406 0.450575 0.545937 0.451724 0.546468 0.451724 0.546999 0.452874 0.548062 0.452874 0.548593 0.454023 0.549655 0.454023 0.550186 0.455172 0.551779 0.455172 0.552310 0.456322 0.556559 0.456322 0.557090 0.457471 0.574615 0.457471 0.575146 0.456322 0.580457 0.456322 0.580988 0.455172 0.582581 0.455172 0.583112 0.454023 0.585236 0.454023 0.585767 0.452874 0.586830 0.452874 0.587361 0.451724 0.588423 0.451724 0.590547 0.447126 0.591078 0.447126 0.591609 0.445977 0.592140 0.445977 0.595858 0.437931 0.595858 0.436782 0.596389 0.435632 0.596389 0.433333 0.596920 0.432184 0.596920 0.429885 0.596389 0.428736 0.596389 0.426437 0.595858 0.425287 0.595858 0.424138 0.593202 0.418391 0.593202 0.417241 0.592671 0.416092 0.592671 0.413793 0.592140 0.412644 0.592140 0.409195 0.591609 0.408046 0.591609 0.405747 0.591078 0.404598 0.591078 0.403448 0.590547 0.402299 0.590547 0.401149 0.589485 0.398851 0.589485 0.397701 0.587892 0.394253 0.587892 0.393103 0.585236 0.387356 0.584705 0.387356 0.584174 0.386207 0.583643 0.386207 0.582581 0.383908 0.582050 0.383908 0.581519 0.382759 0.580988 0.382759 0.580457 0.381609 0.579395 0.381609 0.578864 0.380460 0.577801 0.380460 0.577270 0.379310 0.575677 0.379310 0.575146 0.378161
1 0.532661 0.096552 0.532130 0.097701 0.530005 0.097701 0.529474 0.098851 0.528412 0.098851 0.527350 0.101149 0.526819 0.101149 0.526288 0.102299 0.525757 0.102299 0.522570 0.109195 0.522570 0.110345 0.521508 0.112644 0.521508 0.113793 0.520977 0.114943 0.520977 0.116092 0.520446 0.117241 0.520446 0.118391 0.519915 0.119540 0.519915 0.122989 0.519384 0.124138 0.519384 0.127586 0.518853 0.128736 0.518853 0.136782 0.518322 0.137931 0.518322 0.142529 0.517791 0.143678 0.517791 0.144828 0.517260 0.145977 0.517260 0.147126 0.515135 0.151724 0.515135 0.152874 0.514604 0.154023 0.514604 0.157471 0.515135 0.158621 0.515135 0.159770 0.515666 0.160920 0.516198 0.160920 0.516729 0.162069 0.517791 0.162069 0.518322 0.163218 0.521508 0.163218 0.522039 0.164368 0.522570 0.164368 0.523101 0.163218 0.525757 0.163218 0.526288 0.162069 0.526819 0.162069 0.527350 0.160920 0.527881 0.160920 0.528943 0.158621 0.529474 0.158621 0.530005 0.157471 0.530536 0.157471 0.531067 0.156322 0.531599 0.156322 0.532130 0.155172 0.532661 0.155172 0.533192 0.154023 0.533723 0.154023 0.534254 0.152874 0.534785 0.152874 0.535316 0.151724 0.535847 0.151724 0.536378 0.150575 0.536909 0.150575 0.537440 0.149425 0.538502 0.149425 0.539033 0.148276 0.540096 0.148276 0.541158 0.145977 0.541689 0.145977 0.542751 0.143678 0.543282 0.143678 0.543813 0.142529 0.544344 0.142529 0.544875 0.141379 0.545406 0.141379 0.545937 0.140230 0.546999 0.140230 0.548062 0.137931 0.548062 0.136782 0.549124 0.134483 0.549124 0.133333 0.549655 0.132184 0.549655 0.129885 0.549124 0.128736 0.549124 0.126437 0.548593 0.125287 0.548593 0.124138 0.548062 0.122989 0.548062 0.121839 0.547531 0.120690 0.547531 0.118391 0.546999 0.117241 0.546999 0.116092 0.546468 0.114943 0.546468 0.113793 0.545406 0.111494 0.545406 0.110345 0.544875 0.109195 0.544875 0.108046 0.541689 0.101149 0.541158 0.101149 0.540627 0.100000 0.540096 0.100000 0.539565 0.098851 0.538502 0.098851 0.537971 0.097701 0.536378 0.097701 0.535847 0.096552
1 0.382900 0.331034 0.382369 0.332184 0.381306 0.332184 0.380775 0.333333 0.379713 0.333333 0.378651 0.335632 0.378120 0.335632 0.377058 0.337931 0.376527 0.337931 0.376527 0.339080 0.374934 0.342529 0.374934 0.343678 0.373871 0.345977 0.373871 0.348276 0.373340 0.349425 0.373340 0.352874 0.372809 0.354023 0.372809 0.358621 0.373340 0.359770 0.373340 0.363218 0.373871 0.364368 0.373871 0.365517 0.374934 0.367816 0.374934 0.368966 0.375465 0.370115 0.375465 0.371264 0.376527 0.373563 0.376527 0.375862 0.377058 0.375862 0.377589 0.377011 0.379182 0.377011 0.379713 0.378161 0.380244 0.377011 0.380775 0.377011 0.381306 0.375862 0.381837 0.375862 0.382900 0.373563 0.382900 0.372414 0.383431 0.371264 0.383962 0.371264 0.384493 0.370115 0.384493 0.368966 0.389804 0.357471 0.390335 0.357471 0.393521 0.350575 0.394052 0.350575 0.394583 0.349425 0.395114 0.349425 0.395645 0.348276 0.395645 0.347126 0.396176 0.345977 0.396176 0.341379 0.395645 0.340230 0.395114 0.340230 0.394583 0.339080 0.394052 0.339080 0.393521 0.337931 0.392990 0.337931 0.391928 0.335632 0.391397 0.335632 0.390335 0.333333 0.389272 0.333333 0.388741 0.332184 0.388210 0.332184 0.387679 0.331034
2 0.518853 0.495402 0.518322 0.496552 0.517791 0.496552 0.517260 0.497701 0.516729 0.497701 0.516198 0.498851 0.515666 0.498851 0.515135 0.500000 0.514604 0.500000 0.514073 0.501149 0.513011 0.501149 0.512480 0.502299 0.511949 0.502299 0.511418 0.503448 0.510356 0.503448 0.509825 0.504598 0.508763 0.504598 0.508232 0.505747 0.507700 0.505747 0.507169 0.506897 0.506638 0.506897 0.506107 0.508046 0.506107 0.510345 0.505576 0.511494 0.505576 0.512644 0.506107 0.513793 0.506107 0.516092 0.506638 0.517241 0.507169 0.517241 0.507700 0.518391 0.514604 0.518391 0.515135 0.517241 0.518322 0.517241 0.518853 0.516092 0.522039 0.516092 0.522570 0.514943 0.526819 0.514943 0.527350 0.513793 0.531599 0.513793 0.532130 0.512644 0.532661 0.512644 0.533192 0.511494 0.533192 0.506897 0.532661 0.505747 0.532661 0.503448 0.532130 0.502299 0.531067 0.502299 0.530536 0.501149 0.526819 0.501149 0.526288 0.500000 0.524695 0.500000 0.524164 0.498851 0.523101 0.498851 0.522039 0.496552 0.519384 0.496552
2 0.519384 0.455172 0.518853 0.456322 0.518322 0.456322 0.517260 0.458621 0.517260 0.462069 0.516729 0.463218 0.516729 0.468966 0.517260 0.470115 0.516729 0.471264 0.516729 0.474713 0.516198 0.475862 0.516198 0.478161 0.515666 0.479310 0.515666 0.483908 0.516198 0.485057 0.516198 0.486207 0.518853 0.491954 0.519915 0.491954 0.520446 0.490805 0.520977 0.490805 0.521508 0.489655 0.522039 0.489655 0.522039 0.488506 0.522570 0.487356 0.522570 0.485057 0.523101 0.483908 0.523101 0.460920 0.522570 0.459770 0.522570 0.456322 0.522039 0.455172
2 0.534785 0.521839 0.534254 0.522989 0.533192 0.522989 0.532661 0.524138 0.532130 0.524138 0.530005 0.528736 0.529474 0.528736 0.527881 0.532184 0.527350 0.532184 0.526819 0.533333 0.526288 0.533333 0.525757 0.534483 0.525226 0.534483 0.524695 0.535632 0.524164 0.535632 0.523633 0.536782 0.523101 0.536782 0.522039 0.539080 0.521508 0.539080 0.520977 0.540230 0.520977 0.541379 0.520446 0.542529 0.520446 0.543678 0.519915 0.544828 0.519915 0.545977 0.521508 0.549425 0.522039 0.549425 0.522570 0.550575 0.524164 0.550575 0.524695 0.551724 0.533723 0.551724 0.534254 0.550575 0.536378 0.550575 0.536909 0.549425 0.537971 0.549425 0.538502 0.548276 0.540096 0.548276 0.540627 0.547126 0.542220 0.547126 0.542751 0.545977 0.545406 0.545977 0.545937 0.544828 0.549655 0.544828 0.550186 0.543678 0.550717 0.543678 0.551248 0.542529 0.551248 0.540230 0.551779 0.539080 0.551248 0.537931 0.551248 0.534483 0.550186 0.532184 0.550186 0.531034 0.549655 0.529885 0.549124 0.529885 0.548062 0.527586 0.546999 0.527586 0.546468 0.526437 0.542751 0.526437 0.542220 0.525287 0.540627 0.525287 0.540096 0.524138 0.539565 0.524138 0.539033 0.522989 0.537440 0.522989 0.536909 0.521839
2 0.598513 0.742529 0.597982 0.743678 0.597982 0.750575 0.597451 0.751724 0.597451 0.755172 0.596920 0.756322 0.596920 0.757471 0.593733 0.764368 0.593202 0.764368 0.592671 0.765517 0.592140 0.765517 0.591609 0.766667 0.591078 0.766667 0.590547 0.767816 0.588954 0.767816 0.588423 0.768966 0.580457 0.768966 0.579926 0.767816 0.576739 0.767816 0.576208 0.768966 0.574615 0.768966 0.572491 0.773563 0.572491 0.774713 0.567711 0.785057 0.567180 0.785057 0.565056 0.789655 0.564525 0.789655 0.561338 0.796552 0.561338 0.797701 0.560807 0.798851 0.560807 0.800000 0.560276 0.801149 0.560276 0.804598 0.560807 0.805747 0.560807 0.808046 0.562400 0.811494 0.562400 0.812644 0.562931 0.813793 0.563463 0.813793 0.565056 0.817241 0.565587 0.817241 0.566118 0.818391 0.566649 0.818391 0.567180 0.819540 0.568242 0.819540 0.568773 0.820690 0.571429 0.820690 0.571960 0.821839 0.576739 0.821839 0.577270 0.820690 0.579395 0.820690 0.579926 0.819540 0.580988 0.819540 0.581519 0.818391 0.582050 0.818391 0.582581 0.817241 0.583643 0.817241 0.584174 0.816092 0.584705 0.816092 0.585767 0.813793 0.586298 0.813793 0.587361 0.811494 0.587892 0.811494 0.590016 0.806897 0.590016 0.805747 0.590547 0.804598 0.590547 0.803448 0.591609 0.801149 0.591609 0.800000 0.592671 0.797701 0.592671 0.796552 0.594264 0.793103 0.594796 0.793103 0.599575 0.782759 0.599575 0.781609 0.602230 0.775862 0.602230 0.774713 0.602762 0.773563 0.602762 0.771264 0.603293 0.770115 0.603293 0.762069 0.602762 0.760920 0.602762 0.752874 0.602230 0.751724 0.602230 0.750575 0.601699 0.749425 0.601168 0.749425 0.600637 0.748276 0.600637 0.747126 0.600106 0.745977 0.600106 0.744828 0.599044 0.742529
2 0.599044 0.728736 0.598513 0.729885 0.595858 0.729885 0.595327 0.731034 0.594796 0.731034 0.594796 0.732184 0.594264 0.733333 0.596389 0.737931 0.596920 0.737931 0.597982 0.740230 0.598513 0.740230 0.599044 0.741379 0.601699 0.741379 0.602230 0.742529 0.602762 0.741379 0.604886 0.741379 0.605417 0.740230 0.605417 0.733333 0.604886 0.732184 0.604886 0.731034 0.604355 0.729885 0.602762 0.729885 0.602230 0.728736