0 0.973447 0.320690 0.972916 0.321839 0.970260 0.321839 0.969729 0.322989 0.968667 0.322989 0.968136 0.324138 0.967074 0.324138 0.966543 0.325287 0.966012 0.325287 0.964950 0.327586 0.964418 0.327586 0.963356 0.329885 0.962825 0.329885 0.962825 0.331034 0.961232 0.334483 0.961232 0.335632 0.960170 0.337931 0.960170 0.339080 0.959639 0.340230 0.959639 0.344828 0.959108 0.345977 0.959108 0.359770 0.959639 0.360920 0.959639 0.362069 0.960170 0.363218 0.960170 0.364368 0.960701 0.365517 0.960701 0.366667 0.961232 0.367816 0.961232 0.368966 0.961763 0.370115 0.961763 0.371264 0.962294 0.372414 0.962294 0.374713 0.962825 0.375862 0.962825 0.378161 0.963356 0.379310 0.963356 0.382759 0.963887 0.383908 0.963887 0.390805 0.963356 0.391954 0.963356 0.393103 0.961232 0.397701 0.960701 0.397701 0.960170 0.398851 0.959108 0.398851 0.958577 0.400000 0.958046 0.400000 0.957515 0.401149 0.956984 0.401149 0.956452 0.402299 0.955921 0.402299 0.955390 0.403448 0.954859 0.403448 0.954328 0.404598 0.953797 0.404598 0.953266 0.405747 0.952735 0.405747 0.952204 0.406897 0.951673 0.406897 0.951142 0.408046 0.950611 0.408046 0.949549 0.410345 0.949018 0.410345 0.947424 0.413793 0.946893 0.413793 0.943707 0.420690 0.943707 0.422989 0.943176 0.424138 0.943176 0.425287 0.942645 0.426437 0.942645 0.428736 0.942114 0.429885 0.942114 0.433333 0.941583 0.434483 0.941583 0.435632 0.941052 0.436782 0.941052 0.437931 0.940520 0.439080 0.940520 0.440230 0.939989 0.441379 0.939989 0.442529 0.939458 0.443678 0.939458 0.444828 0.938927 0.445977 0.938927 0.447126 0.938396 0.448276 0.938396 0.450575 0.937865 0.451724 0.937865 0.454023 0.937334 0.455172 0.937334 0.460920 0.936803 0.462069 0.936803 0.465517 0.936272 0.466667 0.936272 0.471264 0.935741 0.472414 0.935741 0.480460 0.936272 0.481609 0.936272 0.482759 0.936803 0.483908 0.936803 0.485057 0.938927 0.489655 0.939458 0.489655 0.940520 0.491954 0.941052 0.491954 0.941583 0.493103 0.942114 0.493103 0.942645 0.494253 0.943176 0.494253 0.943707 0.495402 0.944769 0.495402 0.946362 0.498851 0.946362 0.506897 0.945831 0.508046 0.945831 0.513793 0.945300 0.514943 0.945300 0.519540 0.944769 0.520690 0.944769 0.529885 0.945300 0.531034 0.945300 0.533333 0.945831 0.534483 0.945831 0.535632 0.946362 0.534483 0.946362 0.533333 0.948486 0.528736 0.949018 0.528736 0.949549 0.527586 0.949549 0.526437 0.950080 0.525287 0.950080 0.524138 0.951142 0.521839 0.951142 0.520690 0.951673 0.519540 0.951673 0.518391 0.955921 0.509195 0.956452 0.509195 0.956984 0.508046 0.957515 0.508046 0.958577 0.505747 0.959108 0.505747 0.959639 0.504598 0.960170 0.504598 0.961763 0.501149 0.961763 0.500000 0.962294 0.498851 0.962294 0.497701 0.962825 0.496552 0.962825 0.494253 0.963887 0.491954 0.963887 0.490805 0.964950 0.488506 0.964950 0.486207 0.965481 0.485057 0.965481 0.482759 0.966012 0.481609 0.966012 0.479310 0.966543 0.478161 0.966543 0.477011 0.967074 0.475862 0.967074 0.474713 0.967605 0.473563 0.967605 0.471264 0.968136 0.470115 0.968136 0.466667 0.968667 0.465517 0.968667 0.464368 0.970791 0.459770 0.970791 0.458621 0.971322 0.457471 0.971322 0.456322 0.971853 0.455172 0.971853 0.454023 0.972916 0.451724 0.972916 0.450575 0.974509 0.447126 0.974509 0.445977 0.975040 0.444828 0.975040 0.443678 0.975571 0.442529 0.975571 0.441379 0.976633 0.439080 0.976633 0.437931 0.977695 0.435632 0.977695 0.434483 0.978757 0.432184 0.978757 0.431034 0.979288 0.429885 0.979288 0.428736 0.980351 0.426437 0.980351 0.425287 0.981413 0.422989 0.981413 0.421839 0.981944 0.420690 0.981944 0.419540 0.982475 0.418391 0.982475 0.417241 0.984599 0.412644 0.984599 0.411494 0.985661 0.409195 0.985661 0.408046 0.986192 0.406897 0.986192 0.405747 0.986723 0.404598 0.986723 0.382759 0.987254 0.381609 0.987254 0.365517 0.987785 0.364368 0.987785 0.359770 0.988317 0.358621 0.988317 0.354023 0.988848 0.352874 0.988848 0.344828 0.988317 0.343678 0.988317 0.342529 0.987785 0.341379 0.987785 0.339080 0.986723 0.336782 0.986723 0.335632 0.986192 0.334483 0.986192 0.333333 0.984068 0.328736 0.984068 0.327586 0.983537 0.327586 0.983006 0.326437 0.982475 0.326437 0.981413 0.324138 0.980882 0.324138 0.980351 0.322989 0.978757 0.322989 0.978226 0.321839 0.976102 0.321839 0.975571 0.320690
0 0.990972 0.419540 0.990972 0.421839 0.988848 0.426437 0.984068 0.426437 0.983006 0.428736 0.983006 0.431034 0.983537 0.432184 0.983537 0.433333 0.985130 0.433333 0.985661 0.434483 0.986723 0.434483 0.987785 0.436782 0.987785 0.437931 0.986723 0.440230 0.986192 0.440230 0.985661 0.441379 0.984068 0.441379 0.983537 0.442529 0.981944 0.442529 0.981413 0.443678 0.980882 0.443678 0.980882 0.444828 0.978757 0.449425 0.978226 0.449425 0.978226 0.450575 0.978757 0.451724 0.978757 0.452874 0.978226 0.454023 0.977695 0.454023 0.976633 0.456322 0.976633 0.458621 0.975571 0.460920 0.975040 0.460920 0.974509 0.462069 0.973978 0.462069 0.973447 0.463218 0.973447 0.464368 0.972916 0.465517 0.972916 0.470115 0.971853 0.472414 0.970260 0.472414 0.970260 0.473563 0.974509 0.473563 0.975040 0.474713 0.975571 0.474713 0.976102 0.475862 0.976102 0.478161 0.973978 0.482759 0.972916 0.482759 0.972384 0.483908 0.971322 0.483908 0.971322 0.487356 0.970260 0.489655 0.970260 0.490805 0.970791 0.491954 0.970791 0.493103 0.971322 0.494253 0.970260 0.496552 0.970260 0.497701 0.969729 0.498851 0.968667 0.498851 0.968136 0.500000 0.967605 0.500000 0.966543 0.502299 0.964950 0.502299 0.964418 0.503448 0.963356 0.503448 0.962825 0.504598 0.962294 0.504598 0.961763 0.505747 0.961232 0.505747 0.960701 0.506897 0.959639 0.506897 0.959108 0.508046 0.958577 0.508046 0.958046 0.509195 0.957515 0.509195 0.956452 0.511494 0.955921 0.511494 0.953797 0.516092 0.953797 0.517241 0.952735 0.519540 0.952204 0.519540 0.952204 0.520690 0.951142 0.522989 0.951142 0.524138 0.950611 0.525287 0.950611 0.527586 0.946362 0.536782 0.946362 0.537931 0.945831 0.539080 0.945831 0.542529 0.945300 0.543678 0.945300 0.545977 0.944769 0.547126 0.944769 0.550575 0.944238 0.551724 0.944238 0.555172 0.943707 0.556322 0.943707 0.557471 0.942645 0.559770 0.942645 0.560920 0.942114 0.562069 0.942114 0.563218 0.941583 0.564368 0.941583 0.565517 0.940520 0.567816 0.940520 0.568966 0.939989 0.570115 0.939989 0.571264 0.939458 0.572414 0.939458 0.574713 0.938927 0.575862 0.938927 0.578161 0.938396 0.579310 0.938396 0.580460 0.937865 0.581609 0.937865 0.585057 0.937334 0.586207 0.937334 0.587356 0.936803 0.588506 0.936803 0.591954 0.936272 0.593103 0.936272 0.595402 0.935741 0.596552 0.935741 0.598851 0.935210 0.600000 0.935210 0.601149 0.934679 0.602299 0.934679 0.604598 0.934148 0.605747 0.934148 0.608046 0.933617 0.609195 0.933617 0.611494 0.933086 0.612644 0.933086 0.613793 0.932554 0.614943 0.932554 0.616092 0.932023 0.617241 0.932023 0.619540 0.931492 0.620690 0.931492 0.625287 0.930961 0.626437 0.930961 0.628736 0.930430 0.629885 0.930430 0.632184 0.929899 0.633333 0.929899 0.634483 0.929368 0.635632 0.929368 0.637931 0.928837 0.639080 0.928837 0.641379 0.928306 0.642529 0.928306 0.645977 0.927775 0.647126 0.927775 0.649425 0.927244 0.650575 0.927244 0.652874 0.926713 0.654023 0.926713 0.665517 0.926182 0.666667 0.926182 0.673563 0.925651 0.674713 0.925651 0.680460 0.926182 0.681609 0.926182 0.685057 0.926713 0.686207 0.926713 0.691954 0.927244 0.693103 0.927244 0.704598 0.926713 0.705747 0.926713 0.708046 0.927244 0.709195 0.927244 0.712644 0.926713 0.713793 0.926713 0.717241 0.925119 0.720690 0.925119 0.721839 0.924588 0.722989 0.924588 0.724138 0.924057 0.725287 0.924057 0.727586 0.923526 0.728736 0.923526 0.731034 0.924057 0.732184 0.924057 0.735632 0.924588 0.736782 0.924588 0.739080 0.925119 0.740230 0.925119 0.762069 0.924588 0.763218 0.924588 0.764368 0.924057 0.765517 0.924057 0.767816 0.923526 0.768966 0.923526 0.771264 0.922995 0.772414 0.922995 0.773563 0.921933 0.775862 0.921933 0.777011 0.921402 0.778161 0.921402 0.779310 0.920340 0.781609 0.920340 0.782759 0.919809 0.783908 0.919809 0.785057 0.919278 0.786207 0.919278 0.787356 0.918747 0.788506 0.918747 0.790805 0.918216 0.791954 0.918216 0.809195 0.918747 0.810345 0.918747 0.813793 0.919278 0.814943 0.919278 0.816092 0.919809 0.817241 0.919809 0.818391 0.920340 0.819540 0.920340 0.820690 0.920871 0.820690 0.923526 0.826437 0.924057 0.826437 0.925119 0.828736 0.926182 0.828736 0.927244 0.831034 0.928306 0.831034 0.928837 0.832184 0.932023 0.832184 0.932554 0.831034 0.932023 0.829885 0.932023 0.828736 0.931492 0.828736 0.929899 0.825287 0.929899 0.824138 0.929368 0.824138 0.926182 0.817241 0.926182 0.808046 0.926713 0.806897 0.926713 0.805747 0.927244 0.804598 0.927244 0.803448 0.928306 0.801149 0.929899 0.804598 0.929899 0.805747 0.930430 0.806897 0.930430 0.811494 0.930961 0.812644 0.930961 0.813793 0.931492 0.813793 0.932023 0.814943 0.934148 0.814943 0.934679 0.813793 0.935741 0.813793 0.935741 0.805747 0.936272 0.804598 0.936272 0.798851 0.936803 0.797701 0.936803 0.795402 0.937334 0.794253 0.937334 0.793103 0.937865 0.791954 0.937865 0.790805 0.938396 0.789655 0.938396 0.783908 0.937865 0.782759 0.937865 0.774713 0.937334 0.773563 0.937334 0.770115 0.936803 0.768966 0.936803 0.760920 0.937334 0.759770 0.937334 0.758621 0.939458 0.754023 0.939458 0.752874 0.940520 0.750575 0.940520 0.749425 0.942645 0.744828 0.942645 0.743678 0.943176 0.742529 0.943176 0.741379 0.944238 0.739080 0.944769 0.739080 0.945831 0.736782 0.946362 0.736782 0.947424 0.734483 0.947955 0.734483 0.949018 0.732184 0.949549 0.732184 0.951142 0.728736 0.951142 0.727586 0.951673 0.726437 0.951673 0.725287 0.952204 0.724138 0.952204 0.721839 0.952735 0.720690 0.953797 0.722989 0.953797 0.725287 0.954328 0.726437 0.954328 0.737931 0.953797 0.739080 0.953797 0.745977 0.953266 0.747126 0.953266 0.748276 0.952735 0.749425 0.952735 0.752874 0.952204 0.754023 0.952204 0.756322 0.951673 0.757471 0.951673 0.759770 0.951142 0.760920 0.951142 0.762069 0.950611 0.763218 0.950611 0.765517 0.950080 0.766667 0.950080 0.767816 0.949549 0.768966 0.949549 0.770115 0.949018 0.771264 0.949018 0.772414 0.948486 0.773563 0.948486 0.780460 0.947955 0.781609 0.947955 0.783908 0.947424 0.785057 0.947424 0.787356 0.946893 0.788506 0.946893 0.791954 0.946362 0.793103 0.946362 0.795402 0.945831 0.796552 0.945831 0.801149 0.945300 0.802299 0.945300 0.812644 0.944769 0.813793 0.944769 0.819540 0.945300 0.820690 0.945300 0.821839 0.945831 0.822989 0.945831 0.824138 0.947424 0.827586 0.947424 0.828736 0.952735 0.840230 0.953266 0.840230 0.954859 0.843678 0.954859 0.844828 0.955921 0.847126 0.955921 0.848276 0.956452 0.849425 0.956452 0.850575 0.956984 0.851724 0.956984 0.854023 0.957515 0.855172 0.956984 0.856322 0.956984 0.857471 0.956452 0.858621 0.956452 0.868966 0.955921 0.870115 0.955921 0.878161 0.955390 0.879310 0.955390 0.888506 0.954859 0.889655 0.954859 0.922989 0.954328 0.924138 0.954328 0.932184 0.954859 0.933333 0.954859 0.949425 0.955390 0.950575 0.955390 0.958621 0.955921 0.959770 0.955921 0.975862 0.956452 0.977011 0.956452 0.983908 0.956984 0.985057 0.956984 0.991954 0.957515 0.993103 0.957515 0.995402 0.958046 0.995402 0.958577 0.996552 0.959108 0.996552 0.959639 0.997701 0.959639 0.998851 0.965481 0.998851 0.965481 0.997701 0.966012 0.996552 0.996814 0.996552 0.997345 0.995402 0.999469 0.995402 0.999469 0.794253 0.997345 0.794253 0.996814 0.793103 0.996814 0.791954 0.997345 0.790805 0.997345 0.789655 0.997876 0.788506 0.997876 0.787356 0.998407 0.786207 0.999469 0.786207 0.998407 0.786207 0.997345 0.783908 0.997345 0.780460 0.996814 0.779310 0.996814 0.770115 0.996283 0.768966 0.996283 0.767816 0.996814 0.766667 0.996814 0.762069 0.998407 0.758621 0.999469 0.758621 0.999469 0.726437 0.997876 0.726437 0.996283 0.722989 0.996283 0.716092 0.997876 0.712644 0.999469 0.712644 0.999469 0.657471 0.997876 0.657471 0.997345 0.656322 0.997345 0.655172 0.996814 0.654023 0.996814 0.652874 0.996283 0.651724 0.996283 0.650575 0.995220 0.648276 0.995220 0.647126 0.994689 0.645977 0.994689 0.644828 0.994158 0.643678 0.994158 0.641379 0.994689 0.640230 0.994689 0.633333 0.993627 0.631034 0.993627 0.629885 0.993096 0.628736 0.993096 0.627586 0.992565 0.626437 0.992565 0.622989 0.993096 0.621839 0.993096 0.618391 0.994689 0.614943 0.995220 0.614943 0.995751 0.613793 0.995751 0.612644 0.996814 0.610345 0.996814 0.609195 0.997876 0.606897 0.999469 0.606897 0.999469 0.420690 0.997345 0.420690 0.996814 0.419540
0 0.997876 0.364368 0.997345 0.365517 0.995751 0.365517 0.995220 0.366667 0.994689 0.366667 0.994689 0.368966 0.994158 0.370115 0.994158 0.372414 0.993627 0.373563 0.993627 0.381609 0.994158 0.382759 0.994158 0.388506 0.994689 0.389655 0.994689 0.390805 0.996283 0.394253 0.996283 0.395402 0.995751 0.396552 0.996283 0.397701 0.997345 0.397701 0.997876 0.398851 0.999469 0.398851 0.999469 0.364368
0 0.276686 0.271264 0.276155 0.272414 0.274562 0.272414 0.274031 0.273563 0.273500 0.273563 0.272969 0.274713 0.272438 0.274713 0.271907 0.275862 0.271375 0.275862 0.269782 0.279310 0.269251 0.279310 0.268189 0.281609 0.267658 0.281609 0.267127 0.282759 0.267127 0.283908 0.263409 0.291954 0.263409 0.293103 0.262878 0.294253 0.262878 0.295402 0.262347 0.296552 0.262347 0.297701 0.261816 0.298851 0.261816 0.304598 0.261285 0.305747 0.261285 0.313793 0.260754 0.314943 0.260754 0.316092 0.260223 0.317241 0.260223 0.318391 0.259692 0.319540 0.259692 0.321839 0.259161 0.322989 0.259161 0.325287 0.258630 0.326437 0.258630 0.327586 0.258099 0.328736 0.258099 0.329885 0.257568 0.331034 0.257568 0.333333 0.257037 0.334483 0.257037 0.337931 0.257568 0.339080 0.257568 0.341379 0.260223 0.347126 0.260754 0.347126 0.261285 0.348276 0.261285 0.351724 0.260754 0.352874 0.260754 0.354023 0.260223 0.355172 0.260223 0.356322 0.259692 0.357471 0.259692 0.358621 0.258630 0.360920 0.258099 0.360920 0.257568 0.362069 0.254912 0.362069 0.254381 0.363218 0.251195 0.363218 0.250664 0.364368 0.249071 0.364368 0.248540 0.365517 0.247477 0.365517 0.246946 0.366667 0.246415 0.366667 0.245353 0.368966 0.244822 0.368966 0.243760 0.371264 0.243229 0.371264 0.241636 0.374713 0.241105 0.374713 0.240574 0.375862 0.240042 0.375862 0.239511 0.377011 0.238980 0.377011 0.238449 0.378161 0.237918 0.378161 0.236856 0.380460 0.236856 0.381609 0.236325 0.382759 0.236325 0.389655 0.235794 0.390805 0.235794 0.395402 0.235263 0.396552 0.235263 0.398851 0.234201 0.401149 0.234201 0.402299 0.233670 0.403448 0.233670 0.404598 0.233139 0.405747 0.233139 0.406897 0.232608 0.408046 0.232608 0.410345 0.232076 0.411494 0.232076 0.419540 0.231545 0.420690 0.231545 0.436782 0.231014 0.437931 0.231014 0.440230 0.230483 0.441379 0.230483 0.449425 0.229952 0.450575 0.229952 0.459770 0.230483 0.460920 0.230483 0.474713 0.231014 0.475862 0.231014 0.488506 0.230483 0.489655 0.230483 0.501149 0.231014 0.502299 0.231014 0.509195 0.230483 0.510345 0.230483 0.540230 0.231014 0.541379 0.231014 0.551724 0.231545 0.552874 0.231545 0.560920 0.231014 0.562069 0.231014 0.586207 0.231545 0.587356 0.231545 0.595402 0.232076 0.596552 0.232076 0.598851 0.232608 0.600000 0.232608 0.601149 0.233139 0.602299 0.233139 0.604598 0.233670 0.605747 0.233670 0.606897 0.235794 0.611494 0.235794 0.612644 0.236325 0.613793 0.236325 0.616092 0.236856 0.617241 0.236856 0.618391 0.237387 0.619540 0.237387 0.620690 0.238449 0.622989 0.238449 0.624138 0.240042 0.627586 0.240042 0.628736 0.240574 0.629885 0.240574 0.631034 0.241105 0.632184 0.241105 0.633333 0.242167 0.635632 0.242167 0.636782 0.243229 0.639080 0.243229 0.640230 0.245353 0.644828 0.245353 0.645977 0.246415 0.648276 0.246415 0.649425 0.246946 0.650575 0.246946 0.651724 0.247477 0.652874 0.247477 0.654023 0.248008 0.655172 0.248008 0.657471 0.251195 0.664368 0.251195 0.665517 0.253850 0.671264 0.253850 0.672414 0.254912 0.674713 0.254912 0.678161 0.255443 0.679310 0.255443 0.691954 0.254912 0.693103 0.254912 0.694253 0.253850 0.696552 0.253850 0.697701 0.253319 0.698851 0.253319 0.700000 0.252788 0.701149 0.252788 0.702299 0.252257 0.703448 0.252257 0.704598 0.251726 0.705747 0.251726 0.706897 0.251195 0.708046 0.251195 0.709195 0.250664 0.710345 0.250664 0.712644 0.250133 0.713793 0.250133 0.714943 0.249602 0.716092 0.249602 0.717241 0.249071 0.718391 0.249071 0.719540 0.248540 0.720690 0.248540 0.722989 0.248008 0.724138 0.248008 0.726437 0.247477 0.727586 0.247477 0.728736 0.246946 0.729885 0.246946 0.731034 0.245884 0.733333 0.245884 0.735632 0.245353 0.736782 0.245353 0.737931 0.244822 0.739080 0.244822 0.741379 0.244291 0.742529 0.244291 0.743678 0.243760 0.744828 0.243760 0.745977 0.243229 0.747126 0.243229 0.748276 0.242698 0.749425 0.242698 0.750575 0.242167 0.751724 0.242167 0.754023 0.241636 0.755172 0.241636 0.756322 0.241105 0.757471 0.241105 0.758621 0.240574 0.759770 0.240574 0.762069 0.239511 0.764368 0.239511 0.765517 0.238449 0.767816 0.238449 0.768966 0.237918 0.770115 0.237918 0.771264 0.237387 0.772414 0.237387 0.774713 0.236856 0.775862 0.236856 0.778161 0.236325 0.779310 0.236325 0.786207 0.235794 0.787356 0.235794 0.788506 0.234732 0.790805 0.234732 0.791954 0.232076 0.797701 0.231545 0.797701 0.229421 0.802299 0.228890 0.802299 0.228359 0.803448 0.227828 0.803448 0.227828 0.804598 0.227297 0.805747 0.227297 0.806897 0.226235 0.809195 0.226235 0.810345 0.224642 0.813793 0.224110 0.813793 0.221986 0.818391 0.221986 0.819540 0.221455 0.820690 0.221455 0.821839 0.221986 0.822989 0.221986 0.825287 0.224110 0.829885 0.224642 0.829885 0.225173 0.831034 0.225704 0.831034 0.226235 0.832184 0.226766 0.832184 0.227297 0.833333 0.227828 0.833333 0.228359 0.834483 0.228890 0.834483 0.229421 0.835632 0.230483 0.835632 0.231014 0.836782 0.232076 0.836782 0.232608 0.837931 0.234201 0.837931 0.234732 0.839080 0.236325 0.839080 0.236856 0.840230 0.237918 0.840230 0.238449 0.841379 0.240042 0.841379 0.240574 0.842529 0.242167 0.842529 0.242698 0.843678 0.243229 0.843678 0.243760 0.844828 0.249071 0.844828 0.249602 0.845977 0.251195 0.845977 0.252257 0.848276 0.252257 0.850575 0.252788 0.851724 0.252257 0.852874 0.252257 0.854023 0.251195 0.856322 0.251195 0.867816 0.251726 0.868966 0.251726 0.871264 0.252257 0.872414 0.252257 0.877011 0.252788 0.878161 0.252788 0.882759 0.254381 0.886207 0.255975 0.886207 0.256506 0.887356 0.259161 0.887356 0.259692 0.888506 0.261285 0.888506 0.261816 0.889655 0.264472 0.889655 0.265003 0.890805 0.270313 0.890805 0.270844 0.889655 0.271375 0.889655 0.272438 0.887356 0.272969 0.887356 0.273500 0.886207 0.273500 0.885057 0.275093 0.881609 0.275093 0.880460 0.275624 0.879310 0.276686 0.879310 0.277217 0.878161 0.278810 0.878161 0.278810 0.875862 0.277217 0.875862 0.276686 0.874713 0.276155 0.874713 0.275624 0.873563 0.275624 0.872414 0.275093 0.871264 0.275093 0.868966 0.274562 0.867816 0.274562 0.859770 0.275093 0.858621 0.275093 0.834483 0.275624 0.833333 0.275624 0.829885 0.276155 0.828736 0.276155 0.825287 0.276686 0.824138 0.276686 0.821839 0.277217 0.820690 0.277217 0.817241 0.277748 0.816092 0.277748 0.809195 0.278279 0.808046 0.278279 0.800000 0.278810 0.798851 0.278810 0.789655 0.279341 0.788506 0.279341 0.781609 0.279873 0.780460 0.279873 0.777011 0.280404 0.775862 0.280404 0.774713 0.280935 0.773563 0.280935 0.771264 0.281466 0.770115 0.281466 0.767816 0.281997 0.766667 0.281997 0.765517 0.282528 0.764368 0.282528 0.763218 0.283059 0.762069 0.283059 0.758621 0.283590 0.757471 0.283590 0.756322 0.284121 0.755172 0.284121 0.748276 0.284652 0.747126 0.284652 0.744828 0.285183 0.743678 0.285183 0.741379 0.285714 0.740230 0.285714 0.734483 0.286245 0.733333 0.285714 0.732184 0.285714 0.729885 0.286245 0.728736 0.286245 0.716092 0.286776 0.714943 0.286776 0.689655 0.287307 0.688506 0.287307 0.682759 0.287839 0.681609 0.287307 0.680460 0.287307 0.667816 0.287839 0.666667 0.287839 0.665517 0.288370 0.664368 0.288370 0.660920 0.288901 0.659770 0.288901 0.656322 0.289432 0.655172 0.289432 0.650575 0.289963 0.649425 0.289963 0.613793 0.290494 0.612644 0.290494 0.610345 0.291025 0.609195 0.291025 0.606897 0.291556 0.605747 0.291556 0.600000 0.292087 0.598851 0.292087 0.597701 0.291556 0.596552 0.291556 0.594253 0.292087 0.593103 0.292087 0.589655 0.291556 0.588506 0.291556 0.577011 0.291025 0.575862 0.291025 0.566667 0.290494 0.565517 0.290494 0.560920 0.289963 0.559770 0.289963 0.556322 0.289432 0.555172 0.289432 0.550575 0.288901 0.549425 0.288901 0.541379 0.290494 0.537931 0.292087 0.537931 0.292618 0.536782 0.294211 0.536782 0.294742 0.537931 0.297929 0.537931 0.298460 0.539080 0.300584 0.539080 0.301115 0.537931 0.301646 0.537931 0.302177 0.536782 0.303240 0.536782 0.303771 0.535632 0.304302 0.535632 0.304833 0.534483 0.305364 0.534483 0.305895 0.533333 0.306426 0.533333 0.306957 0.532184 0.307488 0.532184 0.308550 0.529885 0.309081 0.529885 0.310143 0.527586 0.310674 0.527586 0.311206 0.526437 0.311737 0.526437 0.312268 0.525287 0.312799 0.525287 0.313330 0.524138 0.313861 0.524138 0.314392 0.522989 0.314923 0.522989 0.315454 0.521839 0.315985 0.521839 0.317047 0.519540 0.318109 0.519540 0.319172 0.517241 0.319703 0.517241 0.320765 0.514943 0.321296 0.514943 0.322358 0.512644 0.322358 0.511494 0.323951 0.508046 0.323951 0.506897 0.324482 0.505747 0.328731 0.505747 0.329262 0.506897 0.330324 0.506897 0.330855 0.508046 0.331917 0.508046 0.332448 0.509195 0.333510 0.509195 0.334041 0.510345 0.337759 0.510345 0.338290 0.509195 0.338821 0.509195 0.339352 0.508046 0.339883 0.508046 0.340945 0.505747 0.341476 0.505747 0.341476 0.504598 0.342007 0.503448 0.342007 0.496552 0.341476 0.495402 0.341476 0.494253 0.340414 0.491954 0.340414 0.490805 0.338290 0.486207 0.336166 0.486207 0.335635 0.485057 0.328731 0.485057 0.328200 0.486207 0.314392 0.486207 0.313861 0.487356 0.313330 0.487356 0.312799 0.488506 0.310143 0.488506 0.309612 0.489655 0.306426 0.489655 0.305895 0.490805 0.304833 0.490805 0.304302 0.491954 0.303771 0.491954 0.303240 0.493103 0.301646 0.493103 0.301115 0.494253 0.300053 0.494253 0.299522 0.495402 0.296336 0.495402 0.294742 0.491954 0.294742 0.482759 0.295273 0.481609 0.295273 0.478161 0.295805 0.477011 0.295805 0.471264 0.296336 0.470115 0.296336 0.467816 0.296867 0.466667 0.296867 0.456322 0.296336 0.455172 0.296336 0.454023 0.295805 0.452874 0.295805 0.450575 0.295273 0.449425 0.295273 0.448276 0.294211 0.445977 0.294211 0.443678 0.293680 0.442529 0.293680 0.440230 0.293149 0.439080 0.293149 0.436782 0.292618 0.435632 0.292618 0.433333 0.292087 0.432184 0.292087 0.428736 0.291556 0.427586 0.291556 0.426437 0.291025 0.425287 0.291025 0.424138 0.290494 0.422989 0.290494 0.421839 0.289963 0.420690 0.289963 0.419540 0.288901 0.417241 0.288901 0.416092 0.281466 0.400000 0.281466 0.398851 0.280404 0.396552 0.280404 0.395402 0.279873 0.394253 0.279873 0.389655 0.279341 0.388506 0.279341 0.386207 0.280404 0.383908 0.280935 0.383908 0.281466 0.382759 0.281997 0.382759 0.282528 0.381609 0.283059 0.381609 0.285183 0.377011 0.285714 0.377011 0.286776 0.374713 0.286776 0.373563 0.287839 0.371264 0.287839 0.370115 0.288370 0.368966 0.288370 0.367816 0.288901 0.366667 0.288901 0.365517 0.289963 0.363218 0.289963 0.362069 0.290494 0.360920 0.290494 0.359770 0.291025 0.358621 0.291025 0.356322 0.291556 0.355172 0.291556 0.350575 0.292087 0.349425 0.292087 0.348276 0.292618 0.347126 0.292618 0.344828 0.293149 0.343678 0.293149 0.341379 0.293680 0.340230 0.293680 0.339080 0.294211 0.337931 0.294211 0.336782 0.294742 0.335632 0.294742 0.331034 0.295273 0.329885 0.295273 0.328736 0.296336 0.326437 0.296336 0.325287 0.297398 0.322989 0.297398 0.321839 0.297929 0.320690 0.297929 0.311494 0.297398 0.310345 0.297398 0.309195 0.295805 0.305747 0.295805 0.304598 0.294742 0.302299 0.294742 0.300000 0.294211 0.298851 0.294211 0.296552 0.293680 0.295402 0.293680 0.294253 0.293149 0.293103 0.293149 0.291954 0.287307 0.279310 0.286776 0.279310 0.285714 0.277011 0.285183 0.277011 0.284652 0.275862 0.284121 0.275862 0.283590 0.274713 0.283059 0.274713 0.282528 0.273563 0.281466 0.273563 0.280935 0.272414 0.279873 0.272414 0.279341 0.271264
0 0.351567 0.545977 0.351036 0.547126 0.343601 0.547126 0.343070 0.548276 0.341476 0.548276 0.340945 0.549425 0.340945 0.551724 0.340414 0.552874 0.340414 0.560920 0.339352 0.563218 0.339352 0.564368 0.338290 0.566667 0.337759 0.566667 0.337759 0.567816 0.333510 0.577011 0.333510 0.578161 0.330324 0.585057 0.330324 0.586207 0.327669 0.591954 0.327669 0.593103 0.325544 0.597701 0.325544 0.598851 0.324482 0.601149 0.324482 0.603448 0.323951 0.604598 0.323951 0.608046 0.324482 0.609195 0.324482 0.612644 0.325013 0.613793 0.325013 0.627586 0.325544 0.628736 0.325544 0.637931 0.325013 0.639080 0.325013 0.643678 0.324482 0.644828 0.324482 0.647126 0.323951 0.648276 0.323951 0.650575 0.323420 0.651724 0.323420 0.655172 0.322889 0.656322 0.322889 0.660920 0.322358 0.662069 0.322358 0.666667 0.321827 0.667816 0.321827 0.670115 0.321296 0.671264 0.321296 0.674713 0.320765 0.675862 0.320765 0.678161 0.320234 0.679310 0.320234 0.681609 0.319703 0.682759 0.319703 0.683908 0.319172 0.685057 0.319172 0.687356 0.318640 0.688506 0.318640 0.689655 0.318109 0.690805 0.318109 0.691954 0.317578 0.693103 0.317578 0.695402 0.317047 0.696552 0.317047 0.700000 0.316516 0.701149 0.316516 0.704598 0.315985 0.705747 0.315985 0.709195 0.315454 0.710345 0.315454 0.713793 0.314923 0.714943 0.314923 0.717241 0.314392 0.718391 0.314392 0.722989 0.313861 0.724138 0.313861 0.727586 0.313330 0.728736 0.313330 0.732184 0.312799 0.733333 0.312799 0.744828 0.312268 0.745977 0.312268 0.748276 0.311737 0.749425 0.311737 0.750575 0.311206 0.751724 0.311206 0.752874 0.310674 0.754023 0.310674 0.755172 0.310143 0.756322 0.310143 0.759770 0.309612 0.760920 0.309612 0.762069 0.309081 0.763218 0.309081 0.764368 0.308550 0.765517 0.308550 0.767816 0.308019 0.768966 0.308019 0.773563 0.307488 0.774713 0.307488 0.779310 0.305895 0.782759 0.305895 0.783908 0.303240 0.789655 0.303240 0.791954 0.302177 0.794253 0.302177 0.795402 0.301646 0.796552 0.301646 0.798851 0.301115 0.800000 0.301115 0.801149 0.301646 0.802299 0.301646 0.803448 0.302708 0.805747 0.303240 0.805747 0.303771 0.806897 0.304302 0.806897 0.304833 0.808046 0.305364 0.808046 0.305895 0.809195 0.306957 0.809195 0.307488 0.810345 0.308019 0.810345 0.308550 0.811494 0.309081 0.811494 0.309612 0.812644 0.310674 0.812644 0.311206 0.813793 0.311737 0.813793 0.312268 0.814943 0.312799 0.814943 0.313330 0.816092 0.313861 0.816092 0.314392 0.817241 0.314923 0.817241 0.315454 0.818391 0.315985 0.818391 0.316516 0.819540 0.317047 0.819540 0.317578 0.820690 0.318109 0.820690 0.318640 0.821839 0.319172 0.821839 0.319703 0.822989 0.320765 0.822989 0.321296 0.824138 0.322358 0.824138 0.322889 0.825287 0.323951 0.825287 0.324482 0.826437 0.327138 0.826437 0.327669 0.827586 0.328200 0.827586 0.328731 0.826437 0.331386 0.826437 0.331917 0.825287 0.332448 0.825287 0.332979 0.824138 0.333510 0.824138 0.334041 0.822989 0.334572 0.822989 0.336166 0.819540 0.336166 0.816092 0.335104 0.813793 0.335104 0.812644 0.334572 0.812644 0.333510 0.810345 0.332979 0.810345 0.332448 0.809195 0.331917 0.809195 0.331386 0.808046 0.330855 0.808046 0.329793 0.805747 0.329262 0.805747 0.327669 0.802299 0.327138 0.802299 0.326075 0.800000 0.326075 0.798851 0.325544 0.797701 0.325544 0.796552 0.325013 0.795402 0.325013 0.790805 0.324482 0.789655 0.324482 0.774713 0.325013 0.773563 0.325013 0.767816 0.325544 0.766667 0.325544 0.764368 0.326075 0.763218 0.326075 0.756322 0.326606 0.755172 0.326606 0.747126 0.327138 0.745977 0.327138 0.743678 0.327669 0.742529 0.327669 0.740230 0.328731 0.737931 0.328731 0.736782 0.329262 0.735632 0.329262 0.734483 0.329793 0.733333 0.329793 0.732184 0.330855 0.729885 0.330855 0.727586 0.334041 0.720690 0.334041 0.714943 0.334572 0.713793 0.334572 0.712644 0.336166 0.709195 0.336697 0.709195 0.336697 0.708046 0.337759 0.705747 0.337759 0.704598 0.338290 0.703448 0.338821 0.703448 0.339352 0.702299 0.339883 0.702299 0.340414 0.701149 0.342007 0.701149 0.343070 0.703448 0.343070 0.704598 0.343601 0.705747 0.343601 0.709195 0.344663 0.711494 0.344663 0.717241 0.345194 0.718391 0.345194 0.719540 0.345725 0.720690 0.345725 0.721839 0.346256 0.722989 0.346256 0.732184 0.346787 0.733333 0.346787 0.739080 0.347318 0.740230 0.347318 0.741379 0.348380 0.743678 0.348911 0.743678 0.349442 0.744828 0.355815 0.744828 0.359002 0.737931 0.360064 0.737931 0.360595 0.736782 0.361126 0.736782 0.361657 0.735632 0.362719 0.735632 0.363250 0.734483 0.363781 0.734483 0.364312 0.733333 0.364843 0.733333 0.365374 0.732184 0.365905 0.732184 0.366968 0.729885 0.366968 0.722989 0.366437 0.721839 0.366437 0.720690 0.365905 0.719540 0.364843 0.719540 0.364312 0.718391 0.363781 0.718391 0.361657 0.713793 0.361657 0.708046 0.362188 0.706897 0.362188 0.700000 0.362719 0.698851 0.362719 0.697701 0.362188 0.696552 0.362188 0.686207 0.361657 0.685057 0.361657 0.680460 0.361126 0.679310 0.361126 0.677011 0.360595 0.675862 0.360595 0.672414 0.360064 0.671264 0.360064 0.663218 0.359533 0.662069 0.359533 0.658621 0.359002 0.657471 0.359002 0.647126 0.358471 0.645977 0.358471 0.636782 0.357939 0.635632 0.357939 0.626437 0.357408 0.625287 0.357408 0.604598 0.356877 0.603448 0.356877 0.600000 0.356346 0.598851 0.356346 0.597701 0.355815 0.596552 0.355815 0.595402 0.352629 0.588506 0.352629 0.587356 0.351036 0.583908 0.351036 0.582759 0.350505 0.581609 0.350505 0.573563 0.351036 0.572414 0.351036 0.570115 0.352098 0.567816 0.352098 0.565517 0.352629 0.564368 0.352629 0.560920 0.353160 0.559770 0.353160 0.557471 0.353691 0.556322 0.353691 0.554023 0.354222 0.552874 0.354222 0.550575 0.354753 0.549425 0.354753 0.547126 0.353160 0.547126 0.352629 0.545977
0 0.362188 0.542529 0.361657 0.543678 0.360595 0.543678 0.360064 0.544828 0.359002 0.544828 0.358471 0.545977 0.357408 0.545977 0.357408 0.547126 0.357939 0.547126 0.358471 0.548276 0.359533 0.548276 0.360064 0.549425 0.361126 0.549425 0.361657 0.550575 0.362188 0.550575 0.362719 0.551724 0.363250 0.550575 0.365905 0.550575 0.366437 0.549425 0.366437 0.542529
0 0.361657 0.334483 0.361126 0.335632 0.358471 0.335632 0.357939 0.336782 0.356877 0.336782 0.356346 0.337931 0.355284 0.337931 0.354753 0.339080 0.353691 0.339080 0.353160 0.340230 0.352098 0.340230 0.349442 0.345977 0.349442 0.347126 0.348911 0.348276 0.348911 0.350575 0.348380 0.351724 0.348380 0.357471 0.347849 0.358621 0.347849 0.359770 0.348380 0.360920 0.348380 0.362069 0.347849 0.363218 0.347849 0.364368 0.345725 0.368966 0.345725 0.370115 0.344663 0.372414 0.344663 0.381609 0.344132 0.382759 0.344132 0.383908 0.343601 0.385057 0.343601 0.386207 0.342539 0.388506 0.342007 0.388506 0.340945 0.390805 0.340414 0.390805 0.339883 0.391954 0.338821 0.391954 0.338290 0.393103 0.337759 0.393103 0.337228 0.394253 0.336697 0.394253 0.336166 0.395402 0.335635 0.395402 0.335104 0.396552 0.334572 0.396552 0.334041 0.397701 0.333510 0.397701 0.332979 0.398851 0.332448 0.398851 0.331917 0.400000 0.331386 0.400000 0.330855 0.401149 0.330324 0.401149 0.329793 0.402299 0.329262 0.402299 0.327138 0.406897 0.326606 0.406897 0.325013 0.410345 0.324482 0.410345 0.323951 0.411494 0.323420 0.411494 0.322889 0.412644 0.322358 0.412644 0.321827 0.413793 0.320765 0.413793 0.318109 0.419540 0.318109 0.420690 0.317578 0.421839 0.317578 0.424138 0.317047 0.425287 0.317047 0.426437 0.315985 0.428736 0.315985 0.436782 0.315454 0.437931 0.315454 0.441379 0.314923 0.442529 0.314923 0.444828 0.314392 0.445977 0.314392 0.448276 0.313861 0.449425 0.313861 0.452874 0.312799 0.455172 0.312799 0.456322 0.312268 0.457471 0.312268 0.459770 0.311737 0.460920 0.311737 0.464368 0.310674 0.466667 0.310674 0.467816 0.309612 0.470115 0.309081 0.470115 0.308550 0.471264 0.308550 0.472414 0.308019 0.473563 0.308019 0.474713 0.306957 0.477011 0.306957 0.480460 0.309612 0.480460 0.310143 0.479310 0.310674 0.479310 0.311206 0.480460 0.314923 0.480460 0.315454 0.481609 0.323420 0.481609 0.323951 0.482759 0.336697 0.482759 0.337228 0.483908 0.337759 0.483908 0.338290 0.485057 0.344132 0.485057 0.344663 0.483908 0.345725 0.483908 0.346256 0.482759 0.346787 0.482759 0.347318 0.481609 0.347849 0.481609 0.348380 0.480460 0.349442 0.480460 0.349973 0.479310 0.350505 0.479310 0.351036 0.478161 0.352629 0.478161 0.353160 0.477011 0.354753 0.477011 0.355284 0.475862 0.357408 0.475862 0.357939 0.474713 0.360595 0.474713 0.361126 0.473563 0.363781 0.473563 0.364312 0.472414 0.364843 0.472414 0.365374 0.471264 0.365905 0.471264 0.366437 0.470115 0.366437 0.468966 0.366968 0.467816 0.366968 0.465517 0.367499 0.464368 0.367499 0.460920 0.368030 0.459770 0.368030 0.456322 0.368561 0.455172 0.368561 0.450575 0.369092 0.449425 0.369092 0.441379 0.369623 0.440230 0.369623 0.437931 0.370154 0.436782 0.370154 0.418391 0.369623 0.417241 0.369623 0.412644 0.369092 0.411494 0.369092 0.410345 0.368030 0.408046 0.368030 0.403448 0.370685 0.397701 0.370685 0.396552 0.373340 0.390805 0.373340 0.388506 0.373871 0.387356 0.373871 0.385057 0.374403 0.383908 0.374403 0.379310 0.374934 0.378161 0.374934 0.371264 0.375465 0.370115 0.375465 0.365517 0.374934 0.364368 0.374934 0.358621 0.374403 0.357471 0.374403 0.355172 0.373871 0.354023 0.373871 0.352874 0.373340 0.351724 0.373340 0.350575 0.371216 0.345977 0.371216 0.344828 0.369623 0.341379 0.369092 0.341379 0.367499 0.337931 0.366968 0.337931 0.366437 0.336782 0.365374 0.336782 0.364843 0.335632 0.363250 0.335632 0.362719 0.334483
1 0.972916 0.320690 0.972384 0.321839 0.970260 0.321839 0.969729 0.322989 0.968667 0.322989 0.968136 0.324138 0.967074 0.324138 0.966543 0.325287 0.966012 0.325287 0.965481 0.326437 0.964950 0.326437 0.963356 0.329885 0.962825 0.329885 0.962294 0.331034 0.962294 0.332184 0.961232 0.334483 0.961232 0.335632 0.960701 0.336782 0.960701 0.337931 0.960170 0.339080 0.960170 0.341379 0.959639 0.342529 0.959639 0.345977 0.959108 0.347126 0.959108 0.359770 0.959639 0.360920 0.959639 0.362069 0.963356 0.362069 0.964950 0.358621 0.965481 0.358621 0.966543 0.356322 0.968136 0.356322 0.968667 0.355172 0.970791 0.355172 0.971322 0.354023 0.974509 0.354023 0.975040 0.352874 0.979288 0.352874 0.979819 0.351724 0.985130 0.351724 0.985661 0.350575 0.988317 0.350575 0.989379 0.348276 0.988848 0.347126 0.988848 0.343678 0.988317 0.342529 0.988317 0.341379 0.987785 0.340230 0.987785 0.339080 0.987254 0.337931 0.987254 0.336782 0.986723 0.335632 0.986723 0.334483 0.985130 0.331034 0.985130 0.329885 0.984068 0.327586 0.983537 0.327586 0.982475 0.325287 0.981944 0.325287 0.980882 0.322989 0.979288 0.322989 0.978757 0.321839 0.977695 0.321839 0.977164 0.320690
1 0.996814 0.354023 0.996283 0.355172 0.994689 0.355172 0.993627 0.357471 0.993627 0.358621 0.993096 0.359770 0.993096 0.362069 0.992565 0.363218 0.992565 0.365517 0.992034 0.366667 0.992034 0.367816 0.991503 0.368966 0.991503 0.371264 0.990972 0.372414 0.990972 0.373563 0.990441 0.374713 0.990441 0.377011 0.989910 0.378161 0.989910 0.385057 0.990441 0.386207 0.990441 0.387356 0.989910 0.388506 0.989910 0.398851 0.990441 0.400000 0.990972 0.400000 0.991503 0.401149 0.992565 0.401149 0.993096 0.402299 0.994158 0.402299 0.994689 0.403448 0.997345 0.403448 0.997876 0.404598 0.999469 0.404598 0.999469 0.354023
1 0.275624 0.271264 0.275093 0.272414 0.274031 0.272414 0.273500 0.273563 0.272969 0.273563 0.272438 0.274713 0.271907 0.274713 0.270844 0.277011 0.270313 0.277011 0.269251 0.279310 0.268720 0.279310 0.263941 0.289655 0.263941 0.290805 0.262878 0.293103 0.262878 0.295402 0.262347 0.296552 0.262347 0.298851 0.261816 0.300000 0.261816 0.304598 0.261285 0.305747 0.261285 0.311494 0.260754 0.312644 0.260754 0.314943 0.260223 0.316092 0.260223 0.318391 0.259692 0.319540 0.259692 0.322989 0.259161 0.324138 0.259161 0.325287 0.258630 0.326437 0.258630 0.327586 0.258099 0.328736 0.258099 0.331034 0.257568 0.332184 0.257568 0.334483 0.257037 0.335632 0.257037 0.339080 0.257568 0.340230 0.257568 0.341379 0.258099 0.342529 0.258630 0.342529 0.259161 0.343678 0.259692 0.343678 0.260223 0.344828 0.260754 0.344828 0.261285 0.345977 0.263409 0.345977 0.263941 0.347126 0.279341 0.347126 0.279873 0.345977 0.281466 0.345977 0.281997 0.344828 0.283059 0.344828 0.284121 0.342529 0.284652 0.342529 0.285714 0.340230 0.286245 0.340230 0.288370 0.335632 0.288901 0.335632 0.289432 0.334483 0.289963 0.334483 0.290494 0.333333 0.291025 0.333333 0.291556 0.332184 0.292087 0.332184 0.292618 0.331034 0.293149 0.331034 0.293680 0.329885 0.294211 0.329885 0.297929 0.321839 0.297929 0.320690 0.298460 0.319540 0.298460 0.311494 0.296867 0.308046 0.296867 0.306897 0.296336 0.305747 0.296336 0.304598 0.294742 0.301149 0.294742 0.298851 0.294211 0.297701 0.294211 0.295402 0.293680 0.294253 0.293680 0.293103 0.293149 0.291954 0.293149 0.290805 0.288370 0.280460 0.287839 0.280460 0.286245 0.277011 0.285714 0.277011 0.285183 0.275862 0.284652 0.275862 0.284121 0.274713 0.283590 0.274713 0.282528 0.272414 0.280935 0.272414 0.280404 0.271264
1 0.359002 0.334483 0.358471 0.335632 0.356877 0.335632 0.356346 0.336782 0.355284 0.336782 0.354753 0.337931 0.354222 0.337931 0.353691 0.339080 0.353160 0.339080 0.352629 0.340230 0.352098 0.340230 0.351567 0.341379 0.351036 0.341379 0.348911 0.345977 0.348911 0.348276 0.348380 0.349425 0.348380 0.362069 0.348911 0.363218 0.349973 0.363218 0.350505 0.362069 0.361126 0.362069 0.361657 0.363218 0.363781 0.363218 0.364312 0.364368 0.366437 0.364368 0.366968 0.365517 0.368030 0.365517 0.368561 0.366667 0.369623 0.366667 0.370154 0.367816 0.370685 0.367816 0.372809 0.372414 0.373340 0.371264 0.373871 0.371264 0.374934 0.368966 0.374934 0.367816 0.375465 0.366667 0.375465 0.360920 0.374934 0.359770 0.374934 0.356322 0.374403 0.355172 0.374403 0.352874 0.373340 0.350575 0.373340 0.349425 0.368030 0.337931 0.367499 0.337931 0.366437 0.335632 0.364843 0.335632 0.364312 0.334483
2 0.306426 0.781609 0.305895 0.782759 0.305895 0.783908 0.305364 0.785057 0.305364 0.786207 0.303240 0.790805 0.303240 0.791954 0.302177 0.794253 0.302177 0.795402 0.301646 0.796552 0.301646 0.797701 0.301115 0.798851 0.301115 0.802299 0.301646 0.803448 0.301646 0.804598 0.302177 0.804598 0.302708 0.805747 0.303240 0.805747 0.303771 0.806897 0.304302 0.806897 0.304833 0.808046 0.305364 0.808046 0.305895 0.809195 0.306426 0.809195 0.306957 0.810345 0.307488 0.810345 0.308019 0.811494 0.309081 0.811494 0.309612 0.812644 0.310143 0.812644 0.310674 0.813793 0.311206 0.813793 0.311737 0.814943 0.312268 0.814943 0.312799 0.816092 0.313330 0.816092 0.313861 0.817241 0.314392 0.817241 0.314923 0.818391 0.315454 0.818391 0.316516 0.820690 0.317047 0.820690 0.317578 0.821839 0.318640 0.821839 0.319172 0.822989 0.319703 0.822989 0.320234 0.824138 0.320765 0.824138 0.321296 0.825287 0.322358 0.825287 0.322889 0.826437 0.323951 0.826437 0.324482 0.827586 0.330855 0.827586 0.331386 0.826437 0.332448 0.826437 0.332979 0.825287 0.333510 0.825287 0.334041 0.824138 0.334572 0.824138 0.336697 0.819540 0.336697 0.816092 0.334572 0.811494 0.334041 0.811494 0.333510 0.810345 0.332979 0.810345 0.332448 0.809195 0.331917 0.809195 0.331386 0.808046 0.330324 0.808046 0.329793 0.806897 0.329262 0.806897 0.327669 0.803448 0.327138 0.803448 0.325544 0.800000 0.325544 0.798851 0.325013 0.797701 0.325013 0.795402 0.324482 0.794253 0.324482 0.791954 0.321827 0.791954 0.321296 0.793103 0.316516 0.793103 0.315985 0.791954 0.315454 0.791954 0.314923 0.790805 0.314392 0.790805 0.313861 0.789655 0.313330 0.789655 0.310674 0.783908 0.310143 0.783908 0.309081 0.781609
2 0.361657 0.717241 0.361126 0.718391 0.360064 0.718391 0.359533 0.719540 0.359002 0.719540 0.357939 0.721839 0.357408 0.721839 0.356877 0.722989 0.354222 0.722989 0.353691 0.724138 0.347849 0.724138 0.346787 0.726437 0.346787 0.728736 0.346256 0.729885 0.346256 0.736782 0.346787 0.737931 0.346787 0.741379 0.347849 0.743678 0.347849 0.744828 0.348380 0.744828 0.348911 0.745977 0.351036 0.745977 0.351567 0.747126 0.353160 0.747126 0.353691 0.745977 0.355815 0.745977 0.356346 0.744828 0.356877 0.744828 0.359533 0.739080 0.360064 0.739080 0.360595 0.737931 0.361657 0.737931 0.362188 0.736782 0.362719 0.736782 0.363250 0.735632 0.363781 0.735632 0.364312 0.734483 0.365374 0.734483 0.365905 0.733333 0.366437 0.733333 0.366968 0.732184 0.367499 0.732184 0.368030 0.731034 0.368030 0.728736 0.368561 0.727586 0.368030 0.726437 0.368030 0.724138 0.367499 0.722989 0.367499 0.721839 0.366437 0.719540 0.365905 0.719540 0.365374 0.718391 0.364312 0.718391 0.363781 0.717241
2 0.250133 0.795402 0.249602 0.796552 0.249071 0.796552 0.248540 0.797701 0.248540 0.798851 0.248008 0.800000 0.248008 0.804598 0.247477 0.805747 0.247477 0.808046 0.249071 0.811494 0.249071 0.812644 0.249602 0.813793 0.250133 0.813793 0.250664 0.814943 0.251726 0.814943 0.252257 0.813793 0.252788 0.813793 0.253319 0.812644 0.253319 0.809195 0.253850 0.808046 0.253850 0.797701 0.253319 0.796552 0.252788 0.796552 0.252257 0.795402
2 0.233139 0.796552 0.232608 0.797701 0.231014 0.797701 0.230483 0.798851 0.229952 0.798851 0.226766 0.805747 0.226766 0.806897 0.225704 0.809195 0.225704 0.810345 0.224642 0.812644 0.224110 0.812644 0.221986 0.817241 0.221455 0.817241 0.221455 0.818391 0.220393 0.820690 0.220393 0.824138 0.223579 0.831034 0.224110 0.831034 0.224642 0.832184 0.225173 0.832184 0.225704 0.833333 0.226235 0.833333 0.226766 0.834483 0.227297 0.834483 0.227828 0.835632 0.228359 0.835632 0.228890 0.836782 0.229421 0.836782 0.229952 0.837931 0.231014 0.837931 0.231545 0.839080 0.233139 0.839080 0.233670 0.840230 0.234732 0.840230 0.235263 0.841379 0.236856 0.841379 0.237387 0.842529 0.238980 0.842529 0.239511 0.843678 0.240574 0.843678 0.241105 0.844828 0.243760 0.844828 0.244291 0.845977 0.247477 0.845977 0.248008 0.847126 0.251726 0.847126 0.252257 0.845977 0.252257 0.835632 0.251726 0.834483 0.251726 0.831034 0.251195 0.829885 0.251195 0.826437 0.250664 0.825287 0.250664 0.819540 0.250133 0.818391 0.250133 0.810345 0.249602 0.809195 0.249602 0.808046 0.249071 0.806897 0.249071 0.805747 0.248540 0.804598 0.248008 0.804598 0.246946 0.806897 0.245884 0.806897 0.245353 0.808046 0.243229 0.808046 0.242698 0.809195 0.240042 0.809195 0.238980 0.806897 0.238449 0.806897 0.235794 0.801149 0.235794 0.800000 0.234201 0.796552
2 0.246946 0.902299 0.246415 0.903448 0.245884 0.903448 0.245884 0.906897 0.246415 0.908046 0.246946 0.908046 0.247477 0.909195 0.251726 0.909195 0.252257 0.908046 0.253319 0.908046 0.253850 0.906897 0.253850 0.905747 0.252788 0.903448 0.250664 0.903448 0.250133 0.902299
2 0.288370 0.887356 0.287839 0.888506 0.285714 0.888506 0.285183 0.889655 0.284121 0.889655 0.283590 0.890805 0.283059 0.890805 0.282528 0.891954 0.281466 0.891954 0.280935 0.893103 0.279873 0.893103 0.279341 0.894253 0.278279 0.894253 0.277748 0.895402 0.277217 0.895402 0.276686 0.896552 0.278279 0.896552 0.278810 0.897701 0.280404 0.897701 0.280935 0.898851 0.281997 0.898851 0.282528 0.900000 0.284652 0.900000 0.285183 0.901149 0.287839 0.901149 0.288370 0.900000 0.289432 0.900000 0.289963 0.898851 0.289963 0.897701 0.290494 0.896552 0.290494 0.890805 0.289963 0.889655 0.289963 0.888506 0.289432 0.887356
2 0.275624 0.867816 0.275093 0.868966 0.274562 0.868966 0.273500 0.871264 0.273500 0.872414 0.272438 0.874713 0.271907 0.874713 0.270313 0.878161 0.269251 0.878161 0.268720 0.879310 0.263409 0.879310 0.262878 0.878161 0.261285 0.878161 0.260754 0.877011 0.260223 0.877011 0.259692 0.875862 0.258630 0.875862 0.258099 0.874713 0.257037 0.874713 0.256506 0.873563 0.253850 0.873563 0.253319 0.874713 0.252788 0.874713 0.251726 0.877011 0.251726 0.879310 0.251195 0.880460 0.251195 0.881609 0.250664 0.882759 0.250664 0.883908 0.251726 0.886207 0.252257 0.886207 0.252788 0.887356 0.254381 0.887356 0.254912 0.888506 0.257037 0.888506 0.257568 0.889655 0.259161 0.889655 0.259692 0.890805 0.262878 0.890805 0.263409 0.891954 0.265534 0.891954 0.266065 0.893103 0.268189 0.893103 0.268720 0.894253 0.274031 0.894253 0.274562 0.893103 0.274562 0.889655 0.276686 0.885057 0.277217 0.885057 0.277748 0.883908 0.278279 0.883908 0.278810 0.882759 0.279341 0.882759 0.279873 0.881609 0.280404 0.881609 0.280935 0.880460 0.281997 0.880460 0.283059 0.878161 0.283059 0.877011 0.281997 0.874713 0.281466 0.874713 0.280404 0.872414 0.279341 0.872414 0.278810 0.871264 0.278279 0.871264 0.277748 0.870115 0.277217 0.870115 0.276155 0.867816