0 0.920871 0.426437 0.920340 0.427586 0.918216 0.427586 0.917685 0.428736 0.916622 0.428736 0.915560 0.431034 0.914498 0.431034 0.913436 0.433333 0.913436 0.435632 0.915560 0.440230 0.916091 0.440230 0.917685 0.443678 0.917685 0.444828 0.918216 0.445977 0.918747 0.445977 0.919809 0.448276 0.919809 0.452874 0.920340 0.454023 0.920340 0.456322 0.920871 0.457471 0.920871 0.465517 0.917685 0.472414 0.917153 0.472414 0.915029 0.477011 0.914498 0.477011 0.914498 0.478161 0.913967 0.479310 0.913967 0.480460 0.913436 0.481609 0.913436 0.487356 0.913967 0.488506 0.913967 0.491954 0.914498 0.493103 0.914498 0.494253 0.915029 0.495402 0.915029 0.496552 0.915560 0.497701 0.915560 0.498851 0.916091 0.500000 0.916091 0.503448 0.915560 0.504598 0.915560 0.524138 0.915029 0.525287 0.915029 0.526437 0.914498 0.527586 0.914498 0.528736 0.912905 0.532184 0.912374 0.532184 0.909187 0.539080 0.909187 0.542529 0.909719 0.543678 0.909719 0.544828 0.910781 0.547126 0.912374 0.547126 0.912905 0.548276 0.913967 0.548276 0.915029 0.550575 0.915029 0.555172 0.914498 0.556322 0.915029 0.557471 0.920871 0.557471 0.921402 0.556322 0.923526 0.556322 0.924057 0.555172 0.927775 0.555172 0.928306 0.554023 0.933086 0.554023 0.933617 0.552874 0.941583 0.552874 0.942114 0.551724 0.943176 0.551724 0.943707 0.552874 0.950611 0.552874 0.951142 0.554023 0.958046 0.554023 0.958577 0.555172 0.959639 0.555172 0.960170 0.556322 0.961763 0.556322 0.962294 0.557471 0.963887 0.557471 0.964418 0.558621 0.964950 0.558621 0.965481 0.559770 0.966012 0.559770 0.966543 0.560920 0.967605 0.560920 0.968136 0.559770 0.969198 0.559770 0.969729 0.558621 0.969729 0.557471 0.970260 0.556322 0.970260 0.550575 0.970791 0.549425 0.970791 0.541379 0.971322 0.540230 0.971322 0.539080 0.972916 0.535632 0.973447 0.535632 0.974509 0.533333 0.974509 0.532184 0.975040 0.531034 0.975040 0.529885 0.975571 0.528736 0.975571 0.527586 0.976102 0.526437 0.976102 0.518391 0.975571 0.517241 0.975571 0.514943 0.974509 0.512644 0.974509 0.511494 0.973978 0.510345 0.973978 0.509195 0.971853 0.504598 0.971853 0.503448 0.970791 0.501149 0.970791 0.498851 0.970260 0.497701 0.970260 0.495402 0.969729 0.494253 0.969729 0.493103 0.969198 0.491954 0.969198 0.489655 0.968667 0.488506 0.968667 0.487356 0.968136 0.486207 0.968136 0.483908 0.967605 0.482759 0.967605 0.481609 0.967074 0.480460 0.967074 0.479310 0.966543 0.478161 0.966543 0.477011 0.965481 0.474713 0.965481 0.473563 0.962294 0.466667 0.961763 0.466667 0.959108 0.460920 0.958577 0.460920 0.956452 0.456322 0.955921 0.456322 0.955390 0.455172 0.954328 0.455172 0.953797 0.454023 0.953266 0.454023 0.952735 0.452874 0.951142 0.452874 0.950611 0.451724 0.950080 0.451724 0.949549 0.450575 0.948486 0.450575 0.947955 0.449425 0.946893 0.449425 0.946362 0.448276 0.943176 0.448276 0.942645 0.447126 0.939458 0.447126 0.938396 0.444828 0.938396 0.443678 0.937334 0.441379 0.937334 0.440230 0.935210 0.435632 0.934679 0.435632 0.934148 0.434483 0.933086 0.434483 0.932023 0.432184 0.930961 0.432184 0.930430 0.431034 0.929899 0.431034 0.929368 0.429885 0.928837 0.429885 0.928306 0.428736 0.927775 0.428736 0.927244 0.427586 0.926182 0.427586 0.925651 0.426437
0 0.780669 0.727586 0.780138 0.728736 0.774296 0.728736 0.773765 0.729885 0.772703 0.729885 0.772172 0.731034 0.771110 0.731034 0.770579 0.732184 0.770048 0.732184 0.769517 0.733333 0.768455 0.733333 0.768455 0.735632 0.768986 0.736782 0.768986 0.737931 0.768455 0.739080 0.768455 0.740230 0.772172 0.740230 0.772703 0.741379 0.772703 0.742529 0.773234 0.743678 0.773765 0.743678 0.774296 0.744828 0.775358 0.744828 0.775890 0.745977 0.778014 0.745977 0.778545 0.747126 0.787042 0.747126 0.787573 0.748276 0.789697 0.748276 0.790228 0.747126 0.792884 0.747126 0.793415 0.745977 0.793946 0.745977 0.794477 0.744828 0.795008 0.744828 0.796070 0.742529 0.796601 0.742529 0.796601 0.741379 0.797132 0.740230 0.797132 0.739080 0.799788 0.733333 0.799788 0.732184 0.800319 0.731034 0.799788 0.729885 0.798725 0.729885 0.798194 0.728736 0.795539 0.728736 0.795008 0.727586
0 0.757833 0.541379 0.757302 0.542529 0.756240 0.542529 0.755709 0.543678 0.755178 0.543678 0.750929 0.552874 0.750929 0.556322 0.750398 0.557471 0.750398 0.559770 0.749867 0.560920 0.749867 0.566667 0.749336 0.567816 0.749336 0.574713 0.748805 0.575862 0.748805 0.577011 0.745088 0.585057 0.745088 0.589655 0.745619 0.590805 0.745619 0.591954 0.746150 0.593103 0.746150 0.594253 0.746681 0.595402 0.745088 0.598851 0.744557 0.598851 0.744025 0.600000 0.743494 0.600000 0.742963 0.601149 0.741901 0.601149 0.741370 0.602299 0.740839 0.602299 0.740308 0.603448 0.739777 0.603448 0.738715 0.605747 0.738184 0.605747 0.737653 0.606897 0.737122 0.606897 0.736059 0.609195 0.735528 0.609195 0.734997 0.610345 0.734466 0.610345 0.733935 0.611494 0.732873 0.611494 0.731811 0.613793 0.730749 0.613793 0.730218 0.614943 0.729687 0.614943 0.729156 0.616092 0.728625 0.616092 0.728093 0.617241 0.727562 0.617241 0.726500 0.619540 0.725969 0.619540 0.723845 0.624138 0.723314 0.624138 0.720659 0.629885 0.720127 0.629885 0.716941 0.636782 0.716410 0.636782 0.716410 0.637931 0.715348 0.640230 0.715348 0.641379 0.714817 0.642529 0.714817 0.643678 0.711630 0.650575 0.711099 0.650575 0.709506 0.654023 0.709506 0.655172 0.708444 0.657471 0.708444 0.663218 0.708975 0.664368 0.708975 0.665517 0.710037 0.667816 0.712161 0.667816 0.712693 0.668966 0.713224 0.668966 0.713755 0.667816 0.714286 0.667816 0.714286 0.666667 0.714817 0.665517 0.714817 0.663218 0.718003 0.656322 0.718003 0.655172 0.720127 0.650575 0.720659 0.650575 0.721190 0.649425 0.722783 0.649425 0.723314 0.648276 0.724907 0.648276 0.725438 0.647126 0.730749 0.647126 0.731280 0.648276 0.731280 0.654023 0.732342 0.656322 0.732342 0.657471 0.732873 0.658621 0.732873 0.659770 0.733404 0.660920 0.733404 0.662069 0.733935 0.663218 0.733935 0.665517 0.734997 0.667816 0.734997 0.668966 0.735528 0.670115 0.735528 0.671264 0.736059 0.672414 0.736059 0.673563 0.736591 0.674713 0.736591 0.675862 0.737122 0.677011 0.737122 0.682759 0.737653 0.683908 0.737653 0.686207 0.738184 0.687356 0.738184 0.688506 0.738715 0.689655 0.738715 0.691954 0.739246 0.693103 0.739246 0.694253 0.739777 0.695402 0.739777 0.696552 0.743494 0.704598 0.743494 0.705747 0.744025 0.706897 0.744557 0.706897 0.747743 0.713793 0.748274 0.713793 0.749336 0.716092 0.749867 0.716092 0.750398 0.717241 0.753054 0.717241 0.753585 0.718391 0.758895 0.718391 0.759426 0.719540 0.775358 0.719540 0.775890 0.720690 0.776421 0.719540 0.779076 0.719540 0.779607 0.720690 0.790228 0.720690 0.790759 0.719540 0.798725 0.719540 0.799257 0.718391 0.804036 0.718391 0.804567 0.717241 0.805098 0.717241 0.805629 0.716092 0.805629 0.714943 0.806160 0.713793 0.806160 0.706897 0.805629 0.705747 0.805629 0.703448 0.805098 0.702299 0.805098 0.700000 0.804567 0.698851 0.804567 0.697701 0.804036 0.696552 0.804036 0.694253 0.803505 0.693103 0.803505 0.690805 0.802974 0.689655 0.802974 0.688506 0.802443 0.687356 0.802443 0.686207 0.801912 0.685057 0.801912 0.682759 0.801381 0.681609 0.801381 0.679310 0.800850 0.678161 0.800850 0.675862 0.800319 0.674713 0.800319 0.672414 0.799788 0.671264 0.799788 0.666667 0.799257 0.665517 0.799257 0.660920 0.798725 0.659770 0.798725 0.656322 0.798194 0.655172 0.798194 0.650575 0.797663 0.649425 0.797663 0.648276 0.797132 0.647126 0.797132 0.644828 0.796601 0.643678 0.796601 0.642529 0.796070 0.641379 0.796070 0.640230 0.795539 0.639080 0.795539 0.637931 0.795008 0.636782 0.795008 0.633333 0.794477 0.632184 0.794477 0.629885 0.795008 0.628736 0.795008 0.620690 0.794477 0.619540 0.794477 0.618391 0.793946 0.617241 0.793946 0.616092 0.793415 0.614943 0.793415 0.613793 0.792884 0.612644 0.792884 0.611494 0.791822 0.609195 0.791822 0.608046 0.788635 0.601149 0.788104 0.601149 0.786511 0.597701 0.786511 0.596552 0.785980 0.595402 0.785980 0.591954 0.787042 0.589655 0.787042 0.588506 0.787573 0.587356 0.787573 0.581609 0.785980 0.578161 0.784918 0.578161 0.784387 0.577011 0.783856 0.577011 0.783324 0.575862 0.782793 0.575862 0.782262 0.574713 0.781731 0.574713 0.781200 0.573563 0.780669 0.573563 0.779076 0.570115 0.779076 0.567816 0.778545 0.566667 0.778545 0.565517 0.778014 0.564368 0.778014 0.563218 0.777483 0.562069 0.777483 0.560920 0.772172 0.549425 0.771110 0.549425 0.770048 0.547126 0.769517 0.547126 0.768986 0.545977 0.768455 0.545977 0.767924 0.544828 0.766861 0.544828 0.766330 0.543678 0.765799 0.543678 0.765268 0.542529 0.761020 0.542529 0.760489 0.541379
0 0.937334 0.554023 0.936803 0.555172 0.931492 0.555172 0.930961 0.556322 0.925651 0.556322 0.925119 0.557471 0.919809 0.557471 0.919278 0.558621 0.915029 0.558621 0.914498 0.559770 0.913436 0.559770 0.912905 0.560920 0.911843 0.560920 0.911312 0.562069 0.910250 0.562069 0.909719 0.563218 0.908656 0.563218 0.908125 0.564368 0.907594 0.564368 0.907063 0.565517 0.906532 0.565517 0.906001 0.566667 0.905470 0.566667 0.904408 0.568966 0.903877 0.568966 0.903346 0.570115 0.902815 0.570115 0.901753 0.572414 0.901221 0.572414 0.900690 0.573563 0.900159 0.573563 0.898566 0.577011 0.898035 0.577011 0.896973 0.579310 0.896973 0.580460 0.896442 0.581609 0.896442 0.583908 0.895911 0.585057 0.895911 0.588506 0.895380 0.589655 0.895380 0.591954 0.893787 0.595402 0.893787 0.596552 0.892724 0.598851 0.892724 0.600000 0.891662 0.602299 0.891662 0.603448 0.890069 0.606897 0.890069 0.609195 0.889538 0.610345 0.889538 0.611494 0.889007 0.612644 0.889007 0.614943 0.888476 0.616092 0.888476 0.617241 0.887945 0.618391 0.887945 0.621839 0.887414 0.622989 0.887414 0.629885 0.886883 0.631034 0.886883 0.642529 0.887414 0.643678 0.887414 0.652874 0.887945 0.654023 0.887945 0.655172 0.887414 0.656322 0.887414 0.657471 0.887945 0.658621 0.887945 0.664368 0.888476 0.665517 0.888476 0.668966 0.889007 0.670115 0.889007 0.671264 0.889538 0.672414 0.889538 0.673563 0.890069 0.674713 0.890069 0.680460 0.890600 0.681609 0.890600 0.688506 0.891131 0.689655 0.891131 0.693103 0.891662 0.694253 0.891662 0.697701 0.892193 0.698851 0.892193 0.702299 0.892724 0.703448 0.892724 0.709195 0.893255 0.710345 0.893255 0.714943 0.893787 0.716092 0.893787 0.717241 0.894318 0.718391 0.894318 0.720690 0.894849 0.721839 0.894849 0.748276 0.894318 0.749425 0.894318 0.750575 0.893255 0.752874 0.893255 0.755172 0.892724 0.756322 0.892724 0.773563 0.893255 0.774713 0.893255 0.780460 0.893787 0.781609 0.893787 0.785057 0.894318 0.786207 0.894318 0.787356 0.894849 0.788506 0.894849 0.789655 0.895380 0.790805 0.895380 0.793103 0.895911 0.794253 0.895911 0.796552 0.896442 0.797701 0.896442 0.798851 0.896973 0.800000 0.896973 0.821839 0.896442 0.822989 0.896442 0.824138 0.895380 0.826437 0.895380 0.827586 0.894318 0.829885 0.894318 0.834483 0.895380 0.836782 0.895380 0.837931 0.895911 0.839080 0.895911 0.840230 0.896973 0.842529 0.896973 0.843678 0.900159 0.850575 0.900159 0.851724 0.900690 0.852874 0.900690 0.854023 0.901221 0.855172 0.901753 0.855172 0.903877 0.859770 0.904939 0.859770 0.905470 0.860920 0.906001 0.860920 0.906532 0.862069 0.907594 0.862069 0.908125 0.863218 0.909719 0.863218 0.910250 0.864368 0.911843 0.864368 0.912374 0.865517 0.916622 0.865517 0.917153 0.864368 0.917685 0.864368 0.918216 0.863218 0.918216 0.862069 0.918747 0.860920 0.918747 0.858621 0.919278 0.857471 0.919278 0.855172 0.919809 0.854023 0.919809 0.848276 0.919278 0.847126 0.919278 0.840230 0.919809 0.839080 0.919809 0.837931 0.924057 0.828736 0.924057 0.826437 0.924588 0.825287 0.924588 0.822989 0.925119 0.821839 0.925119 0.811494 0.925651 0.810345 0.925119 0.809195 0.925119 0.805747 0.924588 0.804598 0.924588 0.802299 0.924057 0.801149 0.924057 0.797701 0.923526 0.796552 0.923526 0.783908 0.924057 0.782759 0.924057 0.779310 0.924588 0.778161 0.924588 0.775862 0.925119 0.774713 0.925119 0.762069 0.924588 0.760920 0.924588 0.751724 0.925119 0.750575 0.925119 0.744828 0.925651 0.743678 0.925651 0.741379 0.926182 0.740230 0.926182 0.739080 0.926713 0.737931 0.926713 0.735632 0.927244 0.734483 0.927244 0.726437 0.927775 0.725287 0.927775 0.722989 0.928837 0.720690 0.932023 0.720690 0.932554 0.721839 0.933086 0.721839 0.934679 0.725287 0.934679 0.726437 0.935210 0.727586 0.935210 0.728736 0.935741 0.729885 0.936803 0.729885 0.938396 0.733333 0.938396 0.734483 0.938927 0.734483 0.939458 0.735632 0.939989 0.735632 0.940520 0.736782 0.941052 0.736782 0.941583 0.737931 0.941583 0.739080 0.942645 0.741379 0.943176 0.741379 0.943707 0.742529 0.944238 0.742529 0.945300 0.744828 0.945300 0.745977 0.946362 0.748276 0.946893 0.748276 0.950080 0.755172 0.950611 0.755172 0.951673 0.757471 0.951673 0.758621 0.953797 0.763218 0.953797 0.764368 0.954328 0.765517 0.954328 0.766667 0.954859 0.767816 0.954859 0.770115 0.955390 0.771264 0.955390 0.783908 0.955921 0.785057 0.955921 0.790805 0.956452 0.791954 0.956452 0.798851 0.956984 0.800000 0.956984 0.806897 0.957515 0.808046 0.957515 0.811494 0.958046 0.812644 0.958046 0.814943 0.958577 0.816092 0.958577 0.819540 0.959108 0.820690 0.959108 0.826437 0.959639 0.827586 0.959639 0.831034 0.959108 0.832184 0.959108 0.843678 0.959639 0.844828 0.959639 0.849425 0.960170 0.850575 0.960170 0.852874 0.960701 0.854023 0.960701 0.857471 0.961232 0.858621 0.961232 0.859770 0.961763 0.860920 0.961763 0.862069 0.963356 0.865517 0.963356 0.866667 0.964418 0.868966 0.964418 0.872414 0.964950 0.873563 0.964950 0.874713 0.967074 0.879310 0.967605 0.879310 0.968136 0.880460 0.968667 0.880460 0.969198 0.881609 0.969729 0.881609 0.970791 0.883908 0.971322 0.883908 0.972916 0.887356 0.973447 0.887356 0.973978 0.888506 0.974509 0.888506 0.975571 0.890805 0.976102 0.890805 0.976633 0.891954 0.977164 0.891954 0.977695 0.893103 0.978226 0.893103 0.978757 0.894253 0.979288 0.894253 0.979819 0.895402 0.980351 0.895402 0.980882 0.896552 0.981944 0.896552 0.982475 0.895402 0.984068 0.895402 0.985130 0.893103 0.985661 0.893103 0.986723 0.890805 0.987254 0.890805 0.987785 0.889655 0.988317 0.889655 0.988317 0.888506 0.988848 0.887356 0.988848 0.883908 0.988317 0.882759 0.988317 0.877011 0.988848 0.875862 0.988848 0.874713 0.989910 0.872414 0.989910 0.871264 0.990441 0.870115 0.990441 0.867816 0.989910 0.866667 0.989910 0.865517 0.989379 0.864368 0.989379 0.863218 0.988848 0.862069 0.988848 0.857471 0.988317 0.856322 0.988317 0.852874 0.988848 0.851724 0.988848 0.829885 0.989379 0.828736 0.989379 0.819540 0.989910 0.818391 0.989910 0.809195 0.990441 0.808046 0.990441 0.805747 0.989910 0.804598 0.989910 0.782759 0.990441 0.781609 0.990441 0.767816 0.989910 0.766667 0.989910 0.758621 0.989379 0.757471 0.989379 0.752874 0.989910 0.751724 0.989910 0.749425 0.990441 0.748276 0.990441 0.744828 0.991503 0.742529 0.995220 0.742529 0.995751 0.741379 0.995751 0.740230 0.994158 0.736782 0.994158 0.735632 0.994689 0.734483 0.994158 0.733333 0.994158 0.726437 0.995220 0.724138 0.995220 0.722989 0.996283 0.720690 0.996283 0.719540 0.995220 0.717241 0.995220 0.708046 0.995751 0.706897 0.995751 0.703448 0.996283 0.702299 0.996283 0.700000 0.996814 0.698851 0.996814 0.686207 0.997345 0.685057 0.997345 0.679310 0.998407 0.677011 0.999469 0.677011 0.999469 0.662069 0.998407 0.662069 0.997876 0.660920 0.997876 0.652874 0.998407 0.651724 0.999469 0.651724 0.999469 0.622989 0.998407 0.622989 0.997345 0.620690 0.997345 0.618391 0.996814 0.617241 0.996814 0.616092 0.995751 0.613793 0.995751 0.612644 0.995220 0.611494 0.995220 0.610345 0.994158 0.608046 0.994158 0.606897 0.993627 0.605747 0.993627 0.604598 0.992565 0.602299 0.992565 0.601149 0.990972 0.597701 0.990972 0.596552 0.989910 0.594253 0.989379 0.594253 0.985130 0.585057 0.984599 0.585057 0.984068 0.583908 0.983537 0.583908 0.981944 0.580460 0.981413 0.580460 0.980882 0.579310 0.980351 0.579310 0.978757 0.575862 0.978757 0.574713 0.978226 0.574713 0.977164 0.572414 0.976102 0.572414 0.975571 0.571264 0.975040 0.571264 0.974509 0.570115 0.973978 0.570115 0.973447 0.568966 0.972916 0.568966 0.972384 0.567816 0.971853 0.567816 0.971322 0.566667 0.970791 0.566667 0.970260 0.565517 0.969729 0.565517 0.969198 0.564368 0.968667 0.564368 0.968136 0.563218 0.967074 0.563218 0.966543 0.562069 0.965481 0.562069 0.964950 0.560920 0.963887 0.560920 0.963356 0.559770 0.962294 0.559770 0.961763 0.558621 0.960701 0.558621 0.960170 0.557471 0.958577 0.557471 0.958046 0.556322 0.953797 0.556322 0.953266 0.555172 0.946893 0.555172 0.946362 0.554023
0 0.396707 0.355172 0.396176 0.356322 0.395114 0.356322 0.394583 0.357471 0.393521 0.357471 0.392990 0.358621 0.392459 0.358621 0.391397 0.360920 0.390866 0.360920 0.388741 0.365517 0.388210 0.365517 0.388210 0.366667 0.385555 0.372414 0.385555 0.373563 0.384493 0.375862 0.384493 0.379310 0.381837 0.385057 0.381306 0.385057 0.380775 0.386207 0.380775 0.387356 0.380244 0.388506 0.380244 0.394253 0.380775 0.395402 0.380775 0.397701 0.381306 0.398851 0.381306 0.403448 0.380775 0.404598 0.380775 0.405747 0.378651 0.410345 0.378120 0.410345 0.376527 0.413793 0.375465 0.413793 0.374934 0.414943 0.374403 0.414943 0.373871 0.416092 0.372809 0.416092 0.372278 0.417241 0.371216 0.417241 0.370685 0.418391 0.370154 0.418391 0.369623 0.419540 0.368030 0.419540 0.367499 0.420690 0.366437 0.420690 0.365905 0.421839 0.364843 0.421839 0.364312 0.422989 0.363781 0.422989 0.363250 0.424138 0.362719 0.424138 0.359533 0.431034 0.359533 0.432184 0.359002 0.433333 0.359002 0.434483 0.358471 0.435632 0.358471 0.439080 0.357939 0.440230 0.357939 0.442529 0.357408 0.443678 0.357408 0.445977 0.356877 0.447126 0.356877 0.450575 0.356346 0.451724 0.356346 0.455172 0.355815 0.456322 0.355815 0.458621 0.355284 0.459770 0.355284 0.460920 0.354753 0.462069 0.354753 0.463218 0.354222 0.464368 0.354222 0.465517 0.353691 0.466667 0.353691 0.467816 0.353160 0.468966 0.353160 0.471264 0.352629 0.472414 0.352629 0.475862 0.352098 0.477011 0.352098 0.483908 0.351567 0.485057 0.351567 0.490805 0.351036 0.491954 0.351036 0.495402 0.350505 0.496552 0.350505 0.498851 0.349973 0.500000 0.349973 0.503448 0.349442 0.504598 0.349442 0.512644 0.348911 0.513793 0.348911 0.540230 0.348380 0.541379 0.348380 0.543678 0.348911 0.544828 0.348911 0.547126 0.348380 0.548276 0.348380 0.564368 0.348911 0.565517 0.348911 0.571264 0.348380 0.572414 0.348380 0.578161 0.348911 0.579310 0.348911 0.581609 0.349442 0.582759 0.349442 0.583908 0.351036 0.587356 0.351567 0.587356 0.352098 0.588506 0.353691 0.588506 0.354222 0.587356 0.355284 0.587356 0.356877 0.583908 0.356877 0.579310 0.357408 0.578161 0.357408 0.574713 0.357939 0.573563 0.357939 0.563218 0.358471 0.562069 0.358471 0.559770 0.357939 0.558621 0.357939 0.549425 0.358471 0.548276 0.358471 0.535632 0.359002 0.534483 0.359533 0.535632 0.359533 0.539080 0.360064 0.540230 0.360064 0.544828 0.359533 0.545977 0.360064 0.547126 0.360064 0.551724 0.359533 0.552874 0.360064 0.554023 0.360064 0.564368 0.360595 0.565517 0.360595 0.566667 0.362188 0.570115 0.362719 0.570115 0.363250 0.571264 0.363250 0.572414 0.363781 0.573563 0.363781 0.575862 0.364312 0.577011 0.364312 0.586207 0.364843 0.587356 0.364843 0.591954 0.364312 0.593103 0.364312 0.597701 0.363781 0.598851 0.363781 0.600000 0.363250 0.601149 0.363250 0.605747 0.363781 0.606897 0.363781 0.611494 0.364312 0.612644 0.364312 0.616092 0.364843 0.617241 0.364843 0.621839 0.365374 0.622989 0.365374 0.626437 0.365905 0.627586 0.365905 0.632184 0.366437 0.633333 0.366437 0.644828 0.366968 0.645977 0.366968 0.668966 0.367499 0.670115 0.367499 0.675862 0.368030 0.677011 0.368030 0.680460 0.368561 0.681609 0.368561 0.682759 0.368030 0.683908 0.368030 0.690805 0.367499 0.691954 0.367499 0.700000 0.368030 0.701149 0.368030 0.708046 0.368561 0.709195 0.368561 0.713793 0.369092 0.714943 0.369092 0.718391 0.369623 0.719540 0.369623 0.721839 0.370154 0.722989 0.370154 0.728736 0.370685 0.729885 0.370685 0.737931 0.371216 0.739080 0.371216 0.742529 0.371747 0.743678 0.371747 0.748276 0.372278 0.749425 0.372278 0.751724 0.372809 0.752874 0.372809 0.755172 0.373871 0.757471 0.373871 0.758621 0.374934 0.760920 0.374934 0.762069 0.378120 0.768966 0.378120 0.770115 0.379713 0.773563 0.381837 0.773563 0.382369 0.774713 0.387679 0.774713 0.388210 0.775862 0.391397 0.775862 0.391928 0.774713 0.393521 0.774713 0.394052 0.773563 0.394583 0.773563 0.395114 0.772414 0.395645 0.772414 0.396707 0.770115 0.397770 0.770115 0.398301 0.768966 0.398832 0.768966 0.399363 0.767816 0.399894 0.767816 0.400425 0.766667 0.401487 0.766667 0.402018 0.765517 0.402549 0.765517 0.403611 0.763218 0.404142 0.763218 0.404673 0.762069 0.405204 0.762069 0.406267 0.759770 0.406798 0.759770 0.407329 0.758621 0.407860 0.758621 0.407860 0.757471 0.408922 0.755172 0.408922 0.754023 0.409453 0.752874 0.409453 0.751724 0.409984 0.750575 0.409984 0.745977 0.409453 0.744828 0.409453 0.743678 0.408922 0.742529 0.408922 0.741379 0.407329 0.737931 0.406798 0.737931 0.405204 0.734483 0.405204 0.732184 0.404673 0.731034 0.404673 0.713793 0.405204 0.712644 0.405204 0.686207 0.405736 0.685057 0.405736 0.674713 0.406267 0.673563 0.406267 0.664368 0.405736 0.663218 0.405736 0.649425 0.405204 0.648276 0.405204 0.608046 0.404673 0.606897 0.404673 0.601149 0.403611 0.598851 0.403611 0.596552 0.403080 0.595402 0.403080 0.593103 0.403611 0.591954 0.403611 0.585057 0.404142 0.583908 0.404673 0.585057 0.404673 0.586207 0.405204 0.587356 0.405204 0.588506 0.405736 0.589655 0.405736 0.590805 0.406267 0.591954 0.406267 0.593103 0.407329 0.595402 0.407860 0.595402 0.408391 0.596552 0.408922 0.596552 0.409453 0.597701 0.409984 0.597701 0.410515 0.598851 0.412108 0.598851 0.412639 0.597701 0.413170 0.597701 0.414233 0.595402 0.414764 0.595402 0.414764 0.562069 0.414233 0.560920 0.414233 0.535632 0.413702 0.534483 0.413702 0.522989 0.413170 0.521839 0.413170 0.520690 0.413702 0.519540 0.413702 0.497701 0.413170 0.496552 0.413170 0.482759 0.412639 0.481609 0.412639 0.474713 0.412108 0.473563 0.412108 0.467816 0.411577 0.466667 0.411577 0.458621 0.411046 0.457471 0.411046 0.455172 0.410515 0.454023 0.410515 0.451724 0.409984 0.450575 0.409984 0.448276 0.409453 0.447126 0.409453 0.445977 0.408922 0.444828 0.408922 0.443678 0.407860 0.441379 0.407860 0.440230 0.405736 0.435632 0.405204 0.435632 0.404673 0.434483 0.404142 0.434483 0.403611 0.433333 0.403080 0.433333 0.399894 0.426437 0.399894 0.422989 0.401487 0.419540 0.401487 0.418391 0.402549 0.416092 0.402549 0.414943 0.403080 0.413793 0.403080 0.412644 0.404673 0.409195 0.404673 0.408046 0.406267 0.404598 0.406267 0.403448 0.407329 0.401149 0.407329 0.400000 0.407860 0.398851 0.407860 0.396552 0.408391 0.395402 0.408391 0.391954 0.408922 0.390805 0.408922 0.387356 0.408391 0.386207 0.408391 0.382759 0.408922 0.381609 0.408922 0.375862 0.408391 0.374713 0.408391 0.371264 0.407860 0.370115 0.407860 0.367816 0.403611 0.358621 0.402549 0.358621 0.402018 0.357471 0.401487 0.357471 0.400956 0.356322 0.398832 0.356322 0.398301 0.355172
0 0.704727 0.371264 0.704195 0.372414 0.702602 0.372414 0.702071 0.373563 0.701540 0.373563 0.701009 0.374713 0.700478 0.374713 0.696760 0.382759 0.696760 0.385057 0.696229 0.386207 0.696229 0.389655 0.695698 0.390805 0.695698 0.391954 0.695167 0.393103 0.695167 0.394253 0.694105 0.396552 0.694105 0.397701 0.693043 0.400000 0.692512 0.400000 0.692512 0.401149 0.691981 0.402299 0.691981 0.403448 0.691450 0.404598 0.691450 0.405747 0.690388 0.408046 0.690388 0.409195 0.689857 0.410345 0.689326 0.410345 0.689326 0.411494 0.688794 0.412644 0.688794 0.426437 0.689326 0.427586 0.689326 0.434483 0.688794 0.435632 0.688794 0.450575 0.688263 0.451724 0.688263 0.471264 0.688794 0.472414 0.688794 0.480460 0.689326 0.481609 0.689326 0.501149 0.689857 0.502299 0.689857 0.503448 0.690388 0.504598 0.690388 0.505747 0.692512 0.510345 0.693043 0.510345 0.693574 0.511494 0.693574 0.512644 0.694105 0.513793 0.694105 0.516092 0.694636 0.517241 0.694636 0.522989 0.695167 0.524138 0.695167 0.532184 0.694636 0.533333 0.694636 0.541379 0.695167 0.542529 0.696229 0.542529 0.697292 0.540230 0.697823 0.540230 0.698885 0.537931 0.699947 0.537931 0.700478 0.536782 0.701540 0.536782 0.702071 0.535632 0.706851 0.535632 0.707382 0.536782 0.708444 0.536782 0.709506 0.539080 0.710568 0.539080 0.710568 0.537931 0.711099 0.536782 0.711099 0.529885 0.710568 0.528736 0.710568 0.521839 0.710037 0.520690 0.710037 0.514943 0.709506 0.513793 0.709506 0.509195 0.708975 0.508046 0.708975 0.505747 0.709506 0.504598 0.709506 0.481609 0.708975 0.480460 0.709506 0.479310 0.709506 0.459770 0.708975 0.458621 0.708975 0.452874 0.708444 0.451724 0.708444 0.445977 0.707913 0.444828 0.707913 0.442529 0.707382 0.441379 0.707382 0.439080 0.706851 0.437931 0.706851 0.434483 0.706320 0.433333 0.706320 0.431034 0.705789 0.429885 0.705789 0.428736 0.705258 0.427586 0.705258 0.420690 0.705789 0.419540 0.706320 0.419540 0.706851 0.418391 0.708444 0.418391 0.708975 0.417241 0.709506 0.417241 0.709506 0.416092 0.710037 0.414943 0.710037 0.413793 0.710568 0.412644 0.710568 0.411494 0.711099 0.410345 0.711099 0.409195 0.711630 0.408046 0.711630 0.406897 0.712693 0.404598 0.712693 0.403448 0.713224 0.402299 0.713224 0.398851 0.713755 0.397701 0.713755 0.394253 0.714286 0.393103 0.714286 0.391954 0.714817 0.390805 0.714817 0.383908 0.714286 0.382759 0.714286 0.380460 0.713224 0.378161 0.713224 0.375862 0.712693 0.375862 0.711099 0.372414 0.710568 0.372414 0.710037 0.371264
0 0.703133 0.536782 0.702602 0.537931 0.701009 0.537931 0.700478 0.539080 0.698885 0.539080 0.697292 0.542529 0.696760 0.542529 0.695698 0.544828 0.695167 0.544828 0.694636 0.545977 0.694105 0.545977 0.693574 0.547126 0.692512 0.547126 0.691450 0.549425 0.690919 0.549425 0.689326 0.552874 0.689326 0.554023 0.688263 0.556322 0.688263 0.557471 0.687201 0.559770 0.687201 0.562069 0.686670 0.563218 0.686670 0.565517 0.686139 0.566667 0.686139 0.573563 0.685608 0.574713 0.685608 0.583908 0.683484 0.588506 0.682953 0.588506 0.682422 0.589655 0.681360 0.589655 0.680828 0.590805 0.679766 0.590805 0.679235 0.591954 0.678704 0.591954 0.676049 0.597701 0.675518 0.597701 0.674456 0.600000 0.674456 0.601149 0.673394 0.603448 0.673394 0.604598 0.672862 0.605747 0.672862 0.606897 0.672331 0.608046 0.672331 0.610345 0.672862 0.611494 0.672862 0.612644 0.673394 0.613793 0.673394 0.614943 0.674456 0.617241 0.674987 0.617241 0.675518 0.618391 0.676580 0.618391 0.677111 0.619540 0.687732 0.619540 0.688263 0.620690 0.689326 0.620690 0.689857 0.621839 0.690388 0.621839 0.691450 0.624138 0.697823 0.624138 0.698354 0.622989 0.700478 0.622989 0.701009 0.621839 0.706320 0.621839 0.707382 0.619540 0.707913 0.619540 0.708975 0.617241 0.709506 0.617241 0.710037 0.616092 0.710568 0.616092 0.710568 0.614943 0.712161 0.611494 0.712161 0.610345 0.713224 0.608046 0.713224 0.605747 0.713755 0.604598 0.713755 0.602299 0.714286 0.601149 0.714286 0.600000 0.714817 0.598851 0.714817 0.597701 0.715348 0.596552 0.715348 0.595402 0.715879 0.594253 0.715879 0.593103 0.716410 0.591954 0.716410 0.590805 0.716941 0.589655 0.716941 0.586207 0.717472 0.585057 0.717472 0.582759 0.716941 0.581609 0.716941 0.577011 0.716410 0.575862 0.716410 0.574713 0.715348 0.572414 0.715348 0.571264 0.714817 0.570115 0.714817 0.567816 0.714286 0.566667 0.714286 0.560920 0.713755 0.559770 0.713755 0.555172 0.713224 0.554023 0.713224 0.551724 0.712693 0.550575 0.712693 0.549425 0.712161 0.548276 0.712161 0.547126 0.711630 0.545977 0.711630 0.544828 0.711099 0.543678 0.711099 0.542529 0.709506 0.539080 0.708975 0.539080 0.708444 0.537931 0.707382 0.537931 0.706851 0.536782
0 0.476899 0.319540 0.476367 0.320690 0.475305 0.320690 0.474774 0.321839 0.473712 0.321839 0.473181 0.322989 0.472650 0.322989 0.471588 0.325287 0.471057 0.325287 0.468401 0.331034 0.468401 0.332184 0.466808 0.335632 0.466808 0.336782 0.466277 0.337931 0.465746 0.337931 0.465215 0.339080 0.465215 0.340230 0.464153 0.342529 0.464153 0.345977 0.464684 0.347126 0.464684 0.348276 0.465215 0.349425 0.465215 0.350575 0.465746 0.351724 0.465746 0.354023 0.466277 0.355172 0.465746 0.356322 0.465746 0.364368 0.466277 0.365517 0.466277 0.372414 0.466808 0.373563 0.466808 0.375862 0.467339 0.377011 0.467339 0.380460 0.467870 0.381609 0.467870 0.382759 0.469464 0.386207 0.469464 0.387356 0.470526 0.389655 0.470526 0.393103 0.469995 0.394253 0.469995 0.396552 0.468401 0.400000 0.468401 0.401149 0.466277 0.405747 0.465746 0.405747 0.464684 0.408046 0.463622 0.408046 0.463091 0.409195 0.462560 0.409195 0.462029 0.410345 0.461498 0.410345 0.460435 0.412644 0.459904 0.412644 0.459373 0.413793 0.458842 0.413793 0.457780 0.416092 0.457249 0.416092 0.456187 0.418391 0.455656 0.418391 0.455125 0.419540 0.455125 0.420690 0.454063 0.422989 0.454063 0.424138 0.452469 0.427586 0.452469 0.428736 0.451938 0.429885 0.451938 0.431034 0.451407 0.432184 0.451407 0.433333 0.450876 0.434483 0.450876 0.435632 0.450345 0.436782 0.450345 0.439080 0.449814 0.440230 0.449814 0.441379 0.449283 0.442529 0.449283 0.443678 0.448752 0.444828 0.448752 0.447126 0.448221 0.448276 0.448221 0.455172 0.447690 0.456322 0.447690 0.460920 0.447159 0.462069 0.447159 0.486207 0.446628 0.487356 0.446628 0.495402 0.447159 0.496552 0.447159 0.502299 0.447690 0.503448 0.447690 0.504598 0.448221 0.505747 0.448221 0.506897 0.449283 0.509195 0.449814 0.509195 0.450345 0.510345 0.451407 0.510345 0.451938 0.511494 0.455125 0.511494 0.455656 0.512644 0.457249 0.512644 0.457780 0.511494 0.459904 0.511494 0.460435 0.512644 0.460967 0.512644 0.462029 0.514943 0.462029 0.522989 0.462560 0.524138 0.462560 0.533333 0.463091 0.534483 0.463091 0.540230 0.463622 0.541379 0.463622 0.544828 0.464153 0.545977 0.464153 0.550575 0.464684 0.551724 0.464684 0.559770 0.465215 0.560920 0.465215 0.567816 0.465746 0.568966 0.465746 0.570115 0.466277 0.571264 0.466277 0.572414 0.466808 0.573563 0.466808 0.575862 0.467339 0.577011 0.467339 0.578161 0.467870 0.579310 0.467870 0.580460 0.468401 0.581609 0.468401 0.582759 0.468933 0.583908 0.468933 0.587356 0.469464 0.588506 0.469464 0.595402 0.469995 0.596552 0.469995 0.610345 0.470526 0.611494 0.470526 0.617241 0.471057 0.618391 0.471057 0.627586 0.471588 0.628736 0.471588 0.636782 0.472119 0.637931 0.472119 0.641379 0.472650 0.642529 0.472650 0.644828 0.473181 0.645977 0.473181 0.650575 0.473712 0.651724 0.473712 0.654023 0.474243 0.655172 0.474243 0.658621 0.474774 0.659770 0.474774 0.663218 0.475305 0.664368 0.475305 0.667816 0.475836 0.668966 0.475836 0.679310 0.476367 0.680460 0.476367 0.683908 0.476899 0.685057 0.476899 0.691954 0.477430 0.693103 0.477430 0.698851 0.477961 0.700000 0.477961 0.705747 0.478492 0.706897 0.478492 0.717241 0.479023 0.718391 0.479023 0.722989 0.479554 0.724138 0.479554 0.728736 0.480085 0.729885 0.480085 0.734483 0.480616 0.735632 0.480616 0.740230 0.481147 0.741379 0.481147 0.743678 0.481678 0.744828 0.481678 0.747126 0.482209 0.748276 0.482209 0.752874 0.482740 0.754023 0.482740 0.758621 0.483271 0.759770 0.483271 0.762069 0.483802 0.763218 0.483802 0.765517 0.484334 0.766667 0.484334 0.767816 0.485927 0.771264 0.485927 0.777011 0.486458 0.778161 0.486458 0.781609 0.486989 0.782759 0.486989 0.783908 0.488051 0.786207 0.488582 0.786207 0.490175 0.789655 0.490706 0.789655 0.491237 0.790805 0.491768 0.790805 0.492300 0.791954 0.492831 0.791954 0.493893 0.794253 0.494955 0.794253 0.495486 0.795402 0.496017 0.795402 0.496548 0.796552 0.497610 0.796552 0.498141 0.797701 0.501859 0.797701 0.502390 0.798851 0.506638 0.798851 0.507169 0.797701 0.508232 0.797701 0.509294 0.795402 0.509294 0.794253 0.509825 0.793103 0.509825 0.783908 0.509294 0.782759 0.509294 0.779310 0.508763 0.778161 0.508763 0.777011 0.507700 0.774713 0.507700 0.773563 0.507169 0.772414 0.507169 0.764368 0.507700 0.763218 0.507700 0.760920 0.508763 0.758621 0.508763 0.755172 0.509294 0.754023 0.509294 0.740230 0.509825 0.739080 0.509825 0.737931 0.510356 0.736782 0.510356 0.735632 0.510887 0.734483 0.510887 0.732184 0.511418 0.731034 0.511418 0.718391 0.511949 0.717241 0.511949 0.708046 0.512480 0.706897 0.512480 0.701149 0.513011 0.700000 0.513011 0.696552 0.513542 0.695402 0.513542 0.691954 0.514073 0.690805 0.514073 0.686207 0.514604 0.685057 0.514604 0.680460 0.515135 0.679310 0.515135 0.670115 0.515666 0.668966 0.515666 0.654023 0.516198 0.652874 0.516198 0.628736 0.516729 0.627586 0.516729 0.622989 0.516198 0.621839 0.516198 0.593103 0.515666 0.591954 0.515666 0.590805 0.515135 0.589655 0.515135 0.587356 0.514604 0.586207 0.514604 0.581609 0.514073 0.580460 0.514073 0.578161 0.513542 0.577011 0.513542 0.573563 0.513011 0.572414 0.513011 0.570115 0.512480 0.568966 0.512480 0.563218 0.511949 0.562069 0.511949 0.556322 0.513011 0.554023 0.513011 0.552874 0.513542 0.551724 0.513542 0.550575 0.514604 0.548276 0.514604 0.547126 0.515135 0.545977 0.515135 0.539080 0.514604 0.537931 0.514604 0.535632 0.513542 0.533333 0.513542 0.531034 0.513011 0.529885 0.513011 0.528736 0.510887 0.524138 0.510887 0.522989 0.510356 0.521839 0.510356 0.520690 0.509825 0.519540 0.509825 0.516092 0.509294 0.514943 0.509294 0.510345 0.509825 0.509195 0.509825 0.506897 0.510887 0.504598 0.510887 0.503448 0.511418 0.502299 0.511949 0.502299 0.511949 0.497701 0.512480 0.496552 0.512480 0.495402 0.514604 0.490805 0.515135 0.490805 0.516198 0.488506 0.516198 0.487356 0.516729 0.486207 0.516729 0.481609 0.516198 0.480460 0.516198 0.472414 0.515666 0.471264 0.515666 0.466667 0.515135 0.465517 0.515135 0.458621 0.514604 0.457471 0.514604 0.456322 0.514073 0.455172 0.514073 0.452874 0.513542 0.451724 0.513542 0.449425 0.513011 0.448276 0.513011 0.447126 0.512480 0.445977 0.512480 0.441379 0.511949 0.440230 0.511949 0.433333 0.511418 0.432184 0.511418 0.431034 0.510887 0.429885 0.510887 0.428736 0.510356 0.427586 0.510356 0.426437 0.509825 0.425287 0.509825 0.424138 0.506107 0.416092 0.505576 0.416092 0.504514 0.413793 0.503983 0.413793 0.500266 0.405747 0.499734 0.405747 0.499203 0.404598 0.499203 0.403448 0.497610 0.400000 0.497079 0.400000 0.493362 0.391954 0.492831 0.391954 0.492300 0.390805 0.491768 0.390805 0.490706 0.388506 0.490175 0.388506 0.489113 0.386207 0.489113 0.383908 0.490175 0.381609 0.491237 0.381609 0.492831 0.378161 0.492831 0.377011 0.493362 0.375862 0.492831 0.374713 0.492831 0.372414 0.492300 0.371264 0.492300 0.368966 0.491768 0.367816 0.491768 0.344828 0.491237 0.343678 0.491237 0.339080 0.490706 0.337931 0.490706 0.335632 0.490175 0.334483 0.490175 0.333333 0.488582 0.329885 0.488582 0.328736 0.487520 0.326437 0.486989 0.326437 0.485396 0.322989 0.484865 0.322989 0.484334 0.321839 0.482740 0.321839 0.482209 0.320690 0.481147 0.320690 0.480616 0.319540
1 0.919809 0.426437 0.919278 0.427586 0.917153 0.427586 0.916622 0.428736 0.916091 0.428736 0.915560 0.429885 0.915029 0.429885 0.914498 0.431034 0.913967 0.431034 0.913436 0.432184 0.912905 0.432184 0.912905 0.433333 0.912374 0.434483 0.912374 0.435632 0.912905 0.436782 0.912905 0.437931 0.916091 0.444828 0.916622 0.444828 0.917685 0.447126 0.918216 0.447126 0.919278 0.449425 0.919278 0.454023 0.919809 0.455172 0.919809 0.456322 0.920340 0.457471 0.920340 0.459770 0.920871 0.460920 0.920871 0.464368 0.920340 0.465517 0.920340 0.468966 0.920871 0.470115 0.923526 0.470115 0.924057 0.468966 0.926182 0.468966 0.926713 0.467816 0.927244 0.467816 0.927775 0.466667 0.928306 0.466667 0.928837 0.465517 0.929368 0.465517 0.935210 0.452874 0.935741 0.452874 0.935741 0.451724 0.936803 0.449425 0.936803 0.448276 0.937334 0.447126 0.937334 0.440230 0.935741 0.436782 0.935741 0.435632 0.935210 0.435632 0.934679 0.434483 0.934148 0.434483 0.933617 0.433333 0.933086 0.433333 0.932554 0.432184 0.932023 0.432184 0.931492 0.431034 0.930961 0.431034 0.930430 0.429885 0.929899 0.429885 0.929368 0.428736 0.928306 0.428736 0.927775 0.427586 0.926713 0.427586 0.926182 0.426437
1 0.757302 0.541379 0.756771 0.542529 0.755709 0.542529 0.755178 0.543678 0.754647 0.543678 0.753585 0.545977 0.753585 0.547126 0.751992 0.550575 0.751460 0.550575 0.751460 0.551724 0.750929 0.552874 0.750929 0.555172 0.750398 0.556322 0.750398 0.558621 0.749867 0.559770 0.749867 0.566667 0.749336 0.567816 0.749336 0.568966 0.749867 0.570115 0.749336 0.571264 0.749336 0.575862 0.748805 0.577011 0.748805 0.578161 0.746150 0.583908 0.745619 0.583908 0.745619 0.585057 0.745088 0.586207 0.745088 0.588506 0.746150 0.590805 0.746150 0.591954 0.746681 0.591954 0.748274 0.595402 0.749336 0.595402 0.749867 0.596552 0.750929 0.596552 0.751460 0.597701 0.767924 0.597701 0.768455 0.596552 0.772172 0.596552 0.772703 0.595402 0.778545 0.595402 0.779076 0.594253 0.780669 0.594253 0.781200 0.593103 0.782793 0.593103 0.783324 0.591954 0.784387 0.591954 0.784918 0.590805 0.785449 0.590805 0.787573 0.586207 0.787573 0.582759 0.787042 0.581609 0.787042 0.580460 0.786511 0.579310 0.785980 0.579310 0.785449 0.578161 0.784387 0.578161 0.783856 0.577011 0.783324 0.577011 0.782793 0.575862 0.782262 0.575862 0.781731 0.574713 0.781200 0.574713 0.780669 0.573563 0.780138 0.573563 0.779607 0.572414 0.779607 0.571264 0.779076 0.570115 0.779076 0.567816 0.778545 0.566667 0.778545 0.565517 0.778014 0.564368 0.778014 0.563218 0.777483 0.562069 0.777483 0.560920 0.776421 0.558621 0.776421 0.557471 0.772703 0.549425 0.772172 0.549425 0.771641 0.548276 0.771110 0.548276 0.770048 0.545977 0.769517 0.545977 0.768986 0.544828 0.767924 0.544828 0.767392 0.543678 0.766330 0.543678 0.765799 0.542529 0.763144 0.542529 0.762613 0.541379
1 0.395114 0.355172 0.394583 0.356322 0.394052 0.356322 0.393521 0.357471 0.392990 0.357471 0.391928 0.359770 0.391397 0.359770 0.390866 0.360920 0.390335 0.360920 0.387679 0.366667 0.387679 0.367816 0.386617 0.370115 0.386617 0.372414 0.387148 0.373563 0.390335 0.373563 0.390866 0.374713 0.393521 0.374713 0.394052 0.375862 0.394583 0.375862 0.395114 0.377011 0.396176 0.377011 0.396707 0.378161 0.397238 0.378161 0.397770 0.379310 0.398301 0.379310 0.398832 0.380460 0.399363 0.380460 0.400425 0.382759 0.400956 0.382759 0.402018 0.385057 0.402549 0.385057 0.403080 0.386207 0.404673 0.386207 0.405204 0.387356 0.407860 0.387356 0.408391 0.386207 0.408922 0.386207 0.408922 0.372414 0.408391 0.371264 0.408391 0.368966 0.407860 0.367816 0.407860 0.366667 0.407329 0.365517 0.407329 0.364368 0.406798 0.363218 0.406267 0.363218 0.403611 0.357471 0.403080 0.357471 0.402549 0.356322 0.402018 0.356322 0.401487 0.355172
1 0.702071 0.536782 0.701540 0.537931 0.700478 0.537931 0.699947 0.539080 0.698885 0.539080 0.697292 0.542529 0.696760 0.542529 0.695167 0.545977 0.695167 0.550575 0.694636 0.551724 0.694636 0.558621 0.694105 0.559770 0.694105 0.562069 0.693574 0.563218 0.693574 0.564368 0.693043 0.565517 0.693043 0.566667 0.692512 0.567816 0.692512 0.568966 0.693043 0.570115 0.693043 0.571264 0.692512 0.572414 0.692512 0.578161 0.691981 0.579310 0.691981 0.582759 0.693043 0.585057 0.693043 0.586207 0.694636 0.589655 0.694636 0.590805 0.695167 0.591954 0.695698 0.591954 0.696229 0.593103 0.697292 0.593103 0.697823 0.594253 0.698354 0.594253 0.698885 0.595402 0.700478 0.595402 0.701009 0.596552 0.702602 0.596552 0.703133 0.597701 0.703664 0.596552 0.705789 0.596552 0.706320 0.595402 0.706851 0.595402 0.708975 0.590805 0.709506 0.590805 0.712161 0.585057 0.712161 0.583908 0.713755 0.580460 0.713755 0.578161 0.714286 0.577011 0.714286 0.566667 0.713755 0.565517 0.713755 0.556322 0.713224 0.555172 0.713224 0.551724 0.712693 0.550575 0.712693 0.549425 0.712161 0.548276 0.712161 0.547126 0.711630 0.545977 0.711630 0.544828 0.710568 0.542529 0.710568 0.541379 0.710037 0.540230 0.709506 0.540230 0.708975 0.539080 0.708444 0.539080 0.707913 0.537931 0.707382 0.537931 0.706851 0.536782
1 0.395645 0.355172 0.395114 0.356322 0.394052 0.356322 0.392990 0.358621 0.392459 0.358621 0.391397 0.360920 0.390866 0.360920 0.388741 0.365517 0.388210 0.365517 0.384493 0.373563 0.384493 0.374713 0.383962 0.375862 0.383962 0.379310 0.381837 0.383908 0.381837 0.385057 0.381306 0.386207 0.380775 0.386207 0.380775 0.387356 0.380244 0.388506 0.380244 0.394253 0.380775 0.395402 0.380775 0.396552 0.383431 0.402299 0.390866 0.402299 0.391397 0.403448 0.393521 0.403448 0.394052 0.404598 0.396176 0.404598 0.396707 0.405747 0.398301 0.405747 0.398832 0.406897 0.399363 0.406897 0.400425 0.409195 0.400425 0.410345 0.400956 0.411494 0.402018 0.409195 0.402549 0.409195 0.403080 0.408046 0.404142 0.408046 0.404673 0.406897 0.405204 0.406897 0.406267 0.404598 0.406798 0.404598 0.407329 0.403448 0.407329 0.402299 0.407860 0.401149 0.407860 0.397701 0.408391 0.396552 0.408391 0.394253 0.408922 0.393103 0.408922 0.385057 0.408391 0.383908 0.408391 0.381609 0.408922 0.380460 0.408922 0.373563 0.408391 0.372414 0.408391 0.370115 0.407860 0.368966 0.407860 0.366667 0.405736 0.362069 0.405204 0.362069 0.404142 0.359770 0.404142 0.358621 0.403080 0.358621 0.402549 0.357471 0.402018 0.357471 0.400956 0.355172
1 0.997876 0.565517 0.996814 0.567816 0.996283 0.567816 0.995220 0.570115 0.994689 0.570115 0.994158 0.571264 0.994158 0.573563 0.993627 0.574713 0.993627 0.579310 0.993096 0.580460 0.993096 0.581609 0.993627 0.582759 0.993627 0.587356 0.994158 0.588506 0.994158 0.589655 0.994689 0.590805 0.994689 0.591954 0.995220 0.591954 0.996814 0.595402 0.997345 0.595402 0.997876 0.596552 0.999469 0.596552 0.999469 0.565517
1 0.476367 0.319540 0.475836 0.320690 0.474774 0.320690 0.474243 0.321839 0.473712 0.321839 0.473181 0.322989 0.472650 0.322989 0.472119 0.324138 0.471588 0.324138 0.470526 0.326437 0.469995 0.326437 0.468933 0.328736 0.468933 0.329885 0.467870 0.332184 0.467870 0.333333 0.464153 0.341379 0.464153 0.345977 0.464684 0.347126 0.464684 0.348276 0.466808 0.352874 0.466808 0.354023 0.467339 0.354023 0.468401 0.356322 0.469464 0.356322 0.469995 0.357471 0.470526 0.357471 0.471588 0.359770 0.472119 0.359770 0.473712 0.363218 0.474243 0.363218 0.475305 0.365517 0.475836 0.365517 0.476899 0.367816 0.477430 0.367816 0.477961 0.368966 0.478492 0.368966 0.480085 0.372414 0.480616 0.372414 0.482740 0.377011 0.483271 0.377011 0.483802 0.378161 0.484334 0.378161 0.484865 0.379310 0.485396 0.379310 0.485927 0.380460 0.486989 0.380460 0.487520 0.381609 0.491768 0.381609 0.492300 0.380460 0.492831 0.380460 0.493362 0.379310 0.493362 0.373563 0.492300 0.371264 0.492300 0.363218 0.491768 0.362069 0.491768 0.354023 0.492300 0.352874 0.492300 0.351724 0.491768 0.350575 0.491768 0.344828 0.491237 0.343678 0.491237 0.336782 0.490706 0.335632 0.490706 0.334483 0.490175 0.333333 0.490175 0.332184 0.488582 0.328736 0.488582 0.327586 0.488051 0.327586 0.486458 0.324138 0.485927 0.324138 0.484865 0.321839 0.484334 0.321839 0.483802 0.320690 0.481678 0.320690 0.481147 0.319540
1 0.704727 0.371264 0.704195 0.372414 0.702602 0.372414 0.702071 0.373563 0.701540 0.373563 0.701009 0.374713 0.700478 0.374713 0.697292 0.381609 0.697292 0.382759 0.696760 0.383908 0.696760 0.387356 0.696229 0.388506 0.696229 0.389655 0.696760 0.390805 0.698885 0.390805 0.699416 0.391954 0.699947 0.390805 0.707913 0.390805 0.708444 0.391954 0.712161 0.391954 0.712693 0.393103 0.713224 0.393103 0.713755 0.391954 0.714286 0.391954 0.715348 0.389655 0.715348 0.386207 0.714817 0.385057 0.714817 0.382759 0.714286 0.381609 0.714286 0.379310 0.713224 0.377011 0.713224 0.375862 0.712161 0.373563 0.711630 0.373563 0.711099 0.372414 0.710568 0.372414 0.710037 0.371264
2 0.990972 0.749425 0.989910 0.751724 0.989910 0.758621 0.990441 0.759770 0.990441 0.768966 0.990972 0.770115 0.990972 0.771264 0.991503 0.771264 0.992034 0.772414 0.993096 0.772414 0.993627 0.773563 0.999469 0.773563 0.999469 0.750575 0.993096 0.750575 0.992565 0.749425
2 0.489644 0.745977 0.489113 0.747126 0.482209 0.747126 0.481678 0.748276 0.481678 0.749425 0.481147 0.750575 0.481147 0.751724 0.481678 0.752874 0.481678 0.757471 0.482209 0.758621 0.482209 0.763218 0.482740 0.764368 0.482740 0.768966 0.483271 0.770115 0.483271 0.775862 0.483802 0.777011 0.483802 0.778161 0.484334 0.779310 0.484865 0.778161 0.484865 0.777011 0.485927 0.774713 0.486458 0.774713 0.486989 0.773563 0.487520 0.773563 0.487520 0.772414 0.488051 0.771264 0.488051 0.770115 0.490175 0.765517 0.490706 0.765517 0.493893 0.758621 0.494424 0.758621 0.494955 0.757471 0.494955 0.754023 0.494424 0.752874 0.494424 0.745977
2 0.406798 0.739080 0.403611 0.745977 0.403080 0.745977 0.401487 0.749425 0.400956 0.749425 0.399363 0.752874 0.398832 0.752874 0.397770 0.755172 0.397238 0.755172 0.396707 0.756322 0.396176 0.756322 0.395645 0.757471 0.394583 0.757471 0.394052 0.758621 0.388210 0.758621 0.387148 0.760920 0.387148 0.763218 0.386617 0.764368 0.386617 0.770115 0.386086 0.771264 0.386086 0.772414 0.386617 0.773563 0.386617 0.774713 0.387148 0.775862 0.389804 0.775862 0.390335 0.777011 0.390866 0.775862 0.392990 0.775862 0.393521 0.774713 0.394052 0.774713 0.394583 0.773563 0.395114 0.773563 0.395645 0.772414 0.396707 0.772414 0.397238 0.771264 0.397770 0.771264 0.398301 0.770115 0.398832 0.770115 0.399363 0.768966 0.400425 0.768966 0.400956 0.767816 0.401487 0.767816 0.402549 0.765517 0.403080 0.765517 0.403611 0.764368 0.404142 0.764368 0.404673 0.763218 0.405204 0.763218 0.406267 0.760920 0.406798 0.760920 0.407329 0.759770 0.407860 0.759770 0.408922 0.757471 0.408922 0.756322 0.409453 0.755172 0.409453 0.754023 0.409984 0.752874 0.409984 0.750575 0.410515 0.749425 0.410515 0.747126 0.409984 0.745977 0.409984 0.743678 0.409453 0.742529 0.409453 0.741379 0.408922 0.740230 0.408391 0.740230 0.407860 0.739080
2 0.896442 0.822989 0.895911 0.824138 0.895380 0.824138 0.894318 0.826437 0.894318 0.827586 0.893787 0.828736 0.893787 0.829885 0.893255 0.831034 0.893787 0.832184 0.893787 0.836782 0.895380 0.840230 0.895380 0.841379 0.896973 0.844828 0.896973 0.845977 0.899628 0.851724 0.899628 0.852874 0.900159 0.854023 0.900159 0.855172 0.901753 0.858621 0.902284 0.858621 0.902815 0.859770 0.903346 0.859770 0.904408 0.862069 0.905470 0.862069 0.906001 0.863218 0.907063 0.863218 0.907594 0.864368 0.909187 0.864368 0.909719 0.865517 0.912374 0.865517 0.912905 0.866667 0.918216 0.866667 0.918747 0.865517 0.918747 0.864368 0.919278 0.863218 0.919278 0.858621 0.919809 0.857471 0.919809 0.856322 0.920340 0.855172 0.920340 0.848276 0.919809 0.847126 0.919809 0.844828 0.919278 0.843678 0.919278 0.841379 0.918216 0.839080 0.917685 0.839080 0.917153 0.840230 0.911312 0.840230 0.910781 0.839080 0.909187 0.839080 0.908656 0.837931 0.907063 0.837931 0.906532 0.836782 0.905470 0.836782 0.903877 0.833333 0.903346 0.833333 0.900690 0.827586 0.900159 0.827586 0.898035 0.822989
2 0.965481 0.867816 0.964950 0.868966 0.964418 0.868966 0.963887 0.870115 0.963887 0.871264 0.963356 0.872414 0.963356 0.873563 0.963887 0.874713 0.963887 0.875862 0.964418 0.875862 0.966012 0.879310 0.966543 0.879310 0.967074 0.880460 0.967605 0.880460 0.968136 0.881609 0.968667 0.881609 0.970260 0.885057 0.970791 0.885057 0.971853 0.887356 0.972384 0.887356 0.973447 0.889655 0.973978 0.889655 0.974509 0.890805 0.975040 0.890805 0.976633 0.894253 0.977164 0.894253 0.977695 0.895402 0.978226 0.895402 0.979288 0.897701 0.979819 0.897701 0.980351 0.898851 0.983006 0.898851 0.983537 0.897701 0.984599 0.897701 0.985661 0.895402 0.986192 0.895402 0.986723 0.894253 0.987785 0.894253 0.988317 0.893103 0.989379 0.893103 0.989910 0.891954 0.989910 0.890805 0.990441 0.889655 0.990441 0.888506 0.989910 0.887356 0.989910 0.885057 0.989379 0.883908 0.989379 0.881609 0.987785 0.878161 0.987254 0.878161 0.986723 0.877011 0.982475 0.877011 0.981944 0.875862 0.979819 0.875862 0.979288 0.874713 0.977695 0.874713 0.977164 0.873563 0.976633 0.873563 0.976102 0.872414 0.975040 0.872414 0.974509 0.871264 0.973447 0.871264 0.972916 0.870115 0.971853 0.870115 0.971322 0.868966 0.970260 0.868966 0.969729 0.867816
2 0.382900 0.751724 0.382369 0.752874 0.380775 0.752874 0.380244 0.754023 0.379182 0.754023 0.378651 0.755172 0.377589 0.755172 0.376527 0.757471 0.375465 0.757471 0.374934 0.756322 0.373871 0.756322 0.373340 0.755172 0.373340 0.757471 0.372809 0.758621 0.372809 0.760920 0.373871 0.763218 0.374403 0.763218 0.377589 0.770115 0.377589 0.771264 0.378651 0.773563 0.379182 0.773563 0.380244 0.775862 0.384493 0.775862 0.385024 0.774713 0.385555 0.774713 0.386617 0.772414 0.386617 0.766667 0.387148 0.765517 0.387148 0.757471 0.386617 0.756322 0.386617 0.755172 0.385555 0.752874 0.384493 0.752874 0.383962 0.751724
2 0.494955 0.758621 0.494424 0.759770 0.493893 0.759770 0.492831 0.762069 0.492300 0.762069 0.490706 0.765517 0.490175 0.765517 0.489644 0.766667 0.489644 0.767816 0.489113 0.768966 0.489113 0.770115 0.488582 0.771264 0.488582 0.772414 0.487520 0.774713 0.487520 0.775862 0.486989 0.777011 0.486989 0.778161 0.486458 0.779310 0.486458 0.782759 0.487520 0.785057 0.487520 0.786207 0.488051 0.786207 0.489113 0.788506 0.489644 0.788506 0.490706 0.790805 0.491237 0.790805 0.491768 0.791954 0.492300 0.791954 0.493362 0.794253 0.494424 0.794253 0.494955 0.795402 0.495486 0.795402 0.496017 0.796552 0.496548 0.796552 0.497079 0.797701 0.499734 0.797701 0.500266 0.798851 0.503452 0.798851 0.503983 0.800000 0.506638 0.800000 0.507169 0.798851 0.508763 0.798851 0.509825 0.796552 0.509825 0.794253 0.510356 0.793103 0.510356 0.783908 0.509825 0.782759 0.509825 0.780460 0.509294 0.779310 0.509294 0.778161 0.508763 0.777011 0.508763 0.775862 0.507169 0.772414 0.507169 0.767816 0.506638 0.766667 0.506638 0.764368 0.506107 0.763218 0.506107 0.762069 0.505576 0.760920 0.503452 0.760920 0.502921 0.759770 0.500266 0.759770 0.499734 0.758621
2 0.518322 0.622989 0.517791 0.624138 0.516729 0.624138 0.516198 0.625287 0.516198 0.632184 0.517260 0.634483 0.518322 0.634483 0.518853 0.635632 0.519384 0.634483 0.520977 0.634483 0.522039 0.632184 0.522039 0.629885 0.521508 0.628736 0.521508 0.627586 0.519915 0.624138 0.519384 0.624138 0.518853 0.622989