0 0.688558 0.359206 0.687881 0.360108 0.685850 0.360108 0.685173 0.361011 0.683819 0.361011 0.683142 0.361913 0.682464 0.361913 0.681787 0.362816 0.681110 0.362816 0.680433 0.363718 0.679756 0.363718 0.679079 0.364621 0.678402 0.364621 0.675694 0.368231 0.675017 0.368231 0.674340 0.369134 0.674340 0.370036 0.672986 0.371841 0.672986 0.372744 0.671632 0.374549 0.671632 0.375451 0.670955 0.376354 0.670955 0.377256 0.670278 0.378159 0.670278 0.379061 0.669601 0.379964 0.669601 0.380866 0.668246 0.382671 0.668246 0.383574 0.666215 0.386282 0.666215 0.388087 0.666892 0.388989 0.666892 0.389892 0.667569 0.390794 0.667569 0.392599 0.668246 0.393502 0.668246 0.407040 0.668923 0.407942 0.668923 0.410650 0.669601 0.411552 0.669601 0.416065 0.670278 0.416968 0.670278 0.419675 0.670955 0.420578 0.670955 0.423285 0.671632 0.424188 0.671632 0.425993 0.672309 0.426895 0.672309 0.427798 0.672986 0.428700 0.672986 0.429603 0.674340 0.431408 0.674340 0.432310 0.675017 0.433213 0.675017 0.434116 0.675694 0.434116 0.676371 0.435018 0.676371 0.435921 0.677048 0.436823 0.677048 0.437726 0.677725 0.438628 0.677725 0.439531 0.679756 0.442238 0.679079 0.443141 0.679079 0.444946 0.677725 0.446751 0.677725 0.447653 0.677048 0.448556 0.677048 0.450361 0.676371 0.451264 0.676371 0.455776 0.677048 0.456679 0.677048 0.464801 0.676371 0.465704 0.676371 0.470217 0.675694 0.471119 0.675694 0.472022 0.675017 0.472924 0.675017 0.474729 0.674340 0.475632 0.674340 0.480144 0.673663 0.481047 0.673663 0.488267 0.672986 0.489170 0.672986 0.501805 0.673663 0.502708 0.673663 0.507220 0.672986 0.508123 0.672986 0.514440 0.672309 0.515343 0.672309 0.535199 0.672986 0.536101 0.672986 0.542419 0.673663 0.543321 0.673663 0.545126 0.674340 0.546029 0.674340 0.549639 0.675017 0.550542 0.675017 0.557762 0.675694 0.558664 0.675694 0.560469 0.676371 0.561372 0.676371 0.583935 0.675694 0.584838 0.675694 0.588448 0.675017 0.589350 0.675017 0.591155 0.674340 0.592058 0.674340 0.592960 0.672986 0.594765 0.672986 0.595668 0.672309 0.596570 0.672309 0.597473 0.671632 0.598375 0.671632 0.606498 0.670955 0.607401 0.670955 0.611913 0.670278 0.612816 0.670278 0.615523 0.669601 0.616426 0.669601 0.618231 0.668923 0.619134 0.668923 0.620939 0.668246 0.621841 0.668246 0.624549 0.667569 0.625451 0.667569 0.627256 0.666892 0.628159 0.666892 0.629061 0.666215 0.629964 0.666215 0.631769 0.665538 0.632671 0.665538 0.634477 0.664861 0.635379 0.664861 0.637184 0.664184 0.638087 0.664184 0.641697 0.663507 0.642599 0.663507 0.649819 0.664184 0.650722 0.664184 0.664260 0.663507 0.665162 0.663507 0.674188 0.662830 0.675090 0.662830 0.684116 0.662153 0.685018 0.662153 0.689531 0.661476 0.690433 0.661476 0.694043 0.660799 0.694946 0.660799 0.697653 0.660122 0.698556 0.660122 0.700361 0.659445 0.701264 0.659445 0.703069 0.658768 0.703971 0.658768 0.704874 0.658091 0.705776 0.658091 0.707581 0.657414 0.708484 0.657414 0.711191 0.656737 0.712094 0.656737 0.716606 0.656060 0.717509 0.656060 0.720217 0.648612 0.730144 0.647935 0.730144 0.647258 0.731047 0.646581 0.731047 0.645227 0.732852 0.644550 0.732852 0.643873 0.733755 0.641842 0.733755 0.641165 0.734657 0.639810 0.734657 0.639133 0.735560 0.637102 0.735560 0.636425 0.736462 0.635748 0.736462 0.635071 0.737365 0.633717 0.737365 0.630332 0.741877 0.630332 0.746390 0.631009 0.747292 0.631009 0.748195 0.631686 0.748195 0.633717 0.750903 0.635071 0.750903 0.635748 0.751805 0.639133 0.751805 0.639810 0.752708 0.647935 0.752708 0.648612 0.751805 0.651320 0.751805 0.651997 0.750903 0.653351 0.750903 0.654028 0.750000 0.654705 0.750000 0.655383 0.749097 0.656737 0.749097 0.657414 0.748195 0.659445 0.748195 0.660122 0.747292 0.662830 0.747292 0.663507 0.748195 0.666215 0.748195 0.666892 0.749097 0.668923 0.749097 0.669601 0.750000 0.675017 0.750000 0.675694 0.749097 0.676371 0.749097 0.677048 0.748195 0.677725 0.748195 0.679079 0.746390 0.679756 0.746390 0.681110 0.744585 0.681110 0.743682 0.681787 0.742780 0.681787 0.736462 0.681110 0.735560 0.681110 0.734657 0.680433 0.733755 0.680433 0.729242 0.681110 0.728339 0.681110 0.724729 0.681787 0.723827 0.681787 0.722022 0.682464 0.721119 0.682464 0.719314 0.683142 0.718412 0.683142 0.716606 0.683819 0.715704 0.683819 0.714801 0.684496 0.713899 0.684496 0.712094 0.685173 0.711191 0.685173 0.708484 0.685850 0.707581 0.685850 0.705776 0.686527 0.704874 0.686527 0.702166 0.687204 0.701264 0.687204 0.691336 0.687881 0.690433 0.687881 0.685018 0.688558 0.684116 0.688558 0.680505 0.689235 0.679603 0.689235 0.675090 0.689912 0.674188 0.689912 0.669675 0.690589 0.668773 0.690589 0.666065 0.691266 0.665162 0.691266 0.662455 0.691943 0.661552 0.691943 0.660650 0.692620 0.659747 0.693297 0.660650 0.693974 0.660650 0.695328 0.662455 0.695328 0.663357 0.696005 0.664260 0.696005 0.666065 0.696682 0.666968 0.696682 0.669675 0.697360 0.670578 0.697360 0.673285 0.698037 0.674188 0.698037 0.675993 0.698714 0.676895 0.698714 0.678700 0.700068 0.680505 0.700068 0.681408 0.700745 0.682310 0.700745 0.683213 0.701422 0.684116 0.701422 0.685018 0.702776 0.686823 0.702776 0.687726 0.705484 0.691336 0.705484 0.692238 0.706161 0.693141 0.706161 0.694043 0.706838 0.694946 0.706838 0.696751 0.707515 0.697653 0.707515 0.701264 0.708192 0.702166 0.708192 0.705776 0.708869 0.706679 0.708869 0.712094 0.709546 0.712996 0.709546 0.728339 0.708869 0.729242 0.708869 0.740975 0.709546 0.741877 0.709546 0.749097 0.708869 0.750000 0.708869 0.753610 0.708192 0.754513 0.708192 0.761733 0.707515 0.762635 0.707515 0.763538 0.704807 0.767148 0.704130 0.767148 0.703453 0.768051 0.703453 0.768953 0.699391 0.774368 0.698714 0.774368 0.698037 0.775271 0.697360 0.775271 0.696682 0.776173 0.696005 0.776173 0.693974 0.778881 0.693297 0.778881 0.691943 0.780686 0.691266 0.780686 0.688558 0.784296 0.688558 0.785199 0.687881 0.786101 0.687881 0.788809 0.687204 0.789711 0.687204 0.794224 0.687881 0.795126 0.687881 0.796029 0.689235 0.797834 0.690589 0.797834 0.691266 0.798736 0.693297 0.798736 0.693974 0.799639 0.698037 0.799639 0.698714 0.800542 0.706161 0.800542 0.706838 0.799639 0.709546 0.799639 0.710223 0.798736 0.710900 0.798736 0.711578 0.797834 0.712932 0.797834 0.713609 0.796931 0.714286 0.796931 0.714963 0.796029 0.715640 0.796029 0.716317 0.795126 0.717671 0.795126 0.718348 0.794224 0.719702 0.794224 0.720379 0.793321 0.722410 0.793321 0.723087 0.792419 0.723764 0.792419 0.724441 0.791516 0.725796 0.791516 0.726473 0.790614 0.727827 0.790614 0.728504 0.789711 0.729858 0.789711 0.730535 0.788809 0.731889 0.788809 0.733243 0.787004 0.733920 0.787004 0.733920 0.784296 0.734597 0.783394 0.734597 0.780686 0.733920 0.779783 0.733920 0.775271 0.733243 0.774368 0.733243 0.772563 0.732566 0.771661 0.732566 0.768051 0.731889 0.767148 0.731889 0.764440 0.732566 0.763538 0.732566 0.762635 0.733243 0.761733 0.733243 0.760830 0.733920 0.759928 0.733920 0.759025 0.734597 0.758123 0.734597 0.713899 0.733920 0.712996 0.733920 0.703069 0.733243 0.702166 0.733243 0.696751 0.732566 0.695848 0.732566 0.685921 0.731889 0.685018 0.731889 0.680505 0.731212 0.679603 0.731212 0.675993 0.730535 0.675090 0.730535 0.673285 0.729858 0.672383 0.729858 0.668773 0.729181 0.667870 0.729181 0.666065 0.728504 0.665162 0.728504 0.663357 0.727827 0.662455 0.727827 0.661552 0.727150 0.660650 0.727150 0.658845 0.726473 0.657942 0.726473 0.654332 0.727150 0.653430 0.727150 0.640794 0.727827 0.639892 0.727827 0.633574 0.728504 0.632671 0.728504 0.628159 0.729181 0.627256 0.729181 0.619134 0.729858 0.618231 0.729858 0.614621 0.730535 0.613718 0.730535 0.612816 0.731212 0.611913 0.731212 0.609206 0.731889 0.608303 0.731889 0.606498 0.732566 0.605596 0.732566 0.603791 0.733243 0.602888 0.733243 0.601986 0.733920 0.601083 0.733920 0.600181 0.735274 0.598375 0.735274 0.597473 0.737982 0.593863 0.737982 0.592960 0.739336 0.591155 0.739336 0.590253 0.740691 0.588448 0.740691 0.586643 0.741368 0.585740 0.741368 0.583935 0.742045 0.583032 0.742045 0.582130 0.742722 0.581227 0.742722 0.578520 0.743399 0.577617 0.743399 0.574007 0.744076 0.573105 0.744076 0.568592 0.743399 0.567690 0.743399 0.566787 0.742722 0.565884 0.742722 0.564982 0.741368 0.563177 0.741368 0.562274 0.740014 0.560469 0.740014 0.557762 0.739336 0.556859 0.739336 0.548736 0.738659 0.547834 0.738659 0.539711 0.739336 0.538809 0.739336 0.532491 0.738659 0.531588 0.738659 0.522563 0.739336 0.521661 0.739336 0.518953 0.740014 0.518051 0.740014 0.514440 0.740691 0.513538 0.740691 0.509928 0.741368 0.509025 0.741368 0.503610 0.742045 0.502708 0.742045 0.501805 0.742722 0.500903 0.742722 0.500000 0.743399 0.499097 0.743399 0.498195 0.744076 0.497292 0.744076 0.496390 0.744753 0.495487 0.744753 0.493682 0.745430 0.492780 0.745430 0.489170 0.744753 0.488267 0.744753 0.485560 0.744076 0.484657 0.744076 0.483755 0.743399 0.482852 0.743399 0.481047 0.742045 0.479242 0.742045 0.478339 0.741368 0.477437 0.741368 0.476534 0.739336 0.473827 0.739336 0.472924 0.737982 0.471119 0.737982 0.470217 0.737305 0.469314 0.737305 0.468412 0.736628 0.467509 0.736628 0.466606 0.735951 0.465704 0.735951 0.463899 0.735274 0.462996 0.735274 0.459386 0.734597 0.458484 0.734597 0.454874 0.733920 0.453971 0.733920 0.449458 0.732566 0.447653 0.732566 0.446751 0.731889 0.445848 0.731889 0.444946 0.731212 0.444043 0.731212 0.443141 0.730535 0.442238 0.730535 0.441336 0.729858 0.440433 0.729858 0.439531 0.727827 0.436823 0.727827 0.435921 0.727150 0.435018 0.727150 0.434116 0.723764 0.429603 0.723764 0.428700 0.716317 0.418773 0.716317 0.417870 0.715640 0.416968 0.715640 0.416065 0.714963 0.415162 0.714963 0.413357 0.714286 0.412455 0.714286 0.411552 0.713609 0.410650 0.713609 0.408845 0.712932 0.407942 0.712932 0.406137 0.713609 0.405235 0.713609 0.392599 0.714286 0.391697 0.714286 0.379964 0.713609 0.379061 0.713609 0.376354 0.712932 0.375451 0.712932 0.374549 0.712255 0.373646 0.712255 0.372744 0.710900 0.370939 0.710900 0.370036 0.706838 0.364621 0.706161 0.364621 0.704807 0.362816 0.704130 0.362816 0.703453 0.361913 0.702776 0.361913 0.702099 0.361011 0.700745 0.361011 0.700068 0.360108 0.698037 0.360108 0.697360 0.359206
0 0.292485 0.398917 0.291808 0.399819 0.289100 0.399819 0.288422 0.400722 0.285037 0.400722 0.284360 0.401625 0.281652 0.401625 0.280975 0.402527 0.280298 0.402527 0.279621 0.403430 0.278944 0.403430 0.275559 0.407942 0.275559 0.409747 0.274882 0.410650 0.274882 0.425090 0.275559 0.425993 0.275559 0.426895 0.276236 0.427798 0.276236 0.429603 0.275559 0.430505 0.275559 0.432310 0.274882 0.433213 0.274882 0.434116 0.272173 0.437726 0.271496 0.437726 0.268111 0.442238 0.267434 0.442238 0.267434 0.443141 0.265403 0.445848 0.264726 0.445848 0.264726 0.446751 0.264049 0.447653 0.264049 0.448556 0.263372 0.449458 0.263372 0.451264 0.262695 0.452166 0.262695 0.453971 0.262018 0.454874 0.262018 0.456679 0.264049 0.459386 0.264049 0.460289 0.263372 0.461191 0.263372 0.462094 0.262695 0.462996 0.262695 0.464801 0.262018 0.465704 0.262018 0.467509 0.261341 0.468412 0.261341 0.469314 0.259986 0.471119 0.259986 0.472022 0.257278 0.475632 0.257278 0.476534 0.256601 0.477437 0.256601 0.478339 0.255247 0.480144 0.255247 0.481047 0.254570 0.481949 0.254570 0.482852 0.253893 0.483755 0.253893 0.485560 0.253216 0.486462 0.253216 0.487365 0.252539 0.488267 0.252539 0.490072 0.251862 0.490975 0.251862 0.493682 0.251185 0.494585 0.251185 0.508123 0.251862 0.509025 0.251862 0.510830 0.252539 0.511733 0.252539 0.514440 0.253216 0.515343 0.253216 0.517148 0.253893 0.518051 0.253893 0.520758 0.254570 0.521661 0.254570 0.524368 0.255247 0.525271 0.255247 0.530686 0.255924 0.531588 0.255924 0.552347 0.256601 0.553249 0.256601 0.555957 0.257278 0.556859 0.257278 0.558664 0.257955 0.559567 0.257955 0.561372 0.258632 0.562274 0.258632 0.563177 0.259309 0.564079 0.259309 0.565884 0.259986 0.566787 0.259986 0.570397 0.260664 0.571300 0.260664 0.582130 0.259986 0.583032 0.259986 0.587545 0.259309 0.588448 0.259309 0.600181 0.259986 0.601083 0.259986 0.604693 0.261341 0.606498 0.261341 0.607401 0.263372 0.610108 0.263372 0.611011 0.264049 0.611913 0.264049 0.612816 0.265403 0.614621 0.265403 0.615523 0.266080 0.616426 0.266080 0.617329 0.266757 0.618231 0.266757 0.619134 0.267434 0.620036 0.267434 0.620939 0.268111 0.621841 0.268111 0.622744 0.268788 0.623646 0.268788 0.624549 0.269465 0.625451 0.269465 0.627256 0.270142 0.628159 0.270142 0.630866 0.270819 0.631769 0.270819 0.637184 0.271496 0.638087 0.271496 0.643502 0.272173 0.644404 0.272173 0.650722 0.272850 0.651625 0.272850 0.657040 0.273527 0.657942 0.273527 0.661552 0.274204 0.662455 0.274204 0.664260 0.274882 0.665162 0.274882 0.667870 0.275559 0.668773 0.275559 0.671480 0.276236 0.672383 0.276236 0.675993 0.276913 0.676895 0.276913 0.680505 0.277590 0.681408 0.277590 0.685018 0.278267 0.685921 0.278267 0.688628 0.278944 0.689531 0.278944 0.692238 0.279621 0.693141 0.279621 0.695848 0.280298 0.696751 0.280298 0.699458 0.280975 0.700361 0.280975 0.702166 0.281652 0.703069 0.281652 0.703971 0.282329 0.704874 0.282329 0.705776 0.283006 0.706679 0.283006 0.708484 0.283683 0.709386 0.283683 0.719314 0.284360 0.720217 0.284360 0.722022 0.285037 0.722924 0.285037 0.723827 0.285714 0.724729 0.285714 0.725632 0.287068 0.727437 0.287068 0.728339 0.287745 0.729242 0.287745 0.730144 0.288422 0.731047 0.288422 0.731949 0.289100 0.732852 0.289100 0.734657 0.290454 0.736462 0.290454 0.737365 0.291131 0.738267 0.291131 0.739170 0.291808 0.740072 0.291808 0.745487 0.292485 0.746390 0.292485 0.758123 0.293162 0.759025 0.293162 0.759928 0.293839 0.760830 0.293839 0.761733 0.295193 0.763538 0.295870 0.763538 0.296547 0.764440 0.297901 0.764440 0.298578 0.765343 0.299932 0.765343 0.300609 0.766245 0.308057 0.766245 0.308734 0.765343 0.312119 0.765343 0.312796 0.764440 0.314150 0.764440 0.314827 0.763538 0.316181 0.763538 0.316858 0.762635 0.317536 0.762635 0.317536 0.760830 0.318213 0.759928 0.318213 0.757220 0.317536 0.756318 0.317536 0.754513 0.316181 0.752708 0.316181 0.751805 0.315504 0.750903 0.315504 0.750000 0.314827 0.749097 0.314827 0.748195 0.314150 0.747292 0.314150 0.746390 0.313473 0.745487 0.313473 0.744585 0.312796 0.743682 0.312796 0.741877 0.312119 0.740975 0.312119 0.740072 0.311442 0.739170 0.311442 0.738267 0.310765 0.737365 0.310765 0.735560 0.310088 0.734657 0.310088 0.730144 0.309411 0.729242 0.309411 0.722924 0.308734 0.722022 0.308734 0.717509 0.308057 0.716606 0.308057 0.713899 0.307380 0.712996 0.307380 0.704874 0.306703 0.703971 0.306703 0.695848 0.306026 0.694946 0.306026 0.691336 0.305349 0.690433 0.305349 0.689531 0.304672 0.688628 0.304672 0.687726 0.303995 0.686823 0.303995 0.685921 0.303318 0.685018 0.303318 0.684116 0.302640 0.683213 0.302640 0.681408 0.301963 0.680505 0.301963 0.677798 0.301286 0.676895 0.301286 0.675090 0.301963 0.674188 0.301963 0.671480 0.302640 0.670578 0.302640 0.669675 0.305349 0.666065 0.305349 0.665162 0.306026 0.664260 0.306026 0.663357 0.306703 0.662455 0.307380 0.662455 0.308057 0.663357 0.308057 0.664260 0.309411 0.666065 0.310088 0.666065 0.310765 0.666968 0.310765 0.667870 0.313473 0.671480 0.313473 0.672383 0.315504 0.675090 0.315504 0.675993 0.319567 0.681408 0.319567 0.682310 0.322275 0.685921 0.322275 0.686823 0.323629 0.688628 0.323629 0.689531 0.324983 0.691336 0.324983 0.692238 0.325660 0.693141 0.325660 0.694043 0.326337 0.694946 0.326337 0.695848 0.327014 0.696751 0.327014 0.698556 0.327691 0.699458 0.327691 0.701264 0.328368 0.702166 0.328368 0.704874 0.329045 0.705776 0.329045 0.708484 0.329722 0.709386 0.329722 0.711191 0.330399 0.712094 0.330399 0.712996 0.331077 0.713899 0.331077 0.714801 0.331754 0.715704 0.331754 0.716606 0.332431 0.717509 0.332431 0.720217 0.333108 0.721119 0.333108 0.731949 0.333785 0.732852 0.333785 0.733755 0.334462 0.734657 0.334462 0.735560 0.335816 0.735560 0.336493 0.736462 0.339878 0.736462 0.340555 0.737365 0.350034 0.737365 0.350711 0.738267 0.357481 0.738267 0.358158 0.739170 0.362898 0.739170 0.363575 0.738267 0.367637 0.738267 0.368314 0.737365 0.368991 0.737365 0.369668 0.736462 0.370345 0.736462 0.373053 0.732852 0.373053 0.731949 0.373731 0.731047 0.373731 0.726534 0.371699 0.723827 0.371022 0.723827 0.370345 0.722924 0.369668 0.722924 0.368991 0.722022 0.368314 0.722022 0.367637 0.721119 0.366960 0.721119 0.365606 0.719314 0.364929 0.719314 0.362898 0.716606 0.362221 0.716606 0.361544 0.715704 0.360867 0.715704 0.360190 0.714801 0.359513 0.714801 0.358835 0.713899 0.358158 0.713899 0.357481 0.712996 0.356804 0.712996 0.356127 0.712094 0.355450 0.712094 0.354773 0.711191 0.354773 0.710289 0.354096 0.709386 0.354096 0.706679 0.353419 0.705776 0.353419 0.704874 0.352742 0.703971 0.352742 0.703069 0.351388 0.701264 0.351388 0.699458 0.350711 0.698556 0.350711 0.696751 0.350034 0.695848 0.350034 0.694043 0.349357 0.693141 0.349357 0.691336 0.348680 0.690433 0.348680 0.687726 0.348003 0.686823 0.348003 0.682310 0.347326 0.681408 0.347326 0.676895 0.346649 0.675993 0.346649 0.671480 0.345972 0.670578 0.345972 0.666065 0.345295 0.665162 0.345295 0.658845 0.344617 0.657942 0.344617 0.655235 0.343940 0.654332 0.343940 0.652527 0.343263 0.651625 0.343263 0.650722 0.342586 0.649819 0.342586 0.648917 0.341909 0.648014 0.341909 0.645307 0.341232 0.644404 0.341232 0.641697 0.340555 0.640794 0.340555 0.637184 0.339878 0.636282 0.339878 0.632671 0.339201 0.631769 0.339201 0.629061 0.338524 0.628159 0.338524 0.625451 0.337847 0.624549 0.337847 0.621841 0.337170 0.620939 0.337170 0.619134 0.336493 0.618231 0.336493 0.616426 0.335816 0.615523 0.335816 0.613718 0.335139 0.612816 0.335139 0.611011 0.334462 0.610108 0.334462 0.609206 0.333785 0.608303 0.333785 0.605596 0.333108 0.604693 0.333108 0.602888 0.332431 0.601986 0.332431 0.599278 0.331754 0.598375 0.331754 0.594765 0.331077 0.593863 0.331077 0.588448 0.331754 0.587545 0.331754 0.586643 0.332431 0.585740 0.332431 0.582130 0.333108 0.581227 0.332431 0.580325 0.332431 0.562274 0.333108 0.561372 0.333108 0.538809 0.332431 0.537906 0.332431 0.532491 0.331754 0.531588 0.331754 0.530686 0.331077 0.529783 0.331077 0.528881 0.330399 0.527978 0.330399 0.524368 0.329722 0.523466 0.329722 0.513538 0.329045 0.512635 0.329045 0.504513 0.328368 0.503610 0.328368 0.500000 0.327691 0.499097 0.327691 0.494585 0.327014 0.493682 0.327014 0.490975 0.326337 0.490072 0.326337 0.487365 0.325660 0.486462 0.325660 0.485560 0.324983 0.484657 0.324983 0.482852 0.324306 0.481949 0.324306 0.481047 0.322952 0.479242 0.322952 0.478339 0.322275 0.477437 0.322275 0.476534 0.321598 0.475632 0.321598 0.474729 0.320244 0.472924 0.320244 0.472022 0.319567 0.471119 0.319567 0.468412 0.318890 0.467509 0.318890 0.462996 0.318213 0.462094 0.318213 0.460289 0.317536 0.459386 0.317536 0.458484 0.313473 0.453069 0.313473 0.450361 0.312796 0.449458 0.313473 0.448556 0.313473 0.446751 0.314150 0.445848 0.314150 0.444946 0.316181 0.442238 0.316858 0.442238 0.318213 0.440433 0.318890 0.440433 0.319567 0.439531 0.320921 0.439531 0.323629 0.435921 0.324306 0.435921 0.327014 0.432310 0.327691 0.432310 0.329045 0.430505 0.329045 0.429603 0.332431 0.425090 0.332431 0.424188 0.333108 0.423285 0.333108 0.422383 0.333785 0.421480 0.333785 0.420578 0.334462 0.419675 0.334462 0.416968 0.335139 0.416065 0.335139 0.414260 0.334462 0.413357 0.334462 0.412455 0.333785 0.411552 0.333785 0.410650 0.333108 0.410650 0.332431 0.409747 0.331754 0.409747 0.331077 0.408845 0.320244 0.408845 0.319567 0.409747 0.314150 0.409747 0.313473 0.408845 0.311442 0.408845 0.310765 0.407942 0.310088 0.407942 0.308734 0.406137 0.308057 0.406137 0.306703 0.404332 0.306026 0.404332 0.304672 0.402527 0.303995 0.402527 0.303318 0.401625 0.302640 0.401625 0.301963 0.400722 0.301286 0.400722 0.300609 0.399819 0.298578 0.399819 0.297901 0.398917
0 0.875423 0.483755 0.874746 0.484657 0.872715 0.484657 0.872038 0.485560 0.870684 0.485560 0.870007 0.486462 0.869330 0.486462 0.867976 0.488267 0.867976 0.489170 0.865944 0.491877 0.865944 0.492780 0.864590 0.494585 0.863913 0.494585 0.863236 0.495487 0.862559 0.495487 0.861205 0.497292 0.860528 0.497292 0.860528 0.498195 0.859174 0.500000 0.859174 0.501805 0.858497 0.502708 0.858497 0.505415 0.857820 0.506318 0.857820 0.507220 0.856466 0.509025 0.856466 0.509928 0.855789 0.510830 0.855789 0.511733 0.855112 0.512635 0.855112 0.514440 0.854435 0.515343 0.854435 0.518051 0.853758 0.518953 0.853758 0.528881 0.855112 0.530686 0.857143 0.530686 0.857820 0.529783 0.859174 0.529783 0.860528 0.531588 0.863236 0.531588 0.863913 0.532491 0.878131 0.532491 0.878808 0.531588 0.880162 0.531588 0.880840 0.532491 0.886256 0.532491 0.886933 0.531588 0.886933 0.530686 0.887610 0.529783 0.887610 0.527076 0.886933 0.526173 0.886933 0.524368 0.886256 0.523466 0.886256 0.522563 0.884225 0.519856 0.884225 0.518953 0.883548 0.518051 0.883548 0.517148 0.882871 0.516245 0.882871 0.515343 0.882194 0.514440 0.882194 0.499097 0.883548 0.497292 0.883548 0.496390 0.884902 0.494585 0.884902 0.493682 0.884225 0.492780 0.884225 0.490975 0.883548 0.490072 0.883548 0.489170 0.882871 0.488267 0.882871 0.487365 0.882194 0.487365 0.880840 0.485560 0.880162 0.485560 0.879485 0.484657 0.877454 0.484657 0.876777 0.483755
0 0.592417 0.368231 0.591740 0.369134 0.590386 0.369134 0.589709 0.370036 0.589032 0.370036 0.588355 0.370939 0.587678 0.370939 0.582938 0.377256 0.582938 0.378159 0.581584 0.379964 0.581584 0.381769 0.580907 0.382671 0.580907 0.384477 0.580230 0.385379 0.580230 0.388087 0.579553 0.388989 0.579553 0.401625 0.580230 0.402527 0.580230 0.407942 0.580907 0.408845 0.580907 0.410650 0.581584 0.411552 0.581584 0.413357 0.582261 0.414260 0.582261 0.416065 0.582938 0.416968 0.582938 0.420578 0.583615 0.421480 0.582938 0.422383 0.582938 0.423285 0.582261 0.424188 0.582261 0.425090 0.581584 0.425993 0.580907 0.425993 0.580230 0.426895 0.579553 0.426895 0.578876 0.427798 0.577522 0.427798 0.576845 0.428700 0.576168 0.428700 0.575491 0.429603 0.574137 0.429603 0.573460 0.430505 0.572783 0.430505 0.572106 0.431408 0.570752 0.431408 0.569397 0.433213 0.568720 0.433213 0.568043 0.434116 0.567366 0.434116 0.564658 0.437726 0.563981 0.437726 0.559919 0.443141 0.559919 0.444043 0.558565 0.445848 0.558565 0.446751 0.557888 0.447653 0.557888 0.448556 0.557211 0.449458 0.557211 0.451264 0.556534 0.452166 0.556534 0.453069 0.555856 0.453971 0.555856 0.454874 0.553825 0.457581 0.553825 0.458484 0.553148 0.459386 0.553148 0.460289 0.552471 0.461191 0.552471 0.462094 0.551794 0.462996 0.551794 0.464801 0.551117 0.465704 0.551117 0.466606 0.550440 0.467509 0.550440 0.469314 0.549763 0.470217 0.549763 0.475632 0.549086 0.476534 0.549086 0.480144 0.548409 0.481047 0.548409 0.484657 0.547732 0.485560 0.547732 0.489170 0.547055 0.490072 0.547055 0.490975 0.547732 0.491877 0.547732 0.495487 0.547055 0.496390 0.547055 0.500000 0.546378 0.500903 0.546378 0.509025 0.545701 0.509928 0.545701 0.519856 0.546378 0.520758 0.546378 0.527076 0.547055 0.527978 0.547055 0.533394 0.547732 0.534296 0.547732 0.558664 0.548409 0.559567 0.548409 0.561372 0.549086 0.562274 0.549086 0.563177 0.550440 0.564982 0.551117 0.564982 0.551794 0.565884 0.551794 0.566787 0.552471 0.567690 0.553148 0.567690 0.554502 0.569495 0.555179 0.569495 0.555856 0.570397 0.555856 0.571300 0.556534 0.572202 0.556534 0.575812 0.557211 0.576715 0.557211 0.580325 0.557888 0.581227 0.557888 0.585740 0.558565 0.586643 0.558565 0.592058 0.559242 0.592960 0.559242 0.597473 0.559919 0.598375 0.559919 0.604693 0.560596 0.605596 0.560596 0.611913 0.561273 0.612816 0.561273 0.623646 0.560596 0.624549 0.560596 0.636282 0.559919 0.637184 0.559919 0.651625 0.560596 0.652527 0.560596 0.660650 0.561273 0.661552 0.561273 0.670578 0.561950 0.671480 0.561950 0.687726 0.561273 0.688628 0.561273 0.690433 0.560596 0.691336 0.560596 0.692238 0.559919 0.693141 0.559919 0.694043 0.558565 0.695848 0.558565 0.696751 0.557888 0.697653 0.557888 0.700361 0.557211 0.701264 0.557211 0.703069 0.555856 0.704874 0.555856 0.705776 0.555179 0.706679 0.555179 0.708484 0.554502 0.709386 0.554502 0.714801 0.555179 0.715704 0.555179 0.716606 0.555856 0.716606 0.556534 0.717509 0.566689 0.717509 0.567366 0.716606 0.568720 0.716606 0.569397 0.715704 0.570074 0.715704 0.571429 0.713899 0.571429 0.712996 0.572106 0.712094 0.572106 0.710289 0.572783 0.709386 0.572783 0.708484 0.573460 0.707581 0.573460 0.705776 0.579553 0.697653 0.579553 0.694946 0.580230 0.694043 0.580230 0.666065 0.579553 0.665162 0.579553 0.653430 0.580230 0.652527 0.580230 0.648014 0.580907 0.647112 0.580907 0.641697 0.581584 0.640794 0.581584 0.634477 0.582261 0.633574 0.582261 0.628159 0.582938 0.627256 0.582938 0.624549 0.583615 0.623646 0.583615 0.621841 0.584292 0.620939 0.584292 0.620036 0.584970 0.619134 0.584970 0.618231 0.585647 0.617329 0.585647 0.616426 0.587001 0.614621 0.587001 0.613718 0.587678 0.612816 0.588355 0.612816 0.589032 0.613718 0.589032 0.618231 0.589709 0.619134 0.589709 0.645307 0.589032 0.646209 0.589032 0.658845 0.588355 0.659747 0.588355 0.663357 0.587678 0.664260 0.587678 0.672383 0.587001 0.673285 0.587001 0.683213 0.587678 0.684116 0.587678 0.686823 0.588355 0.687726 0.588355 0.688628 0.589032 0.689531 0.589032 0.696751 0.589709 0.697653 0.589709 0.701264 0.590386 0.702166 0.590386 0.703971 0.591063 0.704874 0.591063 0.705776 0.591740 0.706679 0.591740 0.707581 0.592417 0.708484 0.592417 0.709386 0.593771 0.711191 0.593771 0.712094 0.595125 0.713899 0.595125 0.714801 0.598510 0.719314 0.599188 0.719314 0.599865 0.720217 0.601896 0.720217 0.602573 0.721119 0.603250 0.721119 0.603927 0.720217 0.606635 0.720217 0.607312 0.719314 0.607989 0.719314 0.608666 0.718412 0.609343 0.718412 0.612729 0.713899 0.612729 0.712996 0.613406 0.712094 0.613406 0.711191 0.614083 0.710289 0.614083 0.705776 0.607312 0.696751 0.607312 0.695848 0.606635 0.694946 0.606635 0.668773 0.607312 0.667870 0.607312 0.664260 0.607989 0.663357 0.607989 0.661552 0.608666 0.660650 0.608666 0.658845 0.609343 0.657942 0.609343 0.650722 0.610020 0.649819 0.610020 0.645307 0.610697 0.644404 0.610697 0.638989 0.611374 0.638087 0.611374 0.623646 0.612051 0.622744 0.612051 0.611011 0.612729 0.610108 0.612729 0.601986 0.613406 0.601083 0.613406 0.597473 0.614083 0.596570 0.614083 0.594765 0.614760 0.593863 0.614760 0.591155 0.615437 0.590253 0.615437 0.586643 0.616114 0.585740 0.616114 0.582130 0.616791 0.581227 0.616791 0.578520 0.617468 0.577617 0.617468 0.575812 0.618145 0.574910 0.618145 0.574007 0.618822 0.573105 0.618822 0.571300 0.619499 0.570397 0.619499 0.568592 0.620176 0.567690 0.620176 0.565884 0.620853 0.564982 0.620853 0.551444 0.620176 0.550542 0.620176 0.539711 0.620853 0.538809 0.620853 0.537004 0.621530 0.536101 0.621530 0.535199 0.622207 0.534296 0.622207 0.532491 0.622884 0.531588 0.622884 0.522563 0.623561 0.521661 0.623561 0.519856 0.624238 0.518953 0.624238 0.516245 0.624915 0.515343 0.624915 0.510830 0.625592 0.509928 0.625592 0.496390 0.626269 0.495487 0.626269 0.494585 0.627624 0.492780 0.628301 0.492780 0.628978 0.491877 0.632363 0.491877 0.633040 0.492780 0.634394 0.492780 0.635071 0.493682 0.635748 0.493682 0.637102 0.495487 0.637102 0.496390 0.637779 0.497292 0.637779 0.500000 0.638456 0.500903 0.638456 0.501805 0.639133 0.502708 0.639133 0.503610 0.639810 0.504513 0.639810 0.505415 0.640487 0.506318 0.640487 0.508123 0.641842 0.509928 0.641842 0.510830 0.642519 0.511733 0.642519 0.512635 0.645904 0.517148 0.645904 0.518051 0.647935 0.520758 0.647935 0.521661 0.648612 0.522563 0.648612 0.525271 0.647258 0.527076 0.646581 0.527076 0.645904 0.527978 0.645227 0.527978 0.644550 0.528881 0.643873 0.528881 0.643196 0.529783 0.642519 0.529783 0.642519 0.530686 0.641165 0.532491 0.644550 0.537004 0.644550 0.537906 0.645227 0.538809 0.645227 0.543321 0.645904 0.544224 0.646581 0.544224 0.647258 0.545126 0.647935 0.545126 0.648612 0.544224 0.650643 0.544224 0.651320 0.543321 0.651997 0.543321 0.651997 0.542419 0.656737 0.536101 0.657414 0.536101 0.658091 0.535199 0.658091 0.534296 0.658768 0.533394 0.658768 0.532491 0.659445 0.531588 0.659445 0.529783 0.660122 0.528881 0.660122 0.519856 0.659445 0.518953 0.659445 0.516245 0.658768 0.515343 0.658768 0.512635 0.658091 0.511733 0.658091 0.509928 0.657414 0.509025 0.657414 0.507220 0.656737 0.506318 0.656737 0.504513 0.656060 0.503610 0.656060 0.501805 0.655383 0.500903 0.655383 0.499097 0.654705 0.498195 0.654705 0.495487 0.654028 0.494585 0.654028 0.492780 0.653351 0.491877 0.653351 0.490975 0.652674 0.490072 0.652674 0.489170 0.651320 0.487365 0.651320 0.486462 0.650643 0.485560 0.650643 0.484657 0.649966 0.483755 0.649966 0.482852 0.649289 0.481949 0.649289 0.481047 0.648612 0.480144 0.648612 0.479242 0.647258 0.477437 0.647258 0.476534 0.645227 0.473827 0.645227 0.472924 0.643873 0.471119 0.643873 0.470217 0.643196 0.470217 0.642519 0.469314 0.642519 0.468412 0.641165 0.466606 0.641165 0.465704 0.640487 0.464801 0.640487 0.463899 0.639133 0.462094 0.639133 0.461191 0.638456 0.460289 0.638456 0.459386 0.637102 0.457581 0.637102 0.456679 0.635071 0.453971 0.635071 0.453069 0.634394 0.452166 0.634394 0.451264 0.633717 0.450361 0.633717 0.449458 0.631009 0.445848 0.631009 0.444946 0.630332 0.444043 0.629655 0.444043 0.627624 0.441336 0.626947 0.441336 0.625592 0.439531 0.624915 0.439531 0.624238 0.438628 0.623561 0.438628 0.618822 0.432310 0.618145 0.432310 0.616114 0.429603 0.614760 0.429603 0.614083 0.428700 0.613406 0.428700 0.612729 0.427798 0.612051 0.427798 0.610697 0.425993 0.610697 0.420578 0.611374 0.419675 0.611374 0.410650 0.612051 0.409747 0.612051 0.404332 0.614760 0.400722 0.614760 0.398917 0.615437 0.398014 0.615437 0.397112 0.614760 0.396209 0.614760 0.395307 0.614083 0.394404 0.614083 0.392599 0.613406 0.391697 0.613406 0.389892 0.612729 0.388989 0.612729 0.385379 0.612051 0.384477 0.612051 0.381769 0.611374 0.380866 0.611374 0.379964 0.610697 0.379061 0.610697 0.378159 0.610020 0.377256 0.610020 0.376354 0.608666 0.374549 0.607989 0.374549 0.607312 0.373646 0.607312 0.372744 0.606635 0.371841 0.605958 0.371841 0.605281 0.370939 0.604604 0.370939 0.603250 0.369134 0.601896 0.369134 0.601219 0.368231
1 0.875423 0.483755 0.874746 0.484657 0.873392 0.484657 0.871361 0.487365 0.872038 0.488267 0.872038 0.489170 0.874746 0.492780 0.875423 0.492780 0.876100 0.493682 0.876777 0.493682 0.877454 0.494585 0.878131 0.494585 0.878808 0.495487 0.879485 0.495487 0.880162 0.496390 0.881517 0.496390 0.882194 0.497292 0.883548 0.497292 0.884225 0.496390 0.884902 0.496390 0.884902 0.495487 0.885579 0.494585 0.885579 0.492780 0.884902 0.491877 0.884902 0.490072 0.882194 0.486462 0.881517 0.486462 0.880840 0.485560 0.880162 0.485560 0.879485 0.484657 0.878131 0.484657 0.877454 0.483755
1 0.687881 0.359206 0.687204 0.360108 0.685173 0.360108 0.684496 0.361011 0.683819 0.361011 0.683142 0.361913 0.681787 0.361913 0.681110 0.362816 0.680433 0.362816 0.679079 0.364621 0.678402 0.364621 0.677725 0.365523 0.677048 0.365523 0.673663 0.370036 0.673663 0.370939 0.672986 0.371841 0.672986 0.372744 0.671632 0.374549 0.671632 0.375451 0.670955 0.376354 0.670955 0.377256 0.670278 0.378159 0.670278 0.379061 0.669601 0.379964 0.669601 0.380866 0.665538 0.386282 0.665538 0.387184 0.666215 0.388087 0.666215 0.388989 0.667569 0.390794 0.667569 0.391697 0.668246 0.392599 0.668923 0.392599 0.669601 0.393502 0.669601 0.394404 0.670278 0.395307 0.670955 0.395307 0.671632 0.396209 0.672309 0.396209 0.674340 0.398917 0.675017 0.398917 0.675694 0.399819 0.676371 0.399819 0.677048 0.400722 0.677725 0.400722 0.678402 0.401625 0.679756 0.401625 0.680433 0.402527 0.683142 0.402527 0.683819 0.403430 0.685850 0.403430 0.686527 0.404332 0.687204 0.404332 0.687881 0.405235 0.690589 0.405235 0.691266 0.406137 0.694651 0.406137 0.695328 0.407040 0.700745 0.407040 0.701422 0.407942 0.710900 0.407942 0.712932 0.405235 0.712932 0.397112 0.713609 0.396209 0.713609 0.391697 0.714286 0.390794 0.714286 0.379061 0.713609 0.378159 0.713609 0.376354 0.712932 0.375451 0.712932 0.374549 0.712255 0.373646 0.712255 0.372744 0.710900 0.370939 0.710900 0.370036 0.706161 0.363718 0.705484 0.363718 0.704807 0.362816 0.704130 0.362816 0.703453 0.361913 0.702776 0.361913 0.702099 0.361011 0.700745 0.361011 0.700068 0.360108 0.698037 0.360108 0.697360 0.359206
1 0.595125 0.367329 0.594448 0.368231 0.591740 0.368231 0.591063 0.369134 0.590386 0.369134 0.589709 0.370036 0.589032 0.370036 0.588355 0.370939 0.587678 0.370939 0.582938 0.377256 0.582938 0.378159 0.581584 0.379964 0.581584 0.380866 0.580907 0.381769 0.580907 0.383574 0.580230 0.384477 0.580230 0.388087 0.579553 0.388989 0.579553 0.398917 0.580230 0.399819 0.580230 0.400722 0.580907 0.400722 0.581584 0.401625 0.591063 0.401625 0.591740 0.402527 0.609343 0.402527 0.610020 0.401625 0.612729 0.401625 0.613406 0.400722 0.614760 0.400722 0.615437 0.399819 0.615437 0.396209 0.614083 0.394404 0.614083 0.392599 0.613406 0.391697 0.613406 0.388989 0.612729 0.388087 0.612729 0.384477 0.612051 0.383574 0.612051 0.381769 0.611374 0.380866 0.611374 0.379061 0.610697 0.378159 0.610697 0.377256 0.605958 0.370939 0.605281 0.370939 0.603927 0.369134 0.602573 0.369134 0.601896 0.368231 0.599188 0.368231 0.598510 0.367329
2 0.355450 0.712996 0.354773 0.713899 0.353419 0.713899 0.352742 0.714801 0.351388 0.714801 0.350711 0.715704 0.350034 0.715704 0.349357 0.716606 0.348680 0.716606 0.346649 0.719314 0.345295 0.719314 0.344617 0.720217 0.343940 0.720217 0.342586 0.722022 0.341909 0.722022 0.341232 0.722924 0.339878 0.722924 0.339201 0.723827 0.336493 0.723827 0.335816 0.724729 0.335139 0.724729 0.334462 0.725632 0.334462 0.726534 0.333785 0.727437 0.333785 0.733755 0.335139 0.735560 0.335816 0.735560 0.336493 0.736462 0.337847 0.736462 0.338524 0.737365 0.344617 0.737365 0.345295 0.738267 0.353419 0.738267 0.354096 0.739170 0.366283 0.739170 0.366960 0.738267 0.368991 0.738267 0.369668 0.737365 0.370345 0.737365 0.373731 0.732852 0.373731 0.731949 0.375085 0.730144 0.375085 0.727437 0.372376 0.723827 0.371699 0.723827 0.371022 0.722924 0.370345 0.722924 0.369668 0.722022 0.368314 0.722022 0.366283 0.719314 0.365606 0.719314 0.363575 0.716606 0.362898 0.716606 0.362221 0.715704 0.361544 0.715704 0.360867 0.714801 0.359513 0.714801 0.358835 0.713899 0.356804 0.713899 0.356127 0.712996
2 0.709546 0.763538 0.708869 0.764440 0.707515 0.764440 0.706838 0.765343 0.706161 0.765343 0.702776 0.769856 0.702776 0.770758 0.700068 0.774368 0.698714 0.774368 0.698037 0.775271 0.697360 0.775271 0.696005 0.777076 0.695328 0.777076 0.693974 0.778881 0.693297 0.778881 0.692620 0.779783 0.691943 0.779783 0.687881 0.785199 0.687881 0.787004 0.687204 0.787906 0.687204 0.796029 0.688558 0.797834 0.689912 0.797834 0.690589 0.798736 0.692620 0.798736 0.693297 0.799639 0.695328 0.799639 0.696005 0.800542 0.709546 0.800542 0.710223 0.799639 0.710900 0.799639 0.711578 0.798736 0.712255 0.798736 0.712932 0.797834 0.713609 0.797834 0.714286 0.796931 0.715640 0.796931 0.716317 0.796029 0.716994 0.796029 0.717671 0.795126 0.719025 0.795126 0.719702 0.794224 0.721733 0.794224 0.722410 0.793321 0.723764 0.793321 0.724441 0.792419 0.725118 0.792419 0.725796 0.791516 0.727150 0.791516 0.727827 0.790614 0.729858 0.790614 0.730535 0.789711 0.732566 0.789711 0.733920 0.787906 0.733920 0.787004 0.734597 0.786101 0.734597 0.777978 0.733920 0.777076 0.733920 0.774368 0.733243 0.773466 0.733243 0.771661 0.732566 0.770758 0.732566 0.769856 0.731889 0.768953 0.731889 0.767148 0.730535 0.765343 0.727150 0.765343 0.726473 0.766245 0.724441 0.766245 0.723764 0.767148 0.722410 0.767148 0.721733 0.766245 0.720379 0.766245 0.719702 0.765343 0.714963 0.765343 0.714286 0.764440 0.710900 0.764440 0.710223 0.763538
2 0.305349 0.733755 0.304672 0.734657 0.303995 0.734657 0.303318 0.735560 0.301963 0.735560 0.301286 0.736462 0.299255 0.736462 0.298578 0.737365 0.297224 0.737365 0.296547 0.738267 0.295870 0.738267 0.295193 0.739170 0.293839 0.739170 0.292485 0.740975 0.292485 0.741877 0.291808 0.742780 0.291808 0.750903 0.292485 0.751805 0.292485 0.759025 0.293162 0.759928 0.293162 0.761733 0.294516 0.763538 0.295193 0.763538 0.295870 0.764440 0.296547 0.764440 0.297224 0.765343 0.298578 0.765343 0.299255 0.766245 0.302640 0.766245 0.303318 0.767148 0.303995 0.766245 0.310765 0.766245 0.311442 0.765343 0.314150 0.765343 0.314827 0.764440 0.316181 0.764440 0.316858 0.763538 0.317536 0.763538 0.317536 0.762635 0.318213 0.761733 0.318213 0.759025 0.318890 0.758123 0.318213 0.757220 0.318213 0.755415 0.317536 0.754513 0.317536 0.753610 0.316858 0.752708 0.316858 0.751805 0.315504 0.750000 0.315504 0.749097 0.314827 0.748195 0.314827 0.747292 0.314150 0.746390 0.314150 0.745487 0.313473 0.744585 0.313473 0.743682 0.312796 0.742780 0.312796 0.741877 0.312119 0.740975 0.312119 0.740072 0.311442 0.739170 0.311442 0.738267 0.310765 0.737365 0.310765 0.736462 0.310088 0.735560 0.310088 0.734657 0.309411 0.734657 0.308734 0.733755
2 0.599188 0.681408 0.598510 0.682310 0.597156 0.682310 0.596479 0.683213 0.595125 0.683213 0.593771 0.685018 0.593094 0.685018 0.591740 0.686823 0.591063 0.686823 0.590386 0.687726 0.589709 0.687726 0.589709 0.699458 0.590386 0.700361 0.590386 0.703069 0.591063 0.703971 0.591063 0.705776 0.591740 0.706679 0.591740 0.708484 0.593771 0.711191 0.593771 0.712094 0.595802 0.714801 0.595802 0.715704 0.599188 0.720217 0.600542 0.720217 0.601219 0.721119 0.605281 0.721119 0.605958 0.720217 0.607312 0.720217 0.607989 0.719314 0.608666 0.719314 0.613406 0.712996 0.613406 0.712094 0.614083 0.711191 0.614083 0.710289 0.614760 0.709386 0.614760 0.706679 0.613406 0.704874 0.613406 0.703971 0.612051 0.702166 0.611374 0.702166 0.606635 0.695848 0.606635 0.694946 0.605958 0.694043 0.605958 0.684116 0.604604 0.682310 0.603250 0.682310 0.602573 0.681408
2 0.563981 0.676895 0.563304 0.677798 0.562627 0.677798 0.562627 0.679603 0.561950 0.680505 0.561950 0.682310 0.562627 0.683213 0.562627 0.685921 0.561950 0.686823 0.561950 0.689531 0.561273 0.690433 0.561273 0.691336 0.559919 0.693141 0.559919 0.694043 0.558565 0.695848 0.558565 0.696751 0.557888 0.697653 0.557888 0.698556 0.557211 0.699458 0.557211 0.700361 0.556534 0.701264 0.556534 0.703069 0.555856 0.703971 0.555856 0.704874 0.555179 0.705776 0.555179 0.707581 0.554502 0.708484 0.554502 0.709386 0.553825 0.710289 0.553825 0.714801 0.554502 0.715704 0.554502 0.716606 0.555179 0.717509 0.559242 0.717509 0.559919 0.718412 0.560596 0.718412 0.561273 0.717509 0.567366 0.717509 0.568043 0.716606 0.569397 0.716606 0.570074 0.715704 0.570752 0.715704 0.570752 0.714801 0.571429 0.713899 0.571429 0.712996 0.572106 0.712094 0.572106 0.710289 0.572783 0.709386 0.572783 0.707581 0.573460 0.706679 0.573460 0.705776 0.574137 0.704874 0.574137 0.703971 0.575491 0.702166 0.575491 0.701264 0.576845 0.699458 0.577522 0.699458 0.578199 0.698556 0.578199 0.697653 0.578876 0.696751 0.578876 0.695848 0.579553 0.694946 0.579553 0.692238 0.580230 0.691336 0.580230 0.688628 0.579553 0.687726 0.579553 0.685921 0.578876 0.685018 0.578876 0.684116 0.576845 0.681408 0.576168 0.681408 0.575491 0.680505 0.574137 0.680505 0.573460 0.679603 0.571429 0.679603 0.570752 0.678700 0.568043 0.678700 0.567366 0.677798 0.564658 0.677798
2 0.654028 0.722924 0.649289 0.729242 0.648612 0.729242 0.647935 0.730144 0.647258 0.730144 0.645904 0.731949 0.645227 0.731949 0.644550 0.732852 0.643196 0.732852 0.642519 0.733755 0.641165 0.733755 0.640487 0.734657 0.639133 0.734657 0.638456 0.735560 0.636425 0.735560 0.635748 0.736462 0.633717 0.736462 0.633040 0.737365 0.632363 0.737365 0.630332 0.740072 0.630332 0.740975 0.629655 0.741877 0.629655 0.747292 0.632363 0.750903 0.633040 0.750903 0.633717 0.751805 0.635071 0.751805 0.635748 0.752708 0.641842 0.752708 0.642519 0.753610 0.645904 0.753610 0.646581 0.752708 0.651320 0.752708 0.651997 0.751805 0.653351 0.751805 0.654028 0.750903 0.654705 0.750903 0.655383 0.750000 0.656737 0.750000 0.657414 0.749097 0.658768 0.749097 0.659445 0.748195 0.664184 0.748195 0.664861 0.749097 0.666215 0.749097 0.666892 0.750000 0.668923 0.750000 0.669601 0.750903 0.670955 0.750903 0.671632 0.751805 0.672309 0.750903 0.674340 0.750903 0.675017 0.750000 0.675694 0.750000 0.676371 0.749097 0.677048 0.749097 0.677725 0.748195 0.678402 0.748195 0.679079 0.747292 0.679756 0.747292 0.681787 0.744585 0.681787 0.743682 0.682464 0.742780 0.682464 0.737365 0.681787 0.736462 0.681787 0.734657 0.681110 0.733755 0.680433 0.733755 0.679756 0.732852 0.679079 0.732852 0.678402 0.731949 0.672986 0.731949 0.672309 0.731047 0.668246 0.731047 0.667569 0.731949 0.664184 0.731949 0.662830 0.730144 0.662153 0.730144 0.658768 0.725632 0.658768 0.724729 0.657414 0.722924
3 0.706161 0.429603 0.705484 0.430505 0.703453 0.430505 0.702776 0.431408 0.702099 0.431408 0.700745 0.433213 0.700068 0.433213 0.696682 0.437726 0.696005 0.437726 0.693974 0.440433 0.693974 0.441336 0.691266 0.444946 0.691266 0.445848 0.687204 0.451264 0.687204 0.452166 0.684496 0.455776 0.684496 0.456679 0.683819 0.457581 0.683819 0.458484 0.682464 0.460289 0.682464 0.461191 0.681787 0.462094 0.681787 0.462996 0.681110 0.463899 0.681110 0.464801 0.680433 0.465704 0.680433 0.466606 0.679756 0.467509 0.679756 0.468412 0.679079 0.469314 0.679079 0.470217 0.678402 0.471119 0.678402 0.472924 0.677725 0.473827 0.677725 0.474729 0.677048 0.475632 0.677048 0.478339 0.676371 0.479242 0.676371 0.481047 0.675694 0.481949 0.675694 0.482852 0.675017 0.483755 0.675017 0.485560 0.674340 0.486462 0.674340 0.490975 0.673663 0.491877 0.673663 0.508123 0.672986 0.509025 0.672986 0.515343 0.672309 0.516245 0.672309 0.519856 0.671632 0.520758 0.671632 0.525271 0.672309 0.526173 0.672309 0.539711 0.672986 0.540614 0.672986 0.543321 0.673663 0.544224 0.673663 0.545126 0.674340 0.546029 0.674340 0.548736 0.675017 0.549639 0.675017 0.556859 0.676371 0.558664 0.677048 0.558664 0.677725 0.559567 0.681110 0.559567 0.681787 0.558664 0.689235 0.558664 0.689912 0.559567 0.693297 0.559567 0.693974 0.560469 0.698037 0.560469 0.698714 0.561372 0.704807 0.561372 0.705484 0.562274 0.714963 0.562274 0.715640 0.563177 0.721056 0.563177 0.721733 0.562274 0.730535 0.562274 0.731212 0.561372 0.735274 0.561372 0.735951 0.560469 0.737305 0.560469 0.739336 0.557762 0.739336 0.556859 0.740014 0.555957 0.740014 0.553249 0.739336 0.552347 0.739336 0.547834 0.738659 0.546931 0.738659 0.545126 0.737305 0.543321 0.737305 0.542419 0.736628 0.543321 0.735274 0.543321 0.734597 0.544224 0.731889 0.544224 0.731212 0.545126 0.725118 0.545126 0.724441 0.546029 0.693297 0.546029 0.692620 0.545126 0.682464 0.545126 0.681787 0.544224 0.681110 0.544224 0.679756 0.542419 0.679756 0.539711 0.679079 0.538809 0.679079 0.519856 0.679756 0.518953 0.679756 0.518051 0.682464 0.514440 0.682464 0.513538 0.683142 0.512635 0.683142 0.509928 0.682464 0.509025 0.682464 0.506318 0.681787 0.505415 0.681787 0.504513 0.681110 0.503610 0.681110 0.490975 0.681787 0.490072 0.681787 0.487365 0.682464 0.486462 0.682464 0.482852 0.683142 0.481949 0.683142 0.480144 0.683819 0.479242 0.683819 0.477437 0.684496 0.476534 0.684496 0.475632 0.685173 0.474729 0.685173 0.473827 0.685850 0.472924 0.685850 0.472022 0.686527 0.471119 0.686527 0.470217 0.687204 0.469314 0.687204 0.468412 0.687881 0.467509 0.687881 0.466606 0.688558 0.465704 0.688558 0.464801 0.689235 0.463899 0.689235 0.462996 0.689912 0.462094 0.689912 0.461191 0.690589 0.460289 0.690589 0.459386 0.691266 0.458484 0.691266 0.457581 0.691943 0.456679 0.691943 0.455776 0.693297 0.453971 0.693297 0.453069 0.693974 0.452166 0.693974 0.451264 0.696005 0.448556 0.696005 0.447653 0.697360 0.445848 0.698037 0.445848 0.698037 0.444946 0.698714 0.444043 0.699391 0.444043 0.701422 0.441336 0.702099 0.441336 0.702776 0.440433 0.703453 0.440433 0.704130 0.439531 0.705484 0.439531 0.706161 0.438628 0.708869 0.438628 0.709546 0.437726 0.713609 0.437726 0.714286 0.438628 0.716994 0.438628 0.717671 0.439531 0.719025 0.439531 0.719702 0.440433 0.720379 0.440433 0.721056 0.441336 0.721733 0.441336 0.723087 0.443141 0.723764 0.443141 0.727150 0.447653 0.727150 0.448556 0.730535 0.453069 0.730535 0.453971 0.733243 0.457581 0.733243 0.459386 0.733920 0.460289 0.733920 0.461191 0.734597 0.460289 0.734597 0.457581 0.735274 0.456679 0.734597 0.455776 0.734597 0.453069 0.733920 0.452166 0.733920 0.449458 0.733243 0.448556 0.733243 0.447653 0.732566 0.446751 0.732566 0.445848 0.731212 0.444043 0.731212 0.443141 0.726473 0.436823 0.725796 0.436823 0.723764 0.434116 0.723087 0.434116 0.722410 0.433213 0.721056 0.433213 0.720379 0.432310 0.719702 0.432310 0.719025 0.431408 0.717671 0.431408 0.716994 0.430505 0.712932 0.430505 0.712255 0.429603