0 0.394719 0.411552 0.394042 0.412455 0.390657 0.412455 0.389980 0.413357 0.389303 0.413357 0.388626 0.414260 0.387949 0.414260 0.387949 0.415162 0.387271 0.416065 0.387271 0.416968 0.386594 0.417870 0.386594 0.423285 0.385917 0.424188 0.385917 0.427798 0.385240 0.428700 0.385240 0.429603 0.384563 0.430505 0.383886 0.430505 0.381855 0.433213 0.381855 0.434116 0.381178 0.435018 0.382532 0.436823 0.383209 0.436823 0.383886 0.437726 0.385240 0.437726 0.385917 0.438628 0.386594 0.438628 0.387949 0.440433 0.387949 0.441336 0.388626 0.442238 0.388626 0.444043 0.389303 0.444946 0.389303 0.445848 0.390657 0.447653 0.390657 0.448556 0.391334 0.449458 0.391334 0.450361 0.392011 0.451264 0.392011 0.456679 0.391334 0.457581 0.391334 0.461191 0.390657 0.462094 0.390657 0.471119 0.391334 0.472022 0.391334 0.494585 0.390657 0.495487 0.390657 0.497292 0.389980 0.498195 0.389980 0.500903 0.389303 0.501805 0.389303 0.502708 0.388626 0.503610 0.388626 0.505415 0.387949 0.506318 0.387949 0.507220 0.387271 0.508123 0.387271 0.509928 0.386594 0.510830 0.386594 0.512635 0.385240 0.514440 0.385240 0.515343 0.384563 0.516245 0.384563 0.517148 0.383886 0.518051 0.383886 0.518953 0.383209 0.519856 0.383209 0.520758 0.382532 0.521661 0.382532 0.530686 0.383209 0.531588 0.383209 0.543321 0.382532 0.544224 0.382532 0.547834 0.381855 0.548736 0.381855 0.550542 0.381178 0.551444 0.381178 0.553249 0.380501 0.554152 0.380501 0.555054 0.379824 0.555957 0.379824 0.557762 0.379147 0.558664 0.379147 0.559567 0.378470 0.560469 0.378470 0.562274 0.377793 0.563177 0.377793 0.564079 0.377116 0.564982 0.377116 0.566787 0.376439 0.567690 0.376439 0.579422 0.377116 0.580325 0.377116 0.583935 0.377793 0.584838 0.377793 0.586643 0.378470 0.587545 0.378470 0.590253 0.379147 0.591155 0.379147 0.594765 0.379824 0.595668 0.379824 0.597473 0.380501 0.598375 0.380501 0.599278 0.381178 0.600181 0.381178 0.601083 0.381855 0.601986 0.381855 0.603791 0.382532 0.604693 0.382532 0.607401 0.383209 0.608303 0.383209 0.611011 0.383886 0.611913 0.383886 0.612816 0.384563 0.613718 0.384563 0.614621 0.385240 0.615523 0.385240 0.618231 0.385917 0.619134 0.385917 0.621841 0.383886 0.624549 0.383209 0.624549 0.381178 0.627256 0.380501 0.627256 0.379147 0.629061 0.378470 0.629061 0.377793 0.629964 0.377116 0.629964 0.376439 0.630866 0.375762 0.630866 0.375085 0.631769 0.374408 0.631769 0.373731 0.632671 0.373053 0.632671 0.372376 0.633574 0.371699 0.633574 0.371022 0.634477 0.371022 0.635379 0.370345 0.636282 0.370345 0.637184 0.371022 0.638087 0.371022 0.638989 0.371699 0.639892 0.372376 0.639892 0.373053 0.640794 0.377793 0.640794 0.378470 0.639892 0.380501 0.639892 0.381178 0.638989 0.381855 0.638989 0.382532 0.638087 0.384563 0.638087 0.385240 0.637184 0.387271 0.637184 0.387949 0.636282 0.394042 0.636282 0.394719 0.635379 0.395396 0.635379 0.396073 0.634477 0.397427 0.634477 0.398104 0.635379 0.398781 0.635379 0.400812 0.638087 0.401490 0.638087 0.402844 0.639892 0.402844 0.640794 0.402167 0.641697 0.402167 0.642599 0.401490 0.643502 0.401490 0.644404 0.400812 0.645307 0.400812 0.647112 0.400135 0.648014 0.400135 0.649819 0.399458 0.650722 0.399458 0.655235 0.400812 0.657040 0.404198 0.657040 0.405552 0.655235 0.407583 0.655235 0.409614 0.652527 0.410291 0.652527 0.410968 0.651625 0.411645 0.651625 0.414353 0.648014 0.415030 0.648014 0.415708 0.647112 0.416385 0.647112 0.418416 0.644404 0.419093 0.644404 0.421124 0.641697 0.421801 0.641697 0.423155 0.639892 0.423155 0.630866 0.422478 0.629964 0.422478 0.620939 0.421801 0.620036 0.421801 0.618231 0.422478 0.617329 0.422478 0.614621 0.421801 0.613718 0.421801 0.605596 0.421124 0.604693 0.421124 0.598375 0.420447 0.597473 0.420447 0.594765 0.419770 0.593863 0.419770 0.591155 0.419093 0.590253 0.419093 0.586643 0.418416 0.585740 0.418416 0.572202 0.419093 0.571300 0.419093 0.564079 0.419770 0.563177 0.419770 0.546931 0.420447 0.546029 0.420447 0.541516 0.421124 0.540614 0.421124 0.539711 0.421801 0.538809 0.421801 0.537906 0.422478 0.537004 0.422478 0.536101 0.423155 0.535199 0.423155 0.533394 0.423832 0.532491 0.423832 0.531588 0.425186 0.529783 0.425186 0.528881 0.425863 0.527978 0.425863 0.527076 0.426540 0.526173 0.426540 0.524368 0.427217 0.523466 0.427217 0.521661 0.427894 0.520758 0.427894 0.518051 0.428571 0.517148 0.428571 0.513538 0.429248 0.512635 0.429248 0.509025 0.429926 0.508123 0.429926 0.504513 0.430603 0.503610 0.430603 0.499097 0.431280 0.498195 0.431280 0.495487 0.431957 0.494585 0.431957 0.488267 0.431280 0.487365 0.431280 0.486462 0.430603 0.485560 0.430603 0.482852 0.429926 0.481949 0.429926 0.475632 0.429248 0.474729 0.429248 0.472022 0.428571 0.471119 0.428571 0.468412 0.427894 0.467509 0.427894 0.466606 0.427217 0.465704 0.427217 0.462996 0.426540 0.462094 0.426540 0.461191 0.425863 0.460289 0.425863 0.459386 0.425186 0.458484 0.425186 0.457581 0.423155 0.454874 0.423155 0.453971 0.422478 0.453069 0.422478 0.452166 0.419770 0.448556 0.419093 0.448556 0.418416 0.447653 0.417739 0.447653 0.417062 0.446751 0.416385 0.446751 0.415708 0.445848 0.415030 0.445848 0.414353 0.444946 0.413676 0.444946 0.411645 0.442238 0.411645 0.441336 0.410968 0.440433 0.410968 0.437726 0.411645 0.436823 0.411645 0.435921 0.412322 0.435018 0.412322 0.432310 0.411645 0.431408 0.411645 0.430505 0.407583 0.425090 0.407583 0.420578 0.406906 0.419675 0.406906 0.417870 0.406229 0.416968 0.406229 0.416065 0.405552 0.415162 0.405552 0.414260 0.404198 0.412455 0.402844 0.412455 0.402167 0.411552
0 0.017603 0.448556 0.016926 0.449458 0.015572 0.449458 0.010833 0.455776 0.010833 0.456679 0.010156 0.457581 0.010156 0.458484 0.009479 0.459386 0.009479 0.460289 0.006770 0.463899 0.006093 0.463899 0.004739 0.465704 0.004062 0.465704 0.003385 0.466606 0.002031 0.466606 0.002031 0.470217 0.002708 0.471119 0.002708 0.472022 0.004062 0.473827 0.003385 0.474729 0.003385 0.475632 0.001354 0.478339 0.000000 0.478339 0.000000 0.613718 0.001354 0.613718 0.002031 0.614621 0.002031 0.620036 0.001354 0.620939 0.000000 0.620939 0.000000 0.624549 0.001354 0.624549 0.002031 0.625451 0.002031 0.629964 0.002708 0.630866 0.002708 0.632671 0.003385 0.633574 0.003385 0.638087 0.004062 0.638989 0.004062 0.639892 0.005416 0.639892 0.006093 0.640794 0.010833 0.640794 0.011510 0.639892 0.012864 0.639892 0.012864 0.638989 0.013541 0.638087 0.013541 0.636282 0.012864 0.635379 0.012864 0.632671 0.012187 0.631769 0.012187 0.625451 0.011510 0.624549 0.011510 0.598375 0.012187 0.597473 0.012187 0.588448 0.011510 0.587545 0.011510 0.585740 0.010833 0.584838 0.010833 0.581227 0.011510 0.580325 0.011510 0.578520 0.012187 0.577617 0.012864 0.578520 0.012864 0.579422 0.013541 0.580325 0.014895 0.580325 0.016249 0.582130 0.016249 0.585740 0.016926 0.586643 0.016926 0.589350 0.017603 0.590253 0.017603 0.593863 0.018280 0.594765 0.018280 0.600181 0.018957 0.601083 0.018957 0.602888 0.019634 0.603791 0.019634 0.605596 0.020311 0.606498 0.020311 0.611011 0.020988 0.611913 0.020988 0.620036 0.021666 0.620939 0.021666 0.623646 0.022343 0.624549 0.022343 0.627256 0.023020 0.628159 0.023020 0.630866 0.023697 0.631769 0.023697 0.637184 0.025051 0.638989 0.025728 0.638989 0.026405 0.639892 0.032498 0.639892 0.034529 0.637184 0.034529 0.634477 0.033852 0.633574 0.033852 0.631769 0.033175 0.630866 0.033175 0.626354 0.032498 0.625451 0.032498 0.611913 0.031821 0.611011 0.031821 0.604693 0.031144 0.603791 0.031144 0.595668 0.030467 0.594765 0.030467 0.591155 0.029790 0.590253 0.029790 0.584838 0.029113 0.583935 0.029113 0.546029 0.029790 0.545126 0.029790 0.537004 0.030467 0.536101 0.030467 0.534296 0.031144 0.533394 0.031144 0.531588 0.031821 0.530686 0.031821 0.528881 0.032498 0.527978 0.032498 0.526173 0.033175 0.525271 0.033175 0.521661 0.033852 0.520758 0.033852 0.515343 0.034529 0.514440 0.034529 0.504513 0.035206 0.503610 0.035206 0.490072 0.034529 0.489170 0.034529 0.487365 0.033852 0.486462 0.033852 0.485560 0.030467 0.481047 0.030467 0.479242 0.031144 0.478339 0.031144 0.477437 0.032498 0.475632 0.032498 0.474729 0.033175 0.473827 0.033175 0.470217 0.032498 0.469314 0.032498 0.468412 0.031144 0.466606 0.031144 0.465704 0.030467 0.464801 0.030467 0.463899 0.029790 0.462996 0.029790 0.460289 0.029113 0.459386 0.029113 0.456679 0.028436 0.455776 0.028436 0.454874 0.027759 0.453971 0.027759 0.453069 0.026405 0.451264 0.025728 0.451264 0.025051 0.450361 0.023697 0.450361 0.023020 0.449458 0.021666 0.449458 0.020988 0.448556
0 0.527420 0.423285 0.526743 0.424188 0.525389 0.424188 0.524035 0.425993 0.523358 0.425993 0.522681 0.426895 0.522004 0.426895 0.518619 0.431408 0.518619 0.432310 0.517942 0.433213 0.517942 0.434116 0.517265 0.435018 0.517265 0.435921 0.516588 0.436823 0.516588 0.438628 0.515911 0.439531 0.515911 0.441336 0.515234 0.442238 0.515234 0.444946 0.514557 0.445848 0.514557 0.447653 0.513879 0.448556 0.513879 0.449458 0.513202 0.450361 0.513202 0.452166 0.512525 0.453069 0.512525 0.454874 0.511848 0.455776 0.511848 0.461191 0.512525 0.462094 0.512525 0.462996 0.513202 0.463899 0.513202 0.464801 0.513879 0.465704 0.514557 0.465704 0.515234 0.466606 0.515234 0.469314 0.517942 0.472924 0.516588 0.474729 0.515234 0.474729 0.513879 0.476534 0.513202 0.476534 0.511848 0.478339 0.511171 0.478339 0.508463 0.481949 0.507786 0.481949 0.507109 0.482852 0.507109 0.483755 0.506432 0.484657 0.506432 0.485560 0.505755 0.486462 0.505755 0.490072 0.505078 0.490975 0.505755 0.491877 0.505755 0.499097 0.506432 0.500000 0.506432 0.502708 0.507109 0.503610 0.507109 0.508123 0.507786 0.509025 0.507786 0.510830 0.508463 0.511733 0.508463 0.513538 0.509140 0.514440 0.509140 0.515343 0.509817 0.516245 0.509817 0.518051 0.510494 0.518953 0.510494 0.520758 0.511171 0.521661 0.511171 0.523466 0.512525 0.525271 0.512525 0.526173 0.513879 0.527978 0.513879 0.528881 0.514557 0.529783 0.515911 0.529783 0.516588 0.530686 0.522681 0.530686 0.523358 0.529783 0.526743 0.529783 0.527420 0.530686 0.529452 0.530686 0.530806 0.532491 0.530806 0.533394 0.531483 0.534296 0.531483 0.535199 0.532160 0.536101 0.532160 0.537004 0.532837 0.537906 0.532837 0.538809 0.533514 0.539711 0.532837 0.540614 0.532837 0.542419 0.532160 0.543321 0.534191 0.546029 0.535545 0.546029 0.536222 0.546931 0.540284 0.546931 0.540961 0.546029 0.545024 0.546029 0.545701 0.545126 0.548409 0.545126 0.549086 0.544224 0.553825 0.544224 0.554502 0.545126 0.566012 0.545126 0.566689 0.544224 0.569397 0.544224 0.570074 0.543321 0.571429 0.543321 0.572783 0.541516 0.574137 0.541516 0.574814 0.540614 0.575491 0.540614 0.578876 0.536101 0.578876 0.534296 0.579553 0.533394 0.579553 0.525271 0.578876 0.524368 0.578876 0.520758 0.578199 0.519856 0.578199 0.518051 0.577522 0.517148 0.577522 0.515343 0.576845 0.514440 0.576845 0.512635 0.576168 0.511733 0.576168 0.507220 0.575491 0.506318 0.575491 0.501805 0.574814 0.500903 0.574814 0.498195 0.574137 0.497292 0.574137 0.495487 0.573460 0.494585 0.573460 0.492780 0.572783 0.491877 0.572783 0.490975 0.572106 0.490072 0.572106 0.489170 0.571429 0.488267 0.571429 0.487365 0.568043 0.482852 0.567366 0.482852 0.566689 0.481949 0.566012 0.481949 0.564658 0.480144 0.563981 0.480144 0.563304 0.479242 0.562627 0.479242 0.561950 0.478339 0.561273 0.478339 0.560596 0.477437 0.559919 0.477437 0.559242 0.476534 0.557888 0.476534 0.557211 0.475632 0.556534 0.475632 0.555856 0.474729 0.555179 0.474729 0.554502 0.473827 0.553825 0.473827 0.553148 0.472924 0.552471 0.472924 0.551794 0.472022 0.551117 0.472022 0.550440 0.471119 0.549763 0.471119 0.549086 0.470217 0.549086 0.469314 0.548409 0.468412 0.548409 0.460289 0.549086 0.459386 0.549086 0.455776 0.548409 0.454874 0.548409 0.444043 0.547732 0.443141 0.547732 0.441336 0.547055 0.440433 0.547055 0.438628 0.546378 0.437726 0.546378 0.436823 0.545701 0.435921 0.545701 0.435018 0.545024 0.434116 0.545024 0.433213 0.544347 0.432310 0.544347 0.431408 0.543670 0.430505 0.543670 0.429603 0.541638 0.426895 0.540961 0.426895 0.540284 0.425993 0.539607 0.425993 0.538253 0.424188 0.536899 0.424188 0.536222 0.423285
0 0.073798 0.447653 0.073121 0.448556 0.071767 0.448556 0.071090 0.449458 0.071090 0.450361 0.070413 0.451264 0.070413 0.453069 0.069736 0.453971 0.069736 0.455776 0.069059 0.456679 0.069059 0.457581 0.067705 0.459386 0.067705 0.460289 0.065674 0.462996 0.065674 0.463899 0.064320 0.465704 0.062965 0.465704 0.062288 0.466606 0.058226 0.466606 0.057549 0.467509 0.056872 0.467509 0.056872 0.468412 0.056195 0.469314 0.056195 0.472022 0.055518 0.472924 0.055518 0.478339 0.054841 0.479242 0.054841 0.480144 0.054164 0.481047 0.054164 0.484657 0.054841 0.485560 0.054841 0.488267 0.055518 0.489170 0.055518 0.491877 0.056195 0.492780 0.056195 0.498195 0.055518 0.499097 0.055518 0.500000 0.054841 0.500903 0.054841 0.501805 0.054164 0.502708 0.054164 0.503610 0.053487 0.504513 0.053487 0.506318 0.052810 0.507220 0.052810 0.511733 0.052133 0.512635 0.052133 0.517148 0.051456 0.518051 0.051456 0.521661 0.052133 0.522563 0.052810 0.522563 0.053487 0.523466 0.069059 0.523466 0.069736 0.522563 0.071090 0.522563 0.071767 0.521661 0.071767 0.519856 0.072444 0.518953 0.072444 0.517148 0.073121 0.516245 0.073121 0.512635 0.074475 0.510830 0.075152 0.510830 0.075829 0.511733 0.075829 0.512635 0.076506 0.513538 0.076506 0.515343 0.078538 0.518051 0.078538 0.518953 0.079215 0.518953 0.079892 0.519856 0.082600 0.519856 0.083277 0.518953 0.085308 0.518953 0.085985 0.518051 0.085985 0.502708 0.086662 0.501805 0.086662 0.500000 0.087339 0.499097 0.087339 0.498195 0.088016 0.497292 0.088016 0.495487 0.088693 0.494585 0.088693 0.492780 0.089370 0.491877 0.089370 0.490072 0.090047 0.489170 0.090047 0.487365 0.090724 0.486462 0.090724 0.482852 0.090047 0.481949 0.090047 0.479242 0.089370 0.478339 0.089370 0.477437 0.088693 0.476534 0.087339 0.476534 0.086662 0.475632 0.085985 0.475632 0.084631 0.473827 0.084631 0.469314 0.085308 0.468412 0.085308 0.462094 0.084631 0.461191 0.084631 0.457581 0.083954 0.456679 0.083954 0.452166 0.083277 0.451264 0.083277 0.450361 0.082600 0.449458 0.081246 0.449458 0.080569 0.448556 0.077183 0.448556 0.076506 0.447653
0 0.488829 0.435921 0.488152 0.436823 0.486798 0.436823 0.486121 0.437726 0.484089 0.437726 0.483412 0.438628 0.482735 0.438628 0.480704 0.441336 0.480027 0.441336 0.479350 0.442238 0.477996 0.442238 0.477319 0.443141 0.475965 0.443141 0.475288 0.444043 0.473257 0.444043 0.472580 0.444946 0.471903 0.444946 0.471225 0.445848 0.470548 0.445848 0.470548 0.446751 0.469871 0.447653 0.469871 0.448556 0.469194 0.449458 0.469194 0.450361 0.468517 0.451264 0.468517 0.452166 0.467163 0.453971 0.466486 0.453971 0.465809 0.454874 0.465132 0.454874 0.464455 0.455776 0.463101 0.455776 0.462424 0.456679 0.461747 0.456679 0.461070 0.457581 0.459716 0.457581 0.459039 0.458484 0.457684 0.458484 0.457007 0.459386 0.455653 0.459386 0.454976 0.460289 0.454299 0.460289 0.453622 0.461191 0.452945 0.461191 0.452268 0.462094 0.451591 0.462094 0.450914 0.462996 0.450237 0.462996 0.448883 0.464801 0.448206 0.464801 0.447529 0.465704 0.446852 0.465704 0.445498 0.467509 0.444821 0.467509 0.437373 0.477437 0.437373 0.478339 0.436696 0.479242 0.436696 0.481047 0.435342 0.482852 0.435342 0.484657 0.434665 0.485560 0.434665 0.493682 0.433988 0.494585 0.433988 0.499097 0.433311 0.500000 0.433311 0.501805 0.431957 0.503610 0.431957 0.505415 0.431280 0.506318 0.431280 0.510830 0.430603 0.511733 0.430603 0.516245 0.429926 0.517148 0.429926 0.528881 0.429248 0.529783 0.429248 0.548736 0.428571 0.549639 0.428571 0.557762 0.427894 0.558664 0.427894 0.565884 0.427217 0.566787 0.427217 0.572202 0.426540 0.573105 0.426540 0.575812 0.425863 0.576715 0.425863 0.578520 0.425186 0.579422 0.425186 0.581227 0.424509 0.582130 0.424509 0.592058 0.425186 0.592960 0.425186 0.593863 0.425863 0.594765 0.425863 0.596570 0.426540 0.597473 0.426540 0.600181 0.427217 0.601083 0.427217 0.605596 0.427894 0.606498 0.427894 0.611011 0.428571 0.611913 0.428571 0.613718 0.429248 0.614621 0.429248 0.615523 0.429926 0.616426 0.429926 0.618231 0.430603 0.619134 0.430603 0.625451 0.431280 0.626354 0.431280 0.629964 0.431957 0.630866 0.431957 0.633574 0.432634 0.634477 0.432634 0.635379 0.433311 0.636282 0.433311 0.638087 0.433988 0.638989 0.433988 0.640794 0.434665 0.641697 0.434665 0.644404 0.435342 0.645307 0.435342 0.649819 0.436019 0.650722 0.436019 0.656137 0.436696 0.657040 0.436696 0.663357 0.437373 0.664260 0.437373 0.666968 0.438050 0.667870 0.438050 0.672383 0.438727 0.673285 0.438727 0.677798 0.439404 0.678700 0.439404 0.695848 0.438727 0.696751 0.438727 0.699458 0.439404 0.700361 0.439404 0.703069 0.440081 0.703971 0.440758 0.703971 0.441435 0.704874 0.444821 0.704874 0.445498 0.705776 0.448883 0.705776 0.449560 0.706679 0.452945 0.706679 0.453622 0.707581 0.455653 0.707581 0.456330 0.708484 0.458362 0.708484 0.459039 0.709386 0.461070 0.709386 0.461747 0.710289 0.463778 0.710289 0.464455 0.711191 0.469194 0.711191 0.469871 0.710289 0.470548 0.710289 0.470548 0.709386 0.471225 0.708484 0.471225 0.707581 0.471903 0.706679 0.471903 0.703069 0.472580 0.702166 0.472580 0.698556 0.473257 0.697653 0.473257 0.694946 0.473934 0.694043 0.473934 0.689531 0.474611 0.688628 0.474611 0.684116 0.475288 0.683213 0.475288 0.675090 0.474611 0.674188 0.474611 0.665162 0.475288 0.664260 0.475288 0.660650 0.475965 0.659747 0.475965 0.656137 0.476642 0.655235 0.476642 0.650722 0.477319 0.649819 0.477319 0.643502 0.477996 0.642599 0.477996 0.636282 0.478673 0.635379 0.478673 0.631769 0.479350 0.630866 0.479350 0.622744 0.480027 0.621841 0.480027 0.620939 0.480704 0.620036 0.480704 0.617329 0.481381 0.616426 0.481381 0.615523 0.482058 0.614621 0.482058 0.611913 0.480704 0.610108 0.479350 0.610108 0.478673 0.609206 0.477319 0.609206 0.476642 0.608303 0.475965 0.608303 0.475288 0.607401 0.474611 0.607401 0.472580 0.604693 0.472580 0.603791 0.471903 0.602888 0.471903 0.600181 0.472580 0.599278 0.472580 0.597473 0.473257 0.596570 0.473257 0.595668 0.474611 0.593863 0.474611 0.592960 0.475288 0.592058 0.475288 0.591155 0.477996 0.587545 0.478673 0.587545 0.479350 0.586643 0.479350 0.585740 0.480027 0.584838 0.480027 0.583935 0.480704 0.583032 0.480704 0.580325 0.481381 0.579422 0.481381 0.576715 0.482058 0.575812 0.482058 0.572202 0.482735 0.571300 0.482735 0.564982 0.483412 0.564079 0.483412 0.558664 0.482735 0.557762 0.482735 0.553249 0.483412 0.552347 0.483412 0.549639 0.484766 0.547834 0.484766 0.546931 0.486121 0.545126 0.486121 0.544224 0.486798 0.543321 0.486798 0.542419 0.487475 0.541516 0.490183 0.541516 0.495599 0.548736 0.496276 0.548736 0.496953 0.549639 0.497630 0.549639 0.498307 0.550542 0.502370 0.550542 0.503047 0.551444 0.506432 0.551444 0.507109 0.550542 0.510494 0.550542 0.511171 0.549639 0.512525 0.549639 0.513202 0.548736 0.513879 0.548736 0.514557 0.547834 0.515234 0.547834 0.515911 0.546931 0.517265 0.546931 0.518619 0.545126 0.524035 0.545126 0.524712 0.544224 0.527420 0.544224 0.528097 0.543321 0.529452 0.543321 0.529452 0.541516 0.530129 0.540614 0.530129 0.537906 0.529452 0.537004 0.529452 0.536101 0.528775 0.535199 0.528775 0.534296 0.527420 0.532491 0.522004 0.532491 0.521327 0.533394 0.519973 0.533394 0.519296 0.534296 0.517942 0.534296 0.517265 0.533394 0.515234 0.533394 0.514557 0.532491 0.513879 0.532491 0.513202 0.531588 0.512525 0.531588 0.510494 0.528881 0.510494 0.527978 0.509817 0.527076 0.509817 0.524368 0.509140 0.523466 0.509140 0.520758 0.508463 0.519856 0.508463 0.518051 0.507786 0.517148 0.507786 0.515343 0.507109 0.514440 0.507109 0.511733 0.506432 0.510830 0.506432 0.509025 0.505755 0.508123 0.505755 0.505415 0.505078 0.504513 0.505078 0.501805 0.504401 0.500903 0.504401 0.498195 0.503724 0.497292 0.503724 0.490975 0.503047 0.490072 0.503047 0.485560 0.502370 0.484657 0.502370 0.481047 0.501693 0.480144 0.501693 0.478339 0.501016 0.477437 0.501016 0.475632 0.500339 0.474729 0.500339 0.472022 0.498984 0.470217 0.499661 0.469314 0.499661 0.468412 0.502370 0.464801 0.502370 0.463899 0.503047 0.462996 0.503047 0.461191 0.503724 0.460289 0.503724 0.458484 0.505755 0.455776 0.506432 0.455776 0.506432 0.453069 0.505755 0.452166 0.505755 0.451264 0.505078 0.450361 0.505078 0.449458 0.503047 0.446751 0.503047 0.445848 0.499661 0.441336 0.498984 0.441336 0.496953 0.438628 0.496276 0.438628 0.495599 0.437726 0.494922 0.437726 0.494245 0.436823 0.492891 0.436823 0.492214 0.435921
0 0.171970 0.445848 0.171293 0.446751 0.168585 0.446751 0.167908 0.447653 0.166554 0.447653 0.164523 0.450361 0.164523 0.454874 0.163846 0.455776 0.163846 0.467509 0.161814 0.470217 0.161137 0.470217 0.157752 0.474729 0.157752 0.477437 0.157075 0.478339 0.157075 0.481949 0.156398 0.482852 0.156398 0.486462 0.155721 0.487365 0.155721 0.488267 0.155044 0.489170 0.155044 0.490975 0.155721 0.491877 0.156398 0.491877 0.157075 0.492780 0.186188 0.492780 0.186865 0.491877 0.187542 0.491877 0.187542 0.490975 0.188219 0.490072 0.188219 0.488267 0.187542 0.487365 0.187542 0.482852 0.186865 0.481949 0.186865 0.481047 0.185511 0.479242 0.185511 0.478339 0.183480 0.475632 0.183480 0.474729 0.182803 0.473827 0.182803 0.472924 0.182126 0.472022 0.182126 0.468412 0.181449 0.467509 0.181449 0.466606 0.182126 0.465704 0.182126 0.462094 0.182803 0.461191 0.182803 0.458484 0.183480 0.457581 0.183480 0.454874 0.182803 0.453971 0.182803 0.453069 0.182126 0.452166 0.182126 0.451264 0.181449 0.451264 0.178741 0.447653 0.177387 0.447653 0.176710 0.446751 0.176032 0.446751 0.175355 0.445848
1 0.017603 0.447653 0.016926 0.448556 0.015572 0.448556 0.010833 0.454874 0.010833 0.455776 0.010156 0.456679 0.010156 0.457581 0.009479 0.458484 0.009479 0.459386 0.008802 0.460289 0.008802 0.461191 0.006770 0.463899 0.006093 0.463899 0.005416 0.464801 0.004062 0.464801 0.003385 0.465704 0.002708 0.465704 0.002031 0.466606 0.002031 0.470217 0.002708 0.470217 0.004062 0.472022 0.005416 0.472022 0.008802 0.467509 0.009479 0.467509 0.010833 0.465704 0.011510 0.465704 0.012187 0.464801 0.012864 0.464801 0.013541 0.463899 0.014218 0.463899 0.014895 0.462996 0.015572 0.462996 0.016249 0.462094 0.017603 0.462094 0.018280 0.461191 0.021666 0.461191 0.022343 0.460289 0.023020 0.461191 0.027759 0.461191 0.028436 0.462094 0.029113 0.462094 0.029113 0.461191 0.029790 0.460289 0.029790 0.459386 0.029113 0.458484 0.029113 0.455776 0.028436 0.454874 0.028436 0.453971 0.025728 0.450361 0.025051 0.450361 0.024374 0.449458 0.023020 0.449458 0.022343 0.448556 0.020311 0.448556 0.019634 0.447653
1 0.486798 0.435018 0.486121 0.435921 0.484766 0.435921 0.484089 0.436823 0.483412 0.436823 0.482735 0.437726 0.482058 0.437726 0.481381 0.438628 0.480704 0.438628 0.480704 0.439531 0.479350 0.441336 0.478673 0.441336 0.477996 0.442238 0.474611 0.442238 0.473934 0.443141 0.472580 0.443141 0.471903 0.444043 0.471225 0.444043 0.470548 0.444946 0.469194 0.444946 0.468517 0.445848 0.468517 0.446751 0.469194 0.447653 0.469194 0.448556 0.469871 0.449458 0.471903 0.449458 0.472580 0.448556 0.474611 0.448556 0.475288 0.449458 0.479350 0.449458 0.480027 0.450361 0.482735 0.450361 0.483412 0.449458 0.491537 0.449458 0.493568 0.452166 0.494245 0.452166 0.494922 0.453069 0.495599 0.453069 0.496276 0.453971 0.496953 0.453971 0.497630 0.454874 0.498984 0.454874 0.499661 0.455776 0.501016 0.455776 0.501693 0.456679 0.504401 0.456679 0.505078 0.457581 0.506432 0.457581 0.507109 0.458484 0.508463 0.458484 0.509817 0.456679 0.509817 0.453069 0.509140 0.452166 0.509140 0.451264 0.508463 0.450361 0.508463 0.449458 0.507786 0.449458 0.505078 0.445848 0.504401 0.445848 0.502370 0.443141 0.502370 0.442238 0.499661 0.438628 0.498984 0.438628 0.497630 0.436823 0.496953 0.436823 0.496276 0.435921 0.495599 0.435921 0.494922 0.435018
1 0.398104 0.410650 0.397427 0.411552 0.392011 0.411552 0.391334 0.412455 0.389303 0.412455 0.387949 0.414260 0.387271 0.414260 0.387271 0.415162 0.386594 0.416065 0.386594 0.422383 0.385917 0.423285 0.385917 0.427798 0.385240 0.428700 0.385240 0.429603 0.384563 0.430505 0.383886 0.430505 0.382532 0.432310 0.381855 0.432310 0.381178 0.433213 0.381178 0.434116 0.380501 0.435018 0.381178 0.435921 0.381855 0.435921 0.383209 0.437726 0.385917 0.437726 0.386594 0.438628 0.390657 0.438628 0.391334 0.437726 0.392688 0.437726 0.393365 0.436823 0.400812 0.436823 0.401490 0.437726 0.404875 0.437726 0.405552 0.438628 0.406906 0.438628 0.407583 0.439531 0.408260 0.438628 0.408937 0.438628 0.409614 0.437726 0.410968 0.437726 0.412999 0.435018 0.412999 0.432310 0.408260 0.425993 0.408260 0.425090 0.407583 0.424188 0.407583 0.419675 0.406906 0.418773 0.406906 0.416065 0.406229 0.415162 0.406229 0.414260 0.404198 0.411552 0.402844 0.411552 0.402167 0.410650
1 0.169262 0.445848 0.168585 0.446751 0.166554 0.446751 0.165877 0.447653 0.165200 0.447653 0.164523 0.448556 0.164523 0.453971 0.165877 0.455776 0.167908 0.455776 0.168585 0.456679 0.169262 0.456679 0.170616 0.458484 0.171293 0.458484 0.172647 0.460289 0.173324 0.460289 0.174678 0.462094 0.175355 0.462094 0.176032 0.462996 0.176710 0.462996 0.177387 0.463899 0.179418 0.463899 0.180095 0.464801 0.181449 0.464801 0.182126 0.463899 0.182126 0.462996 0.182803 0.462094 0.182803 0.460289 0.183480 0.459386 0.183480 0.453069 0.179418 0.447653 0.178741 0.447653 0.178064 0.446751 0.176710 0.446751 0.176032 0.445848
1 0.071767 0.447653 0.071090 0.448556 0.071090 0.449458 0.070413 0.450361 0.070413 0.451264 0.069736 0.452166 0.069736 0.453971 0.069059 0.454874 0.069059 0.456679 0.067705 0.458484 0.067705 0.459386 0.067028 0.460289 0.067028 0.462094 0.066351 0.462996 0.068382 0.462996 0.069059 0.462094 0.069736 0.462094 0.070413 0.461191 0.073798 0.461191 0.074475 0.460289 0.077861 0.460289 0.078538 0.461191 0.080569 0.461191 0.081246 0.462094 0.083954 0.462094 0.084631 0.462996 0.084631 0.451264 0.083277 0.449458 0.082600 0.449458 0.081923 0.448556 0.079892 0.448556 0.079215 0.447653
1 0.528097 0.423285 0.527420 0.424188 0.525389 0.424188 0.524035 0.425993 0.523358 0.425993 0.522681 0.426895 0.522004 0.426895 0.518619 0.431408 0.518619 0.432310 0.517942 0.433213 0.517942 0.434116 0.517265 0.435018 0.517265 0.435921 0.516588 0.436823 0.516588 0.438628 0.515911 0.439531 0.515911 0.441336 0.515234 0.442238 0.515234 0.444946 0.514557 0.445848 0.514557 0.447653 0.513879 0.448556 0.513879 0.450361 0.513202 0.451264 0.513202 0.453971 0.512525 0.454874 0.512525 0.457581 0.511848 0.458484 0.511848 0.459386 0.512525 0.460289 0.512525 0.462094 0.514557 0.464801 0.515234 0.464801 0.515911 0.465704 0.517265 0.465704 0.517942 0.466606 0.519973 0.466606 0.520650 0.467509 0.528097 0.467509 0.528775 0.466606 0.529452 0.466606 0.530129 0.465704 0.530806 0.465704 0.531483 0.464801 0.532837 0.464801 0.533514 0.463899 0.534191 0.463899 0.536222 0.461191 0.536899 0.461191 0.537576 0.460289 0.538253 0.460289 0.539607 0.458484 0.540284 0.458484 0.540961 0.457581 0.541638 0.457581 0.542316 0.456679 0.542993 0.456679 0.545024 0.453971 0.545701 0.453971 0.546378 0.453069 0.547055 0.453069 0.547732 0.452166 0.547732 0.451264 0.548409 0.450361 0.548409 0.444043 0.547732 0.443141 0.547732 0.441336 0.547055 0.440433 0.547055 0.438628 0.546378 0.437726 0.546378 0.435921 0.545024 0.434116 0.545024 0.433213 0.544347 0.432310 0.544347 0.431408 0.543670 0.430505 0.543670 0.429603 0.542316 0.427798 0.541638 0.427798 0.540284 0.425993 0.539607 0.425993 0.538253 0.424188 0.536899 0.424188 0.536222 0.423285
2 0.385917 0.624549 0.385240 0.625451 0.383209 0.625451 0.382532 0.626354 0.381855 0.626354 0.381178 0.627256 0.380501 0.627256 0.379824 0.628159 0.379147 0.628159 0.378470 0.629061 0.377793 0.629061 0.377116 0.629964 0.376439 0.629964 0.375762 0.630866 0.375085 0.630866 0.374408 0.631769 0.373731 0.631769 0.373053 0.632671 0.371699 0.632671 0.371022 0.633574 0.370345 0.633574 0.369668 0.634477 0.369668 0.635379 0.368991 0.636282 0.369668 0.637184 0.369668 0.638989 0.371022 0.640794 0.371699 0.640794 0.372376 0.641697 0.377793 0.641697 0.378470 0.640794 0.380501 0.640794 0.381178 0.639892 0.382532 0.639892 0.383209 0.638989 0.385240 0.638989 0.385917 0.638087 0.394042 0.638087 0.394719 0.637184 0.397427 0.637184 0.398104 0.636282 0.398104 0.632671 0.397427 0.631769 0.397427 0.629061 0.396750 0.628159 0.396750 0.627256 0.395396 0.625451 0.394719 0.625451 0.394042 0.624549
2 0.007448 0.625451 0.006770 0.626354 0.004062 0.626354 0.003385 0.627256 0.003385 0.628159 0.002708 0.629061 0.002708 0.629964 0.002031 0.630866 0.002031 0.632671 0.001354 0.633574 0.000000 0.633574 0.000000 0.640794 0.001354 0.640794 0.002031 0.641697 0.002708 0.641697 0.003385 0.642599 0.010156 0.642599 0.010833 0.641697 0.012864 0.641697 0.013541 0.640794 0.014218 0.640794 0.014895 0.639892 0.014895 0.637184 0.014218 0.636282 0.014218 0.635379 0.013541 0.634477 0.013541 0.633574 0.012864 0.632671 0.012864 0.631769 0.012187 0.630866 0.012187 0.629061 0.011510 0.628159 0.011510 0.627256 0.010833 0.626354 0.010156 0.626354 0.009479 0.625451
2 0.030467 0.631769 0.029790 0.632671 0.025728 0.632671 0.023697 0.635379 0.023697 0.638989 0.023020 0.639892 0.023697 0.639892 0.024374 0.640794 0.034529 0.640794 0.035206 0.639892 0.035884 0.639892 0.035884 0.638989 0.036561 0.638087 0.036561 0.635379 0.035884 0.634477 0.035884 0.633574 0.035206 0.633574 0.034529 0.632671 0.033175 0.632671 0.032498 0.631769
2 0.022343 0.620939 0.021666 0.621841 0.020988 0.621841 0.020311 0.622744 0.019634 0.622744 0.018957 0.623646 0.018957 0.625451 0.018280 0.626354 0.018957 0.627256 0.018957 0.629964 0.019634 0.630866 0.019634 0.632671 0.020311 0.633574 0.020311 0.634477 0.020988 0.635379 0.020988 0.636282 0.021666 0.637184 0.020988 0.638087 0.020988 0.639892 0.021666 0.639892 0.022343 0.640794 0.030467 0.640794 0.031144 0.639892 0.033175 0.639892 0.033852 0.638989 0.034529 0.638989 0.035884 0.637184 0.035884 0.632671 0.035206 0.631769 0.035206 0.630866 0.032498 0.627256 0.032498 0.626354 0.031821 0.625451 0.027759 0.625451 0.027082 0.624549 0.025728 0.624549 0.024374 0.622744 0.023697 0.622744
2 0.419093 0.632671 0.418416 0.633574 0.414353 0.633574 0.413676 0.634477 0.412999 0.634477 0.412322 0.635379 0.410968 0.635379 0.409614 0.637184 0.408937 0.637184 0.408260 0.638087 0.407583 0.638087 0.406229 0.639892 0.405552 0.639892 0.404198 0.641697 0.403521 0.641697 0.402167 0.643502 0.401490 0.643502 0.401490 0.644404 0.400812 0.645307 0.400812 0.646209 0.400135 0.647112 0.400135 0.648917 0.399458 0.649819 0.399458 0.651625 0.398781 0.652527 0.398781 0.657040 0.399458 0.657942 0.404198 0.657942 0.405552 0.656137 0.406229 0.656137 0.406906 0.655235 0.407583 0.655235 0.408260 0.654332 0.408937 0.654332 0.409614 0.653430 0.410291 0.653430 0.410968 0.652527 0.411645 0.652527 0.412999 0.650722 0.413676 0.650722 0.415708 0.648014 0.416385 0.648014 0.417739 0.646209 0.418416 0.646209 0.419770 0.644404 0.420447 0.644404 0.421124 0.643502 0.421801 0.643502 0.423155 0.641697 0.423832 0.641697 0.425186 0.639892 0.424509 0.638989 0.424509 0.637184 0.421124 0.632671