0 0.009479 0.156137 0.008802 0.157040 0.006770 0.157040 0.005416 0.158845 0.004739 0.158845 0.002708 0.161552 0.002708 0.162455 0.002031 0.163357 0.002031 0.166968 0.001354 0.167870 0.000000 0.167870 0.001354 0.167870 0.002031 0.168773 0.002031 0.178700 0.002708 0.179603 0.002708 0.184116 0.002031 0.185018 0.002031 0.190433 0.002708 0.191336 0.006093 0.191336 0.006770 0.192238 0.008802 0.192238 0.011510 0.195848 0.011510 0.196751 0.012187 0.197653 0.012187 0.198556 0.013541 0.200361 0.013541 0.201264 0.014895 0.203069 0.014895 0.203971 0.015572 0.204874 0.015572 0.205776 0.016926 0.207581 0.016926 0.208484 0.018280 0.210289 0.018280 0.211191 0.019634 0.212996 0.019634 0.213899 0.020988 0.215704 0.020988 0.217509 0.022343 0.219314 0.022343 0.220217 0.023020 0.221119 0.023020 0.222022 0.023697 0.222924 0.023697 0.223827 0.024374 0.224729 0.024374 0.225632 0.025051 0.226534 0.025051 0.230144 0.024374 0.231047 0.024374 0.235560 0.023697 0.236462 0.023697 0.250903 0.023020 0.251805 0.023020 0.267148 0.022343 0.268051 0.022343 0.274368 0.021666 0.275271 0.021666 0.280686 0.020988 0.281588 0.020988 0.285199 0.020311 0.286101 0.020311 0.293321 0.019634 0.294224 0.019634 0.302347 0.018957 0.303249 0.018957 0.312274 0.018280 0.313177 0.018280 0.315884 0.017603 0.316787 0.017603 0.318592 0.016926 0.319495 0.016926 0.321300 0.016249 0.322202 0.016249 0.323105 0.014218 0.325812 0.014218 0.326715 0.013541 0.327617 0.013541 0.328520 0.012864 0.329422 0.012864 0.330325 0.010833 0.333032 0.010833 0.333935 0.007448 0.338448 0.007448 0.339350 0.006093 0.341155 0.006093 0.342058 0.005416 0.342960 0.004739 0.342960 0.003385 0.344765 0.003385 0.345668 0.002031 0.347473 0.002031 0.348375 0.001354 0.349278 0.000000 0.349278 0.000000 0.365523 0.001354 0.365523 0.004739 0.370036 0.005416 0.370036 0.008125 0.373646 0.008802 0.373646 0.009479 0.374549 0.010156 0.374549 0.012187 0.377256 0.012864 0.377256 0.013541 0.378159 0.014218 0.378159 0.015572 0.379964 0.016926 0.379964 0.017603 0.380866 0.018957 0.380866 0.019634 0.381769 0.020988 0.381769 0.021666 0.382671 0.022343 0.382671 0.024374 0.385379 0.024374 0.386282 0.025051 0.387184 0.025051 0.388087 0.027759 0.391697 0.027759 0.392599 0.028436 0.393502 0.029113 0.393502 0.031821 0.397112 0.032498 0.397112 0.037915 0.404332 0.037915 0.405235 0.038592 0.406137 0.038592 0.407040 0.039269 0.407942 0.039269 0.408845 0.039946 0.409747 0.039946 0.412455 0.038592 0.414260 0.037915 0.414260 0.034529 0.418773 0.034529 0.421480 0.035884 0.423285 0.035884 0.424188 0.036561 0.424188 0.037238 0.425090 0.044008 0.425090 0.046039 0.422383 0.046716 0.422383 0.048070 0.424188 0.048070 0.425090 0.051456 0.429603 0.051456 0.431408 0.052133 0.432310 0.052133 0.434116 0.052810 0.435018 0.052810 0.439531 0.053487 0.440433 0.053487 0.442238 0.054164 0.442238 0.055518 0.444043 0.056872 0.444043 0.057549 0.444946 0.067705 0.444946 0.069736 0.442238 0.069736 0.435018 0.069059 0.434116 0.069059 0.432310 0.068382 0.431408 0.068382 0.430505 0.067028 0.428700 0.067028 0.427798 0.065674 0.425993 0.065674 0.424188 0.064997 0.423285 0.064997 0.422383 0.063643 0.420578 0.063643 0.419675 0.062965 0.418773 0.062965 0.415162 0.065674 0.411552 0.066351 0.411552 0.067028 0.410650 0.067028 0.409747 0.067705 0.408845 0.067705 0.406137 0.067028 0.405235 0.067028 0.403430 0.063643 0.398917 0.062965 0.398917 0.060934 0.396209 0.060257 0.396209 0.058226 0.393502 0.057549 0.393502 0.056195 0.391697 0.055518 0.391697 0.054164 0.389892 0.053487 0.389892 0.052133 0.388087 0.052133 0.387184 0.048747 0.382671 0.048747 0.381769 0.048070 0.380866 0.048070 0.372744 0.048747 0.371841 0.048747 0.370939 0.050102 0.369134 0.050102 0.368231 0.051456 0.366426 0.051456 0.365523 0.052133 0.364621 0.052133 0.363718 0.052810 0.362816 0.052810 0.361913 0.053487 0.361011 0.053487 0.359206 0.054164 0.358303 0.054164 0.356498 0.054841 0.355596 0.054841 0.354693 0.056195 0.352888 0.056195 0.351986 0.063643 0.342058 0.063643 0.340253 0.064320 0.339350 0.064320 0.335740 0.064997 0.334838 0.064997 0.322202 0.065674 0.321300 0.065674 0.311372 0.066351 0.310469 0.066351 0.307762 0.067028 0.306859 0.067028 0.305054 0.067705 0.304152 0.067705 0.301444 0.068382 0.300542 0.068382 0.295126 0.069059 0.294224 0.069059 0.290614 0.069736 0.289711 0.069059 0.288809 0.069059 0.278881 0.068382 0.277978 0.068382 0.274368 0.067705 0.273466 0.067705 0.268953 0.067028 0.268051 0.067028 0.267148 0.066351 0.266245 0.066351 0.265343 0.065674 0.264440 0.065674 0.263538 0.064997 0.262635 0.064997 0.260830 0.064320 0.259928 0.064320 0.259025 0.063643 0.258123 0.063643 0.256318 0.062965 0.255415 0.062965 0.251805 0.062288 0.250903 0.062288 0.247292 0.061611 0.246390 0.061611 0.239170 0.060934 0.238267 0.060934 0.234657 0.060257 0.233755 0.060257 0.232852 0.059580 0.231949 0.059580 0.231047 0.058903 0.230144 0.058903 0.228339 0.058226 0.227437 0.058226 0.226534 0.057549 0.225632 0.057549 0.224729 0.056872 0.223827 0.056872 0.222924 0.055518 0.221119 0.055518 0.220217 0.054164 0.218412 0.054164 0.217509 0.052133 0.214801 0.052133 0.213899 0.050779 0.212094 0.050779 0.211191 0.048070 0.207581 0.047393 0.207581 0.046716 0.206679 0.046716 0.205776 0.044685 0.203069 0.044685 0.198556 0.044008 0.197653 0.044008 0.194946 0.043331 0.194043 0.043331 0.193141 0.042654 0.192238 0.042654 0.191336 0.041977 0.190433 0.041977 0.188628 0.041300 0.187726 0.041300 0.186823 0.040623 0.185921 0.040623 0.177798 0.039946 0.176895 0.039946 0.175993 0.039269 0.175090 0.039269 0.174188 0.037915 0.172383 0.037915 0.171480 0.033852 0.166065 0.033852 0.165162 0.032498 0.163357 0.031821 0.163357 0.029790 0.160650 0.029113 0.160650 0.028436 0.159747 0.027082 0.159747 0.026405 0.158845 0.025728 0.158845 0.025051 0.157942 0.024374 0.157942 0.023697 0.157040 0.021666 0.157040 0.020988 0.156137
0 0.699391 0.222022 0.698714 0.222924 0.697360 0.222924 0.696682 0.223827 0.695328 0.223827 0.694651 0.224729 0.692620 0.224729 0.691943 0.225632 0.691266 0.225632 0.689912 0.227437 0.689912 0.233755 0.689235 0.234657 0.689235 0.238267 0.688558 0.239170 0.688558 0.243682 0.687881 0.244585 0.687881 0.246390 0.687204 0.247292 0.687204 0.260830 0.688558 0.262635 0.688558 0.263538 0.689235 0.264440 0.689912 0.264440 0.690589 0.265343 0.691266 0.265343 0.691943 0.266245 0.693297 0.266245 0.693974 0.267148 0.695328 0.267148 0.696005 0.268051 0.697360 0.268051 0.700068 0.271661 0.700068 0.273466 0.698714 0.275271 0.698037 0.275271 0.697360 0.276173 0.695328 0.276173 0.694651 0.277076 0.692620 0.277076 0.691943 0.277978 0.690589 0.277978 0.688558 0.280686 0.688558 0.281588 0.687881 0.282491 0.687881 0.283394 0.686527 0.285199 0.686527 0.286101 0.685850 0.287004 0.685850 0.287906 0.685173 0.288809 0.685173 0.291516 0.684496 0.292419 0.684496 0.296931 0.683819 0.297834 0.683819 0.311372 0.684496 0.312274 0.684496 0.314079 0.685850 0.315884 0.692620 0.315884 0.693974 0.314079 0.693974 0.312274 0.693297 0.311372 0.693297 0.308664 0.693974 0.307762 0.693974 0.303249 0.694651 0.302347 0.694651 0.301444 0.695328 0.300542 0.695328 0.298736 0.696005 0.297834 0.696005 0.296029 0.696682 0.295126 0.696682 0.294224 0.697360 0.293321 0.697360 0.292419 0.698037 0.291516 0.698037 0.290614 0.699391 0.288809 0.700068 0.288809 0.700745 0.287906 0.701422 0.287906 0.702776 0.286101 0.702776 0.282491 0.703453 0.281588 0.703453 0.279783 0.704130 0.278881 0.704130 0.276173 0.704807 0.275271 0.704807 0.274368 0.705484 0.273466 0.705484 0.272563 0.706161 0.271661 0.706161 0.269856 0.706838 0.268953 0.706838 0.261733 0.706161 0.260830 0.706161 0.253610 0.706838 0.252708 0.706838 0.244585 0.707515 0.243682 0.707515 0.223827 0.706161 0.222022
0 0.706838 0.183213 0.706161 0.184116 0.705484 0.184116 0.704807 0.185018 0.704130 0.185018 0.700745 0.189531 0.700745 0.190433 0.699391 0.192238 0.699391 0.194946 0.698714 0.195848 0.699391 0.196751 0.699391 0.199458 0.700068 0.200361 0.700068 0.203069 0.700745 0.203971 0.700745 0.205776 0.702776 0.208484 0.705484 0.208484 0.706161 0.209386 0.706838 0.209386 0.707515 0.208484 0.708192 0.208484 0.708869 0.207581 0.709546 0.207581 0.710900 0.205776 0.710900 0.204874 0.712932 0.202166 0.712932 0.201264 0.715640 0.197653 0.715640 0.191336 0.714963 0.190433 0.714963 0.188628 0.713609 0.186823 0.713609 0.185921 0.712932 0.185018 0.712255 0.185018 0.711578 0.184116 0.710900 0.184116 0.710223 0.183213
0 0.471903 0.285199 0.471225 0.286101 0.469194 0.286101 0.468517 0.287004 0.467163 0.287004 0.466486 0.287906 0.465132 0.287906 0.464455 0.288809 0.462424 0.288809 0.461747 0.289711 0.461070 0.289711 0.460393 0.290614 0.459716 0.290614 0.458362 0.292419 0.457684 0.292419 0.452945 0.298736 0.452268 0.298736 0.452268 0.299639 0.449560 0.303249 0.448883 0.303249 0.448883 0.304152 0.447529 0.305957 0.446852 0.305957 0.446175 0.306859 0.445498 0.306859 0.444821 0.307762 0.444144 0.307762 0.443466 0.308664 0.442112 0.308664 0.441435 0.309567 0.440758 0.309567 0.440081 0.310469 0.439404 0.310469 0.437373 0.313177 0.436696 0.313177 0.434665 0.315884 0.434665 0.316787 0.433311 0.318592 0.433311 0.319495 0.431957 0.321300 0.431957 0.323105 0.431280 0.324007 0.431280 0.326715 0.430603 0.327617 0.430603 0.332130 0.429926 0.333032 0.429926 0.339350 0.430603 0.340253 0.430603 0.348375 0.431280 0.349278 0.431280 0.351986 0.431957 0.352888 0.431957 0.355596 0.432634 0.356498 0.432634 0.357401 0.433311 0.358303 0.433311 0.359206 0.433988 0.360108 0.433988 0.361011 0.440758 0.370036 0.441435 0.370036 0.444144 0.373646 0.444144 0.375451 0.444821 0.376354 0.444821 0.377256 0.445498 0.378159 0.445498 0.379061 0.446175 0.379964 0.446175 0.380866 0.446852 0.381769 0.446852 0.383574 0.447529 0.384477 0.447529 0.386282 0.448206 0.387184 0.448206 0.389892 0.448883 0.390794 0.448883 0.395307 0.449560 0.396209 0.449560 0.400722 0.450237 0.401625 0.450237 0.424188 0.449560 0.425090 0.449560 0.434116 0.448883 0.435018 0.448883 0.441336 0.449560 0.442238 0.449560 0.447653 0.448883 0.448556 0.448883 0.465704 0.449560 0.466606 0.449560 0.471119 0.450237 0.472022 0.450237 0.474729 0.451591 0.476534 0.451591 0.477437 0.452945 0.479242 0.457007 0.479242 0.457684 0.480144 0.459716 0.480144 0.460393 0.479242 0.461070 0.479242 0.461747 0.478339 0.463101 0.478339 0.463778 0.477437 0.463778 0.476534 0.465132 0.474729 0.465132 0.473827 0.465809 0.472924 0.465809 0.471119 0.467163 0.469314 0.470548 0.469314 0.471225 0.468412 0.473934 0.468412 0.474611 0.467509 0.475288 0.467509 0.475965 0.466606 0.476642 0.466606 0.477996 0.464801 0.478673 0.464801 0.480704 0.462094 0.480704 0.461191 0.481381 0.460289 0.481381 0.459386 0.482058 0.458484 0.482058 0.456679 0.482735 0.455776 0.482735 0.452166 0.483412 0.451264 0.483412 0.450361 0.484089 0.449458 0.484089 0.448556 0.484766 0.447653 0.484766 0.446751 0.486121 0.444946 0.486121 0.444043 0.487475 0.442238 0.487475 0.441336 0.488152 0.440433 0.488152 0.438628 0.488829 0.437726 0.488829 0.435921 0.489506 0.435018 0.489506 0.434116 0.490860 0.432310 0.491537 0.432310 0.492214 0.433213 0.492891 0.433213 0.493568 0.434116 0.493568 0.435018 0.494245 0.435921 0.494245 0.444043 0.493568 0.444946 0.493568 0.463899 0.494245 0.464801 0.494245 0.467509 0.494922 0.468412 0.494922 0.473827 0.494245 0.474729 0.494245 0.475632 0.493568 0.476534 0.493568 0.478339 0.492891 0.479242 0.492891 0.481949 0.493568 0.482852 0.493568 0.483755 0.494922 0.485560 0.495599 0.485560 0.496276 0.486462 0.496953 0.486462 0.497630 0.487365 0.497630 0.491877 0.496953 0.492780 0.496953 0.497292 0.496276 0.498195 0.496276 0.501805 0.496953 0.502708 0.496953 0.504513 0.497630 0.505415 0.497630 0.506318 0.498984 0.506318 0.499661 0.507220 0.500339 0.507220 0.501016 0.508123 0.501693 0.508123 0.502370 0.507220 0.504401 0.507220 0.505078 0.506318 0.505755 0.506318 0.506432 0.505415 0.507786 0.505415 0.508463 0.504513 0.508463 0.502708 0.509140 0.501805 0.509140 0.497292 0.508463 0.496390 0.508463 0.481949 0.509140 0.481047 0.509140 0.470217 0.509817 0.469314 0.509817 0.466606 0.510494 0.465704 0.510494 0.462996 0.511171 0.462094 0.511171 0.459386 0.511848 0.458484 0.511848 0.452166 0.512525 0.451264 0.512525 0.444946 0.513202 0.444043 0.513202 0.438628 0.512525 0.437726 0.512525 0.429603 0.511848 0.428700 0.511848 0.423285 0.511171 0.422383 0.511171 0.416968 0.510494 0.416065 0.510494 0.379964 0.511171 0.379061 0.511171 0.376354 0.511848 0.375451 0.511848 0.370036 0.512525 0.369134 0.512525 0.357401 0.513202 0.356498 0.513202 0.348375 0.512525 0.347473 0.512525 0.341155 0.511848 0.340253 0.511848 0.333935 0.511171 0.333032 0.511171 0.330325 0.510494 0.329422 0.510494 0.328520 0.509817 0.327617 0.509817 0.326715 0.509140 0.325812 0.509140 0.324910 0.508463 0.324007 0.508463 0.323105 0.507786 0.322202 0.507786 0.321300 0.506432 0.319495 0.506432 0.318592 0.505755 0.317690 0.505755 0.316787 0.505078 0.315884 0.505078 0.314982 0.504401 0.314079 0.504401 0.313177 0.503724 0.312274 0.503724 0.311372 0.503047 0.310469 0.503047 0.309567 0.502370 0.308664 0.502370 0.307762 0.501693 0.306859 0.501693 0.305957 0.500339 0.304152 0.500339 0.303249 0.496953 0.298736 0.496953 0.297834 0.495599 0.296029 0.495599 0.295126 0.492214 0.290614 0.491537 0.290614 0.490183 0.288809 0.489506 0.288809 0.488829 0.287906 0.488152 0.287906 0.487475 0.287004 0.485443 0.287004 0.484766 0.286101 0.482058 0.286101 0.481381 0.285199
1 0.706838 0.183213 0.706161 0.184116 0.705484 0.184116 0.704807 0.185018 0.704130 0.185018 0.700068 0.190433 0.700068 0.191336 0.699391 0.192238 0.699391 0.194043 0.698714 0.194946 0.698714 0.195848 0.699391 0.196751 0.699391 0.197653 0.701422 0.197653 0.702099 0.198556 0.703453 0.198556 0.704130 0.197653 0.708192 0.197653 0.708869 0.198556 0.710900 0.198556 0.711578 0.199458 0.713609 0.199458 0.714286 0.198556 0.714963 0.198556 0.716317 0.196751 0.716317 0.193141 0.715640 0.192238 0.715640 0.190433 0.714963 0.189531 0.714963 0.188628 0.714286 0.187726 0.714286 0.186823 0.712932 0.185018 0.712255 0.185018 0.711578 0.184116 0.710900 0.184116 0.710223 0.183213
1 0.012864 0.155235 0.012187 0.156137 0.008802 0.156137 0.008125 0.157040 0.006770 0.157040 0.006093 0.157942 0.005416 0.157942 0.004739 0.158845 0.004062 0.158845 0.002708 0.160650 0.002708 0.162455 0.002031 0.163357 0.002031 0.177798 0.002708 0.178700 0.002708 0.184116 0.002031 0.185018 0.002031 0.191336 0.001354 0.192238 0.000000 0.192238 0.006770 0.192238 0.007448 0.191336 0.009479 0.191336 0.010156 0.190433 0.011510 0.190433 0.012187 0.189531 0.013541 0.189531 0.014218 0.188628 0.015572 0.188628 0.016249 0.187726 0.017603 0.187726 0.018280 0.186823 0.019634 0.186823 0.020311 0.185921 0.020988 0.185921 0.021666 0.185018 0.022343 0.185018 0.023020 0.184116 0.023697 0.184116 0.024374 0.183213 0.025051 0.183213 0.025728 0.182310 0.027082 0.182310 0.027759 0.181408 0.029113 0.181408 0.029790 0.180505 0.039946 0.180505 0.039946 0.179603 0.040623 0.178700 0.040623 0.177798 0.039946 0.176895 0.039946 0.175090 0.039269 0.174188 0.039269 0.173285 0.037238 0.170578 0.037238 0.169675 0.031144 0.161552 0.030467 0.161552 0.029113 0.159747 0.027759 0.159747 0.027082 0.158845 0.026405 0.158845 0.025728 0.157942 0.025051 0.157942 0.024374 0.157040 0.023020 0.157040 0.022343 0.156137 0.019634 0.156137 0.018957 0.155235
1 0.445498 0.307762 0.444821 0.308664 0.443466 0.308664 0.442789 0.309567 0.440758 0.309567 0.440081 0.310469 0.439404 0.310469 0.437373 0.313177 0.436696 0.313177 0.436696 0.314079 0.436019 0.314982 0.435342 0.314982 0.434665 0.315884 0.434665 0.316787 0.433311 0.318592 0.433311 0.319495 0.431957 0.321300 0.431957 0.323105 0.431280 0.324007 0.431280 0.325812 0.430603 0.326715 0.430603 0.332130 0.429926 0.333032 0.429926 0.339350 0.430603 0.340253 0.430603 0.349278 0.431280 0.350181 0.431280 0.351986 0.431957 0.352888 0.431957 0.354693 0.432634 0.355596 0.432634 0.357401 0.433311 0.358303 0.433311 0.359206 0.433988 0.360108 0.433988 0.361011 0.435342 0.362816 0.435342 0.363718 0.436019 0.363718 0.436696 0.364621 0.436696 0.365523 0.437373 0.366426 0.438050 0.366426 0.440758 0.370036 0.441435 0.370036 0.442112 0.370939 0.448883 0.370939 0.449560 0.370036 0.452268 0.370036 0.452945 0.369134 0.453622 0.369134 0.454976 0.367329 0.455653 0.367329 0.456330 0.366426 0.456330 0.365523 0.457007 0.364621 0.457007 0.363718 0.457684 0.362816 0.457684 0.361913 0.458362 0.361011 0.458362 0.360108 0.459039 0.359206 0.459039 0.358303 0.459716 0.357401 0.459716 0.355596 0.460393 0.354693 0.460393 0.352888 0.461070 0.351986 0.461070 0.351083 0.461747 0.350181 0.461747 0.348375 0.462424 0.347473 0.462424 0.346570 0.463101 0.345668 0.463101 0.344765 0.463778 0.343863 0.463778 0.342058 0.464455 0.341155 0.464455 0.337545 0.465132 0.336643 0.465132 0.335740 0.465809 0.334838 0.465809 0.322202 0.465132 0.321300 0.465132 0.319495 0.464455 0.318592 0.464455 0.317690 0.462424 0.314982 0.461747 0.314982 0.459716 0.312274 0.459039 0.312274 0.458362 0.311372 0.457684 0.311372 0.457007 0.310469 0.456330 0.310469 0.455653 0.309567 0.454299 0.309567 0.453622 0.308664 0.450914 0.308664 0.450237 0.307762
2 0.456330 0.481047 0.455653 0.481949 0.454976 0.481949 0.453622 0.483755 0.452945 0.483755 0.452268 0.484657 0.450237 0.484657 0.449560 0.485560 0.447529 0.485560 0.446852 0.486462 0.445498 0.486462 0.444821 0.487365 0.443466 0.487365 0.442789 0.488267 0.439404 0.488267 0.438727 0.489170 0.438050 0.489170 0.437373 0.490072 0.437373 0.490975 0.436696 0.491877 0.436696 0.494585 0.436019 0.495487 0.436019 0.498195 0.435342 0.499097 0.435342 0.508123 0.436696 0.509928 0.437373 0.509928 0.438727 0.511733 0.447529 0.511733 0.448206 0.510830 0.453622 0.510830 0.455653 0.508123 0.456330 0.508123 0.457007 0.507220 0.457684 0.507220 0.458362 0.506318 0.459039 0.506318 0.461070 0.503610 0.461070 0.502708 0.461747 0.501805 0.461747 0.500903 0.462424 0.500000 0.463101 0.500000 0.467163 0.494585 0.467163 0.492780 0.467840 0.491877 0.467840 0.486462 0.467163 0.485560 0.467163 0.484657 0.466486 0.483755 0.465809 0.483755 0.465132 0.482852 0.464455 0.482852 0.463778 0.481949 0.463101 0.481949 0.462424 0.481047
2 0.038592 0.411552 0.037915 0.412455 0.037238 0.412455 0.036561 0.413357 0.035884 0.413357 0.035206 0.414260 0.034529 0.414260 0.031821 0.417870 0.031821 0.421480 0.032498 0.422383 0.032498 0.423285 0.034529 0.425993 0.036561 0.425993 0.037238 0.426895 0.041300 0.426895 0.041977 0.425993 0.044008 0.425993 0.044685 0.425090 0.045362 0.425090 0.046716 0.423285 0.046716 0.421480 0.046039 0.420578 0.046039 0.419675 0.045362 0.418773 0.045362 0.417870 0.043331 0.415162 0.043331 0.414260 0.042654 0.414260 0.041300 0.412455 0.040623 0.412455 0.039946 0.411552
2 0.456330 0.485560 0.455653 0.486462 0.452268 0.486462 0.451591 0.487365 0.449560 0.487365 0.448883 0.488267 0.448206 0.488267 0.445498 0.491877 0.445498 0.496390 0.444821 0.497292 0.445498 0.498195 0.445498 0.499097 0.446852 0.500903 0.447529 0.500903 0.448206 0.501805 0.448883 0.501805 0.449560 0.502708 0.457007 0.502708 0.457684 0.501805 0.459716 0.501805 0.460393 0.500903 0.461070 0.500903 0.463778 0.497292 0.463778 0.496390 0.465132 0.494585 0.465132 0.491877 0.465809 0.490975 0.464455 0.489170 0.464455 0.488267 0.463778 0.487365 0.462424 0.487365 0.461747 0.486462 0.460393 0.486462 0.459716 0.485560
2 0.038592 0.411552 0.037238 0.413357 0.035884 0.413357 0.033852 0.416065 0.033175 0.416065 0.032498 0.416968 0.032498 0.422383 0.033175 0.423285 0.033175 0.424188 0.033852 0.425090 0.034529 0.425090 0.035206 0.425993 0.037915 0.425993 0.038592 0.426895 0.040623 0.426895 0.041300 0.425993 0.043331 0.425993 0.044008 0.425090 0.044685 0.425090 0.046039 0.423285 0.046039 0.422383 0.046716 0.421480 0.045362 0.419675 0.045362 0.418773 0.044685 0.417870 0.044685 0.416968 0.043331 0.415162 0.043331 0.414260 0.042654 0.414260 0.040623 0.411552
2 0.056872 0.397112 0.056872 0.398917 0.056195 0.399819 0.056195 0.400722 0.056872 0.401625 0.056872 0.404332 0.057549 0.405235 0.057549 0.406137 0.058226 0.407040 0.058226 0.407942 0.058903 0.408845 0.058903 0.409747 0.059580 0.410650 0.059580 0.411552 0.061611 0.414260 0.062965 0.414260 0.063643 0.415162 0.064320 0.414260 0.064997 0.414260 0.066351 0.412455 0.067028 0.412455 0.068382 0.410650 0.068382 0.408845 0.069059 0.407942 0.069059 0.407040 0.068382 0.406137 0.068382 0.404332 0.067705 0.403430 0.067705 0.402527 0.066351 0.400722 0.065674 0.400722 0.064320 0.398917 0.063643 0.398917 0.062965 0.398014 0.062288 0.398014 0.061611 0.397112
2 0.066351 0.435018 0.064997 0.436823 0.053487 0.436823 0.052810 0.437726 0.052133 0.437726 0.048747 0.442238 0.048070 0.442238 0.048070 0.445848 0.048747 0.446751 0.049425 0.446751 0.050102 0.447653 0.058903 0.447653 0.059580 0.448556 0.065674 0.448556 0.066351 0.447653 0.068382 0.447653 0.069059 0.446751 0.070413 0.446751 0.071090 0.445848 0.071767 0.445848 0.071767 0.444946 0.072444 0.444043 0.072444 0.441336 0.071767 0.440433 0.071767 0.438628 0.071090 0.437726 0.071090 0.436823 0.070413 0.435921 0.069736 0.435921 0.069059 0.435018
2 0.496276 0.475632 0.495599 0.476534 0.494245 0.476534 0.491537 0.480144 0.491537 0.481047 0.490860 0.481949 0.490860 0.482852 0.490183 0.483755 0.490183 0.486462 0.489506 0.487365 0.489506 0.488267 0.490183 0.489170 0.490183 0.491877 0.491537 0.493682 0.491537 0.494585 0.492891 0.496390 0.492891 0.497292 0.493568 0.498195 0.493568 0.500000 0.494245 0.500903 0.494245 0.501805 0.494922 0.502708 0.494922 0.504513 0.495599 0.505415 0.495599 0.506318 0.496276 0.507220 0.496276 0.508123 0.496953 0.508123 0.497630 0.509025 0.498984 0.509025 0.499661 0.509928 0.505078 0.509928 0.505755 0.509025 0.507786 0.509025 0.508463 0.508123 0.509140 0.508123 0.509817 0.507220 0.509817 0.506318 0.511171 0.504513 0.511171 0.497292 0.510494 0.496390 0.510494 0.492780 0.509817 0.491877 0.509817 0.486462 0.509140 0.485560 0.509140 0.479242 0.508463 0.478339 0.508463 0.477437 0.507109 0.477437 0.506432 0.476534 0.500339 0.476534 0.499661 0.475632