0 0.080722 0.271264 0.080191 0.272414 0.077536 0.272414 0.076474 0.274713 0.076474 0.277011 0.075943 0.278161 0.075943 0.279310 0.075412 0.280460 0.075412 0.281609 0.074881 0.282759 0.074349 0.282759 0.072756 0.286207 0.072225 0.286207 0.071694 0.287356 0.071163 0.287356 0.067446 0.295402 0.067446 0.296552 0.066383 0.298851 0.066383 0.300000 0.065852 0.301149 0.065852 0.305747 0.065321 0.306897 0.065321 0.326437 0.064790 0.327586 0.064790 0.331034 0.065321 0.332184 0.065321 0.334483 0.065852 0.335632 0.065852 0.336782 0.066383 0.337931 0.066383 0.339080 0.066914 0.340230 0.066914 0.350575 0.067446 0.351724 0.067446 0.352874 0.066914 0.354023 0.066914 0.360920 0.066383 0.362069 0.066383 0.364368 0.065321 0.366667 0.065321 0.367816 0.063728 0.371264 0.063728 0.372414 0.063197 0.373563 0.063197 0.377011 0.063728 0.378161 0.063728 0.379310 0.064259 0.379310 0.064790 0.380460 0.065321 0.380460 0.065852 0.381609 0.066914 0.381609 0.067446 0.382759 0.067977 0.381609 0.068508 0.381609 0.069570 0.379310 0.069570 0.378161 0.071163 0.374713 0.071163 0.373563 0.071694 0.372414 0.071694 0.371264 0.074349 0.365517 0.074349 0.364368 0.075412 0.362069 0.075412 0.360920 0.075943 0.359770 0.075943 0.358621 0.078067 0.354023 0.079660 0.354023 0.080191 0.352874 0.081784 0.352874 0.082315 0.354023 0.082847 0.354023 0.084440 0.357471 0.084440 0.358621 0.084971 0.359770 0.084971 0.370115 0.085502 0.371264 0.085502 0.373563 0.086033 0.374713 0.086033 0.377011 0.087095 0.379310 0.088157 0.379310 0.088688 0.380460 0.094530 0.380460 0.095061 0.379310 0.097185 0.379310 0.097185 0.377011 0.096654 0.375862 0.095592 0.375862 0.093468 0.371264 0.093468 0.370115 0.092937 0.368966 0.092937 0.367816 0.092406 0.366667 0.092406 0.360920 0.091875 0.359770 0.091875 0.349425 0.091344 0.348276 0.091344 0.345977 0.090813 0.344828 0.090281 0.344828 0.089750 0.343678 0.088157 0.343678 0.087626 0.342529 0.086564 0.342529 0.086033 0.341379 0.085502 0.341379 0.082847 0.335632 0.082847 0.334483 0.082315 0.333333 0.082315 0.326437 0.084440 0.321839 0.086033 0.321839 0.086564 0.322989 0.088157 0.322989 0.091344 0.329885 0.091875 0.329885 0.092406 0.328736 0.092406 0.327586 0.092937 0.326437 0.092937 0.321839 0.091875 0.319540 0.091344 0.319540 0.090813 0.318391 0.087095 0.318391 0.086564 0.319540 0.084440 0.319540 0.082315 0.314943 0.082315 0.313793 0.081784 0.312644 0.081784 0.294253 0.083909 0.289655 0.084971 0.289655 0.088157 0.282759 0.088688 0.282759 0.089219 0.281609 0.089219 0.280460 0.089750 0.279310 0.088157 0.275862 0.087626 0.275862 0.087095 0.274713 0.086564 0.274713 0.086033 0.273563 0.084971 0.273563 0.084440 0.272414 0.081784 0.272414 0.081253 0.271264
0 0.577801 0.381609 0.577270 0.382759 0.576208 0.382759 0.575677 0.383908 0.574615 0.383908 0.574084 0.385057 0.573553 0.385057 0.573022 0.386207 0.572491 0.386207 0.571429 0.388506 0.570898 0.388506 0.570366 0.389655 0.569835 0.389655 0.569304 0.390805 0.568773 0.390805 0.568242 0.391954 0.567711 0.391954 0.562931 0.402299 0.562931 0.403448 0.560276 0.409195 0.560276 0.410345 0.559214 0.412644 0.559214 0.413793 0.558152 0.416092 0.558152 0.417241 0.557621 0.418391 0.557621 0.419540 0.556559 0.421839 0.556559 0.422989 0.556028 0.424138 0.556028 0.425287 0.554965 0.427586 0.554965 0.428736 0.554434 0.429885 0.554434 0.431034 0.553903 0.432184 0.553903 0.434483 0.553372 0.435632 0.553372 0.437931 0.552841 0.439080 0.552841 0.440230 0.552310 0.441379 0.552310 0.442529 0.551779 0.443678 0.551779 0.444828 0.551248 0.445977 0.551248 0.448276 0.550717 0.449425 0.550717 0.450575 0.550186 0.451724 0.550186 0.454023 0.549655 0.455172 0.549655 0.457471 0.549124 0.458621 0.549124 0.459770 0.548593 0.460920 0.548593 0.463218 0.548062 0.464368 0.548062 0.465517 0.547531 0.466667 0.547531 0.470115 0.545937 0.473563 0.544875 0.473563 0.544344 0.474713 0.542751 0.474713 0.542220 0.475862 0.540627 0.475862 0.540096 0.477011 0.538502 0.477011 0.537971 0.478161 0.535847 0.478161 0.535316 0.479310 0.534254 0.479310 0.533723 0.480460 0.533192 0.480460 0.532661 0.481609 0.531599 0.481609 0.531067 0.482759 0.530005 0.482759 0.529474 0.483908 0.528943 0.483908 0.528412 0.485057 0.527881 0.485057 0.527350 0.486207 0.526288 0.486207 0.525757 0.487356 0.525226 0.487356 0.524695 0.488506 0.524164 0.488506 0.523101 0.490805 0.522570 0.490805 0.522039 0.491954 0.521508 0.491954 0.519915 0.495402 0.519384 0.495402 0.517791 0.498851 0.517260 0.498851 0.515135 0.503448 0.514604 0.503448 0.514073 0.504598 0.514073 0.505747 0.511949 0.510345 0.511418 0.510345 0.511418 0.511494 0.508763 0.517241 0.508763 0.518391 0.507700 0.520690 0.507700 0.521839 0.506107 0.525287 0.506107 0.526437 0.505576 0.527586 0.505576 0.528736 0.505045 0.529885 0.505045 0.531034 0.504514 0.532184 0.504514 0.533333 0.503983 0.534483 0.503983 0.535632 0.503452 0.536782 0.503452 0.537931 0.502921 0.539080 0.502921 0.540230 0.501859 0.542529 0.501859 0.543678 0.500797 0.545977 0.500797 0.547126 0.500266 0.548276 0.500266 0.549425 0.499203 0.551724 0.499203 0.552874 0.497079 0.557471 0.497079 0.558621 0.496017 0.560920 0.496017 0.562069 0.495486 0.563218 0.495486 0.564368 0.494955 0.565517 0.494955 0.568966 0.494424 0.570115 0.494424 0.572414 0.493362 0.574713 0.493362 0.575862 0.492831 0.577011 0.492831 0.578161 0.491237 0.581609 0.491237 0.583908 0.490706 0.585057 0.490706 0.586207 0.490175 0.587356 0.490175 0.588506 0.489644 0.589655 0.489644 0.591954 0.489113 0.593103 0.489113 0.594253 0.488582 0.595402 0.488582 0.596552 0.487520 0.598851 0.487520 0.600000 0.486458 0.602299 0.486458 0.603448 0.485396 0.605747 0.485396 0.608046 0.484865 0.609195 0.484865 0.612644 0.484334 0.613793 0.484334 0.626437 0.484865 0.627586 0.484865 0.637931 0.485396 0.639080 0.485396 0.644828 0.485927 0.645977 0.485927 0.648276 0.486458 0.649425 0.486458 0.650575 0.486989 0.651724 0.486989 0.652874 0.487520 0.654023 0.487520 0.655172 0.488051 0.656322 0.488051 0.657471 0.489113 0.659770 0.489113 0.660920 0.491768 0.666667 0.492300 0.666667 0.493893 0.670115 0.494424 0.670115 0.495486 0.672414 0.495486 0.673563 0.496017 0.674713 0.496017 0.678161 0.495486 0.679310 0.495486 0.681609 0.494955 0.682759 0.494955 0.683908 0.493893 0.686207 0.493893 0.687356 0.493362 0.688506 0.493362 0.689655 0.492831 0.690805 0.492831 0.691954 0.492300 0.693103 0.492300 0.702299 0.492831 0.703448 0.492831 0.704598 0.493362 0.705747 0.493362 0.706897 0.494424 0.709195 0.494424 0.710345 0.494955 0.711494 0.494955 0.712644 0.495486 0.713793 0.495486 0.716092 0.496548 0.718391 0.496548 0.722989 0.495486 0.725287 0.495486 0.726437 0.494424 0.728736 0.494424 0.729885 0.493362 0.732184 0.493362 0.733333 0.491768 0.736782 0.491768 0.737931 0.491237 0.739080 0.491237 0.740230 0.489644 0.743678 0.489644 0.751724 0.489113 0.752874 0.489113 0.758621 0.488582 0.759770 0.488582 0.762069 0.488051 0.763218 0.488051 0.764368 0.487520 0.765517 0.487520 0.778161 0.486989 0.779310 0.486989 0.785057 0.486458 0.786207 0.486458 0.790805 0.485927 0.791954 0.485927 0.810345 0.485396 0.811494 0.485396 0.813793 0.484865 0.814943 0.484865 0.819540 0.484334 0.820690 0.484334 0.833333 0.484865 0.834483 0.484334 0.835632 0.484334 0.848276 0.484865 0.849425 0.484865 0.860920 0.484334 0.862069 0.484334 0.865517 0.483802 0.866667 0.483802 0.868966 0.483271 0.870115 0.483271 0.871264 0.482740 0.872414 0.482740 0.873563 0.481678 0.875862 0.481678 0.879310 0.481147 0.880460 0.481147 0.903448 0.481678 0.904598 0.481678 0.906897 0.482209 0.908046 0.482209 0.910345 0.482740 0.911494 0.482740 0.914943 0.483271 0.916092 0.483271 0.917241 0.483802 0.918391 0.483802 0.922989 0.484334 0.924138 0.484334 0.931034 0.484865 0.932184 0.484865 0.936782 0.484334 0.937931 0.484334 0.942529 0.484865 0.943678 0.484865 0.949425 0.485396 0.950575 0.485396 0.958621 0.484865 0.959770 0.484865 0.962069 0.484334 0.963218 0.484334 0.975862 0.486458 0.980460 0.486458 0.981609 0.490706 0.990805 0.490706 0.993103 0.491237 0.994253 0.491237 0.995402 0.492300 0.995402 0.492831 0.996552 0.500797 0.996552 0.501328 0.997701 0.501328 0.998851 0.511418 0.998851 0.511418 0.997701 0.511949 0.996552 0.516729 0.996552 0.517260 0.995402 0.520446 0.995402 0.520977 0.994253 0.522039 0.994253 0.522039 0.990805 0.522570 0.989655 0.522570 0.977011 0.523101 0.975862 0.523101 0.973563 0.523633 0.972414 0.523633 0.970115 0.524164 0.968966 0.524164 0.967816 0.524695 0.966667 0.524695 0.965517 0.525226 0.964368 0.525226 0.963218 0.525757 0.962069 0.525757 0.960920 0.526288 0.959770 0.526288 0.958621 0.527350 0.956322 0.527350 0.954023 0.527881 0.952874 0.527881 0.947126 0.528412 0.945977 0.528412 0.942529 0.528943 0.941379 0.528943 0.940230 0.529474 0.939080 0.529474 0.937931 0.530005 0.936782 0.530005 0.935632 0.530536 0.934483 0.530536 0.933333 0.531067 0.932184 0.531067 0.931034 0.531599 0.929885 0.531599 0.927586 0.532130 0.926437 0.532130 0.924138 0.532661 0.922989 0.532661 0.921839 0.533192 0.920690 0.533192 0.919540 0.533723 0.918391 0.533723 0.917241 0.534254 0.916092 0.534254 0.914943 0.534785 0.913793 0.534785 0.912644 0.535316 0.911494 0.535316 0.909195 0.535847 0.908046 0.535847 0.905747 0.536378 0.904598 0.536378 0.903448 0.537440 0.901149 0.537440 0.900000 0.538502 0.897701 0.538502 0.896552 0.539033 0.895402 0.539033 0.893103 0.540096 0.890805 0.540096 0.889655 0.541689 0.886207 0.541689 0.885057 0.542220 0.883908 0.542220 0.881609 0.542751 0.880460 0.542751 0.878161 0.543813 0.875862 0.543813 0.874713 0.544344 0.873563 0.544344 0.872414 0.544875 0.871264 0.544875 0.870115 0.545406 0.868966 0.545406 0.867816 0.545937 0.866667 0.545937 0.865517 0.546468 0.864368 0.548062 0.864368 0.548593 0.865517 0.549655 0.865517 0.551248 0.868966 0.551779 0.868966 0.552841 0.871264 0.553372 0.871264 0.554434 0.873563 0.554965 0.873563 0.557090 0.878161 0.557621 0.878161 0.559745 0.882759 0.559745 0.883908 0.560807 0.886207 0.560807 0.887356 0.561338 0.888506 0.561338 0.889655 0.561869 0.890805 0.561869 0.894253 0.562400 0.895402 0.562400 0.897701 0.562931 0.898851 0.562931 0.905747 0.563463 0.906897 0.563463 0.909195 0.562931 0.910345 0.562931 0.920690 0.562400 0.921839 0.562400 0.925287 0.561869 0.926437 0.561869 0.933333 0.561338 0.934483 0.561338 0.941379 0.561869 0.942529 0.561869 0.944828 0.562400 0.945977 0.562400 0.947126 0.562931 0.948276 0.562931 0.949425 0.563463 0.950575 0.563463 0.951724 0.567711 0.960920 0.568242 0.960920 0.571429 0.967816 0.571429 0.968966 0.571960 0.970115 0.571960 0.974713 0.571429 0.975862 0.571960 0.977011 0.571960 0.982759 0.572491 0.983908 0.572491 0.988506 0.573022 0.989655 0.573022 0.993103 0.573553 0.994253 0.573553 0.995402 0.574084 0.995402 0.574615 0.996552 0.576208 0.996552 0.576739 0.997701 0.576739 0.998851 0.579395 0.998851 0.579395 0.997701 0.579926 0.996552 0.598513 0.996552 0.599044 0.995402 0.599575 0.995402 0.600106 0.994253 0.600637 0.994253 0.600637 0.986207 0.601168 0.985057 0.601168 0.981609 0.601699 0.980460 0.601699 0.975862 0.601168 0.974713 0.601168 0.967816 0.601699 0.966667 0.601699 0.960920 0.602230 0.959770 0.602230 0.952874 0.601699 0.951724 0.601699 0.947126 0.602230 0.945977 0.602230 0.940230 0.602762 0.939080 0.602762 0.935632 0.603293 0.934483 0.603293 0.929885 0.603824 0.928736 0.603824 0.926437 0.603293 0.925287 0.603293 0.924138 0.603824 0.922989 0.603824 0.921839 0.603293 0.920690 0.603293 0.918391 0.602230 0.916092 0.602230 0.914943 0.601699 0.913793 0.601699 0.911494 0.601168 0.910345 0.601168 0.897701 0.601699 0.896552 0.601699 0.894253 0.602230 0.893103 0.602230 0.889655 0.602762 0.888506 0.602762 0.882759 0.602230 0.881609 0.602230 0.880460 0.597451 0.870115 0.597451 0.868966 0.596920 0.867816 0.596920 0.857471 0.597451 0.856322 0.597451 0.851724 0.597982 0.850575 0.597982 0.849425 0.598513 0.848276 0.598513 0.847126 0.599044 0.845977 0.599044 0.844828 0.599575 0.843678 0.599575 0.842529 0.600106 0.841379 0.600106 0.833333 0.599575 0.832184 0.599575 0.828736 0.599044 0.827586 0.599044 0.826437 0.599575 0.825287 0.599575 0.821839 0.600106 0.820690 0.600106 0.819540 0.600637 0.818391 0.600637 0.816092 0.602230 0.812644 0.602230 0.811494 0.603824 0.808046 0.603824 0.806897 0.604355 0.805747 0.604355 0.803448 0.604886 0.802299 0.604886 0.800000 0.605417 0.798851 0.605417 0.797701 0.608603 0.790805 0.608603 0.789655 0.609134 0.788506 0.609134 0.786207 0.609665 0.785057 0.609665 0.768966 0.609134 0.767816 0.609134 0.766667 0.608603 0.765517 0.608603 0.763218 0.608072 0.762069 0.608072 0.734483 0.608603 0.733333 0.608603 0.727586 0.609134 0.726437 0.609134 0.710345 0.610196 0.708046 0.610196 0.682759 0.609665 0.681609 0.609665 0.671264 0.609134 0.670115 0.609134 0.665517 0.608603 0.664368 0.608603 0.659770 0.608072 0.658621 0.608072 0.648276 0.607541 0.647126 0.607541 0.645977 0.608072 0.644828 0.608072 0.637931 0.608603 0.636782 0.608603 0.634483 0.609134 0.633333 0.609134 0.632184 0.609665 0.631034 0.609665 0.627586 0.610196 0.626437 0.610196 0.625287 0.613383 0.618391 0.613914 0.618391 0.614445 0.617241 0.615507 0.617241 0.616038 0.616092 0.617100 0.616092 0.617631 0.614943 0.618694 0.614943 0.619225 0.613793 0.619756 0.613793 0.620287 0.612644 0.621349 0.612644 0.622411 0.610345 0.622942 0.610345 0.622942 0.609195 0.624004 0.606897 0.624004 0.605747 0.624535 0.604598 0.624535 0.602299 0.625066 0.601149 0.625066 0.591954 0.624535 0.590805 0.624535 0.585057 0.624004 0.583908 0.624004 0.570115 0.623473 0.568966 0.623473 0.556322 0.622942 0.555172 0.622942 0.551724 0.622411 0.550575 0.622411 0.549425 0.621880 0.548276 0.621880 0.545977 0.621349 0.544828 0.621349 0.542529 0.620818 0.541379 0.620818 0.539080 0.620287 0.537931 0.620287 0.536782 0.619225 0.534483 0.619225 0.533333 0.617100 0.528736 0.617100 0.527586 0.615507 0.524138 0.614976 0.524138 0.613914 0.521839 0.613914 0.520690 0.613383 0.519540 0.612852 0.519540 0.612321 0.518391 0.612321 0.517241 0.611259 0.514943 0.611259 0.513793 0.610196 0.511494 0.610196 0.510345 0.609134 0.508046 0.609134 0.506897 0.605417 0.498851 0.604886 0.498851 0.604355 0.497701 0.603824 0.497701 0.603293 0.496552 0.602762 0.496552 0.602230 0.495402 0.601699 0.495402 0.601168 0.494253 0.601168 0.493103 0.600106 0.490805 0.600106 0.480460 0.600637 0.479310 0.600637 0.473563 0.601168 0.472414 0.601168 0.464368 0.601699 0.463218 0.601699 0.456322 0.602230 0.455172 0.602230 0.445977 0.602762 0.444828 0.602762 0.426437 0.603293 0.425287 0.603293 0.420690 0.602762 0.419540 0.602762 0.412644 0.602230 0.411494 0.602230 0.408046 0.601699 0.406897 0.601699 0.405747 0.601168 0.404598 0.601168 0.403448 0.600637 0.402299 0.600637 0.401149 0.599575 0.398851 0.599575 0.397701 0.598513 0.395402 0.597982 0.395402 0.596389 0.391954 0.595858 0.391954 0.594796 0.389655 0.594264 0.389655 0.593733 0.388506 0.593202 0.388506 0.592671 0.387356 0.592140 0.387356 0.591609 0.386207 0.589485 0.386207 0.588954 0.385057 0.587892 0.385057 0.587361 0.383908 0.585236 0.383908 0.584705 0.382759 0.578864 0.382759 0.578332 0.381609
0 0.332979 0.310345 0.332448 0.311494 0.331386 0.311494 0.330324 0.313793 0.330324 0.314943 0.329262 0.317241 0.329262 0.318391 0.328200 0.320690 0.328200 0.334483 0.327669 0.335632 0.327669 0.337931 0.327138 0.339080 0.327138 0.340230 0.326075 0.342529 0.326075 0.343678 0.325544 0.344828 0.325544 0.345977 0.325013 0.347126 0.325013 0.348276 0.324482 0.349425 0.324482 0.350575 0.323951 0.351724 0.323951 0.352874 0.324482 0.354023 0.324482 0.355172 0.325013 0.355172 0.325544 0.354023 0.327669 0.354023 0.328731 0.351724 0.328731 0.350575 0.329793 0.348276 0.329793 0.347126 0.330324 0.345977 0.330324 0.344828 0.330855 0.343678 0.330855 0.342529 0.332448 0.339080 0.332979 0.339080 0.334041 0.336782 0.334572 0.336782 0.335635 0.339080 0.335635 0.340230 0.336166 0.341379 0.336166 0.347126 0.336697 0.348276 0.336697 0.354023 0.337228 0.355172 0.347849 0.355172 0.347318 0.355172 0.346256 0.352874 0.346256 0.351724 0.344663 0.351724 0.344132 0.350575 0.343601 0.350575 0.342539 0.348276 0.342539 0.339080 0.343070 0.337931 0.343070 0.336782 0.345725 0.331034 0.345725 0.327586 0.345194 0.326437 0.345194 0.324138 0.344663 0.324138 0.344132 0.322989 0.344132 0.321839 0.343070 0.319540 0.342539 0.319540 0.340945 0.316092 0.340414 0.316092 0.339352 0.313793 0.338821 0.313793 0.338290 0.312644 0.337759 0.312644 0.337228 0.311494 0.336697 0.311494 0.336166 0.310345
0 0.025491 0.310345 0.024960 0.311494 0.022836 0.311494 0.022305 0.312644 0.021774 0.311494 0.010621 0.311494 0.010090 0.312644 0.006904 0.312644 0.006373 0.313793 0.004780 0.313793 0.004249 0.314943 0.003717 0.314943 0.003186 0.316092 0.002655 0.316092 0.002124 0.317241 0.002124 0.318391 0.001593 0.319540 0.000000 0.319540 0.000000 0.344828 0.001593 0.344828 0.002124 0.345977 0.002124 0.347126 0.002655 0.348276 0.002655 0.349425 0.004780 0.354023 0.004780 0.355172 0.005311 0.355172 0.005842 0.356322 0.007435 0.356322 0.007966 0.357471 0.008497 0.357471 0.010090 0.354023 0.010621 0.354023 0.012215 0.350575 0.012746 0.350575 0.013808 0.348276 0.014870 0.348276 0.015401 0.347126 0.016463 0.347126 0.016994 0.345977 0.018056 0.345977 0.018587 0.344828 0.019649 0.344828 0.020181 0.345977 0.021243 0.345977 0.022305 0.348276 0.022836 0.348276 0.027616 0.358621 0.027616 0.359770 0.028147 0.360920 0.028147 0.364368 0.028678 0.365517 0.028678 0.370115 0.029209 0.371264 0.029209 0.372414 0.031333 0.372414 0.031864 0.373563 0.032926 0.373563 0.033457 0.372414 0.033457 0.370115 0.033988 0.368966 0.033457 0.367816 0.033457 0.364368 0.032926 0.363218 0.032926 0.356322 0.032395 0.355172 0.032395 0.354023 0.031864 0.352874 0.031864 0.351724 0.032395 0.350575 0.032926 0.350575 0.033457 0.351724 0.033457 0.354023 0.034519 0.354023 0.035050 0.355172 0.036113 0.355172 0.040361 0.364368 0.040361 0.365517 0.040892 0.366667 0.040892 0.367816 0.042485 0.371264 0.045141 0.371264 0.045672 0.370115 0.045672 0.368966 0.045141 0.367816 0.045141 0.366667 0.044610 0.365517 0.044610 0.362069 0.044079 0.360920 0.044079 0.359770 0.043548 0.358621 0.043548 0.356322 0.043016 0.355172 0.043016 0.354023 0.041423 0.350575 0.041423 0.349425 0.039830 0.345977 0.039830 0.344828 0.039299 0.343678 0.039299 0.342529 0.037706 0.339080 0.037706 0.337931 0.037175 0.336782 0.037175 0.335632 0.036113 0.333333 0.036113 0.332184 0.035582 0.331034 0.035582 0.329885 0.035050 0.328736 0.035050 0.326437 0.034519 0.325287 0.034519 0.322989 0.033988 0.321839 0.033988 0.319540 0.033457 0.318391 0.033457 0.317241 0.032926 0.316092 0.032926 0.314943 0.032395 0.313793 0.031333 0.313793 0.030802 0.312644 0.030271 0.312644 0.029740 0.311494 0.026553 0.311494 0.026022 0.310345
0 0.234201 0.256322 0.233670 0.257471 0.232608 0.257471 0.231545 0.259770 0.231014 0.259770 0.229952 0.262069 0.229952 0.263218 0.229421 0.264368 0.229421 0.266667 0.228890 0.267816 0.228890 0.274713 0.229421 0.275862 0.229421 0.277011 0.229952 0.278161 0.229952 0.280460 0.230483 0.281609 0.230483 0.283908 0.231014 0.285057 0.231014 0.286207 0.231545 0.287356 0.231545 0.288506 0.232076 0.289655 0.232076 0.291954 0.232608 0.293103 0.232076 0.294253 0.232076 0.295402 0.230483 0.298851 0.229952 0.298851 0.229421 0.300000 0.228359 0.300000 0.227828 0.301149 0.226235 0.301149 0.225704 0.302299 0.224642 0.302299 0.224110 0.303448 0.223048 0.303448 0.222517 0.304598 0.222517 0.305747 0.221986 0.306897 0.221986 0.308046 0.220924 0.310345 0.220924 0.312644 0.220393 0.313793 0.220393 0.316092 0.219862 0.317241 0.219862 0.320690 0.219331 0.321839 0.219331 0.327586 0.220924 0.331034 0.220924 0.337931 0.221455 0.339080 0.221455 0.340230 0.221986 0.341379 0.221986 0.345977 0.222517 0.347126 0.222517 0.348276 0.223048 0.349425 0.223048 0.350575 0.224642 0.354023 0.224642 0.355172 0.225173 0.356322 0.225173 0.360920 0.225704 0.362069 0.225704 0.367816 0.226235 0.368966 0.226235 0.378161 0.226766 0.379310 0.226766 0.382759 0.226235 0.383908 0.226235 0.385057 0.225704 0.386207 0.225704 0.387356 0.225173 0.388506 0.225173 0.389655 0.224642 0.390805 0.224642 0.393103 0.224110 0.394253 0.224110 0.396552 0.223579 0.397701 0.223579 0.398851 0.223048 0.400000 0.223048 0.403448 0.222517 0.404598 0.222517 0.413793 0.221986 0.414943 0.221986 0.425287 0.221455 0.426437 0.221455 0.443678 0.220924 0.444828 0.220924 0.445977 0.221455 0.447126 0.221455 0.470115 0.220924 0.471264 0.220924 0.475862 0.221455 0.477011 0.223048 0.477011 0.223579 0.478161 0.227297 0.478161 0.227828 0.477011 0.229421 0.477011 0.229421 0.474713 0.229952 0.473563 0.229952 0.472414 0.229421 0.471264 0.229421 0.467816 0.229952 0.466667 0.229952 0.454023 0.230483 0.452874 0.230483 0.442529 0.231014 0.441379 0.231014 0.431034 0.231545 0.429885 0.231545 0.427586 0.232076 0.426437 0.232076 0.425287 0.232608 0.424138 0.232608 0.422989 0.234201 0.419540 0.234201 0.418391 0.236856 0.412644 0.237387 0.412644 0.237918 0.411494 0.238449 0.411494 0.239511 0.409195 0.240042 0.409195 0.240574 0.408046 0.241636 0.408046 0.242698 0.410345 0.242698 0.411494 0.243229 0.412644 0.243229 0.417241 0.243760 0.418391 0.243760 0.420690 0.244291 0.421839 0.244291 0.424138 0.244822 0.425287 0.244822 0.428736 0.245353 0.429885 0.245353 0.435632 0.245884 0.436782 0.245884 0.443678 0.246415 0.444828 0.246415 0.460920 0.245884 0.462069 0.245884 0.466667 0.245353 0.467816 0.245353 0.475862 0.245884 0.477011 0.246946 0.477011 0.247477 0.478161 0.249602 0.478161 0.250133 0.477011 0.252257 0.477011 0.253319 0.474713 0.253319 0.470115 0.253850 0.468966 0.253850 0.464368 0.254381 0.463218 0.254381 0.460920 0.254912 0.459770 0.254912 0.436782 0.254381 0.435632 0.254381 0.431034 0.253850 0.429885 0.253850 0.424138 0.253319 0.422989 0.253319 0.398851 0.253850 0.397701 0.253850 0.383908 0.253319 0.382759 0.253319 0.371264 0.252788 0.370115 0.252788 0.348276 0.252257 0.347126 0.252257 0.340230 0.253319 0.337931 0.253319 0.327586 0.253850 0.326437 0.253850 0.316092 0.253319 0.314943 0.253319 0.310345 0.252257 0.308046 0.252257 0.306897 0.251726 0.306897 0.251195 0.305747 0.250664 0.305747 0.250133 0.304598 0.249602 0.304598 0.249071 0.303448 0.248540 0.303448 0.248008 0.302299 0.247477 0.302299 0.246946 0.301149 0.246415 0.301149 0.244291 0.296552 0.244291 0.295402 0.243760 0.294253 0.243760 0.288506 0.244291 0.287356 0.244291 0.286207 0.244822 0.285057 0.244822 0.280460 0.245353 0.279310 0.245353 0.274713 0.244822 0.273563 0.244822 0.268966 0.244291 0.267816 0.244291 0.265517 0.241636 0.259770 0.241105 0.259770 0.240574 0.258621 0.240042 0.258621 0.239511 0.257471 0.237918 0.257471 0.237387 0.256322
0 0.129580 0.252874 0.129049 0.254023 0.127987 0.254023 0.126925 0.256322 0.126394 0.256322 0.125863 0.257471 0.125863 0.258621 0.125332 0.259770 0.125332 0.260920 0.124801 0.262069 0.124801 0.265517 0.125863 0.267816 0.125863 0.268966 0.127456 0.272414 0.127456 0.273563 0.128518 0.275862 0.128518 0.277011 0.129580 0.279310 0.129580 0.281609 0.130643 0.283908 0.130643 0.285057 0.131174 0.286207 0.130643 0.287356 0.130643 0.289655 0.130112 0.290805 0.130112 0.291954 0.129049 0.294253 0.129049 0.296552 0.128518 0.297701 0.128518 0.306897 0.127987 0.308046 0.127987 0.314943 0.128518 0.316092 0.128518 0.320690 0.129049 0.321839 0.129049 0.326437 0.129580 0.327586 0.129580 0.328736 0.130112 0.329885 0.130112 0.331034 0.130643 0.332184 0.130643 0.333333 0.134360 0.341379 0.134360 0.345977 0.134891 0.347126 0.134891 0.349425 0.135422 0.350575 0.135422 0.354023 0.135953 0.355172 0.135953 0.358621 0.136484 0.359770 0.136484 0.360920 0.137015 0.362069 0.137015 0.364368 0.137546 0.365517 0.137546 0.366667 0.138078 0.367816 0.138078 0.368966 0.138609 0.370115 0.138609 0.372414 0.139140 0.373563 0.139140 0.374713 0.139671 0.375862 0.139671 0.377011 0.140202 0.378161 0.140202 0.379310 0.141264 0.381609 0.141264 0.382759 0.142326 0.385057 0.142326 0.386207 0.142857 0.387356 0.142857 0.388506 0.143388 0.389655 0.143388 0.390805 0.143919 0.391954 0.143919 0.393103 0.144981 0.395402 0.144981 0.396552 0.145512 0.397701 0.145512 0.398851 0.146044 0.400000 0.146044 0.401149 0.146575 0.402299 0.146575 0.404598 0.147106 0.405747 0.147106 0.406897 0.147637 0.408046 0.147637 0.409195 0.148168 0.410345 0.148168 0.411494 0.147637 0.412644 0.147637 0.417241 0.148168 0.418391 0.148699 0.418391 0.149230 0.419540 0.149761 0.419540 0.150292 0.420690 0.151354 0.420690 0.151885 0.421839 0.152947 0.421839 0.153478 0.422989 0.154010 0.422989 0.154541 0.424138 0.155603 0.424138 0.156134 0.425287 0.156665 0.425287 0.157196 0.426437 0.157727 0.426437 0.159851 0.431034 0.159851 0.433333 0.160382 0.434483 0.160382 0.439080 0.160913 0.440230 0.160913 0.443678 0.161445 0.444828 0.164631 0.444828 0.166224 0.441379 0.166224 0.440230 0.166755 0.439080 0.166755 0.437931 0.167286 0.436782 0.167286 0.435632 0.167817 0.434483 0.167817 0.427586 0.167286 0.426437 0.167286 0.422989 0.166755 0.421839 0.166755 0.416092 0.166224 0.414943 0.166224 0.412644 0.165693 0.411494 0.165693 0.408046 0.165162 0.406897 0.165162 0.403448 0.164631 0.402299 0.164631 0.397701 0.164100 0.396552 0.164100 0.391954 0.163569 0.390805 0.163569 0.387356 0.163038 0.386207 0.163038 0.379310 0.162507 0.378161 0.162507 0.372414 0.161976 0.371264 0.161976 0.366667 0.161445 0.365517 0.161445 0.340230 0.161976 0.339080 0.161976 0.334483 0.162507 0.333333 0.162507 0.321839 0.161976 0.320690 0.161976 0.317241 0.161445 0.316092 0.161445 0.314943 0.160913 0.313793 0.160913 0.312644 0.160382 0.311494 0.160382 0.310345 0.159851 0.309195 0.159851 0.308046 0.159320 0.306897 0.159320 0.305747 0.158789 0.304598 0.158789 0.302299 0.158258 0.301149 0.158258 0.300000 0.157727 0.298851 0.157727 0.297701 0.153478 0.288506 0.152947 0.288506 0.151885 0.286207 0.150823 0.286207 0.150292 0.285057 0.149230 0.285057 0.148168 0.282759 0.147106 0.282759 0.146575 0.281609 0.145512 0.281609 0.144981 0.280460 0.144450 0.280460 0.142326 0.275862 0.142326 0.267816 0.141795 0.266667 0.141795 0.264368 0.137546 0.255172 0.137015 0.255172 0.136484 0.254023 0.135422 0.254023 0.134891 0.252874
0 0.185343 0.273563 0.184811 0.274713 0.184280 0.274713 0.182687 0.278161 0.182687 0.279310 0.182156 0.280460 0.182156 0.286207 0.182687 0.287356 0.182687 0.288506 0.183218 0.289655 0.183218 0.290805 0.187467 0.300000 0.187467 0.308046 0.186936 0.309195 0.186936 0.311494 0.186405 0.312644 0.186405 0.329885 0.186936 0.331034 0.186936 0.339080 0.187467 0.340230 0.187467 0.343678 0.187998 0.344828 0.187998 0.350575 0.188529 0.351724 0.188529 0.354023 0.189060 0.355172 0.189060 0.356322 0.189591 0.357471 0.189591 0.360920 0.190122 0.362069 0.190122 0.364368 0.189591 0.365517 0.190122 0.366667 0.190122 0.367816 0.190653 0.368966 0.190653 0.374713 0.191184 0.375862 0.191184 0.380460 0.191715 0.381609 0.191715 0.385057 0.192246 0.386207 0.192246 0.387356 0.192777 0.388506 0.192777 0.389655 0.193309 0.390805 0.193309 0.391954 0.193840 0.393103 0.193840 0.394253 0.194902 0.396552 0.194902 0.397701 0.195433 0.398851 0.195433 0.400000 0.195964 0.401149 0.195964 0.402299 0.196495 0.403448 0.196495 0.404598 0.197557 0.406897 0.197557 0.408046 0.198088 0.409195 0.198088 0.411494 0.198619 0.412644 0.198619 0.416092 0.199150 0.417241 0.199150 0.421839 0.199681 0.422989 0.199681 0.424138 0.200212 0.425287 0.201806 0.425287 0.202337 0.426437 0.203930 0.426437 0.204461 0.425287 0.206585 0.425287 0.207116 0.424138 0.207647 0.424138 0.208710 0.421839 0.208710 0.410345 0.208178 0.409195 0.208178 0.406897 0.207116 0.404598 0.207116 0.403448 0.206585 0.402299 0.206585 0.401149 0.206054 0.400000 0.206054 0.398851 0.205523 0.397701 0.205523 0.395402 0.204992 0.394253 0.204992 0.380460 0.205523 0.379310 0.205523 0.377011 0.206054 0.375862 0.206054 0.371264 0.206585 0.370115 0.206585 0.357471 0.205523 0.355172 0.205523 0.354023 0.204992 0.352874 0.204992 0.349425 0.204461 0.348276 0.204461 0.345977 0.203930 0.344828 0.203930 0.342529 0.203399 0.341379 0.203399 0.339080 0.203930 0.337931 0.203930 0.335632 0.204461 0.334483 0.204461 0.329885 0.204992 0.328736 0.204992 0.322989 0.204461 0.321839 0.204461 0.319540 0.203930 0.318391 0.203930 0.316092 0.203399 0.314943 0.203399 0.312644 0.202868 0.311494 0.202868 0.310345 0.201806 0.308046 0.201806 0.306897 0.201275 0.305747 0.201275 0.304598 0.200212 0.302299 0.200212 0.301149 0.199681 0.300000 0.199150 0.300000 0.196495 0.294253 0.195964 0.294253 0.195433 0.293103 0.195433 0.291954 0.194902 0.290805 0.194902 0.287356 0.194371 0.286207 0.194371 0.282759 0.193840 0.281609 0.193840 0.280460 0.193309 0.279310 0.193309 0.278161 0.191715 0.274713 0.190653 0.274713 0.190122 0.273563
0 0.472119 0.267816 0.471588 0.268966 0.469995 0.268966 0.469464 0.270115 0.468933 0.270115 0.466808 0.274713 0.466808 0.287356 0.466277 0.288506 0.466277 0.289655 0.465746 0.290805 0.465746 0.291954 0.464153 0.295402 0.464153 0.301149 0.463622 0.302299 0.463622 0.306897 0.463091 0.308046 0.463091 0.318391 0.462560 0.319540 0.462560 0.333333 0.463091 0.334483 0.463091 0.341379 0.463622 0.342529 0.463622 0.344828 0.464684 0.347126 0.464684 0.349425 0.465215 0.350575 0.465215 0.351724 0.465746 0.352874 0.465746 0.360920 0.465215 0.362069 0.465215 0.371264 0.464684 0.372414 0.464684 0.379310 0.464153 0.380460 0.464153 0.386207 0.464684 0.387356 0.465215 0.387356 0.465746 0.388506 0.471588 0.388506 0.472119 0.387356 0.473181 0.387356 0.473181 0.386207 0.473712 0.385057 0.473712 0.378161 0.473181 0.377011 0.473181 0.371264 0.473712 0.370115 0.473712 0.365517 0.474243 0.364368 0.474243 0.357471 0.474774 0.356322 0.474774 0.351724 0.475305 0.350575 0.475305 0.349425 0.475836 0.348276 0.475836 0.329885 0.476367 0.328736 0.476367 0.326437 0.476899 0.325287 0.476899 0.324138 0.478492 0.320690 0.480085 0.320690 0.480616 0.319540 0.481678 0.319540 0.482209 0.318391 0.483271 0.318391 0.483802 0.317241 0.484334 0.317241 0.484334 0.313793 0.483802 0.312644 0.480616 0.312644 0.480085 0.311494 0.478492 0.311494 0.476367 0.306897 0.476367 0.305747 0.475836 0.304598 0.475836 0.303448 0.475305 0.302299 0.475305 0.301149 0.474774 0.300000 0.474774 0.297701 0.474243 0.296552 0.474243 0.291954 0.474774 0.290805 0.474774 0.288506 0.475305 0.287356 0.475305 0.285057 0.476899 0.281609 0.476899 0.280460 0.477430 0.279310 0.477430 0.273563 0.476899 0.272414 0.476899 0.271264 0.476367 0.271264 0.475305 0.268966 0.474774 0.268966 0.474243 0.267816
0 0.105682 0.260920 0.104089 0.264368 0.104089 0.268966 0.104620 0.270115 0.104620 0.272414 0.105151 0.273563 0.105151 0.274713 0.105682 0.275862 0.105682 0.282759 0.105151 0.283908 0.105151 0.285057 0.102496 0.290805 0.102496 0.291954 0.101965 0.293103 0.101965 0.302299 0.102496 0.303448 0.102496 0.305747 0.103027 0.306897 0.103027 0.309195 0.103558 0.310345 0.103558 0.311494 0.104089 0.312644 0.104089 0.314943 0.104620 0.316092 0.104620 0.317241 0.105151 0.318391 0.105151 0.319540 0.105682 0.320690 0.105682 0.322989 0.106745 0.325287 0.106745 0.326437 0.107276 0.327586 0.107276 0.328736 0.107807 0.329885 0.107807 0.331034 0.108338 0.332184 0.108338 0.334483 0.108869 0.335632 0.108869 0.336782 0.110462 0.340230 0.110462 0.341379 0.112055 0.344828 0.112055 0.345977 0.112586 0.347126 0.112586 0.348276 0.113117 0.349425 0.113117 0.350575 0.113648 0.351724 0.113648 0.352874 0.114180 0.354023 0.114180 0.355172 0.114711 0.356322 0.114711 0.359770 0.115242 0.360920 0.115242 0.364368 0.115773 0.365517 0.115773 0.367816 0.118428 0.373563 0.118428 0.374713 0.120021 0.378161 0.120021 0.379310 0.120552 0.380460 0.120552 0.381609 0.121083 0.382759 0.121083 0.383908 0.122677 0.387356 0.124270 0.387356 0.124801 0.386207 0.125332 0.386207 0.125863 0.385057 0.125863 0.378161 0.126394 0.377011 0.126925 0.378161 0.126925 0.382759 0.127456 0.383908 0.133829 0.383908 0.134360 0.382759 0.134360 0.373563 0.133829 0.372414 0.133829 0.371264 0.133298 0.370115 0.133298 0.368966 0.132767 0.367816 0.132767 0.364368 0.132236 0.363218 0.132236 0.347126 0.131705 0.345977 0.131705 0.343678 0.131174 0.342529 0.131174 0.337931 0.130643 0.336782 0.130643 0.333333 0.130112 0.332184 0.130112 0.331034 0.129049 0.328736 0.129049 0.327586 0.128518 0.326437 0.128518 0.325287 0.127987 0.324138 0.127987 0.319540 0.127456 0.318391 0.127456 0.290805 0.124801 0.285057 0.124270 0.285057 0.123208 0.282759 0.122677 0.282759 0.122146 0.281609 0.121083 0.281609 0.120552 0.280460 0.119490 0.280460 0.118959 0.279310 0.118428 0.279310 0.115242 0.272414 0.115242 0.270115 0.114711 0.268966 0.114711 0.267816 0.114180 0.266667 0.114180 0.265517 0.113117 0.263218 0.112586 0.263218 0.112055 0.262069 0.110993 0.262069 0.110462 0.260920
1 0.078067 0.271264 0.077536 0.272414 0.077005 0.272414 0.077005 0.273563 0.076474 0.274713 0.076474 0.277011 0.075943 0.278161 0.075943 0.279310 0.076474 0.280460 0.076474 0.281609 0.077005 0.281609 0.077536 0.282759 0.082847 0.282759 0.083378 0.283908 0.088157 0.283908 0.088688 0.282759 0.089219 0.282759 0.089750 0.281609 0.090281 0.281609 0.091344 0.279310 0.091344 0.278161 0.090813 0.277011 0.090281 0.277011 0.089750 0.275862 0.089219 0.275862 0.088688 0.274713 0.087626 0.274713 0.087095 0.273563 0.086033 0.273563 0.085502 0.272414 0.083378 0.272414 0.082847 0.271264
1 0.330855 0.277011 0.330324 0.278161 0.330324 0.279310 0.329793 0.280460 0.329793 0.283908 0.329262 0.285057 0.329262 0.286207 0.329793 0.287356 0.329793 0.289655 0.330324 0.290805 0.330324 0.291954 0.330855 0.293103 0.330855 0.294253 0.331386 0.295402 0.331917 0.295402 0.332448 0.296552 0.335635 0.296552 0.337759 0.291954 0.337759 0.290805 0.338290 0.289655 0.337759 0.288506 0.337759 0.286207 0.337228 0.285057 0.337228 0.283908 0.336697 0.282759 0.336697 0.281609 0.335635 0.279310 0.335635 0.278161 0.335104 0.277011
1 0.106745 0.259770 0.106213 0.260920 0.104620 0.260920 0.104089 0.262069 0.103558 0.262069 0.103558 0.267816 0.104089 0.268966 0.104089 0.270115 0.104620 0.271264 0.104620 0.272414 0.105682 0.274713 0.108869 0.274713 0.109400 0.273563 0.110993 0.273563 0.111524 0.272414 0.114180 0.272414 0.115242 0.270115 0.115242 0.267816 0.114711 0.266667 0.114711 0.265517 0.113117 0.262069 0.112055 0.262069 0.111524 0.260920 0.109931 0.260920 0.109400 0.259770
1 0.023898 0.310345 0.023367 0.311494 0.022305 0.311494 0.021774 0.312644 0.021774 0.313793 0.022305 0.314943 0.022836 0.314943 0.023367 0.316092 0.023898 0.316092 0.024960 0.318391 0.026022 0.318391 0.027084 0.320690 0.027616 0.320690 0.028147 0.321839 0.028678 0.321839 0.029209 0.322989 0.029740 0.322989 0.030271 0.324138 0.030802 0.324138 0.031333 0.325287 0.031864 0.325287 0.032395 0.326437 0.035050 0.326437 0.035582 0.325287 0.035582 0.324138 0.035050 0.322989 0.035050 0.321839 0.034519 0.320690 0.034519 0.319540 0.033988 0.318391 0.033988 0.317241 0.032926 0.314943 0.032926 0.313793 0.032395 0.312644 0.031864 0.312644 0.031333 0.311494 0.030271 0.311494 0.029740 0.310345
1 0.132236 0.251724 0.131705 0.252874 0.129049 0.252874 0.128518 0.254023 0.127987 0.254023 0.127456 0.255172 0.126925 0.255172 0.124801 0.259770 0.124801 0.260920 0.124270 0.262069 0.124270 0.265517 0.125332 0.267816 0.125332 0.268966 0.125863 0.270115 0.126394 0.270115 0.126925 0.271264 0.130112 0.271264 0.130643 0.270115 0.131705 0.270115 0.132236 0.268966 0.133829 0.268966 0.134360 0.267816 0.137015 0.267816 0.137546 0.266667 0.139140 0.266667 0.139671 0.265517 0.140202 0.265517 0.140202 0.260920 0.139140 0.258621 0.139140 0.257471 0.138609 0.257471 0.137015 0.254023 0.135953 0.254023 0.135422 0.252874 0.133829 0.252874 0.133298 0.251724
1 0.185343 0.272414 0.184811 0.273563 0.184280 0.273563 0.183218 0.275862 0.182687 0.275862 0.182687 0.277011 0.181625 0.279310 0.181625 0.285057 0.182687 0.287356 0.183218 0.287356 0.183749 0.288506 0.184280 0.288506 0.184811 0.289655 0.191184 0.289655 0.191715 0.290805 0.192777 0.290805 0.193309 0.289655 0.194371 0.289655 0.194371 0.282759 0.193840 0.281609 0.193840 0.279310 0.192777 0.277011 0.192777 0.275862 0.192246 0.275862 0.191184 0.273563 0.190122 0.273563 0.189591 0.272414
1 0.233670 0.256322 0.233139 0.257471 0.232608 0.257471 0.232076 0.258621 0.231545 0.258621 0.229421 0.263218 0.229421 0.264368 0.228890 0.265517 0.228890 0.268966 0.228359 0.270115 0.228359 0.273563 0.229952 0.277011 0.236856 0.277011 0.237387 0.278161 0.239511 0.278161 0.240042 0.279310 0.243229 0.279310 0.243760 0.280460 0.244822 0.280460 0.245353 0.279310 0.245353 0.268966 0.244822 0.267816 0.244822 0.266667 0.243229 0.263218 0.243229 0.262069 0.242167 0.259770 0.241636 0.259770 0.240574 0.257471 0.238980 0.257471 0.238449 0.256322
1 0.469995 0.267816 0.469464 0.268966 0.468933 0.268966 0.466808 0.273563 0.466808 0.280460 0.467339 0.279310 0.468401 0.279310 0.468933 0.278161 0.471057 0.278161 0.471588 0.279310 0.473712 0.279310 0.474243 0.280460 0.477430 0.280460 0.477961 0.279310 0.477961 0.274713 0.477430 0.273563 0.477430 0.272414 0.475836 0.268966 0.475305 0.268966 0.474774 0.267816
2 0.247477 0.466667 0.246415 0.468966 0.245884 0.468966 0.245884 0.470115 0.245353 0.471264 0.245353 0.473563 0.244822 0.474713 0.244822 0.477011 0.245353 0.478161 0.252257 0.478161 0.252788 0.477011 0.253850 0.477011 0.253850 0.468966 0.252788 0.466667
2 0.199150 0.404598 0.198619 0.405747 0.198088 0.405747 0.198088 0.410345 0.198619 0.411494 0.198619 0.416092 0.199150 0.417241 0.199150 0.424138 0.200212 0.426437 0.205523 0.426437 0.206054 0.425287 0.207647 0.425287 0.209772 0.420690 0.209772 0.419540 0.209241 0.418391 0.209241 0.414943 0.208710 0.413793 0.208710 0.411494 0.207647 0.409195 0.207647 0.408046 0.206585 0.405747 0.201806 0.405747 0.201275 0.404598
2 0.129580 0.372414 0.128518 0.374713 0.128518 0.383908 0.129049 0.385057 0.133829 0.385057 0.134360 0.383908 0.134891 0.383908 0.134891 0.378161 0.134360 0.377011 0.134360 0.375862 0.133829 0.374713 0.133298 0.374713 0.132767 0.373563 0.131705 0.373563 0.131174 0.372414
2 0.599575 0.965517 0.599044 0.966667 0.598513 0.966667 0.597451 0.968966 0.596920 0.968966 0.596389 0.970115 0.595858 0.970115 0.595327 0.971264 0.594796 0.971264 0.594264 0.972414 0.592140 0.972414 0.591609 0.973563 0.583112 0.973563 0.582581 0.972414 0.580457 0.972414 0.579926 0.971264 0.578332 0.971264 0.577801 0.970115 0.576208 0.970115 0.575677 0.968966 0.573022 0.968966 0.572491 0.967816 0.571429 0.967816 0.570898 0.966667 0.570898 0.971264 0.571429 0.972414 0.571429 0.980460 0.571960 0.981609 0.571960 0.987356 0.572491 0.988506 0.572491 0.994253 0.573022 0.995402 0.573022 0.996552 0.573553 0.997701 0.573553 0.998851 0.600637 0.998851 0.600637 0.997701 0.601699 0.995402 0.601699 0.993103 0.602230 0.991954 0.602230 0.966667 0.601699 0.965517
2 0.005311 0.370115 0.004780 0.371264 0.002124 0.371264 0.001593 0.372414 0.000000 0.372414 0.000000 0.385057 0.009559 0.385057 0.010090 0.383908 0.010621 0.383908 0.011683 0.381609 0.011683 0.377011 0.011152 0.375862 0.011152 0.373563 0.010090 0.371264 0.009559 0.371264 0.009028 0.370115
2 0.029209 0.365517 0.028678 0.366667 0.028678 0.367816 0.028147 0.368966 0.028147 0.372414 0.028678 0.373563 0.028678 0.375862 0.029209 0.377011 0.033988 0.377011 0.034519 0.375862 0.035582 0.375862 0.037175 0.372414 0.037175 0.371264 0.036644 0.370115 0.036644 0.368966 0.035582 0.368966 0.035050 0.367816 0.032926 0.367816 0.032395 0.366667 0.029740 0.366667
2 0.490706 0.988506 0.489644 0.990805 0.489644 0.994253 0.490175 0.995402 0.490175 0.996552 0.490706 0.997701 0.490706 0.998851 0.499203 0.998851 0.499203 0.997701 0.498141 0.995402 0.498141 0.994253 0.496548 0.994253 0.496017 0.993103 0.495486 0.993103 0.494955 0.991954 0.494424 0.991954 0.493893 0.990805 0.492831 0.990805 0.492300 0.989655 0.491768 0.989655 0.491237 0.988506
2 0.522039 0.980460 0.521508 0.981609 0.521508 0.982759 0.518853 0.988506 0.518853 0.989655 0.517260 0.993103 0.516729 0.993103 0.516198 0.994253 0.515666 0.994253 0.515666 0.995402 0.515135 0.996552 0.515135 0.998851 0.522570 0.998851 0.522570 0.997701 0.523633 0.995402 0.523633 0.986207 0.523101 0.985057 0.523101 0.981609 0.522570 0.980460
2 0.324482 0.349425 0.323420 0.351724 0.323420 0.352874 0.323951 0.354023 0.323951 0.355172 0.327669 0.355172 0.328200 0.354023 0.328200 0.352874 0.328731 0.351724 0.327669 0.349425
2 0.223048 0.470115 0.222517 0.471264 0.221455 0.471264 0.220924 0.472414 0.220393 0.472414 0.220393 0.473563 0.219862 0.474713 0.219862 0.475862 0.219331 0.477011 0.219862 0.478161 0.224642 0.478161 0.225173 0.479310 0.227828 0.479310 0.228359 0.478161 0.229421 0.478161 0.229952 0.477011 0.229952 0.474713 0.227828 0.470115
2 0.090281 0.355172 0.089750 0.356322 0.084971 0.356322 0.084971 0.357471 0.084440 0.358621 0.084440 0.359770 0.084971 0.360920 0.084971 0.372414 0.085502 0.373563 0.085502 0.374713 0.086033 0.375862 0.086033 0.377011 0.086564 0.378161 0.086564 0.379310 0.087626 0.379310 0.088157 0.380460 0.089219 0.380460 0.089750 0.379310 0.092937 0.379310 0.093999 0.377011 0.093999 0.371264 0.093468 0.370115 0.093468 0.368966 0.092937 0.367816 0.092937 0.365517 0.092406 0.364368 0.092406 0.360920 0.091875 0.359770 0.091875 0.356322 0.091344 0.355172
2 0.091344 0.372414 0.090813 0.373563 0.088688 0.373563 0.088157 0.374713 0.086564 0.374713 0.086033 0.375862 0.086033 0.377011 0.085502 0.378161 0.085502 0.379310 0.086033 0.380460 0.086564 0.380460 0.087095 0.381609 0.089750 0.381609 0.090281 0.382759 0.094530 0.382759 0.095061 0.381609 0.098779 0.381609 0.099310 0.380460 0.100372 0.380460 0.100903 0.379310 0.100903 0.378161 0.099841 0.375862 0.097716 0.375862 0.097185 0.374713 0.095592 0.374713 0.095061 0.373563 0.092937 0.373563 0.092406 0.372414
2 0.162507 0.424138 0.161976 0.425287 0.160382 0.425287 0.159320 0.427586 0.159320 0.429885 0.159851 0.431034 0.159851 0.442529 0.160382 0.443678 0.160382 0.444828 0.160913 0.445977 0.165693 0.445977 0.166224 0.444828 0.166755 0.444828 0.167817 0.442529 0.167817 0.441379 0.168348 0.440230 0.168348 0.431034 0.167817 0.429885 0.167817 0.428736 0.167286 0.427586 0.167286 0.426437 0.166755 0.426437 0.166224 0.425287 0.165693 0.425287 0.165162 0.424138
2 0.122146 0.375862 0.121614 0.377011 0.120552 0.377011 0.120021 0.378161 0.120021 0.379310 0.120552 0.380460 0.120552 0.382759 0.121083 0.383908 0.121083 0.386207 0.122146 0.388506 0.124801 0.388506 0.125332 0.387356 0.125863 0.387356 0.126394 0.386207 0.126394 0.382759 0.125863 0.381609 0.125863 0.380460 0.124270 0.377011 0.123739 0.377011 0.123208 0.375862
2 0.168348 0.421839 0.167817 0.422989 0.166755 0.422989 0.166224 0.424138 0.165162 0.424138 0.165162 0.425287 0.165693 0.426437 0.165693 0.427586 0.166224 0.428736 0.166224 0.429885 0.166755 0.431034 0.166755 0.434483 0.167286 0.435632 0.167286 0.437931 0.168348 0.440230 0.173128 0.440230 0.173659 0.439080 0.174190 0.439080 0.174721 0.437931 0.174721 0.436782 0.175252 0.435632 0.175252 0.434483 0.173659 0.431034 0.173659 0.429885 0.173128 0.428736 0.173128 0.427586 0.172597 0.426437 0.172597 0.425287 0.172066 0.424138 0.171535 0.424138 0.171004 0.422989 0.168879 0.422989
2 0.465746 0.379310 0.465215 0.380460 0.464684 0.380460 0.464684 0.381609 0.464153 0.382759 0.464153 0.387356 0.464684 0.388506 0.465215 0.388506 0.465746 0.389655 0.472119 0.389655 0.472650 0.388506 0.473181 0.388506 0.473181 0.382759 0.472650 0.382759 0.471588 0.380460 0.469995 0.380460 0.469464 0.379310
2 0.063197 0.375862 0.062666 0.377011 0.062666 0.378161 0.062135 0.379310 0.062666 0.379310 0.064259 0.382759 0.065321 0.382759 0.065852 0.383908 0.067977 0.383908 0.068508 0.382759 0.069039 0.382759 0.069570 0.381609 0.069570 0.377011 0.069039 0.375862
2 0.339352 0.350575 0.338821 0.351724 0.337759 0.351724 0.337759 0.354023 0.338290 0.355172 0.343601 0.355172 0.344132 0.356322 0.345725 0.356322 0.346256 0.355172 0.348380 0.355172 0.347318 0.352874 0.346787 0.352874 0.346256 0.351724 0.343601 0.351724 0.343070 0.350575
2 0.254381 0.332184 0.253850 0.333333 0.253319 0.333333 0.252788 0.334483 0.252788 0.335632 0.252257 0.336782 0.252257 0.337931 0.252788 0.339080 0.253319 0.339080 0.253850 0.340230 0.255975 0.340230 0.256506 0.339080 0.258099 0.339080 0.258630 0.337931 0.258630 0.333333 0.258099 0.332184