0 0.860528 0.225632 0.859851 0.226534 0.857820 0.226534 0.857143 0.227437 0.856466 0.227437 0.855112 0.229242 0.854435 0.229242 0.850372 0.234657 0.850372 0.236462 0.849695 0.237365 0.849695 0.240072 0.849018 0.240975 0.849018 0.242780 0.848341 0.243682 0.848341 0.245487 0.847664 0.246390 0.847664 0.247292 0.846987 0.248195 0.846987 0.249097 0.844956 0.251805 0.844956 0.252708 0.843602 0.254513 0.843602 0.255415 0.842925 0.256318 0.842248 0.256318 0.841571 0.257220 0.840894 0.257220 0.840217 0.258123 0.839540 0.258123 0.838186 0.259928 0.837508 0.259928 0.836831 0.260830 0.836154 0.260830 0.830738 0.268051 0.830738 0.268953 0.830061 0.269856 0.830061 0.270758 0.826676 0.275271 0.826676 0.276173 0.824645 0.278881 0.824645 0.279783 0.823968 0.280686 0.823968 0.282491 0.823290 0.283394 0.823290 0.286101 0.822613 0.287004 0.822613 0.289711 0.821936 0.290614 0.821936 0.292419 0.821259 0.293321 0.821259 0.296029 0.820582 0.296931 0.820582 0.299639 0.819905 0.300542 0.819905 0.302347 0.819228 0.303249 0.819228 0.307762 0.818551 0.308664 0.818551 0.309567 0.819228 0.310469 0.819228 0.311372 0.821936 0.314982 0.821936 0.315884 0.822613 0.316787 0.822613 0.319495 0.821936 0.320397 0.821936 0.327617 0.822613 0.328520 0.822613 0.339350 0.821936 0.340253 0.821936 0.350181 0.821259 0.351083 0.821259 0.355596 0.821936 0.356498 0.821936 0.361913 0.822613 0.362816 0.822613 0.370036 0.821936 0.370939 0.821936 0.373646 0.821259 0.374549 0.821259 0.376354 0.820582 0.377256 0.820582 0.379964 0.819905 0.380866 0.819905 0.385379 0.819228 0.386282 0.819228 0.388087 0.818551 0.388989 0.818551 0.393502 0.817874 0.394404 0.817874 0.396209 0.817197 0.397112 0.817197 0.398917 0.816520 0.399819 0.816520 0.408845 0.817197 0.409747 0.817197 0.411552 0.816520 0.412455 0.816520 0.414260 0.815843 0.415162 0.815843 0.416968 0.815166 0.417870 0.815166 0.420578 0.814489 0.421480 0.814489 0.426895 0.815166 0.427798 0.815166 0.430505 0.815843 0.431408 0.815843 0.432310 0.816520 0.432310 0.817197 0.433213 0.818551 0.433213 0.819228 0.434116 0.823290 0.434116 0.823968 0.435018 0.824645 0.434116 0.828030 0.434116 0.828707 0.435018 0.830061 0.435018 0.830738 0.435921 0.834800 0.435921 0.835477 0.436823 0.842925 0.436823 0.843602 0.435921 0.844956 0.435921 0.845633 0.435018 0.844279 0.433213 0.844279 0.432310 0.842925 0.430505 0.842925 0.429603 0.842248 0.428700 0.842248 0.416065 0.842925 0.415162 0.842925 0.409747 0.843602 0.408845 0.843602 0.407040 0.844279 0.406137 0.844279 0.405235 0.844956 0.404332 0.844956 0.403430 0.845633 0.402527 0.845633 0.400722 0.846310 0.399819 0.846310 0.398917 0.846987 0.398014 0.846987 0.396209 0.847664 0.395307 0.847664 0.394404 0.848341 0.393502 0.848341 0.392599 0.849018 0.391697 0.849018 0.390794 0.849695 0.389892 0.849695 0.388989 0.850372 0.388087 0.850372 0.386282 0.851049 0.385379 0.851049 0.384477 0.851726 0.383574 0.851726 0.382671 0.852404 0.381769 0.852404 0.379061 0.853081 0.378159 0.853081 0.375451 0.853758 0.374549 0.853758 0.372744 0.854435 0.371841 0.854435 0.369134 0.855112 0.368231 0.855112 0.366426 0.855789 0.365523 0.855789 0.364621 0.856466 0.363718 0.856466 0.359206 0.857143 0.358303 0.857143 0.354693 0.857820 0.353791 0.857820 0.347473 0.858497 0.346570 0.858497 0.343863 0.859174 0.342960 0.859174 0.342058 0.859851 0.341155 0.859851 0.340253 0.861205 0.338448 0.861205 0.336643 0.861882 0.335740 0.861882 0.329422 0.861205 0.328520 0.861205 0.326715 0.861882 0.325812 0.861882 0.323105 0.861205 0.322202 0.861205 0.318592 0.861882 0.317690 0.861882 0.316787 0.862559 0.315884 0.868653 0.315884 0.869330 0.314982 0.873392 0.314982 0.874069 0.314079 0.876777 0.314079 0.877454 0.313177 0.878131 0.313177 0.878808 0.312274 0.879485 0.312274 0.880162 0.311372 0.880162 0.310469 0.880840 0.309567 0.880840 0.307762 0.881517 0.306859 0.881517 0.303249 0.882194 0.302347 0.882194 0.301444 0.882871 0.300542 0.882871 0.299639 0.883548 0.298736 0.883548 0.297834 0.884225 0.296931 0.884225 0.295126 0.883548 0.294224 0.883548 0.291516 0.882871 0.290614 0.882194 0.290614 0.880840 0.288809 0.879485 0.288809 0.878808 0.289711 0.878131 0.289711 0.876777 0.291516 0.872715 0.291516 0.867976 0.285199 0.867976 0.284296 0.866622 0.282491 0.866622 0.281588 0.865267 0.279783 0.865267 0.278881 0.863236 0.276173 0.863236 0.275271 0.861205 0.272563 0.861205 0.270758 0.860528 0.269856 0.860528 0.262635 0.861205 0.261733 0.861205 0.259928 0.863236 0.257220 0.863236 0.256318 0.864590 0.254513 0.865267 0.254513 0.866622 0.252708 0.867299 0.252708 0.867976 0.251805 0.870007 0.251805 0.871361 0.250000 0.871361 0.249097 0.872038 0.248195 0.872038 0.246390 0.872715 0.245487 0.872715 0.236462 0.872038 0.235560 0.872038 0.234657 0.871361 0.233755 0.871361 0.232852 0.870684 0.231949 0.870684 0.231047 0.868653 0.228339 0.867976 0.228339 0.867299 0.227437 0.866622 0.227437 0.865944 0.226534 0.863913 0.226534 0.863236 0.225632
0 0.257955 0.256318 0.256601 0.258123 0.255924 0.258123 0.255924 0.259025 0.254570 0.260830 0.254570 0.265343 0.255247 0.266245 0.255247 0.267148 0.255924 0.268051 0.255924 0.270758 0.256601 0.271661 0.256601 0.275271 0.255924 0.276173 0.255924 0.278881 0.255247 0.279783 0.255247 0.280686 0.254570 0.281588 0.254570 0.283394 0.253893 0.284296 0.253893 0.287906 0.253216 0.288809 0.253216 0.296931 0.253893 0.297834 0.253893 0.301444 0.254570 0.302347 0.254570 0.304152 0.255924 0.305957 0.255924 0.306859 0.256601 0.307762 0.256601 0.308664 0.257278 0.309567 0.257278 0.312274 0.257955 0.313177 0.257955 0.314982 0.258632 0.315884 0.258632 0.316787 0.259309 0.317690 0.259309 0.319495 0.259986 0.320397 0.259986 0.321300 0.262018 0.324007 0.262018 0.324910 0.262695 0.325812 0.262695 0.336643 0.263372 0.337545 0.263372 0.353791 0.264049 0.354693 0.264049 0.355596 0.265403 0.357401 0.266080 0.357401 0.266757 0.356498 0.268788 0.356498 0.268788 0.355596 0.269465 0.354693 0.269465 0.342058 0.270142 0.341155 0.270142 0.336643 0.270819 0.335740 0.270819 0.334838 0.272173 0.333032 0.272850 0.333032 0.274882 0.335740 0.275559 0.335740 0.276236 0.336643 0.276236 0.337545 0.276913 0.338448 0.276913 0.339350 0.277590 0.340253 0.277590 0.341155 0.278267 0.342058 0.278267 0.344765 0.278944 0.345668 0.278944 0.347473 0.279621 0.348375 0.279621 0.350181 0.280298 0.351083 0.280298 0.352888 0.280975 0.353791 0.280975 0.354693 0.281652 0.355596 0.281652 0.356498 0.282329 0.356498 0.283006 0.357401 0.283683 0.357401 0.284360 0.358303 0.285037 0.358303 0.285714 0.359206 0.287068 0.359206 0.287745 0.358303 0.287745 0.351083 0.287068 0.350181 0.287068 0.347473 0.286391 0.346570 0.286391 0.344765 0.285714 0.343863 0.285714 0.342960 0.285037 0.342058 0.285037 0.341155 0.284360 0.340253 0.284360 0.339350 0.283683 0.338448 0.283683 0.337545 0.282329 0.335740 0.282329 0.333935 0.281652 0.333032 0.281652 0.332130 0.280975 0.331227 0.280975 0.328520 0.280298 0.327617 0.280298 0.319495 0.279621 0.318592 0.279621 0.314079 0.278944 0.313177 0.278944 0.309567 0.278267 0.308664 0.278267 0.305054 0.278944 0.304152 0.278944 0.301444 0.279621 0.300542 0.279621 0.292419 0.278944 0.291516 0.278944 0.288809 0.278267 0.287906 0.278267 0.286101 0.277590 0.285199 0.277590 0.283394 0.276913 0.282491 0.276913 0.281588 0.276236 0.280686 0.276236 0.279783 0.274204 0.277076 0.273527 0.277076 0.272173 0.275271 0.268788 0.275271 0.268111 0.274368 0.267434 0.274368 0.265403 0.271661 0.265403 0.261733 0.264726 0.260830 0.264726 0.259928 0.262695 0.257220 0.262018 0.257220 0.261341 0.256318
0 0.244414 0.251805 0.243737 0.252708 0.242383 0.252708 0.241706 0.253610 0.241029 0.253610 0.239675 0.255415 0.239675 0.256318 0.238998 0.257220 0.238998 0.258123 0.238321 0.259025 0.238321 0.264440 0.238998 0.265343 0.238998 0.266245 0.238321 0.267148 0.238321 0.269856 0.237644 0.270758 0.237644 0.271661 0.236967 0.272563 0.236967 0.273466 0.235613 0.275271 0.235613 0.276173 0.234259 0.277978 0.234259 0.278881 0.233582 0.279783 0.233582 0.281588 0.232905 0.282491 0.232905 0.283394 0.231550 0.285199 0.231550 0.286101 0.230873 0.287004 0.230873 0.287906 0.230196 0.288809 0.230196 0.289711 0.229519 0.290614 0.229519 0.292419 0.228842 0.293321 0.228842 0.295126 0.228165 0.296029 0.228165 0.298736 0.227488 0.299639 0.227488 0.302347 0.226811 0.303249 0.226811 0.306859 0.228842 0.309567 0.230873 0.309567 0.231550 0.308664 0.231550 0.307762 0.232227 0.306859 0.232227 0.305054 0.232905 0.304152 0.232905 0.303249 0.233582 0.302347 0.233582 0.301444 0.234259 0.300542 0.234936 0.301444 0.236290 0.301444 0.237644 0.303249 0.237644 0.304152 0.238321 0.305054 0.238321 0.306859 0.238998 0.307762 0.238998 0.309567 0.239675 0.310469 0.239675 0.316787 0.240352 0.317690 0.240352 0.321300 0.241029 0.322202 0.241029 0.326715 0.241706 0.327617 0.241706 0.331227 0.242383 0.332130 0.242383 0.335740 0.243060 0.336643 0.243060 0.342960 0.243737 0.343863 0.243737 0.351083 0.244414 0.351986 0.243737 0.352888 0.243737 0.355596 0.244414 0.356498 0.244414 0.358303 0.249831 0.358303 0.254570 0.351986 0.254570 0.349278 0.255247 0.348375 0.255247 0.326715 0.254570 0.325812 0.254570 0.322202 0.253893 0.321300 0.253893 0.314982 0.253216 0.314079 0.253216 0.312274 0.253893 0.311372 0.253893 0.303249 0.253216 0.302347 0.253216 0.294224 0.252539 0.293321 0.252539 0.288809 0.253216 0.287906 0.253216 0.284296 0.253893 0.283394 0.253893 0.282491 0.254570 0.281588 0.254570 0.279783 0.255247 0.278881 0.255247 0.272563 0.251185 0.267148 0.251185 0.266245 0.250508 0.265343 0.250508 0.259025 0.249831 0.258123 0.249831 0.257220 0.248477 0.255415 0.248477 0.254513 0.247800 0.253610 0.246445 0.253610 0.245768 0.252708 0.245091 0.252708
0 0.000000 0.254513 0.000000 0.305957 0.005416 0.305957 0.006093 0.305054 0.009479 0.305054 0.010156 0.304152 0.010833 0.304152 0.011510 0.303249 0.011510 0.301444 0.010833 0.300542 0.010833 0.299639 0.010156 0.298736 0.010156 0.297834 0.009479 0.296931 0.009479 0.296029 0.008802 0.295126 0.008802 0.294224 0.008125 0.293321 0.008125 0.287906 0.010156 0.285199 0.012864 0.285199 0.013541 0.284296 0.018280 0.284296 0.018957 0.283394 0.019634 0.283394 0.020311 0.282491 0.020311 0.277978 0.012187 0.267148 0.011510 0.267148 0.010156 0.265343 0.009479 0.265343 0.008802 0.264440 0.008125 0.264440 0.007448 0.263538 0.006770 0.263538 0.006093 0.262635 0.005416 0.262635 0.004739 0.261733 0.004739 0.260830 0.002708 0.258123 0.002708 0.257220 0.001354 0.255415 0.001354 0.254513
0 0.316858 0.246390 0.316181 0.247292 0.314150 0.247292 0.313473 0.248195 0.312796 0.248195 0.312119 0.249097 0.312119 0.250000 0.310765 0.251805 0.310765 0.258123 0.311442 0.259025 0.311442 0.261733 0.312119 0.262635 0.312119 0.264440 0.312796 0.265343 0.312796 0.266245 0.313473 0.267148 0.313473 0.274368 0.312796 0.275271 0.312796 0.289711 0.313473 0.290614 0.313473 0.298736 0.314150 0.299639 0.313473 0.300542 0.313473 0.312274 0.314150 0.313177 0.314150 0.324007 0.314827 0.324910 0.314827 0.331227 0.315504 0.332130 0.315504 0.337545 0.316181 0.338448 0.316181 0.345668 0.316858 0.346570 0.316858 0.348375 0.317536 0.349278 0.317536 0.350181 0.318213 0.351083 0.318213 0.351986 0.318890 0.352888 0.318890 0.354693 0.319567 0.355596 0.319567 0.356498 0.321598 0.359206 0.322952 0.359206 0.323629 0.360108 0.325660 0.360108 0.326337 0.359206 0.327691 0.359206 0.328368 0.358303 0.328368 0.357401 0.329045 0.356498 0.329045 0.354693 0.329722 0.353791 0.329722 0.352888 0.330399 0.351986 0.330399 0.349278 0.331077 0.348375 0.331077 0.347473 0.330399 0.346570 0.330399 0.342058 0.329722 0.341155 0.329722 0.322202 0.330399 0.321300 0.330399 0.317690 0.331077 0.316787 0.331077 0.306859 0.330399 0.305957 0.330399 0.303249 0.329722 0.302347 0.329722 0.301444 0.329045 0.300542 0.329045 0.299639 0.328368 0.298736 0.328368 0.294224 0.327691 0.293321 0.328368 0.292419 0.328368 0.287906 0.329045 0.287004 0.329045 0.277076 0.328368 0.276173 0.328368 0.273466 0.327691 0.272563 0.327691 0.270758 0.327014 0.269856 0.327014 0.268051 0.326337 0.267148 0.326337 0.266245 0.325660 0.265343 0.325660 0.264440 0.324983 0.263538 0.324983 0.259928 0.324306 0.259025 0.324306 0.253610 0.323629 0.252708 0.323629 0.251805 0.320921 0.248195 0.320244 0.248195 0.319567 0.247292 0.318213 0.247292 0.317536 0.246390
0 0.166554 0.256318 0.165877 0.257220 0.164523 0.257220 0.163846 0.258123 0.163169 0.258123 0.162492 0.259025 0.162492 0.259928 0.161814 0.260830 0.161814 0.262635 0.161137 0.263538 0.161137 0.265343 0.161814 0.266245 0.161814 0.268051 0.162492 0.268953 0.162492 0.272563 0.163169 0.273466 0.163169 0.274368 0.163846 0.275271 0.163846 0.276173 0.164523 0.277076 0.164523 0.277978 0.165200 0.278881 0.165200 0.284296 0.164523 0.285199 0.164523 0.287906 0.163846 0.288809 0.163846 0.292419 0.163169 0.293321 0.163169 0.300542 0.163846 0.301444 0.163846 0.305957 0.164523 0.306859 0.164523 0.311372 0.165200 0.312274 0.165200 0.314079 0.165877 0.314982 0.165877 0.315884 0.166554 0.316787 0.166554 0.317690 0.167231 0.318592 0.167231 0.319495 0.167908 0.320397 0.167908 0.322202 0.168585 0.323105 0.168585 0.324910 0.169262 0.325812 0.169262 0.328520 0.169939 0.329422 0.169939 0.333032 0.170616 0.333935 0.170616 0.342960 0.171293 0.343863 0.171293 0.346570 0.171970 0.347473 0.171970 0.360108 0.172647 0.361011 0.172647 0.361913 0.173324 0.362816 0.174001 0.362816 0.174678 0.363718 0.177387 0.363718 0.178064 0.364621 0.178741 0.364621 0.179418 0.363718 0.180095 0.363718 0.180772 0.362816 0.181449 0.362816 0.182126 0.361913 0.182126 0.360108 0.182803 0.359206 0.182803 0.357401 0.182126 0.356498 0.182126 0.346570 0.181449 0.345668 0.181449 0.339350 0.180772 0.338448 0.180772 0.337545 0.181449 0.336643 0.181449 0.327617 0.182126 0.326715 0.182126 0.318592 0.181449 0.317690 0.182126 0.316787 0.182126 0.302347 0.181449 0.301444 0.181449 0.289711 0.180772 0.288809 0.180772 0.285199 0.180095 0.284296 0.180095 0.282491 0.179418 0.281588 0.179418 0.280686 0.173324 0.272563 0.173324 0.260830 0.170616 0.257220 0.169262 0.257220 0.168585 0.256318
0 0.916723 0.228339 0.916046 0.229242 0.913338 0.229242 0.912661 0.230144 0.911307 0.230144 0.909953 0.231949 0.909276 0.231949 0.905213 0.237365 0.905213 0.238267 0.904536 0.239170 0.904536 0.240975 0.903859 0.241877 0.903859 0.243682 0.903182 0.244585 0.903182 0.245487 0.900474 0.249097 0.900474 0.250000 0.899797 0.250903 0.899797 0.251805 0.901828 0.254513 0.902505 0.254513 0.905213 0.258123 0.905213 0.259928 0.904536 0.260830 0.904536 0.261733 0.901828 0.265343 0.901828 0.266245 0.900474 0.268051 0.900474 0.268953 0.899797 0.269856 0.899797 0.271661 0.899120 0.272563 0.899120 0.278881 0.898443 0.279783 0.898443 0.282491 0.897089 0.284296 0.897089 0.286101 0.896412 0.287004 0.896412 0.290614 0.897089 0.291516 0.897089 0.292419 0.899797 0.296029 0.900474 0.296029 0.901151 0.296931 0.901828 0.296029 0.906567 0.296029 0.907244 0.295126 0.908599 0.296931 0.908599 0.298736 0.909276 0.299639 0.909276 0.300542 0.908599 0.301444 0.908599 0.306859 0.907921 0.307762 0.907921 0.310469 0.907244 0.311372 0.907244 0.313177 0.906567 0.314079 0.906567 0.318592 0.905890 0.319495 0.905890 0.329422 0.905213 0.330325 0.905213 0.333935 0.904536 0.334838 0.904536 0.337545 0.903859 0.338448 0.903859 0.342960 0.903182 0.343863 0.903182 0.351986 0.903859 0.352888 0.903859 0.359206 0.904536 0.360108 0.904536 0.366426 0.905213 0.367329 0.905213 0.382671 0.904536 0.383574 0.904536 0.390794 0.903859 0.391697 0.903859 0.397112 0.903182 0.398014 0.903182 0.405235 0.902505 0.406137 0.902505 0.407942 0.903182 0.408845 0.903182 0.418773 0.901151 0.421480 0.900474 0.421480 0.900474 0.422383 0.899120 0.424188 0.899120 0.425090 0.899797 0.425090 0.900474 0.425993 0.901828 0.425993 0.902505 0.426895 0.903182 0.426895 0.903859 0.427798 0.904536 0.426895 0.905213 0.426895 0.905890 0.425993 0.907244 0.425993 0.907921 0.425090 0.908599 0.425090 0.908599 0.423285 0.909276 0.422383 0.909276 0.421480 0.910630 0.419675 0.911307 0.419675 0.913338 0.416968 0.914015 0.416968 0.915369 0.415162 0.916046 0.415162 0.916046 0.413357 0.916723 0.412455 0.916723 0.405235 0.917400 0.404332 0.917400 0.400722 0.918077 0.399819 0.918077 0.394404 0.918754 0.393502 0.918754 0.368231 0.919431 0.367329 0.919431 0.362816 0.920108 0.361913 0.920108 0.359206 0.920785 0.358303 0.920785 0.353791 0.921462 0.352888 0.924171 0.356498 0.924848 0.356498 0.925525 0.357401 0.925525 0.358303 0.926202 0.359206 0.926202 0.363718 0.926879 0.364621 0.926879 0.367329 0.927556 0.368231 0.927556 0.370036 0.928233 0.370939 0.928233 0.373646 0.928910 0.374549 0.928910 0.377256 0.929587 0.378159 0.929587 0.401625 0.930264 0.402527 0.930264 0.405235 0.930941 0.406137 0.930941 0.408845 0.931618 0.409747 0.931618 0.410650 0.932295 0.411552 0.932295 0.414260 0.932972 0.415162 0.932972 0.416065 0.934326 0.417870 0.942451 0.417870 0.943128 0.416968 0.943128 0.416065 0.943805 0.415162 0.943805 0.410650 0.944482 0.409747 0.944482 0.401625 0.945159 0.400722 0.945159 0.393502 0.944482 0.392599 0.944482 0.387184 0.943805 0.386282 0.943805 0.375451 0.943128 0.374549 0.943128 0.368231 0.943805 0.367329 0.943805 0.363718 0.944482 0.362816 0.944482 0.343863 0.943805 0.342960 0.943805 0.336643 0.943128 0.335740 0.943128 0.317690 0.943805 0.316787 0.943805 0.313177 0.944482 0.312274 0.944482 0.310469 0.946513 0.307762 0.946513 0.306859 0.949221 0.303249 0.949898 0.303249 0.951930 0.300542 0.952607 0.300542 0.953961 0.298736 0.954638 0.298736 0.955992 0.296931 0.956669 0.296931 0.959377 0.293321 0.960054 0.293321 0.960054 0.291516 0.960731 0.290614 0.960731 0.288809 0.960054 0.287906 0.960054 0.287004 0.959377 0.286101 0.959377 0.285199 0.958023 0.283394 0.958023 0.282491 0.942451 0.261733 0.941774 0.261733 0.940420 0.259928 0.939743 0.259928 0.938389 0.258123 0.937712 0.258123 0.937035 0.257220 0.936357 0.257220 0.935680 0.256318 0.935003 0.256318 0.934326 0.255415 0.932972 0.255415 0.932295 0.254513 0.931618 0.254513 0.930941 0.253610 0.930264 0.253610 0.928233 0.250903 0.928233 0.250000 0.926879 0.248195 0.926879 0.247292 0.927556 0.246390 0.927556 0.240975 0.926879 0.240072 0.926879 0.237365 0.925525 0.235560 0.925525 0.234657 0.922139 0.230144 0.921462 0.230144 0.920785 0.229242 0.918754 0.229242 0.918077 0.228339
0 0.883548 0.298736 0.883548 0.299639 0.882871 0.300542 0.882871 0.301444 0.882194 0.302347 0.882194 0.305054 0.881517 0.305957 0.881517 0.311372 0.880840 0.312274 0.880840 0.314079 0.880162 0.314982 0.880162 0.316787 0.879485 0.317690 0.879485 0.319495 0.878808 0.320397 0.878808 0.322202 0.878131 0.323105 0.878131 0.324910 0.877454 0.325812 0.877454 0.327617 0.876777 0.328520 0.876777 0.330325 0.876100 0.331227 0.876100 0.333935 0.875423 0.334838 0.875423 0.337545 0.874746 0.338448 0.874746 0.340253 0.872715 0.342960 0.872038 0.342960 0.871361 0.343863 0.867299 0.343863 0.866622 0.342960 0.864590 0.342960 0.863913 0.343863 0.863913 0.344765 0.861882 0.347473 0.861882 0.348375 0.861205 0.349278 0.861205 0.350181 0.860528 0.351083 0.860528 0.352888 0.859851 0.353791 0.859851 0.354693 0.859174 0.355596 0.859174 0.358303 0.858497 0.359206 0.858497 0.363718 0.859174 0.364621 0.859174 0.367329 0.859851 0.368231 0.859851 0.370939 0.860528 0.371841 0.860528 0.385379 0.859851 0.386282 0.859851 0.387184 0.857820 0.389892 0.857820 0.390794 0.857143 0.391697 0.857143 0.393502 0.856466 0.394404 0.856466 0.395307 0.855789 0.396209 0.855789 0.398014 0.855112 0.398917 0.855112 0.401625 0.854435 0.402527 0.854435 0.406137 0.853758 0.407040 0.853758 0.411552 0.853081 0.412455 0.853081 0.418773 0.855112 0.421480 0.859851 0.421480 0.860528 0.422383 0.862559 0.422383 0.864590 0.425090 0.865267 0.425090 0.865944 0.425993 0.866622 0.425993 0.867299 0.426895 0.868653 0.426895 0.869330 0.427798 0.876100 0.427798 0.876777 0.426895 0.877454 0.426895 0.878808 0.425090 0.879485 0.425090 0.874746 0.418773 0.874746 0.412455 0.875423 0.411552 0.875423 0.409747 0.876100 0.408845 0.876100 0.407040 0.876777 0.406137 0.876777 0.403430 0.877454 0.402527 0.877454 0.400722 0.878131 0.399819 0.878131 0.398917 0.878808 0.398014 0.878808 0.397112 0.879485 0.396209 0.879485 0.395307 0.880162 0.394404 0.880162 0.393502 0.880840 0.392599 0.880840 0.391697 0.882871 0.388989 0.882871 0.388087 0.883548 0.387184 0.883548 0.386282 0.884225 0.385379 0.884225 0.383574 0.884902 0.382671 0.884902 0.379964 0.885579 0.379061 0.885579 0.374549 0.886256 0.373646 0.886256 0.370939 0.886933 0.370036 0.886933 0.368231 0.887610 0.367329 0.887610 0.366426 0.888287 0.365523 0.888287 0.363718 0.888964 0.362816 0.888964 0.350181 0.889641 0.349278 0.889641 0.348375 0.888964 0.347473 0.888964 0.344765 0.889641 0.343863 0.890318 0.343863 0.890995 0.342960 0.893026 0.342960 0.893703 0.342058 0.895735 0.342058 0.896412 0.341155 0.897089 0.341155 0.897089 0.340253 0.897766 0.339350 0.897766 0.337545 0.897089 0.336643 0.897089 0.335740 0.895058 0.333032 0.895058 0.332130 0.894381 0.331227 0.894381 0.330325 0.892349 0.327617 0.892349 0.326715 0.891672 0.325812 0.891672 0.324910 0.890995 0.324007 0.890995 0.320397 0.890318 0.319495 0.890318 0.318592 0.889641 0.317690 0.889641 0.315884 0.888964 0.314982 0.888964 0.313177 0.888287 0.312274 0.888287 0.309567 0.887610 0.308664 0.887610 0.304152 0.886933 0.303249 0.886933 0.300542 0.886256 0.299639 0.884225 0.299639
0 0.885579 0.257220 0.884902 0.258123 0.881517 0.258123 0.880840 0.259025 0.880162 0.259025 0.879485 0.259928 0.878131 0.259928 0.876777 0.261733 0.876100 0.261733 0.874069 0.264440 0.874069 0.267148 0.874746 0.268051 0.875423 0.268051 0.876100 0.268953 0.878131 0.268953 0.878808 0.269856 0.880162 0.269856 0.882194 0.272563 0.882194 0.274368 0.882871 0.275271 0.882871 0.276173 0.882194 0.277076 0.882194 0.287004 0.882871 0.287906 0.882871 0.288809 0.883548 0.289711 0.884902 0.289711 0.885579 0.290614 0.886256 0.290614 0.889641 0.286101 0.890318 0.286101 0.893703 0.281588 0.894381 0.281588 0.895058 0.280686 0.895735 0.280686 0.897089 0.278881 0.897089 0.277978 0.896412 0.277076 0.896412 0.274368 0.895735 0.273466 0.895735 0.271661 0.895058 0.270758 0.895058 0.268051 0.894381 0.267148 0.894381 0.265343 0.893703 0.264440 0.893703 0.263538 0.892349 0.261733 0.892349 0.260830 0.890318 0.258123 0.888287 0.258123 0.887610 0.257220
0 0.551117 0.739170 0.550440 0.740072 0.541638 0.740072 0.540961 0.740975 0.536899 0.740975 0.536222 0.741877 0.535545 0.741877 0.534191 0.743682 0.533514 0.743682 0.527420 0.751805 0.527420 0.752708 0.526743 0.753610 0.526743 0.754513 0.526066 0.755415 0.526066 0.756318 0.525389 0.757220 0.525389 0.758123 0.524712 0.759025 0.524712 0.759928 0.524035 0.760830 0.524035 0.761733 0.523358 0.762635 0.523358 0.763538 0.522004 0.765343 0.522004 0.766245 0.521327 0.767148 0.521327 0.768051 0.520650 0.768953 0.520650 0.770758 0.519973 0.771661 0.519973 0.775271 0.519296 0.776173 0.519296 0.778881 0.518619 0.779783 0.518619 0.780686 0.517942 0.781588 0.517942 0.782491 0.516588 0.784296 0.516588 0.785199 0.515234 0.787004 0.513879 0.787004 0.513202 0.787906 0.512525 0.787906 0.511848 0.788809 0.510494 0.788809 0.509817 0.789711 0.509140 0.789711 0.508463 0.790614 0.507786 0.790614 0.503724 0.796029 0.503724 0.796931 0.503047 0.797834 0.503047 0.798736 0.502370 0.799639 0.502370 0.800542 0.501693 0.801444 0.501693 0.802347 0.501016 0.803249 0.501016 0.805054 0.500339 0.805957 0.500339 0.810469 0.501016 0.811372 0.501016 0.812274 0.503724 0.815884 0.504401 0.815884 0.505078 0.816787 0.506432 0.816787 0.507109 0.817690 0.509817 0.817690 0.510494 0.818592 0.517942 0.818592 0.518619 0.817690 0.523358 0.817690 0.524035 0.816787 0.526066 0.816787 0.526743 0.815884 0.527420 0.815884 0.528097 0.814982 0.529452 0.814982 0.530129 0.814079 0.530806 0.814079 0.532160 0.812274 0.532837 0.812274 0.535545 0.808664 0.536222 0.808664 0.541638 0.801444 0.542316 0.801444 0.544347 0.798736 0.545024 0.798736 0.545701 0.797834 0.546378 0.797834 0.547055 0.796931 0.547732 0.796931 0.549086 0.795126 0.550440 0.795126 0.551117 0.794224 0.551794 0.794224 0.552471 0.793321 0.553148 0.793321 0.553825 0.792419 0.554502 0.792419 0.555179 0.791516 0.557211 0.791516 0.557888 0.790614 0.558565 0.790614 0.559919 0.788809 0.561950 0.788809 0.562627 0.787906 0.563981 0.787906 0.564658 0.787004 0.566012 0.787004 0.569397 0.782491 0.569397 0.780686 0.570074 0.779783 0.570074 0.778881 0.569397 0.777978 0.569397 0.772563 0.568720 0.771661 0.568720 0.759025 0.568043 0.758123 0.568043 0.756318 0.567366 0.755415 0.567366 0.748195 0.566689 0.747292 0.566689 0.743682 0.566012 0.742780 0.566012 0.740975 0.564658 0.739170
0 0.600542 0.127256 0.599865 0.128159 0.596479 0.128159 0.595802 0.129061 0.594448 0.129061 0.593771 0.129964 0.592417 0.129964 0.591740 0.130866 0.591063 0.130866 0.590386 0.131769 0.589709 0.131769 0.589032 0.132671 0.588355 0.132671 0.587678 0.133574 0.587001 0.133574 0.585647 0.135379 0.584970 0.135379 0.584292 0.136282 0.583615 0.136282 0.582938 0.137184 0.582261 0.137184 0.581584 0.138087 0.580907 0.138087 0.580230 0.138989 0.579553 0.138989 0.573460 0.147112 0.573460 0.148014 0.572106 0.149819 0.572106 0.150722 0.570074 0.153430 0.570074 0.154332 0.568720 0.156137 0.568720 0.157040 0.568043 0.157942 0.568043 0.158845 0.567366 0.159747 0.567366 0.160650 0.566689 0.161552 0.566689 0.162455 0.566012 0.163357 0.566012 0.164260 0.565335 0.165162 0.565335 0.166968 0.564658 0.167870 0.564658 0.170578 0.563981 0.171480 0.563981 0.173285 0.563304 0.174188 0.563304 0.175993 0.562627 0.176895 0.562627 0.178700 0.561950 0.179603 0.561950 0.182310 0.561273 0.183213 0.561273 0.186823 0.560596 0.187726 0.560596 0.189531 0.559919 0.190433 0.559919 0.192238 0.559242 0.193141 0.559242 0.194043 0.558565 0.194946 0.558565 0.196751 0.557211 0.198556 0.557211 0.199458 0.554502 0.203069 0.554502 0.206679 0.555856 0.208484 0.555856 0.209386 0.556534 0.210289 0.557211 0.210289 0.557888 0.211191 0.559242 0.211191 0.559919 0.212094 0.561273 0.212094 0.563981 0.215704 0.563981 0.217509 0.561950 0.220217 0.561273 0.220217 0.559919 0.222022 0.559919 0.222924 0.559242 0.223827 0.559242 0.231047 0.559919 0.231949 0.559919 0.234657 0.561273 0.236462 0.561273 0.238267 0.561950 0.239170 0.561950 0.240072 0.563304 0.241877 0.563304 0.242780 0.563981 0.243682 0.563981 0.244585 0.565335 0.246390 0.565335 0.247292 0.566012 0.248195 0.566012 0.250000 0.566689 0.250903 0.566689 0.252708 0.567366 0.253610 0.567366 0.255415 0.566689 0.256318 0.565335 0.256318 0.564658 0.257220 0.551794 0.257220 0.551117 0.258123 0.548409 0.258123 0.547732 0.259025 0.546378 0.259025 0.545701 0.259928 0.545024 0.259928 0.544347 0.260830 0.543670 0.260830 0.542993 0.261733 0.542316 0.261733 0.540284 0.264440 0.539607 0.264440 0.536899 0.268051 0.536899 0.268953 0.535545 0.270758 0.535545 0.271661 0.534868 0.272563 0.534868 0.273466 0.530129 0.279783 0.529452 0.279783 0.528097 0.281588 0.527420 0.281588 0.526743 0.282491 0.526066 0.282491 0.525389 0.283394 0.524712 0.283394 0.523358 0.285199 0.522681 0.285199 0.522004 0.286101 0.521327 0.286101 0.518619 0.289711 0.518619 0.290614 0.517265 0.292419 0.517265 0.293321 0.514557 0.296931 0.513879 0.296931 0.513202 0.297834 0.512525 0.297834 0.511848 0.298736 0.510494 0.298736 0.509817 0.299639 0.508463 0.299639 0.507786 0.300542 0.505078 0.300542 0.504401 0.301444 0.503047 0.301444 0.502370 0.302347 0.501016 0.302347 0.500339 0.303249 0.498984 0.303249 0.498307 0.304152 0.497630 0.304152 0.496276 0.305957 0.495599 0.305957 0.494922 0.306859 0.494245 0.306859 0.493568 0.307762 0.492891 0.307762 0.492214 0.308664 0.491537 0.308664 0.490183 0.310469 0.489506 0.310469 0.488152 0.312274 0.487475 0.312274 0.485443 0.314982 0.484766 0.314982 0.483412 0.316787 0.482735 0.316787 0.480704 0.319495 0.480704 0.320397 0.478673 0.323105 0.478673 0.324007 0.476642 0.326715 0.475965 0.326715 0.475288 0.327617 0.473934 0.327617 0.473257 0.328520 0.472580 0.328520 0.465809 0.337545 0.465132 0.337545 0.464455 0.338448 0.463778 0.338448 0.463101 0.339350 0.462424 0.339350 0.461747 0.340253 0.461070 0.340253 0.460393 0.341155 0.459716 0.341155 0.457684 0.343863 0.457007 0.343863 0.454976 0.346570 0.454299 0.346570 0.452268 0.349278 0.451591 0.349278 0.450237 0.351083 0.449560 0.351083 0.448883 0.351986 0.448883 0.352888 0.446852 0.355596 0.446852 0.356498 0.445498 0.358303 0.445498 0.360108 0.444821 0.361011 0.444821 0.362816 0.444144 0.363718 0.444144 0.364621 0.443466 0.365523 0.443466 0.366426 0.442789 0.367329 0.442789 0.368231 0.441435 0.370036 0.441435 0.370939 0.440758 0.371841 0.440758 0.373646 0.440081 0.374549 0.440081 0.375451 0.439404 0.376354 0.439404 0.378159 0.438727 0.379061 0.438727 0.379964 0.438050 0.380866 0.438050 0.381769 0.432634 0.388989 0.431957 0.388989 0.429926 0.391697 0.429248 0.391697 0.427894 0.393502 0.427217 0.393502 0.426540 0.394404 0.426540 0.395307 0.425863 0.396209 0.425186 0.396209 0.425186 0.397112 0.424509 0.398014 0.424509 0.398917 0.423155 0.400722 0.423155 0.401625 0.422478 0.402527 0.422478 0.404332 0.421801 0.405235 0.421801 0.406137 0.421124 0.407040 0.421124 0.410650 0.420447 0.411552 0.420447 0.419675 0.419770 0.420578 0.419770 0.428700 0.420447 0.429603 0.420447 0.434116 0.421124 0.435018 0.421124 0.436823 0.421801 0.437726 0.421801 0.438628 0.426540 0.444946 0.427217 0.444946 0.427894 0.445848 0.429926 0.445848 0.431280 0.444043 0.431280 0.442238 0.433311 0.439531 0.433311 0.438628 0.433988 0.437726 0.433988 0.436823 0.434665 0.435921 0.434665 0.435018 0.438050 0.430505 0.438050 0.429603 0.442112 0.424188 0.444144 0.424188 0.444821 0.425090 0.445498 0.425090 0.446175 0.425993 0.446175 0.426895 0.446852 0.427798 0.446852 0.435018 0.447529 0.435921 0.448206 0.435921 0.448883 0.436823 0.449560 0.436823 0.450237 0.435921 0.451591 0.435921 0.452268 0.435018 0.452945 0.435018 0.453622 0.434116 0.453622 0.433213 0.454299 0.432310 0.454299 0.428700 0.454976 0.427798 0.454976 0.422383 0.455653 0.421480 0.455653 0.419675 0.456330 0.418773 0.456330 0.416065 0.457007 0.415162 0.457007 0.400722 0.457684 0.399819 0.457684 0.398014 0.461747 0.392599 0.462424 0.392599 0.463101 0.391697 0.465809 0.391697 0.466486 0.390794 0.467840 0.390794 0.468517 0.389892 0.469871 0.389892 0.470548 0.388989 0.471225 0.388989 0.471903 0.388087 0.472580 0.388087 0.473934 0.386282 0.474611 0.386282 0.475965 0.384477 0.476642 0.384477 0.477996 0.382671 0.478673 0.382671 0.480704 0.379964 0.481381 0.379964 0.483412 0.377256 0.484089 0.377256 0.486798 0.373646 0.487475 0.373646 0.489506 0.370939 0.490183 0.370939 0.490860 0.370036 0.491537 0.370036 0.492214 0.369134 0.493568 0.369134 0.494245 0.368231 0.495599 0.368231 0.496276 0.367329 0.498984 0.367329 0.499661 0.366426 0.504401 0.366426 0.505078 0.365523 0.506432 0.365523 0.507109 0.364621 0.507786 0.364621 0.508463 0.363718 0.509140 0.363718 0.511171 0.361011 0.511848 0.361011 0.513202 0.359206 0.513879 0.359206 0.514557 0.358303 0.515234 0.358303 0.515911 0.357401 0.517942 0.357401 0.518619 0.356498 0.527420 0.356498 0.528097 0.355596 0.532160 0.355596 0.534191 0.358303 0.534191 0.360108 0.534868 0.361011 0.534868 0.369134 0.535545 0.370036 0.535545 0.372744 0.536222 0.373646 0.536222 0.379964 0.536899 0.380866 0.536899 0.388989 0.537576 0.389892 0.537576 0.392599 0.538253 0.393502 0.538253 0.396209 0.538930 0.397112 0.538930 0.421480 0.538253 0.422383 0.538253 0.435018 0.537576 0.435921 0.537576 0.444043 0.536899 0.444946 0.536899 0.447653 0.536222 0.448556 0.536222 0.455776 0.536899 0.456679 0.536899 0.462996 0.537576 0.463899 0.537576 0.468412 0.538253 0.469314 0.538253 0.472924 0.538930 0.473827 0.538930 0.475632 0.539607 0.476534 0.539607 0.478339 0.540284 0.479242 0.540284 0.481047 0.540961 0.481949 0.540961 0.483755 0.542316 0.485560 0.542316 0.486462 0.543670 0.488267 0.543670 0.489170 0.544347 0.490072 0.544347 0.490975 0.545024 0.491877 0.545024 0.493682 0.545701 0.494585 0.545701 0.495487 0.546378 0.496390 0.546378 0.498195 0.547055 0.499097 0.547055 0.504513 0.546378 0.505415 0.546378 0.509025 0.545701 0.509928 0.545701 0.511733 0.545024 0.512635 0.545024 0.514440 0.544347 0.515343 0.544347 0.518051 0.543670 0.518953 0.543670 0.519856 0.542993 0.520758 0.542993 0.521661 0.540284 0.525271 0.539607 0.525271 0.539607 0.527076 0.538930 0.527978 0.538930 0.528881 0.538253 0.529783 0.538253 0.530686 0.537576 0.531588 0.537576 0.532491 0.536899 0.533394 0.536899 0.534296 0.536222 0.535199 0.536222 0.536101 0.535545 0.537004 0.535545 0.537906 0.534868 0.538809 0.534868 0.539711 0.534191 0.540614 0.534191 0.542419 0.533514 0.543321 0.533514 0.545126 0.532837 0.546029 0.532837 0.550542 0.532160 0.551444 0.532160 0.555957 0.531483 0.556859 0.531483 0.562274 0.530806 0.563177 0.530806 0.569495 0.530129 0.570397 0.530129 0.577617 0.530806 0.578520 0.530806 0.589350 0.531483 0.590253 0.531483 0.595668 0.532160 0.596570 0.532160 0.601083 0.532837 0.601986 0.532837 0.610108 0.533514 0.611011 0.533514 0.618231 0.534191 0.619134 0.534191 0.620939 0.533514 0.621841 0.533514 0.625451 0.534191 0.626354 0.533514 0.627256 0.533514 0.639892 0.532837 0.640794 0.532837 0.656137 0.532160 0.657040 0.532160 0.664260 0.532837 0.665162 0.532837 0.666968 0.533514 0.667870 0.533514 0.669675 0.534191 0.670578 0.534191 0.673285 0.534868 0.674188 0.534868 0.676895 0.535545 0.677798 0.535545 0.684116 0.536222 0.685018 0.536222 0.718412 0.535545 0.719314 0.535545 0.722924 0.536899 0.724729 0.537576 0.724729 0.538253 0.725632 0.538930 0.725632 0.539607 0.726534 0.542316 0.726534 0.542993 0.727437 0.546378 0.727437 0.547055 0.726534 0.549763 0.726534 0.550440 0.725632 0.560596 0.725632 0.561273 0.724729 0.562627 0.724729 0.563304 0.723827 0.563981 0.723827 0.565335 0.722022 0.565335 0.720217 0.566012 0.719314 0.566012 0.718412 0.566689 0.717509 0.566689 0.712996 0.567366 0.712094 0.567366 0.711191 0.568043 0.710289 0.568043 0.708484 0.568720 0.707581 0.568720 0.706679 0.569397 0.705776 0.569397 0.703971 0.570074 0.703069 0.570074 0.701264 0.570752 0.700361 0.570752 0.699458 0.571429 0.698556 0.571429 0.696751 0.572106 0.695848 0.572106 0.694043 0.572783 0.693141 0.572783 0.689531 0.573460 0.688628 0.573460 0.674188 0.574137 0.673285 0.574137 0.666065 0.574814 0.665162 0.574814 0.656137 0.574137 0.655235 0.574137 0.648014 0.574814 0.647112 0.574814 0.644404 0.575491 0.643502 0.575491 0.642599 0.576168 0.641697 0.576168 0.640794 0.577522 0.638989 0.577522 0.638087 0.578199 0.637184 0.578199 0.636282 0.579553 0.634477 0.579553 0.633574 0.580230 0.632671 0.580230 0.631769 0.580907 0.630866 0.580907 0.629964 0.582261 0.628159 0.582261 0.627256 0.582938 0.626354 0.582938 0.625451 0.583615 0.624549 0.583615 0.623646 0.584970 0.621841 0.584970 0.620939 0.585647 0.620036 0.585647 0.619134 0.586324 0.618231 0.586324 0.616426 0.587001 0.615523 0.587001 0.612816 0.587678 0.611913 0.587678 0.608303 0.589032 0.606498 0.589709 0.606498 0.591063 0.604693 0.591740 0.604693 0.592417 0.605596 0.592417 0.606498 0.593094 0.607401 0.593094 0.608303 0.593771 0.609206 0.593771 0.612816 0.594448 0.613718 0.594448 0.615523 0.595125 0.616426 0.595125 0.618231 0.595802 0.619134 0.595802 0.620939 0.596479 0.621841 0.596479 0.624549 0.597156 0.625451 0.597156 0.627256 0.597833 0.628159 0.597833 0.629061 0.598510 0.629964 0.598510 0.630866 0.599188 0.631769 0.599188 0.632671 0.599865 0.633574 0.599865 0.637184 0.600542 0.638087 0.600542 0.657942 0.601219 0.658845 0.601219 0.659747 0.602573 0.661552 0.602573 0.662455 0.603927 0.664260 0.603927 0.665162 0.604604 0.666065 0.604604 0.666968 0.605281 0.667870 0.605281 0.668773 0.605958 0.669675 0.605958 0.670578 0.606635 0.671480 0.606635 0.674188 0.607312 0.675090 0.607312 0.679603 0.607989 0.680505 0.607989 0.682310 0.607312 0.683213 0.607312 0.687726 0.606635 0.688628 0.606635 0.692238 0.605958 0.693141 0.605958 0.694946 0.605281 0.695848 0.605281 0.703069 0.605958 0.703971 0.605958 0.705776 0.606635 0.706679 0.606635 0.712094 0.607312 0.712996 0.607312 0.716606 0.607989 0.717509 0.607989 0.726534 0.607312 0.727437 0.607312 0.730144 0.606635 0.731047 0.606635 0.738267 0.605958 0.739170 0.605958 0.745487 0.605281 0.746390 0.605281 0.750000 0.604604 0.750903 0.604604 0.752708 0.603927 0.753610 0.603927 0.757220 0.603250 0.758123 0.603250 0.763538 0.603927 0.764440 0.603927 0.766245 0.603250 0.767148 0.603250 0.786101 0.602573 0.787004 0.602573 0.789711 0.601896 0.790614 0.601896 0.796029 0.602573 0.796931 0.602573 0.797834 0.603250 0.798736 0.603250 0.805054 0.602573 0.805957 0.602573 0.809567 0.601896 0.810469 0.601896 0.815884 0.601219 0.816787 0.601219 0.818592 0.600542 0.819495 0.600542 0.823105 0.599865 0.824007 0.599865 0.830325 0.600542 0.831227 0.599865 0.832130 0.599865 0.841155 0.599188 0.842058 0.599188 0.845668 0.598510 0.846570 0.598510 0.849278 0.597833 0.850181 0.597833 0.854693 0.597156 0.855596 0.597156 0.865523 0.596479 0.866426 0.596479 0.873646 0.597156 0.874549 0.597156 0.876354 0.600542 0.880866 0.601219 0.880866 0.601896 0.881769 0.603250 0.881769 0.603927 0.882671 0.605958 0.882671 0.606635 0.883574 0.610697 0.883574 0.611374 0.884477 0.616114 0.884477 0.616791 0.883574 0.622207 0.883574 0.622884 0.882671 0.624238 0.882671 0.624915 0.881769 0.625592 0.881769 0.626269 0.880866 0.626947 0.880866 0.630332 0.876354 0.630332 0.875451 0.631009 0.874549 0.631009 0.873646 0.631686 0.872744 0.631686 0.870939 0.632363 0.870036 0.632363 0.868231 0.633040 0.867329 0.633040 0.864621 0.633717 0.863718 0.633717 0.849278 0.633040 0.848375 0.633040 0.843863 0.632363 0.842960 0.632363 0.838448 0.631686 0.837545 0.631686 0.834838 0.631009 0.833935 0.631009 0.832130 0.630332 0.831227 0.630332 0.826715 0.629655 0.825812 0.629655 0.824007 0.631686 0.821300 0.633040 0.821300 0.633717 0.820397 0.634394 0.820397 0.635071 0.819495 0.635748 0.819495 0.637102 0.817690 0.637102 0.816787 0.637779 0.815884 0.637779 0.814982 0.638456 0.814079 0.638456 0.809567 0.639133 0.808664 0.639133 0.796029 0.639810 0.795126 0.639810 0.792419 0.640487 0.791516 0.640487 0.790614 0.641165 0.789711 0.641165 0.788809 0.641842 0.787906 0.641842 0.787004 0.642519 0.786101 0.642519 0.772563 0.643196 0.771661 0.643196 0.769856 0.643873 0.768953 0.643873 0.768051 0.644550 0.767148 0.644550 0.766245 0.645227 0.765343 0.645227 0.756318 0.645904 0.755415 0.645904 0.748195 0.646581 0.747292 0.646581 0.741877 0.647258 0.740975 0.647258 0.737365 0.647935 0.736462 0.647935 0.733755 0.648612 0.732852 0.648612 0.731047 0.649289 0.730144 0.649289 0.723827 0.648612 0.722924 0.648612 0.718412 0.647935 0.717509 0.647935 0.713899 0.647258 0.712996 0.647258 0.697653 0.646581 0.696751 0.646581 0.694946 0.647258 0.694043 0.647258 0.683213 0.647935 0.682310 0.647935 0.681408 0.648612 0.680505 0.648612 0.677798 0.649289 0.676895 0.649289 0.674188 0.649966 0.673285 0.649966 0.669675 0.650643 0.668773 0.650643 0.665162 0.651320 0.664260 0.651320 0.658845 0.651997 0.657942 0.651997 0.653430 0.652674 0.652527 0.652674 0.646209 0.653351 0.645307 0.653351 0.637184 0.654028 0.636282 0.654028 0.628159 0.654705 0.627256 0.654705 0.626354 0.656737 0.623646 0.658768 0.623646 0.659445 0.622744 0.661476 0.622744 0.662153 0.621841 0.663507 0.621841 0.664184 0.620939 0.665538 0.620939 0.666215 0.620036 0.666892 0.620036 0.667569 0.619134 0.668246 0.619134 0.668923 0.618231 0.669601 0.618231 0.674340 0.611913 0.674340 0.611011 0.675017 0.610108 0.675017 0.609206 0.675694 0.608303 0.675694 0.607401 0.677048 0.605596 0.677048 0.603791 0.677725 0.602888 0.677725 0.601083 0.679079 0.599278 0.679079 0.597473 0.679756 0.596570 0.679756 0.595668 0.680433 0.594765 0.680433 0.591155 0.681110 0.590253 0.681110 0.566787 0.681787 0.565884 0.681787 0.564982 0.682464 0.564079 0.682464 0.561372 0.683142 0.560469 0.683142 0.557762 0.683819 0.556859 0.683819 0.554152 0.684496 0.553249 0.684496 0.550542 0.689235 0.544224 0.689912 0.544224 0.691266 0.542419 0.691266 0.541516 0.691943 0.540614 0.691943 0.539711 0.692620 0.538809 0.692620 0.537906 0.693297 0.537004 0.693297 0.536101 0.693974 0.535199 0.693974 0.529783 0.694651 0.528881 0.694651 0.518953 0.695328 0.518051 0.695328 0.501805 0.696005 0.500903 0.696005 0.497292 0.696682 0.496390 0.696682 0.494585 0.697360 0.493682 0.697360 0.492780 0.698037 0.491877 0.698037 0.490975 0.698714 0.490072 0.698714 0.489170 0.699391 0.488267 0.699391 0.484657 0.700068 0.483755 0.700068 0.481949 0.700745 0.481047 0.700745 0.465704 0.701422 0.464801 0.701422 0.462094 0.702099 0.461191 0.702099 0.459386 0.702776 0.458484 0.702776 0.451264 0.702099 0.450361 0.702099 0.447653 0.701422 0.446751 0.701422 0.439531 0.702099 0.438628 0.702099 0.432310 0.702776 0.431408 0.702776 0.426895 0.702099 0.425993 0.702099 0.421480 0.701422 0.420578 0.701422 0.416968 0.700745 0.416065 0.700745 0.410650 0.700068 0.409747 0.700068 0.402527 0.699391 0.401625 0.699391 0.398014 0.698714 0.397112 0.698714 0.392599 0.698037 0.391697 0.698037 0.388087 0.697360 0.387184 0.697360 0.378159 0.696682 0.377256 0.696682 0.361913 0.696005 0.361011 0.696005 0.356498 0.695328 0.355596 0.695328 0.351083 0.694651 0.350181 0.694651 0.342960 0.693974 0.342058 0.693974 0.325812 0.693297 0.324910 0.693297 0.322202 0.692620 0.321300 0.692620 0.320397 0.691943 0.319495 0.691943 0.317690 0.689912 0.314982 0.689912 0.314079 0.687881 0.311372 0.687204 0.311372 0.685850 0.309567 0.685173 0.309567 0.679079 0.301444 0.679079 0.300542 0.675694 0.296029 0.675017 0.296029 0.673663 0.294224 0.672986 0.294224 0.671632 0.292419 0.670955 0.292419 0.670278 0.291516 0.669601 0.291516 0.668923 0.290614 0.668246 0.290614 0.666892 0.288809 0.666215 0.288809 0.663507 0.285199 0.662830 0.285199 0.661476 0.283394 0.660799 0.283394 0.660122 0.282491 0.659445 0.282491 0.658768 0.281588 0.658091 0.281588 0.657414 0.280686 0.656737 0.280686 0.656060 0.279783 0.655383 0.279783 0.654705 0.278881 0.654028 0.278881 0.653351 0.277978 0.652674 0.277978 0.650643 0.275271 0.649966 0.275271 0.647935 0.272563 0.647258 0.272563 0.645227 0.269856 0.644550 0.269856 0.642519 0.267148 0.641842 0.267148 0.637102 0.260830 0.637102 0.259928 0.635748 0.258123 0.635748 0.257220 0.634394 0.255415 0.634394 0.254513 0.630332 0.249097 0.630332 0.248195 0.628301 0.245487 0.628301 0.243682 0.628978 0.242780 0.628978 0.241877 0.633040 0.236462 0.633040 0.234657 0.633717 0.233755 0.633717 0.231949 0.634394 0.231047 0.634394 0.221119 0.635071 0.220217 0.635071 0.217509 0.635748 0.216606 0.635748 0.213899 0.638456 0.210289 0.639133 0.210289 0.640487 0.208484 0.640487 0.207581 0.641165 0.206679 0.641165 0.203971 0.641842 0.203069 0.641842 0.201264 0.641165 0.200361 0.641165 0.173285 0.640487 0.172383 0.640487 0.162455 0.638456 0.159747 0.638456 0.158845 0.637779 0.157942 0.637779 0.157040 0.637102 0.156137 0.637102 0.155235 0.636425 0.154332 0.636425 0.153430 0.635748 0.152527 0.635748 0.151625 0.635071 0.150722 0.635071 0.149819 0.634394 0.148917 0.634394 0.147112 0.625592 0.135379 0.624915 0.135379 0.624238 0.134477 0.623561 0.134477 0.622207 0.132671 0.621530 0.132671 0.620853 0.131769 0.619499 0.131769 0.618822 0.130866 0.617468 0.130866 0.616791 0.129964 0.615437 0.129964 0.614760 0.129061 0.611374 0.129061 0.610697 0.128159 0.605958 0.128159 0.605281 0.127256
0 0.678402 0.231047 0.677725 0.231949 0.676371 0.231949 0.674340 0.234657 0.674340 0.236462 0.673663 0.237365 0.673663 0.248195 0.674340 0.249097 0.674340 0.250903 0.673663 0.251805 0.673663 0.252708 0.672986 0.253610 0.672986 0.254513 0.671632 0.256318 0.671632 0.258123 0.670955 0.259025 0.670955 0.260830 0.670278 0.261733 0.670278 0.264440 0.669601 0.265343 0.669601 0.272563 0.670278 0.273466 0.670278 0.286101 0.670955 0.287004 0.670955 0.287906 0.675017 0.293321 0.675694 0.293321 0.677048 0.295126 0.677048 0.296029 0.678402 0.297834 0.679079 0.297834 0.680433 0.299639 0.680433 0.300542 0.685850 0.307762 0.686527 0.307762 0.688558 0.310469 0.690589 0.310469 0.690589 0.309567 0.691266 0.308664 0.691266 0.305054 0.691943 0.304152 0.691943 0.301444 0.692620 0.300542 0.692620 0.299639 0.693297 0.298736 0.693297 0.296931 0.693974 0.296029 0.693974 0.288809 0.694651 0.287906 0.694651 0.285199 0.695328 0.284296 0.695328 0.283394 0.696005 0.282491 0.696005 0.281588 0.696682 0.280686 0.696682 0.279783 0.697360 0.278881 0.697360 0.277978 0.698714 0.276173 0.698714 0.275271 0.700068 0.273466 0.700068 0.272563 0.700745 0.271661 0.700745 0.270758 0.701422 0.269856 0.701422 0.268051 0.702099 0.267148 0.702099 0.260830 0.701422 0.259928 0.701422 0.259025 0.696005 0.251805 0.695328 0.251805 0.694651 0.250903 0.693974 0.250903 0.693297 0.250000 0.692620 0.250000 0.691943 0.249097 0.691266 0.249097 0.690589 0.248195 0.689912 0.248195 0.689235 0.247292 0.687881 0.247292 0.685850 0.244585 0.685850 0.243682 0.685173 0.242780 0.685173 0.238267 0.684496 0.237365 0.684496 0.235560 0.683819 0.234657 0.683819 0.233755 0.682464 0.231949 0.681110 0.231949 0.680433 0.231047
0 0.820582 0.342058 0.820582 0.345668 0.819905 0.346570 0.819905 0.349278 0.819228 0.350181 0.819228 0.351083 0.818551 0.351986 0.818551 0.353791 0.817874 0.354693 0.817874 0.355596 0.817197 0.356498 0.817197 0.359206 0.816520 0.360108 0.816520 0.361011 0.815166 0.362816 0.815166 0.363718 0.813812 0.365523 0.813812 0.367329 0.813135 0.368231 0.813135 0.370939 0.812458 0.371841 0.812458 0.375451 0.811781 0.376354 0.811781 0.379061 0.811104 0.379964 0.811104 0.382671 0.810427 0.383574 0.810427 0.385379 0.809749 0.386282 0.809749 0.388087 0.807718 0.390794 0.807041 0.390794 0.807041 0.391697 0.806364 0.392599 0.805687 0.392599 0.804333 0.394404 0.803656 0.394404 0.801625 0.397112 0.800948 0.397112 0.799594 0.398917 0.799594 0.403430 0.800271 0.403430 0.800948 0.404332 0.802302 0.404332 0.802979 0.405235 0.806364 0.405235 0.807041 0.406137 0.813812 0.406137 0.814489 0.405235 0.814489 0.404332 0.815166 0.403430 0.815166 0.401625 0.815843 0.400722 0.815843 0.398917 0.816520 0.398014 0.816520 0.397112 0.817197 0.396209 0.817197 0.393502 0.817874 0.392599 0.817874 0.388989 0.818551 0.388087 0.818551 0.382671 0.819228 0.381769 0.819228 0.380866 0.819905 0.379964 0.819905 0.378159 0.820582 0.377256 0.820582 0.374549 0.821259 0.373646 0.821259 0.370036 0.821936 0.369134 0.821936 0.356498 0.821259 0.355596 0.821259 0.345668 0.820582 0.344765
0 0.817197 0.308664 0.817197 0.309567 0.813135 0.314982 0.813135 0.315884 0.812458 0.316787 0.812458 0.318592 0.811781 0.319495 0.811781 0.322202 0.812458 0.323105 0.812458 0.327617 0.813812 0.329422 0.813812 0.330325 0.814489 0.331227 0.815843 0.331227 0.816520 0.332130 0.818551 0.332130 0.819228 0.331227 0.819905 0.331227 0.819905 0.330325 0.820582 0.329422 0.820582 0.326715 0.821259 0.325812 0.821259 0.321300 0.821936 0.320397 0.821936 0.315884 0.821259 0.314982 0.821259 0.313177 0.820582 0.313177 0.817874 0.309567 0.817874 0.308664
0 0.841571 0.231949 0.840894 0.232852 0.840217 0.232852 0.839540 0.233755 0.838863 0.233755 0.836154 0.237365 0.836154 0.238267 0.834800 0.240072 0.834800 0.240975 0.834123 0.241877 0.834123 0.242780 0.833446 0.243682 0.833446 0.245487 0.832769 0.246390 0.832769 0.248195 0.832092 0.249097 0.832092 0.255415 0.834123 0.258123 0.834123 0.259025 0.834800 0.259928 0.834800 0.260830 0.836831 0.258123 0.838186 0.258123 0.838863 0.257220 0.840217 0.257220 0.840894 0.256318 0.841571 0.256318 0.842925 0.254513 0.842925 0.253610 0.846310 0.249097 0.846310 0.248195 0.846987 0.247292 0.846987 0.246390 0.848341 0.244585 0.848341 0.242780 0.849018 0.241877 0.849018 0.233755 0.848341 0.233755 0.847664 0.232852 0.846987 0.232852 0.846310 0.231949
1 0.677725 0.231047 0.677048 0.231949 0.676371 0.231949 0.675694 0.232852 0.675017 0.232852 0.675017 0.233755 0.674340 0.234657 0.674340 0.235560 0.673663 0.236462 0.673663 0.237365 0.672986 0.238267 0.672986 0.241877 0.675017 0.244585 0.676371 0.242780 0.677048 0.242780 0.677725 0.241877 0.684496 0.241877 0.685173 0.240975 0.685173 0.237365 0.684496 0.236462 0.684496 0.235560 0.683819 0.234657 0.683819 0.233755 0.682464 0.231949 0.681787 0.231949 0.681110 0.231047
1 0.165877 0.256318 0.165200 0.257220 0.164523 0.257220 0.163846 0.258123 0.163169 0.258123 0.162492 0.259025 0.162492 0.259928 0.161814 0.260830 0.161814 0.261733 0.161137 0.262635 0.161137 0.267148 0.162492 0.267148 0.163169 0.268051 0.164523 0.268051 0.165200 0.267148 0.167231 0.267148 0.167908 0.266245 0.169939 0.266245 0.170616 0.267148 0.171293 0.267148 0.171970 0.266245 0.172647 0.266245 0.174001 0.264440 0.174001 0.261733 0.172647 0.259928 0.172647 0.259025 0.171970 0.258123 0.171293 0.258123 0.170616 0.257220 0.169939 0.257220 0.169262 0.256318
1 0.400812 0.248195 0.400135 0.249097 0.398781 0.249097 0.398104 0.250000 0.397427 0.250000 0.396750 0.250903 0.396750 0.251805 0.396073 0.252708 0.396073 0.257220 0.396750 0.258123 0.402844 0.258123 0.403521 0.257220 0.404198 0.257220 0.405552 0.255415 0.405552 0.251805 0.404875 0.250903 0.404875 0.250000 0.404198 0.250000 0.403521 0.249097 0.401490 0.249097
1 0.859174 0.225632 0.858497 0.226534 0.857143 0.226534 0.856466 0.227437 0.855789 0.227437 0.852404 0.231949 0.851726 0.231949 0.850372 0.233755 0.850372 0.234657 0.849695 0.235560 0.849695 0.239170 0.851049 0.240975 0.852404 0.240975 0.853081 0.241877 0.853758 0.241877 0.854435 0.242780 0.855789 0.242780 0.857143 0.244585 0.858497 0.244585 0.859174 0.245487 0.860528 0.245487 0.861205 0.246390 0.862559 0.246390 0.863236 0.247292 0.863913 0.247292 0.865267 0.249097 0.865944 0.249097 0.866622 0.250000 0.867299 0.250000 0.868653 0.251805 0.870007 0.251805 0.870684 0.250903 0.871361 0.250903 0.872038 0.250000 0.872038 0.248195 0.872715 0.247292 0.872715 0.242780 0.873392 0.241877 0.873392 0.240072 0.872715 0.239170 0.872715 0.234657 0.872038 0.233755 0.872038 0.232852 0.871361 0.231949 0.871361 0.231047 0.869330 0.228339 0.868653 0.228339 0.867976 0.227437 0.867299 0.227437 0.866622 0.226534 0.865267 0.226534 0.864590 0.225632
1 0.244414 0.251805 0.243737 0.252708 0.242383 0.252708 0.241706 0.253610 0.241029 0.253610 0.238998 0.256318 0.238998 0.257220 0.238321 0.258123 0.238321 0.262635 0.238998 0.263538 0.239675 0.263538 0.240352 0.264440 0.241029 0.264440 0.241706 0.263538 0.243060 0.263538 0.243737 0.262635 0.246445 0.262635 0.247123 0.263538 0.247800 0.263538 0.248477 0.262635 0.249154 0.262635 0.249831 0.261733 0.249831 0.259928 0.250508 0.259025 0.250508 0.258123 0.249154 0.256318 0.249154 0.255415 0.247800 0.253610 0.247123 0.253610 0.246445 0.252708 0.245091 0.252708
1 0.315504 0.246390 0.314827 0.247292 0.313473 0.247292 0.310765 0.250903 0.310765 0.259025 0.311442 0.259928 0.314827 0.259928 0.315504 0.259025 0.316858 0.259025 0.317536 0.258123 0.319567 0.258123 0.320244 0.257220 0.321598 0.257220 0.322275 0.256318 0.322952 0.256318 0.323629 0.255415 0.323629 0.251805 0.320921 0.248195 0.320244 0.248195 0.319567 0.247292 0.318213 0.247292 0.317536 0.246390
1 0.000000 0.250000 0.000000 0.263538 0.002031 0.263538 0.002708 0.262635 0.003385 0.262635 0.004062 0.261733 0.004062 0.258123 0.003385 0.257220 0.003385 0.256318 0.002708 0.255415 0.002708 0.253610 0.002031 0.252708 0.002031 0.251805 0.001354 0.250903 0.001354 0.250000
1 0.914692 0.228339 0.914015 0.229242 0.912661 0.229242 0.911984 0.230144 0.910630 0.230144 0.908599 0.232852 0.907921 0.232852 0.905890 0.235560 0.905890 0.236462 0.904536 0.238267 0.904536 0.240072 0.903859 0.240975 0.903859 0.242780 0.903182 0.243682 0.903182 0.244585 0.902505 0.245487 0.902505 0.246390 0.901151 0.248195 0.900474 0.248195 0.900474 0.249097 0.899120 0.250903 0.899120 0.251805 0.900474 0.253610 0.901828 0.253610 0.902505 0.254513 0.903182 0.254513 0.903859 0.255415 0.909276 0.255415 0.909953 0.254513 0.911984 0.254513 0.912661 0.253610 0.914692 0.253610 0.915369 0.252708 0.916723 0.252708 0.917400 0.251805 0.918077 0.251805 0.918754 0.250903 0.919431 0.250903 0.920108 0.250000 0.921462 0.250000 0.922139 0.249097 0.923494 0.249097 0.924171 0.248195 0.924848 0.248195 0.925525 0.247292 0.926202 0.247292 0.927556 0.245487 0.927556 0.240072 0.926879 0.239170 0.926879 0.237365 0.926202 0.236462 0.926202 0.235560 0.925525 0.234657 0.925525 0.233755 0.922817 0.230144 0.922139 0.230144 0.921462 0.229242 0.920108 0.229242 0.919431 0.228339
1 0.883548 0.257220 0.882871 0.258123 0.880840 0.258123 0.880162 0.259025 0.879485 0.259025 0.878808 0.259928 0.878131 0.259928 0.877454 0.260830 0.876777 0.260830 0.876100 0.261733 0.875423 0.261733 0.874069 0.263538 0.874069 0.264440 0.873392 0.265343 0.873392 0.266245 0.874069 0.267148 0.874069 0.268051 0.874746 0.268051 0.875423 0.268953 0.878808 0.268953 0.879485 0.269856 0.880840 0.269856 0.882871 0.272563 0.882871 0.273466 0.883548 0.274368 0.883548 0.275271 0.884225 0.276173 0.884225 0.277076 0.886933 0.277076 0.887610 0.277978 0.888964 0.277978 0.889641 0.278881 0.890318 0.278881 0.890995 0.279783 0.893026 0.279783 0.893703 0.280686 0.894381 0.279783 0.895735 0.279783 0.896412 0.278881 0.897089 0.278881 0.896412 0.277978 0.896412 0.273466 0.895735 0.272563 0.895735 0.269856 0.895058 0.268953 0.895058 0.267148 0.894381 0.266245 0.894381 0.264440 0.893703 0.263538 0.893703 0.262635 0.890318 0.258123 0.888964 0.258123 0.888287 0.257220
1 0.599865 0.127256 0.599188 0.128159 0.595802 0.128159 0.595125 0.129061 0.593771 0.129061 0.593094 0.129964 0.591740 0.129964 0.591063 0.130866 0.590386 0.130866 0.589709 0.131769 0.589032 0.131769 0.588355 0.132671 0.587678 0.132671 0.587001 0.133574 0.586324 0.133574 0.585647 0.134477 0.584970 0.134477 0.584292 0.135379 0.583615 0.135379 0.582938 0.136282 0.582261 0.136282 0.580907 0.138087 0.580230 0.138087 0.578199 0.140794 0.577522 0.140794 0.575491 0.143502 0.575491 0.144404 0.572783 0.148014 0.572783 0.148917 0.570752 0.151625 0.570752 0.152527 0.569397 0.154332 0.569397 0.155235 0.567366 0.157942 0.567366 0.159747 0.566689 0.160650 0.566689 0.161552 0.566012 0.162455 0.566012 0.163357 0.565335 0.164260 0.565335 0.166065 0.564658 0.166968 0.564658 0.168773 0.563981 0.169675 0.563981 0.172383 0.563304 0.173285 0.563304 0.175090 0.562627 0.175993 0.562627 0.177798 0.561950 0.178700 0.561950 0.182310 0.561273 0.183213 0.561273 0.185921 0.560596 0.186823 0.560596 0.189531 0.559919 0.190433 0.559919 0.192238 0.559242 0.193141 0.559242 0.194043 0.558565 0.194946 0.558565 0.195848 0.557211 0.197653 0.557211 0.198556 0.555179 0.201264 0.555179 0.202166 0.554502 0.203069 0.554502 0.206679 0.555179 0.207581 0.555179 0.208484 0.556534 0.210289 0.557888 0.210289 0.558565 0.211191 0.559919 0.211191 0.560596 0.212094 0.562627 0.212094 0.563304 0.212996 0.565335 0.212996 0.566012 0.213899 0.574137 0.213899 0.574814 0.214801 0.593094 0.214801 0.593771 0.213899 0.599188 0.213899 0.599865 0.212996 0.603927 0.212996 0.604604 0.212094 0.619499 0.212094 0.620176 0.212996 0.637102 0.212996 0.638456 0.211191 0.639133 0.211191 0.639810 0.210289 0.640487 0.210289 0.641165 0.209386 0.641165 0.208484 0.642519 0.206679 0.642519 0.201264 0.641842 0.200361 0.641842 0.169675 0.641165 0.168773 0.641165 0.163357 0.640487 0.162455 0.640487 0.161552 0.638456 0.158845 0.638456 0.157942 0.637779 0.157040 0.637779 0.156137 0.637102 0.155235 0.637102 0.153430 0.636425 0.152527 0.636425 0.151625 0.635748 0.150722 0.635748 0.149819 0.635071 0.148917 0.635071 0.148014 0.626947 0.137184 0.626947 0.136282 0.626269 0.136282 0.624238 0.133574 0.623561 0.133574 0.622884 0.132671 0.622207 0.132671 0.621530 0.131769 0.620176 0.131769 0.619499 0.130866 0.618822 0.130866 0.618145 0.129964 0.616791 0.129964 0.616114 0.129061 0.612729 0.129061 0.612051 0.128159 0.609343 0.128159 0.608666 0.127256
1 0.841571 0.231949 0.840894 0.232852 0.840217 0.232852 0.839540 0.233755 0.838863 0.233755 0.835477 0.238267 0.835477 0.239170 0.834800 0.240072 0.834800 0.240975 0.834123 0.241877 0.834123 0.242780 0.833446 0.243682 0.833446 0.244585 0.832769 0.245487 0.832769 0.247292 0.832092 0.248195 0.832092 0.251805 0.833446 0.253610 0.837508 0.253610 0.838186 0.252708 0.842925 0.252708 0.843602 0.251805 0.844279 0.251805 0.846987 0.248195 0.846987 0.247292 0.847664 0.246390 0.847664 0.245487 0.848341 0.244585 0.848341 0.243682 0.849018 0.242780 0.849018 0.241877 0.849695 0.240975 0.849695 0.238267 0.850372 0.237365 0.849695 0.236462 0.849695 0.234657 0.849018 0.233755 0.848341 0.233755 0.847664 0.232852 0.846987 0.232852 0.846310 0.231949
1 0.257955 0.256318 0.256601 0.258123 0.255924 0.258123 0.255924 0.259025 0.253893 0.261733 0.253893 0.265343 0.254570 0.266245 0.256601 0.266245 0.257278 0.267148 0.258632 0.267148 0.259309 0.266245 0.263372 0.266245 0.264049 0.265343 0.265403 0.265343 0.265403 0.260830 0.262018 0.256318
2 0.173324 0.344765 0.172647 0.345668 0.171970 0.345668 0.171293 0.346570 0.171293 0.354693 0.170616 0.355596 0.170616 0.360108 0.171293 0.361011 0.171293 0.361913 0.171970 0.362816 0.172647 0.362816 0.173324 0.363718 0.176032 0.363718 0.176032 0.362816 0.176710 0.361913 0.176710 0.356498 0.176032 0.355596 0.176032 0.348375 0.175355 0.347473 0.175355 0.345668 0.174678 0.344765
2 0.841571 0.428700 0.840894 0.429603 0.839540 0.429603 0.838863 0.430505 0.837508 0.430505 0.836831 0.431408 0.831415 0.431408 0.830738 0.432310 0.828030 0.432310 0.828030 0.433213 0.827353 0.434116 0.827353 0.435018 0.828030 0.435921 0.828707 0.435921 0.829384 0.436823 0.830061 0.436823 0.830738 0.437726 0.835477 0.437726 0.836154 0.438628 0.846987 0.438628 0.846987 0.437726 0.847664 0.436823 0.847664 0.435921 0.846987 0.435018 0.846987 0.434116 0.843602 0.429603 0.842925 0.429603 0.842248 0.428700
2 0.904536 0.415162 0.903182 0.416968 0.902505 0.416968 0.901151 0.418773 0.900474 0.418773 0.899797 0.419675 0.899120 0.419675 0.898443 0.420578 0.897766 0.420578 0.896412 0.422383 0.896412 0.423285 0.895735 0.424188 0.895735 0.425993 0.896412 0.426895 0.896412 0.427798 0.897089 0.428700 0.898443 0.428700 0.899120 0.429603 0.907244 0.429603 0.907921 0.428700 0.909276 0.428700 0.911307 0.425993 0.911307 0.420578 0.911984 0.419675 0.911984 0.417870 0.911307 0.416968 0.910630 0.416968 0.909953 0.416065 0.909276 0.416065 0.908599 0.415162
2 0.259986 0.347473 0.259309 0.348375 0.257955 0.348375 0.257278 0.349278 0.256601 0.349278 0.255924 0.350181 0.255247 0.350181 0.253893 0.351986 0.254570 0.352888 0.254570 0.353791 0.255247 0.354693 0.257955 0.354693 0.258632 0.355596 0.259986 0.355596 0.260664 0.356498 0.261341 0.356498 0.262018 0.357401 0.266080 0.357401 0.267434 0.355596 0.267434 0.352888 0.268111 0.351986 0.267434 0.351083 0.266757 0.351083 0.266080 0.350181 0.265403 0.350181 0.264049 0.348375 0.263372 0.348375 0.262695 0.347473
2 0.844956 0.413357 0.844279 0.414260 0.844279 0.417870 0.844956 0.418773 0.844956 0.420578 0.844956 0.419675 0.845633 0.418773 0.845633 0.413357
2 0.852404 0.410650 0.851726 0.411552 0.851726 0.413357 0.851049 0.414260 0.851049 0.419675 0.851726 0.420578 0.851726 0.421480 0.852404 0.421480 0.853081 0.422383 0.854435 0.422383 0.855112 0.423285 0.857143 0.423285 0.857820 0.422383 0.859174 0.422383 0.859851 0.421480 0.860528 0.421480 0.860528 0.420578 0.859851 0.419675 0.859851 0.418773 0.856466 0.414260 0.856466 0.413357 0.855112 0.411552 0.854435 0.411552 0.853758 0.410650
2 0.178064 0.346570 0.178064 0.347473 0.177387 0.348375 0.177387 0.358303 0.176710 0.359206 0.177387 0.360108 0.177387 0.362816 0.178741 0.364621 0.179418 0.363718 0.181449 0.363718 0.182803 0.361913 0.182803 0.360108 0.183480 0.359206 0.182803 0.358303 0.182803 0.351986 0.182126 0.351083 0.182126 0.347473 0.181449 0.346570
2 0.265403 0.347473 0.262018 0.351986 0.262018 0.353791 0.261341 0.354693 0.261341 0.355596 0.262018 0.356498 0.262018 0.357401 0.264049 0.360108 0.270142 0.360108 0.270819 0.359206 0.271496 0.359206 0.271496 0.358303 0.270819 0.357401 0.270819 0.354693 0.270142 0.353791 0.270142 0.351986 0.269465 0.351083 0.269465 0.350181 0.268788 0.349278 0.268788 0.347473
2 0.245768 0.353791 0.245091 0.354693 0.244414 0.354693 0.243737 0.355596 0.243737 0.359206 0.244414 0.360108 0.249831 0.360108 0.251185 0.358303 0.251185 0.357401 0.251862 0.356498 0.251862 0.355596 0.251185 0.354693 0.249154 0.354693 0.248477 0.353791
2 0.321598 0.354693 0.320921 0.355596 0.320244 0.355596 0.320244 0.359206 0.320921 0.360108 0.322275 0.360108 0.322952 0.361011 0.326337 0.361011 0.327014 0.360108 0.327691 0.360108 0.328368 0.359206 0.328368 0.354693
2 0.813812 0.426895 0.812458 0.428700 0.812458 0.429603 0.811781 0.430505 0.811781 0.432310 0.812458 0.433213 0.812458 0.434116 0.813135 0.434116 0.813812 0.435018 0.816520 0.435018 0.817197 0.435921 0.825999 0.435921 0.826676 0.435018 0.827353 0.435018 0.828030 0.434116 0.828030 0.431408 0.824645 0.426895
2 0.283006 0.354693 0.282329 0.355596 0.281652 0.355596 0.281652 0.356498 0.282329 0.357401 0.282329 0.359206 0.283006 0.359206 0.283683 0.360108 0.284360 0.360108 0.285037 0.361011 0.289777 0.361011 0.290454 0.360108 0.290454 0.359206 0.289777 0.358303 0.289777 0.357401 0.288422 0.355596 0.287745 0.355596 0.287068 0.354693
2 0.175355 0.345668 0.174001 0.347473 0.174001 0.348375 0.173324 0.349278 0.173324 0.356498 0.172647 0.357401 0.172647 0.359206 0.173324 0.360108 0.173324 0.361913 0.174678 0.363718 0.176032 0.363718 0.176710 0.364621 0.178741 0.364621 0.179418 0.363718 0.180095 0.363718 0.181449 0.361913 0.181449 0.361011 0.182126 0.360108 0.182126 0.358303 0.181449 0.357401 0.181449 0.354693 0.180772 0.353791 0.180772 0.348375 0.179418 0.346570 0.178741 0.346570 0.178064 0.345668
2 0.934326 0.411552 0.933649 0.412455 0.932972 0.412455 0.932295 0.413357 0.932295 0.414260 0.931618 0.415162 0.931618 0.418773 0.932295 0.419675 0.932972 0.419675 0.933649 0.420578 0.934326 0.420578 0.935003 0.421480 0.941774 0.421480 0.942451 0.420578 0.944482 0.420578 0.945836 0.418773 0.945836 0.416065 0.945159 0.415162 0.945159 0.414260 0.943805 0.412455 0.943128 0.412455 0.942451 0.411552
2 0.531483 0.748195 0.530806 0.749097 0.528775 0.749097 0.527420 0.750903 0.527420 0.751805 0.526066 0.753610 0.526066 0.754513 0.525389 0.755415 0.525389 0.757220 0.524712 0.758123 0.524712 0.759025 0.524035 0.759928 0.524035 0.760830 0.523358 0.761733 0.523358 0.762635 0.522004 0.764440 0.522004 0.765343 0.521327 0.766245 0.521327 0.767148 0.520650 0.768051 0.520650 0.769856 0.519973 0.770758 0.519973 0.775271 0.519296 0.776173 0.519296 0.777978 0.518619 0.778881 0.518619 0.780686 0.517942 0.781588 0.517942 0.783394 0.515911 0.786101 0.515234 0.786101 0.514557 0.787004 0.513879 0.787004 0.513202 0.787906 0.512525 0.787906 0.511848 0.788809 0.511171 0.788809 0.510494 0.789711 0.509817 0.789711 0.509140 0.790614 0.508463 0.790614 0.507109 0.792419 0.506432 0.792419 0.503724 0.796029 0.503724 0.796931 0.502370 0.798736 0.502370 0.799639 0.501693 0.800542 0.501693 0.801444 0.501016 0.802347 0.501016 0.804152 0.500339 0.805054 0.500339 0.811372 0.501016 0.812274 0.501016 0.813177 0.503047 0.815884 0.503724 0.815884 0.504401 0.816787 0.505078 0.816787 0.505755 0.817690 0.507109 0.817690 0.507786 0.818592 0.522004 0.818592 0.522681 0.817690 0.525389 0.817690 0.526066 0.816787 0.526743 0.816787 0.527420 0.815884 0.528097 0.815884 0.528775 0.814982 0.530129 0.814982 0.530806 0.814079 0.531483 0.814079 0.532837 0.812274 0.533514 0.812274 0.541638 0.801444 0.542316 0.801444 0.543670 0.799639 0.544347 0.799639 0.545701 0.797834 0.547055 0.797834 0.547732 0.796931 0.548409 0.796931 0.549086 0.796029 0.549763 0.796029 0.550440 0.795126 0.551117 0.795126 0.551794 0.794224 0.552471 0.794224 0.553148 0.793321 0.554502 0.793321 0.555179 0.792419 0.555856 0.792419 0.556534 0.791516 0.557211 0.791516 0.557888 0.790614 0.559242 0.790614 0.559919 0.789711 0.561273 0.789711 0.561950 0.788809 0.563304 0.788809 0.563981 0.787906 0.564658 0.787906 0.565335 0.787004 0.566689 0.787004 0.567366 0.786101 0.568043 0.786101 0.568720 0.785199 0.568720 0.784296 0.570074 0.782491 0.570074 0.780686 0.570752 0.779783 0.570752 0.777978 0.570074 0.777076 0.570074 0.775271 0.567366 0.771661 0.565335 0.774368 0.564658 0.774368 0.563981 0.775271 0.563304 0.775271 0.562627 0.776173 0.561950 0.776173 0.561273 0.777076 0.558565 0.777076 0.557888 0.777978 0.555856 0.777978 0.555179 0.777076 0.552471 0.777076 0.551794 0.776173 0.551117 0.776173 0.550440 0.775271 0.549086 0.775271 0.548409 0.774368 0.547732 0.774368 0.547055 0.773466 0.546378 0.773466 0.545701 0.772563 0.545024 0.772563 0.544347 0.771661 0.543670 0.771661 0.542993 0.770758 0.542316 0.770758 0.538253 0.765343 0.538253 0.760830 0.537576 0.759928 0.537576 0.757220 0.536899 0.756318 0.536899 0.754513 0.536222 0.753610 0.536222 0.751805 0.534868 0.750000 0.534191 0.750000 0.532837 0.748195
2 0.806364 0.392599 0.805687 0.393502 0.805010 0.393502 0.804333 0.394404 0.803656 0.394404 0.802302 0.396209 0.801625 0.396209 0.800948 0.397112 0.800271 0.397112 0.800271 0.398014 0.799594 0.398917 0.799594 0.399819 0.798917 0.400722 0.798917 0.401625 0.799594 0.402527 0.799594 0.403430 0.800271 0.404332 0.800948 0.404332 0.801625 0.405235 0.802979 0.405235 0.803656 0.406137 0.811781 0.406137 0.812458 0.405235 0.814489 0.405235 0.814489 0.404332 0.815166 0.403430 0.815166 0.398014 0.813812 0.396209 0.813135 0.396209 0.810427 0.392599
2 0.605281 0.803249 0.604604 0.804152 0.603927 0.804152 0.603927 0.805054 0.603250 0.805957 0.603250 0.809567 0.602573 0.810469 0.602573 0.814982 0.601896 0.815884 0.601896 0.817690 0.601219 0.818592 0.601219 0.819495 0.600542 0.820397 0.600542 0.821300 0.599865 0.822202 0.599865 0.841155 0.599188 0.842058 0.599188 0.845668 0.598510 0.846570 0.598510 0.849278 0.597833 0.850181 0.597833 0.853791 0.597156 0.854693 0.597156 0.864621 0.596479 0.865523 0.596479 0.876354 0.597156 0.877256 0.597156 0.878159 0.599188 0.880866 0.599865 0.880866 0.600542 0.881769 0.601219 0.881769 0.601896 0.882671 0.602573 0.882671 0.603250 0.883574 0.604604 0.883574 0.605281 0.884477 0.610020 0.884477 0.610697 0.885379 0.618145 0.885379 0.618822 0.884477 0.622207 0.884477 0.622884 0.883574 0.624238 0.883574 0.624915 0.882671 0.625592 0.882671 0.626269 0.881769 0.626947 0.881769 0.629655 0.878159 0.630332 0.878159 0.630332 0.877256 0.631009 0.876354 0.631009 0.875451 0.631686 0.874549 0.631686 0.872744 0.632363 0.871841 0.632363 0.870036 0.633040 0.869134 0.633040 0.868231 0.633717 0.867329 0.633717 0.864621 0.634394 0.863718 0.634394 0.852888 0.633717 0.851986 0.633717 0.845668 0.633040 0.844765 0.633040 0.842960 0.632363 0.842058 0.632363 0.839350 0.631686 0.838448 0.631686 0.835740 0.631009 0.834838 0.631009 0.829422 0.630332 0.828520 0.630332 0.817690 0.629655 0.816787 0.629655 0.813177 0.628978 0.812274 0.628978 0.811372 0.626269 0.807762 0.625592 0.807762 0.624915 0.806859 0.623561 0.806859 0.622884 0.805957 0.616114 0.805957 0.615437 0.805054 0.612051 0.805054 0.611374 0.804152 0.609343 0.804152 0.608666 0.803249
2 0.868653 0.419675 0.867976 0.420578 0.863913 0.420578 0.863236 0.421480 0.861882 0.421480 0.863913 0.424188 0.863913 0.425090 0.864590 0.425993 0.865267 0.425993 0.865944 0.426895 0.866622 0.426895 0.867299 0.427798 0.867976 0.427798 0.868653 0.428700 0.878808 0.428700 0.879485 0.427798 0.880162 0.427798 0.880840 0.426895 0.880840 0.424188 0.879485 0.422383 0.878808 0.422383 0.878131 0.421480 0.877454 0.421480 0.876777 0.420578 0.875423 0.420578 0.874746 0.419675