0 0.383209 0.500903 0.382532 0.501805 0.381855 0.501805 0.379824 0.504513 0.379824 0.506318 0.379147 0.507220 0.379147 0.515343 0.377793 0.517148 0.377793 0.518051 0.376439 0.519856 0.376439 0.520758 0.375085 0.522563 0.375085 0.523466 0.374408 0.524368 0.374408 0.526173 0.373731 0.527076 0.373731 0.529783 0.373053 0.530686 0.373053 0.534296 0.372376 0.535199 0.372376 0.537906 0.371699 0.538809 0.371699 0.541516 0.371022 0.542419 0.371022 0.549639 0.371699 0.550542 0.371699 0.552347 0.376439 0.558664 0.376439 0.559567 0.377116 0.560469 0.377116 0.562274 0.377793 0.563177 0.377793 0.565884 0.378470 0.566787 0.378470 0.567690 0.379147 0.567690 0.379824 0.568592 0.380501 0.567690 0.381855 0.567690 0.382532 0.566787 0.382532 0.559567 0.383886 0.557762 0.384563 0.557762 0.385240 0.556859 0.386594 0.556859 0.387271 0.555957 0.390657 0.555957 0.392011 0.557762 0.392011 0.558664 0.393365 0.560469 0.393365 0.561372 0.394042 0.562274 0.394042 0.563177 0.396073 0.565884 0.398104 0.565884 0.399458 0.564079 0.399458 0.557762 0.398781 0.556859 0.398781 0.555957 0.398104 0.555054 0.398104 0.554152 0.397427 0.553249 0.397427 0.549639 0.396750 0.548736 0.396750 0.547834 0.396073 0.546931 0.396073 0.546029 0.394719 0.544224 0.394719 0.543321 0.394042 0.542419 0.394042 0.540614 0.393365 0.539711 0.393365 0.532491 0.392688 0.531588 0.392688 0.527978 0.392011 0.527076 0.392011 0.525271 0.391334 0.524368 0.391334 0.522563 0.390657 0.521661 0.390657 0.516245 0.389980 0.515343 0.389980 0.514440 0.390657 0.513538 0.390657 0.511733 0.389980 0.510830 0.389980 0.507220 0.389303 0.506318 0.389303 0.505415 0.386594 0.501805 0.384563 0.501805 0.383886 0.500903
0 0.733243 0.453069 0.732566 0.453971 0.730535 0.453971 0.729181 0.455776 0.729181 0.456679 0.728504 0.457581 0.728504 0.460289 0.727827 0.461191 0.727827 0.464801 0.725118 0.468412 0.724441 0.468412 0.723764 0.469314 0.723087 0.469314 0.721056 0.472022 0.720379 0.472022 0.720379 0.472924 0.719025 0.474729 0.719025 0.475632 0.717671 0.477437 0.717671 0.481047 0.718348 0.481949 0.718348 0.482852 0.719702 0.484657 0.719702 0.485560 0.721056 0.487365 0.721056 0.488267 0.721733 0.489170 0.721733 0.491877 0.722410 0.492780 0.722410 0.495487 0.723087 0.496390 0.723087 0.497292 0.723764 0.498195 0.723764 0.500903 0.724441 0.501805 0.724441 0.502708 0.725118 0.503610 0.725118 0.517148 0.724441 0.518051 0.724441 0.522563 0.726473 0.525271 0.728504 0.525271 0.729181 0.524368 0.729858 0.524368 0.730535 0.523466 0.731212 0.524368 0.731889 0.524368 0.732566 0.525271 0.737305 0.525271 0.737305 0.523466 0.737982 0.522563 0.737982 0.521661 0.737305 0.520758 0.737305 0.514440 0.737982 0.513538 0.737982 0.509928 0.738659 0.509025 0.738659 0.505415 0.739336 0.504513 0.739336 0.502708 0.740014 0.501805 0.740014 0.499097 0.740691 0.498195 0.740691 0.496390 0.741368 0.495487 0.741368 0.478339 0.740691 0.477437 0.740691 0.472924 0.740014 0.472022 0.740014 0.470217 0.737305 0.466606 0.737305 0.464801 0.736628 0.463899 0.736628 0.462996 0.737305 0.462094 0.737305 0.456679 0.735274 0.453971 0.734597 0.453971 0.733920 0.453069
0 0.352065 0.462996 0.351388 0.463899 0.350034 0.463899 0.350034 0.464801 0.349357 0.465704 0.349357 0.466606 0.348680 0.467509 0.348680 0.469314 0.348003 0.470217 0.348003 0.471119 0.347326 0.472022 0.347326 0.472924 0.344617 0.476534 0.344617 0.477437 0.343940 0.478339 0.343940 0.482852 0.343263 0.483755 0.343940 0.484657 0.343940 0.487365 0.344617 0.488267 0.344617 0.489170 0.345295 0.490072 0.345295 0.490975 0.345972 0.491877 0.345972 0.493682 0.346649 0.494585 0.346649 0.496390 0.347326 0.497292 0.347326 0.505415 0.348003 0.506318 0.348003 0.509025 0.347326 0.509928 0.347326 0.513538 0.346649 0.514440 0.346649 0.515343 0.347326 0.516245 0.347326 0.518051 0.348003 0.518953 0.348003 0.519856 0.348680 0.520758 0.352742 0.520758 0.353419 0.519856 0.356127 0.519856 0.356804 0.518953 0.358158 0.518953 0.358835 0.518051 0.358835 0.517148 0.359513 0.516245 0.359513 0.514440 0.358835 0.513538 0.358835 0.505415 0.359513 0.504513 0.358835 0.503610 0.358835 0.491877 0.359513 0.490975 0.359513 0.487365 0.358835 0.486462 0.358835 0.484657 0.358158 0.483755 0.358158 0.481949 0.357481 0.481047 0.357481 0.478339 0.356804 0.477437 0.356804 0.475632 0.356127 0.474729 0.356127 0.471119 0.355450 0.470217 0.355450 0.465704 0.354096 0.463899 0.353419 0.463899 0.352742 0.462996
0 0.144888 0.436823 0.144211 0.437726 0.142180 0.437726 0.141503 0.438628 0.140149 0.438628 0.137441 0.442238 0.137441 0.445848 0.138118 0.446751 0.138118 0.453971 0.138795 0.454874 0.138795 0.458484 0.139472 0.459386 0.139472 0.460289 0.140149 0.461191 0.140149 0.462094 0.142180 0.464801 0.142180 0.465704 0.142857 0.466606 0.142857 0.467509 0.143534 0.468412 0.143534 0.476534 0.142857 0.477437 0.142857 0.478339 0.141503 0.480144 0.141503 0.489170 0.140826 0.490072 0.140826 0.492780 0.139472 0.494585 0.138795 0.494585 0.138118 0.495487 0.136087 0.495487 0.135410 0.496390 0.132701 0.496390 0.132024 0.497292 0.126608 0.497292 0.125931 0.498195 0.125931 0.499097 0.126608 0.500000 0.126608 0.501805 0.128639 0.504513 0.129316 0.504513 0.134733 0.511733 0.134733 0.512635 0.135410 0.513538 0.135410 0.514440 0.136087 0.515343 0.136087 0.516245 0.136764 0.517148 0.136764 0.518051 0.137441 0.518953 0.137441 0.521661 0.138118 0.522563 0.138118 0.526173 0.138795 0.527076 0.138795 0.534296 0.138118 0.535199 0.138118 0.537004 0.138795 0.537906 0.138795 0.541516 0.139472 0.542419 0.139472 0.544224 0.140149 0.545126 0.140149 0.547834 0.140826 0.548736 0.140826 0.552347 0.141503 0.553249 0.141503 0.555957 0.142180 0.556859 0.142180 0.562274 0.142857 0.563177 0.142857 0.565884 0.143534 0.566787 0.143534 0.569495 0.144211 0.570397 0.144211 0.574910 0.144888 0.575812 0.144888 0.579422 0.145565 0.580325 0.145565 0.584838 0.146242 0.585740 0.146242 0.586643 0.146919 0.587545 0.146919 0.589350 0.147596 0.590253 0.147596 0.592058 0.148274 0.592960 0.148274 0.602888 0.148951 0.603791 0.148951 0.612816 0.148274 0.613718 0.148274 0.623646 0.147596 0.624549 0.147596 0.630866 0.148274 0.631769 0.148274 0.637184 0.148951 0.638087 0.148951 0.644404 0.149628 0.645307 0.149628 0.647112 0.150305 0.648014 0.150305 0.648917 0.150982 0.649819 0.150982 0.650722 0.151659 0.651625 0.151659 0.654332 0.152336 0.655235 0.152336 0.657040 0.153013 0.657942 0.153013 0.660650 0.153690 0.661552 0.153690 0.662455 0.154367 0.663357 0.154367 0.664260 0.155044 0.665162 0.155044 0.666065 0.155721 0.666968 0.155721 0.667870 0.156398 0.668773 0.156398 0.670578 0.157752 0.672383 0.157752 0.673285 0.158429 0.674188 0.158429 0.675090 0.159106 0.675993 0.159106 0.682310 0.159783 0.683213 0.159783 0.696751 0.161137 0.698556 0.162492 0.696751 0.162492 0.695848 0.163169 0.694946 0.163169 0.692238 0.163846 0.691336 0.163846 0.690433 0.164523 0.689531 0.164523 0.678700 0.165200 0.677798 0.165200 0.673285 0.165877 0.672383 0.165877 0.669675 0.166554 0.668773 0.166554 0.666968 0.167231 0.666065 0.167231 0.665162 0.167908 0.664260 0.167908 0.662455 0.168585 0.661552 0.168585 0.658845 0.169262 0.657942 0.169262 0.657040 0.169939 0.656137 0.169939 0.654332 0.170616 0.653430 0.170616 0.652527 0.171970 0.650722 0.173324 0.650722 0.174001 0.649819 0.175355 0.649819 0.176710 0.651625 0.176710 0.652527 0.177387 0.653430 0.177387 0.658845 0.176710 0.659747 0.176710 0.662455 0.176032 0.663357 0.176032 0.669675 0.175355 0.670578 0.175355 0.675090 0.176032 0.675993 0.176032 0.680505 0.176710 0.681408 0.176710 0.682310 0.176032 0.683213 0.176032 0.688628 0.175355 0.689531 0.175355 0.690433 0.174678 0.691336 0.174678 0.693141 0.173324 0.694946 0.173324 0.695848 0.172647 0.696751 0.172647 0.697653 0.171970 0.698556 0.171970 0.700361 0.171293 0.701264 0.171293 0.704874 0.170616 0.705776 0.170616 0.707581 0.171293 0.708484 0.171293 0.719314 0.172647 0.721119 0.174001 0.721119 0.174678 0.722022 0.177387 0.722022 0.178064 0.722924 0.188219 0.722924 0.188896 0.723827 0.190928 0.723827 0.191605 0.722924 0.201083 0.722924 0.201760 0.722022 0.203791 0.722022 0.204469 0.721119 0.205146 0.721119 0.205823 0.720217 0.206500 0.720217 0.206500 0.719314 0.205823 0.718412 0.205146 0.718412 0.204469 0.717509 0.203791 0.717509 0.203114 0.716606 0.201083 0.716606 0.200406 0.715704 0.199052 0.715704 0.196344 0.712094 0.196344 0.700361 0.197021 0.699458 0.197021 0.697653 0.198375 0.695848 0.198375 0.694946 0.199052 0.694043 0.199052 0.693141 0.199729 0.692238 0.199729 0.687726 0.200406 0.686823 0.200406 0.685018 0.201083 0.684116 0.201083 0.682310 0.201760 0.681408 0.201760 0.680505 0.202437 0.679603 0.202437 0.677798 0.203114 0.676895 0.203114 0.674188 0.203791 0.673285 0.203791 0.671480 0.204469 0.670578 0.204469 0.668773 0.205146 0.667870 0.205146 0.665162 0.205823 0.664260 0.205823 0.662455 0.206500 0.661552 0.206500 0.657942 0.207177 0.657040 0.207177 0.654332 0.207854 0.653430 0.207854 0.649819 0.208531 0.648917 0.208531 0.646209 0.209208 0.645307 0.209208 0.633574 0.208531 0.632671 0.208531 0.631769 0.207854 0.630866 0.207854 0.629061 0.207177 0.628159 0.207177 0.627256 0.206500 0.626354 0.206500 0.625451 0.205823 0.624549 0.205823 0.623646 0.205146 0.622744 0.205146 0.621841 0.204469 0.620939 0.204469 0.620036 0.203791 0.619134 0.203791 0.618231 0.203114 0.617329 0.203114 0.615523 0.202437 0.614621 0.202437 0.613718 0.201760 0.612816 0.201760 0.611913 0.201083 0.611011 0.201083 0.610108 0.200406 0.609206 0.200406 0.608303 0.199729 0.607401 0.199729 0.606498 0.198375 0.604693 0.198375 0.603791 0.197698 0.602888 0.197698 0.601986 0.197021 0.601083 0.197021 0.600181 0.195667 0.598375 0.194990 0.598375 0.194313 0.597473 0.193636 0.597473 0.190251 0.592960 0.190251 0.592058 0.189573 0.591155 0.189573 0.590253 0.188219 0.588448 0.188219 0.587545 0.187542 0.586643 0.187542 0.584838 0.186865 0.583935 0.186865 0.582130 0.186188 0.581227 0.186188 0.577617 0.186865 0.576715 0.186865 0.575812 0.188896 0.573105 0.192282 0.577617 0.192959 0.577617 0.193636 0.578520 0.194313 0.578520 0.194990 0.579422 0.195667 0.579422 0.196344 0.580325 0.197698 0.580325 0.198375 0.581227 0.199052 0.581227 0.199729 0.582130 0.200406 0.582130 0.203114 0.585740 0.203791 0.585740 0.204469 0.586643 0.204469 0.587545 0.205146 0.588448 0.205146 0.590253 0.205823 0.591155 0.205823 0.592058 0.206500 0.592960 0.206500 0.593863 0.207177 0.594765 0.208531 0.594765 0.209208 0.595668 0.209885 0.595668 0.211239 0.593863 0.211239 0.592960 0.211916 0.592058 0.211916 0.591155 0.212593 0.590253 0.212593 0.584838 0.211916 0.583935 0.211916 0.580325 0.211239 0.579422 0.211239 0.576715 0.210562 0.575812 0.210562 0.571300 0.209885 0.570397 0.209885 0.568592 0.209208 0.567690 0.209208 0.566787 0.208531 0.565884 0.208531 0.564982 0.203114 0.557762 0.202437 0.557762 0.201760 0.556859 0.201760 0.555957 0.200406 0.554152 0.200406 0.553249 0.198375 0.550542 0.198375 0.549639 0.197698 0.548736 0.197698 0.547834 0.196344 0.546029 0.196344 0.545126 0.195667 0.544224 0.195667 0.543321 0.191605 0.537906 0.190928 0.537906 0.189573 0.536101 0.189573 0.535199 0.188219 0.533394 0.188219 0.532491 0.187542 0.532491 0.186865 0.531588 0.186865 0.530686 0.185511 0.528881 0.185511 0.526173 0.184834 0.525271 0.184834 0.524368 0.184157 0.523466 0.184157 0.521661 0.183480 0.520758 0.183480 0.518953 0.182126 0.517148 0.182126 0.516245 0.179418 0.512635 0.179418 0.511733 0.178741 0.510830 0.178741 0.509928 0.178064 0.509025 0.178064 0.508123 0.177387 0.507220 0.177387 0.505415 0.176710 0.504513 0.176710 0.503610 0.176032 0.502708 0.176032 0.501805 0.174001 0.499097 0.174001 0.498195 0.173324 0.498195 0.167908 0.490975 0.166554 0.490975 0.165200 0.489170 0.164523 0.489170 0.163169 0.487365 0.163169 0.483755 0.162492 0.482852 0.162492 0.474729 0.163169 0.473827 0.163169 0.471119 0.163846 0.470217 0.163846 0.466606 0.164523 0.465704 0.164523 0.464801 0.165200 0.463899 0.165200 0.461191 0.164523 0.460289 0.164523 0.456679 0.163846 0.455776 0.163846 0.453971 0.163169 0.453069 0.163169 0.452166 0.162492 0.451264 0.162492 0.450361 0.161814 0.449458 0.161814 0.448556 0.161137 0.447653 0.161137 0.446751 0.158429 0.443141 0.158429 0.442238 0.157752 0.442238 0.156398 0.440433 0.155721 0.440433 0.154367 0.438628 0.153013 0.438628 0.152336 0.437726 0.150305 0.437726 0.149628 0.436823
0 0.390657 0.462996 0.388626 0.465704 0.388626 0.468412 0.387949 0.469314 0.387949 0.473827 0.387271 0.474729 0.387271 0.476534 0.386594 0.477437 0.386594 0.478339 0.385917 0.479242 0.385917 0.481949 0.385240 0.482852 0.385240 0.485560 0.385917 0.486462 0.385917 0.491877 0.386594 0.492780 0.386594 0.498195 0.387271 0.499097 0.387271 0.500000 0.389980 0.503610 0.389980 0.504513 0.390657 0.505415 0.390657 0.506318 0.392011 0.508123 0.392011 0.509928 0.392688 0.510830 0.392688 0.511733 0.394042 0.513538 0.394719 0.513538 0.396073 0.515343 0.398104 0.515343 0.398104 0.514440 0.398781 0.513538 0.398781 0.494585 0.399458 0.493682 0.399458 0.489170 0.398781 0.488267 0.398781 0.482852 0.398104 0.481949 0.398104 0.478339 0.397427 0.477437 0.397427 0.475632 0.396750 0.474729 0.396750 0.472924 0.396073 0.472022 0.396073 0.466606 0.394719 0.464801 0.394719 0.463899 0.394042 0.463899 0.393365 0.462996
0 0.317536 0.461191 0.316181 0.462996 0.316181 0.463899 0.315504 0.464801 0.315504 0.465704 0.314827 0.466606 0.314827 0.468412 0.313473 0.470217 0.312796 0.470217 0.312119 0.471119 0.311442 0.471119 0.310765 0.472022 0.310088 0.472022 0.308734 0.473827 0.308734 0.474729 0.306026 0.478339 0.306026 0.479242 0.305349 0.480144 0.305349 0.482852 0.304672 0.483755 0.305349 0.484657 0.305349 0.485560 0.306703 0.487365 0.309411 0.483755 0.309411 0.482852 0.313473 0.477437 0.314150 0.477437 0.316181 0.474729 0.316858 0.474729 0.317536 0.473827 0.318213 0.473827 0.318890 0.472924 0.318890 0.472022 0.319567 0.471119 0.319567 0.470217 0.320244 0.469314 0.320244 0.462996 0.319567 0.462094 0.318213 0.462094
0 0.000000 0.362816 0.000000 0.872744 0.001354 0.872744 0.002031 0.871841 0.003385 0.871841 0.004062 0.870939 0.005416 0.870939 0.006093 0.870036 0.014218 0.870036 0.014895 0.869134 0.016926 0.869134 0.017603 0.868231 0.018280 0.868231 0.018957 0.867329 0.032498 0.867329 0.033175 0.866426 0.038592 0.866426 0.039269 0.865523 0.041300 0.865523 0.041977 0.864621 0.042654 0.864621 0.043331 0.863718 0.043331 0.861913 0.044008 0.861011 0.044008 0.856498 0.044685 0.855596 0.044685 0.847473 0.045362 0.846570 0.045362 0.843863 0.046039 0.842960 0.046039 0.841155 0.046716 0.840253 0.046716 0.837545 0.047393 0.836643 0.047393 0.831227 0.048070 0.830325 0.048070 0.826715 0.048747 0.825812 0.048747 0.812274 0.048070 0.811372 0.048070 0.805054 0.047393 0.804152 0.047393 0.796029 0.046716 0.795126 0.046716 0.792419 0.046039 0.791516 0.046039 0.790614 0.045362 0.789711 0.045362 0.787906 0.044685 0.787004 0.044685 0.784296 0.044008 0.783394 0.044008 0.777978 0.043331 0.777076 0.043331 0.772563 0.042654 0.771661 0.042654 0.765343 0.041977 0.764440 0.041977 0.759928 0.041300 0.759025 0.041300 0.752708 0.040623 0.751805 0.040623 0.748195 0.039946 0.747292 0.039946 0.745487 0.039269 0.744585 0.039269 0.743682 0.038592 0.742780 0.038592 0.741877 0.037915 0.740975 0.037915 0.739170 0.037238 0.738267 0.037238 0.735560 0.036561 0.734657 0.036561 0.731949 0.035884 0.731047 0.035884 0.729242 0.035206 0.728339 0.035206 0.727437 0.034529 0.726534 0.034529 0.725632 0.033852 0.724729 0.033852 0.722022 0.033175 0.721119 0.033175 0.712996 0.032498 0.712094 0.032498 0.710289 0.031821 0.709386 0.031821 0.708484 0.031144 0.707581 0.031144 0.706679 0.030467 0.705776 0.030467 0.704874 0.029790 0.703971 0.029790 0.703069 0.027082 0.699458 0.027082 0.698556 0.026405 0.697653 0.026405 0.696751 0.025728 0.695848 0.025728 0.694946 0.024374 0.693141 0.024374 0.691336 0.023697 0.690433 0.023697 0.688628 0.023020 0.687726 0.023020 0.686823 0.022343 0.685921 0.022343 0.685018 0.020988 0.683213 0.020988 0.680505 0.020311 0.679603 0.020311 0.676895 0.019634 0.675993 0.019634 0.674188 0.018957 0.673285 0.018957 0.671480 0.018280 0.670578 0.018280 0.669675 0.017603 0.668773 0.017603 0.666968 0.016926 0.666065 0.016926 0.663357 0.016249 0.662455 0.016249 0.646209 0.016926 0.645307 0.016926 0.608303 0.016249 0.607401 0.016249 0.600181 0.015572 0.599278 0.015572 0.589350 0.014895 0.588448 0.014895 0.572202 0.014218 0.571300 0.014218 0.557762 0.014895 0.556859 0.014895 0.548736 0.015572 0.547834 0.015572 0.542419 0.016249 0.541516 0.016249 0.539711 0.016926 0.538809 0.016926 0.536101 0.017603 0.535199 0.017603 0.533394 0.018280 0.532491 0.018280 0.531588 0.018957 0.530686 0.018957 0.529783 0.019634 0.528881 0.019634 0.527978 0.020311 0.527076 0.020311 0.526173 0.020988 0.525271 0.020988 0.524368 0.023020 0.521661 0.023020 0.520758 0.023697 0.519856 0.023697 0.518953 0.031144 0.509025 0.031821 0.509025 0.033852 0.506318 0.034529 0.506318 0.036561 0.503610 0.037238 0.503610 0.037915 0.502708 0.038592 0.502708 0.039269 0.501805 0.040623 0.501805 0.041300 0.500903 0.041977 0.500903 0.042654 0.500000 0.044008 0.500000 0.044685 0.499097 0.047393 0.499097 0.048070 0.498195 0.049425 0.498195 0.050102 0.497292 0.050779 0.497292 0.051456 0.496390 0.052810 0.496390 0.053487 0.495487 0.054841 0.495487 0.055518 0.494585 0.056195 0.494585 0.056872 0.493682 0.058226 0.493682 0.058903 0.492780 0.060257 0.492780 0.060934 0.491877 0.064320 0.491877 0.064997 0.490975 0.066351 0.490975 0.069059 0.487365 0.069059 0.483755 0.067705 0.481949 0.067028 0.481949 0.064997 0.479242 0.064320 0.479242 0.063643 0.478339 0.062965 0.478339 0.061611 0.476534 0.060257 0.476534 0.059580 0.475632 0.057549 0.475632 0.056872 0.474729 0.055518 0.474729 0.054841 0.473827 0.054164 0.473827 0.053487 0.472924 0.052133 0.472924 0.051456 0.472022 0.050102 0.472022 0.049425 0.471119 0.048070 0.471119 0.047393 0.470217 0.046039 0.470217 0.045362 0.469314 0.044008 0.469314 0.043331 0.468412 0.041977 0.468412 0.041300 0.467509 0.040623 0.467509 0.039946 0.466606 0.039269 0.466606 0.038592 0.465704 0.037238 0.465704 0.036561 0.464801 0.035884 0.464801 0.035206 0.463899 0.034529 0.463899 0.033852 0.462996 0.032498 0.462996 0.031144 0.461191 0.030467 0.461191 0.029113 0.459386 0.029113 0.458484 0.028436 0.457581 0.028436 0.456679 0.027759 0.455776 0.027759 0.447653 0.028436 0.446751 0.028436 0.444043 0.029113 0.443141 0.029113 0.441336 0.029790 0.440433 0.029790 0.438628 0.031144 0.436823 0.031144 0.435921 0.031821 0.435018 0.031821 0.434116 0.032498 0.433213 0.032498 0.427798 0.031821 0.426895 0.031821 0.425090 0.031144 0.424188 0.031144 0.419675 0.030467 0.418773 0.030467 0.416065 0.031144 0.415162 0.031144 0.413357 0.033852 0.409747 0.033852 0.408845 0.034529 0.407942 0.034529 0.403430 0.033852 0.402527 0.033852 0.401625 0.032498 0.399819 0.032498 0.398917 0.031144 0.397112 0.031144 0.396209 0.029790 0.394404 0.029790 0.393502 0.029113 0.392599 0.029113 0.389892 0.028436 0.388989 0.028436 0.386282 0.027759 0.385379 0.027759 0.383574 0.027082 0.382671 0.027082 0.381769 0.026405 0.380866 0.026405 0.379964 0.024374 0.377256 0.024374 0.376354 0.018957 0.369134 0.018280 0.369134 0.017603 0.368231 0.016926 0.368231 0.016249 0.367329 0.015572 0.367329 0.014895 0.366426 0.014218 0.366426 0.013541 0.365523 0.012864 0.365523 0.012187 0.364621 0.010156 0.364621 0.009479 0.363718 0.006770 0.363718 0.006093 0.362816
0 0.875423 0.484657 0.874746 0.485560 0.874069 0.485560 0.873392 0.486462 0.872715 0.486462 0.872038 0.487365 0.872038 0.488267 0.870007 0.490975 0.867976 0.490975 0.867299 0.491877 0.865944 0.491877 0.862559 0.496390 0.862559 0.497292 0.861882 0.498195 0.861882 0.499097 0.861205 0.500000 0.861205 0.501805 0.860528 0.502708 0.860528 0.508123 0.861882 0.509928 0.868653 0.509928 0.870007 0.508123 0.870684 0.508123 0.872715 0.505415 0.873392 0.505415 0.874069 0.506318 0.874746 0.506318 0.875423 0.507220 0.876100 0.507220 0.876777 0.508123 0.878808 0.508123 0.879485 0.509025 0.880162 0.508123 0.882194 0.508123 0.882871 0.507220 0.882871 0.506318 0.883548 0.505415 0.883548 0.503610 0.882871 0.502708 0.882871 0.500903 0.882194 0.500000 0.882194 0.499097 0.881517 0.498195 0.881517 0.497292 0.880840 0.496390 0.880840 0.495487 0.880162 0.494585 0.880162 0.487365 0.878808 0.485560 0.878131 0.485560 0.877454 0.484657
0 0.324306 0.454874 0.323629 0.455776 0.322952 0.455776 0.322275 0.456679 0.322275 0.457581 0.320921 0.459386 0.320921 0.472022 0.320244 0.472924 0.320244 0.473827 0.318213 0.476534 0.316858 0.476534 0.315504 0.478339 0.314827 0.478339 0.314150 0.479242 0.313473 0.479242 0.312796 0.480144 0.312796 0.481047 0.311442 0.482852 0.310765 0.482852 0.310088 0.483755 0.310088 0.484657 0.309411 0.485560 0.309411 0.486462 0.307380 0.489170 0.306703 0.489170 0.306026 0.490072 0.306026 0.490975 0.305349 0.491877 0.305349 0.500903 0.306026 0.501805 0.306026 0.506318 0.306703 0.507220 0.306703 0.511733 0.307380 0.512635 0.307380 0.514440 0.308057 0.515343 0.308734 0.515343 0.309411 0.516245 0.310765 0.516245 0.311442 0.517148 0.312119 0.517148 0.312796 0.518051 0.313473 0.518051 0.314150 0.518953 0.314150 0.519856 0.314827 0.520758 0.314827 0.521661 0.315504 0.522563 0.315504 0.528881 0.316181 0.529783 0.316181 0.560469 0.316858 0.561372 0.316858 0.567690 0.317536 0.568592 0.317536 0.570397 0.318213 0.570397 0.318890 0.571300 0.320244 0.571300 0.320921 0.572202 0.321598 0.572202 0.322275 0.571300 0.324306 0.571300 0.324983 0.570397 0.324983 0.569495 0.325660 0.568592 0.325660 0.552347 0.326337 0.551444 0.326337 0.546029 0.327691 0.544224 0.329722 0.546931 0.329045 0.547834 0.329045 0.549639 0.331077 0.552347 0.331077 0.553249 0.331754 0.554152 0.331754 0.555054 0.332431 0.555957 0.332431 0.560469 0.333108 0.561372 0.333108 0.564982 0.333785 0.565884 0.333785 0.566787 0.334462 0.567690 0.336493 0.567690 0.337170 0.568592 0.337847 0.568592 0.338524 0.567690 0.341232 0.567690 0.341909 0.566787 0.341909 0.565884 0.342586 0.564982 0.342586 0.560469 0.339878 0.556859 0.339878 0.553249 0.339201 0.552347 0.339201 0.549639 0.338524 0.548736 0.338524 0.543321 0.337847 0.542419 0.337847 0.537004 0.337170 0.536101 0.337170 0.526173 0.336493 0.525271 0.336493 0.522563 0.335816 0.521661 0.335816 0.511733 0.336493 0.510830 0.336493 0.507220 0.337170 0.506318 0.337170 0.498195 0.336493 0.497292 0.336493 0.489170 0.337170 0.488267 0.337170 0.486462 0.336493 0.485560 0.336493 0.481949 0.335816 0.481047 0.335816 0.480144 0.335139 0.479242 0.335139 0.478339 0.334462 0.477437 0.333785 0.477437 0.331754 0.474729 0.331754 0.459386 0.328368 0.454874
0 0.101557 0.962996 0.100880 0.963899 0.099526 0.963899 0.098849 0.964801 0.096141 0.964801 0.095464 0.963899 0.094787 0.964801 0.088693 0.964801 0.088016 0.965704 0.083954 0.965704 0.083277 0.966606 0.073121 0.966606 0.072444 0.967509 0.071090 0.967509 0.069736 0.969314 0.069736 0.971119 0.070413 0.972022 0.070413 0.972924 0.071090 0.973827 0.072444 0.973827 0.074475 0.976534 0.075152 0.976534 0.075829 0.977437 0.077183 0.977437 0.077861 0.978339 0.078538 0.978339 0.079215 0.979242 0.079892 0.979242 0.080569 0.980144 0.081246 0.980144 0.081923 0.981047 0.082600 0.981047 0.084631 0.983755 0.085308 0.983755 0.086662 0.985560 0.087339 0.985560 0.088016 0.986462 0.098849 0.986462 0.099526 0.985560 0.104942 0.985560 0.105619 0.984657 0.107651 0.984657 0.108328 0.983755 0.109682 0.983755 0.109682 0.982852 0.110359 0.981949 0.110359 0.981047 0.111036 0.980144 0.111036 0.979242 0.110359 0.978339 0.110359 0.976534 0.111036 0.975632 0.111036 0.968412 0.111713 0.967509 0.111713 0.964801 0.110359 0.962996
0 0.109005 0.415162 0.108328 0.416065 0.102234 0.416065 0.101557 0.416968 0.098172 0.416968 0.097495 0.417870 0.095464 0.417870 0.094787 0.418773 0.094110 0.418773 0.093433 0.419675 0.092079 0.419675 0.091401 0.420578 0.090724 0.420578 0.090047 0.421480 0.089370 0.421480 0.088693 0.422383 0.088016 0.422383 0.085308 0.425993 0.084631 0.425993 0.083277 0.427798 0.083277 0.428700 0.079892 0.433213 0.079215 0.433213 0.078538 0.434116 0.077861 0.434116 0.075152 0.437726 0.074475 0.437726 0.073798 0.438628 0.073798 0.440433 0.073121 0.441336 0.073121 0.447653 0.073798 0.448556 0.073798 0.450361 0.074475 0.451264 0.074475 0.452166 0.075152 0.453069 0.075152 0.464801 0.075829 0.465704 0.075829 0.470217 0.076506 0.471119 0.076506 0.474729 0.077183 0.475632 0.077183 0.481047 0.076506 0.481949 0.076506 0.482852 0.071767 0.489170 0.071090 0.489170 0.070413 0.490072 0.070413 0.490975 0.069736 0.491877 0.069059 0.491877 0.067705 0.493682 0.067028 0.493682 0.066351 0.494585 0.064320 0.494585 0.063643 0.495487 0.058903 0.495487 0.058226 0.496390 0.056195 0.496390 0.055518 0.497292 0.053487 0.497292 0.052810 0.498195 0.052133 0.498195 0.051456 0.499097 0.049425 0.499097 0.048747 0.500000 0.046716 0.500000 0.046039 0.500903 0.044685 0.500903 0.044008 0.501805 0.042654 0.501805 0.041977 0.502708 0.041300 0.502708 0.040623 0.503610 0.039946 0.503610 0.039269 0.504513 0.038592 0.504513 0.037915 0.505415 0.037238 0.505415 0.036561 0.506318 0.035884 0.506318 0.035206 0.507220 0.034529 0.507220 0.029790 0.513538 0.029113 0.513538 0.027759 0.515343 0.027759 0.516245 0.026405 0.518051 0.026405 0.518953 0.024374 0.521661 0.024374 0.522563 0.022343 0.525271 0.022343 0.526173 0.020988 0.527978 0.020988 0.528881 0.020311 0.529783 0.020311 0.530686 0.019634 0.531588 0.019634 0.532491 0.018957 0.533394 0.018957 0.534296 0.018280 0.535199 0.018280 0.537906 0.017603 0.538809 0.017603 0.541516 0.016926 0.542419 0.016926 0.551444 0.016249 0.552347 0.016249 0.571300 0.016926 0.572202 0.016926 0.593863 0.017603 0.594765 0.017603 0.597473 0.016926 0.598375 0.017603 0.599278 0.017603 0.608303 0.018280 0.609206 0.018280 0.629061 0.018957 0.629964 0.018957 0.638989 0.018280 0.639892 0.018280 0.659747 0.018957 0.660650 0.018957 0.662455 0.019634 0.663357 0.019634 0.666065 0.020311 0.666968 0.020311 0.670578 0.020988 0.671480 0.020988 0.674188 0.021666 0.675090 0.021666 0.677798 0.022343 0.678700 0.022343 0.680505 0.023020 0.681408 0.023020 0.682310 0.025051 0.685018 0.025051 0.686823 0.025728 0.687726 0.025728 0.688628 0.027759 0.691336 0.027759 0.692238 0.028436 0.693141 0.028436 0.694946 0.029113 0.695848 0.029113 0.696751 0.030467 0.698556 0.030467 0.699458 0.031821 0.701264 0.031821 0.702166 0.033175 0.703971 0.033175 0.704874 0.033852 0.705776 0.033852 0.707581 0.034529 0.708484 0.034529 0.709386 0.035206 0.710289 0.035206 0.712094 0.035884 0.712996 0.035884 0.721119 0.036561 0.722022 0.036561 0.724729 0.037238 0.725632 0.037238 0.728339 0.037915 0.729242 0.037915 0.731949 0.038592 0.732852 0.038592 0.734657 0.039269 0.735560 0.039269 0.737365 0.039946 0.738267 0.039946 0.739170 0.040623 0.740072 0.040623 0.743682 0.041300 0.744585 0.041300 0.746390 0.041977 0.747292 0.041977 0.749097 0.042654 0.750000 0.042654 0.752708 0.043331 0.753610 0.043331 0.758123 0.044008 0.759025 0.044008 0.763538 0.044685 0.764440 0.044685 0.769856 0.045362 0.770758 0.045362 0.776173 0.046039 0.777076 0.046039 0.781588 0.046716 0.782491 0.046716 0.786101 0.047393 0.787004 0.047393 0.788809 0.048070 0.789711 0.048070 0.792419 0.048747 0.793321 0.048747 0.795126 0.049425 0.796029 0.049425 0.799639 0.050102 0.800542 0.050102 0.805054 0.050779 0.805957 0.050779 0.808664 0.051456 0.809567 0.051456 0.812274 0.052133 0.813177 0.052133 0.815884 0.052810 0.816787 0.052810 0.817690 0.053487 0.818592 0.053487 0.819495 0.054164 0.820397 0.054164 0.823105 0.054841 0.824007 0.054841 0.825812 0.055518 0.826715 0.055518 0.830325 0.056195 0.831227 0.056195 0.834838 0.056872 0.835740 0.056872 0.839350 0.057549 0.840253 0.057549 0.843863 0.058226 0.844765 0.058226 0.851083 0.058903 0.851986 0.058903 0.858303 0.059580 0.859206 0.059580 0.861011 0.060257 0.861913 0.060257 0.862816 0.073121 0.862816 0.073798 0.861913 0.077861 0.861913 0.078538 0.861011 0.084631 0.861011 0.085308 0.860108 0.091401 0.860108 0.092079 0.859206 0.097495 0.859206 0.098172 0.858303 0.103588 0.858303 0.105619 0.855596 0.105619 0.833935 0.104942 0.833032 0.104942 0.830325 0.104265 0.829422 0.104265 0.825812 0.103588 0.824910 0.103588 0.799639 0.102911 0.798736 0.102911 0.790614 0.102234 0.789711 0.102234 0.780686 0.103588 0.778881 0.104265 0.778881 0.104942 0.777978 0.105619 0.777978 0.106974 0.779783 0.107651 0.779783 0.108328 0.780686 0.109005 0.780686 0.111713 0.784296 0.112390 0.784296 0.113067 0.785199 0.113744 0.785199 0.115098 0.787004 0.115775 0.787004 0.118483 0.790614 0.118483 0.791516 0.119838 0.793321 0.119838 0.795126 0.120515 0.796029 0.120515 0.803249 0.121192 0.804152 0.121192 0.808664 0.121869 0.809567 0.121869 0.813177 0.122546 0.814079 0.122546 0.833032 0.121869 0.833935 0.121869 0.837545 0.121192 0.838448 0.121192 0.847473 0.121869 0.848375 0.121869 0.851083 0.122546 0.851986 0.122546 0.852888 0.123223 0.853791 0.124577 0.853791 0.125254 0.854693 0.130670 0.854693 0.131347 0.853791 0.136087 0.853791 0.136764 0.852888 0.142180 0.852888 0.142857 0.851986 0.149628 0.851986 0.150305 0.851083 0.156398 0.851083 0.157075 0.850181 0.162492 0.850181 0.163169 0.849278 0.163846 0.849278 0.164523 0.848375 0.164523 0.834838 0.163846 0.833935 0.163846 0.830325 0.163169 0.829422 0.163169 0.824910 0.162492 0.824007 0.162492 0.823105 0.161814 0.822202 0.161814 0.821300 0.161137 0.820397 0.161137 0.818592 0.160460 0.817690 0.160460 0.816787 0.159783 0.815884 0.159783 0.814982 0.159106 0.814079 0.159106 0.813177 0.158429 0.812274 0.158429 0.810469 0.157752 0.809567 0.157752 0.808664 0.157075 0.807762 0.157075 0.805957 0.156398 0.805054 0.156398 0.802347 0.155721 0.801444 0.155721 0.798736 0.155044 0.797834 0.155044 0.794224 0.154367 0.793321 0.154367 0.787004 0.153690 0.786101 0.153690 0.779783 0.154367 0.778881 0.154367 0.762635 0.153690 0.761733 0.153690 0.759025 0.153013 0.758123 0.153013 0.755415 0.152336 0.754513 0.152336 0.750000 0.151659 0.749097 0.151659 0.747292 0.150982 0.746390 0.150982 0.744585 0.150305 0.743682 0.150305 0.740975 0.149628 0.740072 0.149628 0.739170 0.148951 0.738267 0.148951 0.737365 0.148274 0.736462 0.148274 0.735560 0.146242 0.732852 0.145565 0.732852 0.144888 0.731949 0.144211 0.731949 0.142857 0.730144 0.142857 0.729242 0.143534 0.728339 0.144211 0.728339 0.144888 0.727437 0.147596 0.727437 0.148274 0.728339 0.148951 0.728339 0.149628 0.729242 0.150305 0.729242 0.150982 0.730144 0.151659 0.730144 0.153013 0.731949 0.153690 0.731949 0.154367 0.732852 0.159106 0.732852 0.159783 0.731949 0.161137 0.731949 0.162492 0.730144 0.162492 0.729242 0.163169 0.728339 0.163169 0.727437 0.163846 0.726534 0.163846 0.723827 0.164523 0.722924 0.164523 0.719314 0.165200 0.718412 0.165200 0.709386 0.164523 0.708484 0.164523 0.707581 0.163846 0.706679 0.163846 0.705776 0.161137 0.702166 0.161137 0.701264 0.160460 0.701264 0.159106 0.699458 0.159106 0.686823 0.159783 0.685921 0.159783 0.685018 0.159106 0.684116 0.159106 0.678700 0.158429 0.677798 0.158429 0.676895 0.157752 0.675993 0.157752 0.675090 0.157075 0.674188 0.157075 0.673285 0.156398 0.672383 0.156398 0.671480 0.155721 0.670578 0.155721 0.669675 0.155044 0.668773 0.155044 0.667870 0.154367 0.666968 0.154367 0.666065 0.153690 0.665162 0.153690 0.664260 0.153013 0.663357 0.153013 0.661552 0.152336 0.660650 0.152336 0.658845 0.151659 0.657942 0.151659 0.656137 0.150982 0.655235 0.150982 0.654332 0.150305 0.653430 0.150305 0.652527 0.149628 0.651625 0.149628 0.648014 0.148951 0.647112 0.148951 0.642599 0.148274 0.641697 0.148274 0.638989 0.147596 0.638087 0.147596 0.635379 0.146919 0.634477 0.146919 0.631769 0.146242 0.630866 0.146242 0.616426 0.146919 0.615523 0.146919 0.613718 0.147596 0.612816 0.147596 0.610108 0.148274 0.609206 0.148274 0.600181 0.147596 0.599278 0.147596 0.595668 0.146919 0.594765 0.147596 0.593863 0.147596 0.590253 0.146919 0.589350 0.146919 0.587545 0.146242 0.586643 0.146242 0.585740 0.145565 0.584838 0.145565 0.581227 0.144888 0.580325 0.144888 0.574007 0.144211 0.573105 0.144211 0.571300 0.143534 0.570397 0.143534 0.568592 0.142857 0.567690 0.142857 0.563177 0.142180 0.562274 0.142180 0.556859 0.141503 0.555957 0.141503 0.552347 0.140826 0.551444 0.140826 0.546029 0.140149 0.545126 0.140149 0.541516 0.139472 0.540614 0.139472 0.531588 0.140149 0.530686 0.140149 0.528881 0.138118 0.526173 0.138118 0.525271 0.137441 0.524368 0.137441 0.523466 0.136764 0.522563 0.136764 0.521661 0.136087 0.520758 0.136087 0.518953 0.135410 0.518051 0.135410 0.515343 0.134733 0.514440 0.134733 0.513538 0.133378 0.511733 0.133378 0.510830 0.129993 0.506318 0.128639 0.506318 0.127962 0.505415 0.127285 0.505415 0.126608 0.504513 0.125254 0.504513 0.124577 0.503610 0.122546 0.503610 0.121869 0.502708 0.120515 0.502708 0.119160 0.500903 0.119838 0.500000 0.119838 0.499097 0.123900 0.493682 0.124577 0.493682 0.125931 0.491877 0.127285 0.491877 0.127962 0.492780 0.129316 0.492780 0.130670 0.494585 0.132024 0.494585 0.132701 0.495487 0.135410 0.495487 0.136087 0.494585 0.137441 0.494585 0.138795 0.492780 0.139472 0.492780 0.140826 0.490975 0.140826 0.478339 0.141503 0.477437 0.141503 0.475632 0.142180 0.474729 0.142180 0.473827 0.142857 0.472924 0.142857 0.470217 0.142180 0.469314 0.142180 0.468412 0.141503 0.467509 0.141503 0.466606 0.140826 0.465704 0.140826 0.464801 0.139472 0.462996 0.139472 0.462094 0.138795 0.461191 0.138795 0.460289 0.138118 0.459386 0.138118 0.454874 0.137441 0.453971 0.137441 0.451264 0.138118 0.450361 0.138118 0.448556 0.137441 0.447653 0.137441 0.444946 0.136764 0.444043 0.136764 0.443141 0.134733 0.440433 0.134733 0.439531 0.134056 0.438628 0.134056 0.437726 0.132701 0.435921 0.132701 0.435018 0.131347 0.433213 0.131347 0.432310 0.130670 0.431408 0.130670 0.430505 0.125931 0.424188 0.125254 0.424188 0.123900 0.422383 0.123900 0.421480 0.123223 0.420578 0.122546 0.420578 0.121869 0.419675 0.121192 0.419675 0.119838 0.417870 0.119160 0.417870 0.118483 0.416968 0.117129 0.416968 0.116452 0.416065 0.110359 0.416065 0.109682 0.415162
0 0.601219 0.455776 0.600542 0.456679 0.600542 0.457581 0.599865 0.458484 0.599865 0.461191 0.599188 0.462094 0.599188 0.463899 0.599865 0.464801 0.599865 0.468412 0.600542 0.469314 0.600542 0.471119 0.601219 0.472022 0.601219 0.472924 0.602573 0.474729 0.602573 0.475632 0.605281 0.479242 0.605281 0.480144 0.605958 0.480144 0.607989 0.482852 0.607989 0.483755 0.608666 0.484657 0.608666 0.485560 0.611374 0.489170 0.611374 0.492780 0.612051 0.493682 0.612051 0.499097 0.612729 0.500000 0.612729 0.505415 0.612729 0.499097 0.613406 0.498195 0.613406 0.495487 0.614083 0.494585 0.614083 0.487365 0.613406 0.486462 0.613406 0.481949 0.612729 0.481047 0.612729 0.479242 0.612051 0.478339 0.612051 0.477437 0.611374 0.476534 0.611374 0.475632 0.610697 0.474729 0.610697 0.473827 0.610020 0.472924 0.610020 0.472022 0.609343 0.471119 0.609343 0.470217 0.608666 0.469314 0.608666 0.465704 0.609343 0.464801 0.609343 0.462996 0.608666 0.462094 0.608666 0.460289 0.607989 0.459386 0.607989 0.458484 0.606635 0.456679 0.605958 0.456679 0.605281 0.455776
0 0.257278 0.469314 0.256601 0.470217 0.255924 0.470217 0.255924 0.471119 0.254570 0.472924 0.254570 0.474729 0.253893 0.475632 0.253893 0.477437 0.253216 0.478339 0.253216 0.484657 0.252539 0.485560 0.252539 0.486462 0.249154 0.490975 0.248477 0.490975 0.247800 0.491877 0.247800 0.492780 0.247123 0.493682 0.247123 0.494585 0.246445 0.495487 0.246445 0.496390 0.245091 0.498195 0.245091 0.500000 0.244414 0.500903 0.244414 0.512635 0.245091 0.513538 0.245091 0.518953 0.245768 0.519856 0.245768 0.528881 0.247123 0.530686 0.247123 0.531588 0.247800 0.532491 0.251862 0.532491 0.252539 0.533394 0.252539 0.534296 0.253216 0.535199 0.253216 0.537004 0.253893 0.537906 0.253893 0.544224 0.254570 0.545126 0.254570 0.546931 0.255247 0.547834 0.255247 0.548736 0.255924 0.549639 0.255924 0.552347 0.256601 0.553249 0.256601 0.555054 0.257278 0.555957 0.257278 0.556859 0.257955 0.557762 0.257955 0.558664 0.258632 0.559567 0.258632 0.560469 0.259309 0.561372 0.259309 0.564079 0.259986 0.564982 0.259986 0.566787 0.260664 0.567690 0.260664 0.573105 0.261341 0.574007 0.261341 0.580325 0.262018 0.581227 0.265403 0.581227 0.265403 0.571300 0.266080 0.570397 0.266080 0.552347 0.266757 0.551444 0.266757 0.548736 0.267434 0.547834 0.267434 0.545126 0.268111 0.544224 0.268111 0.541516 0.268788 0.540614 0.268788 0.531588 0.269465 0.530686 0.269465 0.529783 0.270142 0.528881 0.270142 0.527076 0.274204 0.521661 0.274204 0.520758 0.274882 0.519856 0.274882 0.518953 0.275559 0.518051 0.275559 0.515343 0.274882 0.514440 0.274882 0.507220 0.274204 0.506318 0.274204 0.502708 0.273527 0.501805 0.273527 0.500000 0.272850 0.499097 0.272850 0.498195 0.269465 0.493682 0.269465 0.492780 0.268788 0.491877 0.268111 0.491877 0.266080 0.489170 0.266080 0.487365 0.265403 0.486462 0.265403 0.478339 0.264726 0.477437 0.264726 0.476534 0.264049 0.475632 0.264049 0.473827 0.263372 0.472924 0.263372 0.472022 0.262695 0.471119 0.262695 0.470217 0.262018 0.470217 0.261341 0.469314
0 0.629655 0.453069 0.628978 0.453971 0.628301 0.453971 0.627624 0.454874 0.626947 0.454874 0.624915 0.457581 0.624915 0.458484 0.624238 0.459386 0.624238 0.460289 0.623561 0.461191 0.623561 0.462996 0.622884 0.463899 0.622884 0.464801 0.622207 0.465704 0.622207 0.468412 0.621530 0.469314 0.621530 0.470217 0.620176 0.472022 0.620176 0.472924 0.618145 0.475632 0.618145 0.476534 0.617468 0.477437 0.617468 0.478339 0.616791 0.479242 0.616791 0.493682 0.617468 0.494585 0.617468 0.497292 0.618145 0.498195 0.618145 0.503610 0.617468 0.504513 0.618145 0.505415 0.618145 0.511733 0.618822 0.512635 0.618822 0.515343 0.619499 0.516245 0.619499 0.517148 0.620176 0.518051 0.620176 0.519856 0.620853 0.520758 0.620853 0.525271 0.621530 0.526173 0.621530 0.527978 0.622207 0.528881 0.622207 0.529783 0.622884 0.530686 0.622884 0.532491 0.623561 0.533394 0.623561 0.535199 0.624238 0.536101 0.624238 0.537004 0.626269 0.539711 0.626269 0.540614 0.629655 0.540614 0.629655 0.539711 0.630332 0.538809 0.630332 0.532491 0.631009 0.531588 0.631009 0.530686 0.631686 0.529783 0.632363 0.529783 0.633040 0.528881 0.634394 0.530686 0.634394 0.531588 0.635071 0.532491 0.635071 0.537906 0.635748 0.538809 0.635748 0.540614 0.637102 0.542419 0.639133 0.539711 0.639133 0.538809 0.639810 0.537906 0.639810 0.537004 0.640487 0.536101 0.640487 0.532491 0.639810 0.531588 0.639810 0.528881 0.639133 0.527978 0.639133 0.527076 0.638456 0.526173 0.638456 0.524368 0.637779 0.523466 0.637779 0.520758 0.637102 0.519856 0.637102 0.505415 0.637779 0.504513 0.637779 0.498195 0.637102 0.497292 0.637102 0.494585 0.636425 0.493682 0.636425 0.490072 0.637102 0.489170 0.637102 0.484657 0.637779 0.483755 0.637779 0.482852 0.638456 0.481949 0.638456 0.480144 0.639133 0.479242 0.639133 0.476534 0.638456 0.475632 0.638456 0.473827 0.636425 0.471119 0.636425 0.470217 0.634394 0.467509 0.634394 0.462996 0.635071 0.462094 0.635071 0.459386 0.634394 0.458484 0.634394 0.457581 0.633717 0.456679 0.633717 0.455776 0.633040 0.454874 0.632363 0.454874 0.631686 0.453971 0.631009 0.453971 0.630332 0.453069
0 0.376439 0.461191 0.375762 0.462094 0.373731 0.462094 0.373053 0.462996 0.373053 0.464801 0.372376 0.465704 0.372376 0.470217 0.368314 0.475632 0.367637 0.475632 0.366960 0.476534 0.366283 0.476534 0.364252 0.479242 0.364252 0.480144 0.363575 0.481047 0.365606 0.483755 0.366283 0.483755 0.366960 0.484657 0.367637 0.484657 0.368991 0.486462 0.368991 0.492780 0.368314 0.493682 0.368314 0.498195 0.367637 0.499097 0.367637 0.504513 0.366960 0.505415 0.366960 0.509025 0.366283 0.509928 0.366283 0.512635 0.365606 0.513538 0.365606 0.518953 0.367637 0.518953 0.368314 0.519856 0.369668 0.519856 0.370345 0.518953 0.370345 0.518051 0.371022 0.517148 0.371022 0.516245 0.371699 0.515343 0.371699 0.513538 0.373053 0.511733 0.374408 0.511733 0.376439 0.514440 0.377116 0.513538 0.377116 0.512635 0.379824 0.509025 0.379824 0.503610 0.380501 0.502708 0.380501 0.501805 0.381178 0.500903 0.381178 0.494585 0.381855 0.493682 0.381855 0.491877 0.382532 0.490975 0.382532 0.490072 0.383209 0.489170 0.383209 0.481949 0.382532 0.481047 0.382532 0.480144 0.381178 0.478339 0.381178 0.477437 0.380501 0.476534 0.380501 0.474729 0.379824 0.473827 0.379824 0.464801 0.379147 0.463899 0.379147 0.462996 0.378470 0.462996 0.377793 0.462094 0.377116 0.462094
0 0.580907 0.458484 0.580230 0.459386 0.580230 0.460289 0.579553 0.461191 0.579553 0.469314 0.578876 0.470217 0.578876 0.472022 0.578199 0.472924 0.578199 0.473827 0.577522 0.474729 0.577522 0.475632 0.576168 0.477437 0.576168 0.478339 0.574137 0.481047 0.574137 0.481949 0.572783 0.483755 0.572783 0.484657 0.570752 0.487365 0.570752 0.489170 0.570074 0.490072 0.570074 0.494585 0.570752 0.495487 0.570752 0.497292 0.572106 0.499097 0.572106 0.500000 0.574137 0.502708 0.575491 0.502708 0.576168 0.501805 0.576168 0.496390 0.576845 0.495487 0.576845 0.491877 0.577522 0.490975 0.577522 0.488267 0.578199 0.487365 0.578199 0.486462 0.578876 0.485560 0.578876 0.484657 0.581584 0.481047 0.581584 0.480144 0.582938 0.478339 0.582938 0.477437 0.583615 0.476534 0.583615 0.475632 0.584292 0.474729 0.584292 0.464801 0.584970 0.463899 0.584970 0.462094 0.584292 0.461191 0.584292 0.459386 0.583615 0.458484
0 0.976980 0.460289 0.975626 0.462094 0.975626 0.465704 0.974949 0.466606 0.974949 0.494585 0.976980 0.497292 0.984428 0.497292 0.985782 0.495487 0.985782 0.494585 0.986459 0.493682 0.986459 0.483755 0.987136 0.482852 0.987136 0.472022 0.986459 0.471119 0.986459 0.470217 0.985782 0.469314 0.985105 0.469314 0.984428 0.468412 0.983751 0.468412 0.982397 0.466606 0.982397 0.464801 0.981720 0.463899 0.981720 0.462094 0.981043 0.461191 0.980366 0.461191 0.979689 0.460289
0 0.529452 0.465704 0.524712 0.472022 0.524712 0.472924 0.521327 0.477437 0.521327 0.478339 0.519296 0.481047 0.519296 0.481949 0.517942 0.483755 0.517942 0.484657 0.515911 0.487365 0.515234 0.487365 0.515234 0.489170 0.514557 0.490072 0.514557 0.490975 0.513879 0.491877 0.513879 0.493682 0.513202 0.494585 0.513879 0.495487 0.513879 0.497292 0.514557 0.498195 0.516588 0.498195 0.517265 0.497292 0.519296 0.497292 0.519973 0.498195 0.519973 0.499097 0.520650 0.500000 0.520650 0.500903 0.521327 0.501805 0.521327 0.507220 0.520650 0.508123 0.520650 0.513538 0.519973 0.514440 0.519973 0.516245 0.519296 0.517148 0.519296 0.518051 0.518619 0.518953 0.518619 0.522563 0.517942 0.523466 0.517942 0.527978 0.517265 0.528881 0.517265 0.533394 0.516588 0.534296 0.516588 0.540614 0.515911 0.541516 0.515911 0.546029 0.517942 0.546029 0.518619 0.546931 0.519296 0.546029 0.519296 0.545126 0.519973 0.544224 0.519973 0.543321 0.520650 0.542419 0.520650 0.538809 0.521327 0.537906 0.521327 0.535199 0.522004 0.534296 0.522004 0.533394 0.522681 0.532491 0.522681 0.531588 0.523358 0.530686 0.523358 0.528881 0.524035 0.527978 0.524035 0.526173 0.524712 0.525271 0.524712 0.524368 0.526743 0.521661 0.527420 0.521661 0.528097 0.520758 0.529452 0.520758 0.533514 0.526173 0.533514 0.527076 0.534191 0.527978 0.534191 0.529783 0.534868 0.530686 0.534868 0.535199 0.535545 0.536101 0.535545 0.541516 0.536222 0.542419 0.536222 0.543321 0.539607 0.543321 0.539607 0.542419 0.540284 0.541516 0.540284 0.537004 0.540961 0.536101 0.540961 0.535199 0.540284 0.534296 0.540284 0.524368 0.539607 0.523466 0.539607 0.520758 0.538930 0.519856 0.538930 0.517148 0.538253 0.516245 0.538253 0.510830 0.538930 0.509928 0.538930 0.508123 0.539607 0.507220 0.539607 0.505415 0.540284 0.504513 0.540284 0.502708 0.540961 0.501805 0.540961 0.490072 0.540284 0.489170 0.540284 0.487365 0.539607 0.486462 0.539607 0.484657 0.536222 0.480144 0.536222 0.479242 0.534868 0.477437 0.534868 0.470217 0.533514 0.468412 0.533514 0.467509 0.532837 0.466606 0.530129 0.466606
0 0.590386 0.447653 0.589709 0.448556 0.588355 0.448556 0.584292 0.453971 0.584292 0.454874 0.583615 0.455776 0.583615 0.460289 0.584292 0.461191 0.584292 0.465704 0.583615 0.466606 0.583615 0.471119 0.584292 0.472022 0.584292 0.476534 0.583615 0.477437 0.583615 0.478339 0.580907 0.481949 0.580907 0.482852 0.580230 0.483755 0.580230 0.484657 0.579553 0.485560 0.579553 0.486462 0.578876 0.487365 0.578876 0.488267 0.577522 0.490072 0.577522 0.493682 0.576845 0.494585 0.576845 0.496390 0.576168 0.497292 0.576168 0.500000 0.575491 0.500903 0.576168 0.501805 0.576168 0.515343 0.575491 0.516245 0.575491 0.526173 0.574814 0.527076 0.574814 0.542419 0.577522 0.546029 0.578876 0.546029 0.579553 0.546931 0.580907 0.546931 0.581584 0.547834 0.581584 0.551444 0.582261 0.552347 0.582261 0.555054 0.582938 0.555957 0.582938 0.559567 0.583615 0.560469 0.583615 0.567690 0.584292 0.568592 0.584292 0.573105 0.584970 0.574007 0.584970 0.577617 0.585647 0.578520 0.585647 0.580325 0.586324 0.581227 0.586324 0.584838 0.587001 0.585740 0.587001 0.588448 0.587678 0.589350 0.587678 0.591155 0.588355 0.592058 0.588355 0.593863 0.589032 0.594765 0.589032 0.595668 0.589709 0.596570 0.589709 0.599278 0.590386 0.600181 0.590386 0.604693 0.591063 0.605596 0.591063 0.609206 0.591740 0.610108 0.591740 0.614621 0.591063 0.615523 0.591063 0.619134 0.592417 0.620939 0.593771 0.620939 0.594448 0.621841 0.598510 0.621841 0.599188 0.620939 0.599188 0.620036 0.599865 0.619134 0.599865 0.617329 0.600542 0.616426 0.600542 0.615523 0.601219 0.614621 0.601219 0.611011 0.601896 0.610108 0.601896 0.608303 0.603250 0.606498 0.603927 0.606498 0.605958 0.603791 0.605958 0.601986 0.606635 0.601083 0.606635 0.566787 0.605958 0.565884 0.605958 0.548736 0.606635 0.547834 0.606635 0.546029 0.609343 0.542419 0.610020 0.542419 0.611374 0.540614 0.612051 0.540614 0.612729 0.539711 0.612729 0.536101 0.613406 0.535199 0.613406 0.520758 0.614083 0.519856 0.614083 0.516245 0.613406 0.515343 0.613406 0.509928 0.612729 0.509025 0.612729 0.502708 0.612051 0.501805 0.612051 0.500000 0.611374 0.499097 0.611374 0.496390 0.610697 0.495487 0.610697 0.491877 0.610020 0.490975 0.610020 0.488267 0.609343 0.487365 0.609343 0.486462 0.605958 0.481949 0.605958 0.481047 0.603250 0.477437 0.603250 0.476534 0.602573 0.476534 0.599865 0.472924 0.599865 0.471119 0.599188 0.470217 0.599188 0.466606 0.598510 0.465704 0.598510 0.456679 0.597833 0.455776 0.597833 0.454874 0.597156 0.453971 0.597156 0.453069 0.595125 0.450361 0.595125 0.449458 0.594448 0.449458 0.593771 0.448556 0.593094 0.448556 0.592417 0.447653
0 0.507786 0.458484 0.507109 0.459386 0.505755 0.459386 0.505078 0.460289 0.505078 0.461191 0.504401 0.462094 0.504401 0.468412 0.505078 0.469314 0.505078 0.473827 0.504401 0.474729 0.504401 0.483755 0.503724 0.484657 0.503724 0.488267 0.504401 0.489170 0.504401 0.490975 0.505078 0.491877 0.505755 0.491877 0.508463 0.495487 0.509817 0.495487 0.511171 0.497292 0.510494 0.498195 0.510494 0.500000 0.509817 0.500903 0.509817 0.501805 0.510494 0.502708 0.510494 0.511733 0.511171 0.512635 0.511171 0.513538 0.511848 0.514440 0.513879 0.511733 0.513879 0.500903 0.512525 0.499097 0.512525 0.498195 0.511848 0.497292 0.511848 0.495487 0.511171 0.494585 0.512525 0.492780 0.512525 0.491877 0.513202 0.490975 0.513202 0.490072 0.515234 0.487365 0.515234 0.486462 0.515911 0.485560 0.515911 0.484657 0.516588 0.483755 0.516588 0.482852 0.517942 0.481047 0.517942 0.476534 0.512525 0.469314 0.512525 0.468412 0.511848 0.467509 0.511848 0.464801 0.511171 0.463899 0.511171 0.462094 0.510494 0.461191 0.510494 0.460289 0.509817 0.459386 0.509140 0.459386 0.508463 0.458484
0 0.468517 0.461191 0.467840 0.462094 0.467163 0.462094 0.466486 0.462996 0.466486 0.466606 0.465809 0.467509 0.465809 0.468412 0.461070 0.474729 0.461070 0.475632 0.460393 0.476534 0.460393 0.478339 0.459716 0.479242 0.459716 0.493682 0.460393 0.494585 0.460393 0.496390 0.461070 0.497292 0.461070 0.499097 0.461747 0.500000 0.461747 0.500903 0.462424 0.501805 0.462424 0.511733 0.463101 0.512635 0.463101 0.518953 0.463778 0.519856 0.463778 0.520758 0.464455 0.521661 0.467840 0.521661 0.468517 0.520758 0.469871 0.520758 0.470548 0.519856 0.471225 0.519856 0.471903 0.520758 0.473257 0.520758 0.473934 0.519856 0.473934 0.518051 0.474611 0.517148 0.474611 0.506318 0.473934 0.505415 0.473934 0.504513 0.474611 0.503610 0.474611 0.498195 0.475288 0.497292 0.475288 0.496390 0.475965 0.495487 0.475965 0.494585 0.476642 0.493682 0.476642 0.492780 0.477996 0.490975 0.477996 0.487365 0.477319 0.486462 0.477319 0.484657 0.476642 0.483755 0.476642 0.482852 0.475965 0.481949 0.475965 0.481047 0.475288 0.480144 0.475288 0.477437 0.474611 0.476534 0.474611 0.474729 0.473934 0.473827 0.473934 0.471119 0.473257 0.470217 0.473257 0.464801 0.472580 0.463899 0.472580 0.462996 0.471225 0.461191
0 0.414353 0.500000 0.412999 0.501805 0.412999 0.502708 0.411645 0.504513 0.411645 0.506318 0.410968 0.507220 0.410968 0.509025 0.411645 0.509928 0.411645 0.516245 0.409614 0.518953 0.409614 0.519856 0.408937 0.520758 0.408937 0.521661 0.408260 0.522563 0.408260 0.524368 0.407583 0.525271 0.407583 0.528881 0.406906 0.529783 0.406906 0.532491 0.406229 0.533394 0.406229 0.536101 0.405552 0.537004 0.405552 0.537906 0.404875 0.538809 0.404875 0.546029 0.405552 0.546931 0.405552 0.548736 0.406229 0.549639 0.406229 0.550542 0.406906 0.551444 0.406906 0.552347 0.407583 0.553249 0.407583 0.555054 0.408260 0.555957 0.408260 0.561372 0.407583 0.562274 0.407583 0.564982 0.408260 0.565884 0.412322 0.565884 0.414353 0.563177 0.414353 0.558664 0.415030 0.557762 0.415030 0.556859 0.416385 0.555054 0.417739 0.555054 0.418416 0.554152 0.423155 0.554152 0.423832 0.553249 0.428571 0.553249 0.429926 0.555054 0.429926 0.558664 0.429248 0.559567 0.429248 0.564079 0.429926 0.564982 0.430603 0.564982 0.431280 0.565884 0.433988 0.565884 0.434665 0.564982 0.435342 0.564982 0.436019 0.564079 0.436019 0.563177 0.435342 0.562274 0.435342 0.552347 0.436019 0.551444 0.436019 0.548736 0.436696 0.547834 0.436696 0.539711 0.435342 0.537906 0.435342 0.536101 0.433988 0.534296 0.433988 0.533394 0.433311 0.532491 0.433311 0.531588 0.432634 0.530686 0.432634 0.529783 0.431957 0.528881 0.431957 0.527978 0.430603 0.526173 0.430603 0.524368 0.429926 0.523466 0.429926 0.522563 0.429248 0.521661 0.429248 0.520758 0.422478 0.511733 0.422478 0.507220 0.421801 0.506318 0.421801 0.503610 0.419093 0.500000
0 0.542316 0.450361 0.540961 0.452166 0.540961 0.457581 0.541638 0.458484 0.541638 0.463899 0.540961 0.464801 0.540961 0.466606 0.540284 0.467509 0.540284 0.472022 0.539607 0.472924 0.539607 0.475632 0.538930 0.476534 0.538930 0.477437 0.539607 0.478339 0.539607 0.481949 0.540284 0.482852 0.540284 0.484657 0.540961 0.485560 0.540961 0.486462 0.541638 0.487365 0.541638 0.489170 0.542316 0.490072 0.542316 0.492780 0.542993 0.493682 0.542993 0.500903 0.543670 0.501805 0.543670 0.503610 0.544347 0.504513 0.544347 0.509025 0.545024 0.509928 0.545024 0.518953 0.545701 0.519856 0.545701 0.521661 0.546378 0.522563 0.551117 0.522563 0.551794 0.521661 0.551794 0.520758 0.552471 0.519856 0.552471 0.515343 0.553148 0.514440 0.553148 0.507220 0.552471 0.506318 0.552471 0.504513 0.553148 0.503610 0.553148 0.498195 0.553825 0.497292 0.553825 0.491877 0.554502 0.490975 0.554502 0.478339 0.555179 0.477437 0.555179 0.469314 0.554502 0.468412 0.554502 0.464801 0.553825 0.463899 0.553825 0.460289 0.553148 0.459386 0.552471 0.459386 0.551794 0.458484 0.549763 0.458484 0.549086 0.457581 0.548409 0.457581 0.547732 0.456679 0.547732 0.455776 0.547055 0.454874 0.547055 0.452166 0.545701 0.450361
0 0.763710 0.444946 0.763033 0.445848 0.761679 0.445848 0.761679 0.447653 0.761002 0.448556 0.761002 0.451264 0.760325 0.452166 0.760325 0.453971 0.759648 0.454874 0.759648 0.455776 0.757617 0.458484 0.756940 0.458484 0.756263 0.459386 0.755586 0.459386 0.754909 0.460289 0.754909 0.461191 0.754232 0.462094 0.754232 0.468412 0.754909 0.469314 0.754909 0.480144 0.755586 0.481047 0.755586 0.481949 0.756263 0.482852 0.756263 0.499097 0.756940 0.500000 0.756940 0.505415 0.758294 0.507220 0.763033 0.507220 0.763710 0.508123 0.765741 0.508123 0.766418 0.507220 0.767095 0.507220 0.768450 0.505415 0.768450 0.495487 0.767773 0.494585 0.767773 0.488267 0.768450 0.487365 0.767773 0.486462 0.767773 0.481047 0.768450 0.480144 0.768450 0.478339 0.769127 0.477437 0.769127 0.476534 0.773189 0.471119 0.773866 0.471119 0.776574 0.467509 0.776574 0.463899 0.771158 0.456679 0.770481 0.456679 0.768450 0.453971 0.768450 0.453069 0.767773 0.452166 0.767773 0.451264 0.767095 0.450361 0.767095 0.447653 0.766418 0.446751 0.766418 0.445848 0.765741 0.444946
1 0.469194 0.460289 0.468517 0.461191 0.467163 0.461191 0.467163 0.462094 0.466486 0.462996 0.466486 0.466606 0.467163 0.466606 0.467840 0.467509 0.471903 0.467509 0.472580 0.466606 0.473257 0.466606 0.473257 0.462996 0.471903 0.461191 0.471225 0.461191 0.470548 0.460289
1 0.506432 0.458484 0.505755 0.459386 0.505078 0.459386 0.504401 0.460289 0.504401 0.462094 0.503724 0.462996 0.504401 0.463899 0.504401 0.466606 0.506432 0.466606 0.507109 0.467509 0.508463 0.467509 0.509140 0.466606 0.510494 0.466606 0.510494 0.465704 0.511171 0.464801 0.511171 0.462094 0.510494 0.461191 0.510494 0.460289 0.509817 0.459386 0.509140 0.459386 0.508463 0.458484
1 0.142857 0.436823 0.142180 0.437726 0.140826 0.437726 0.140149 0.438628 0.139472 0.438628 0.137441 0.441336 0.137441 0.444946 0.138118 0.445848 0.138118 0.455776 0.138795 0.456679 0.138795 0.459386 0.140149 0.461191 0.140149 0.462094 0.140826 0.462094 0.143534 0.465704 0.144888 0.465704 0.145565 0.464801 0.148274 0.464801 0.148951 0.463899 0.159783 0.463899 0.160460 0.464801 0.161814 0.464801 0.162492 0.463899 0.164523 0.463899 0.165200 0.462996 0.165200 0.458484 0.164523 0.457581 0.164523 0.455776 0.163846 0.454874 0.163846 0.453069 0.163169 0.452166 0.163169 0.451264 0.162492 0.450361 0.162492 0.449458 0.161814 0.448556 0.161814 0.447653 0.161137 0.446751 0.161137 0.445848 0.159106 0.443141 0.159106 0.442238 0.158429 0.442238 0.157075 0.440433 0.156398 0.440433 0.155044 0.438628 0.154367 0.438628 0.153690 0.437726 0.152336 0.437726 0.151659 0.436823
1 0.931618 0.499097 0.929587 0.501805 0.929587 0.502708 0.928233 0.504513 0.928233 0.505415 0.928910 0.506318 0.928910 0.507220 0.931618 0.510830 0.933649 0.510830 0.934326 0.511733 0.937035 0.511733 0.937712 0.510830 0.939743 0.510830 0.940420 0.509928 0.942451 0.509928 0.943128 0.509025 0.944482 0.509025 0.944482 0.508123 0.943805 0.507220 0.943128 0.507220 0.942451 0.506318 0.942451 0.505415 0.941774 0.505415 0.941097 0.504513 0.940420 0.504513 0.938389 0.501805 0.937712 0.501805 0.937035 0.500903 0.936357 0.500903 0.935680 0.500000 0.932972 0.500000 0.932295 0.499097
1 0.548409 0.458484 0.547055 0.460289 0.547055 0.462996 0.549086 0.465704 0.549763 0.465704 0.550440 0.466606 0.553825 0.466606 0.553825 0.465704 0.554502 0.464801 0.554502 0.462996 0.553825 0.462094 0.553825 0.459386 0.553148 0.458484
1 0.351388 0.462996 0.350711 0.463899 0.350034 0.463899 0.350034 0.464801 0.349357 0.465704 0.349357 0.470217 0.350034 0.470217 0.350711 0.471119 0.355450 0.471119 0.355450 0.465704 0.354773 0.464801 0.354773 0.463899 0.354096 0.463899 0.353419 0.462996
1 0.317536 0.461191 0.316181 0.462996 0.316181 0.463899 0.315504 0.464801 0.315504 0.468412 0.316858 0.470217 0.318213 0.470217 0.318890 0.469314 0.319567 0.469314 0.320921 0.467509 0.320921 0.462094 0.319567 0.462094 0.318890 0.461191
1 0.000000 0.362816 0.000000 0.409747 0.002708 0.409747 0.003385 0.410650 0.006093 0.410650 0.006770 0.411552 0.011510 0.411552 0.012187 0.410650 0.012187 0.409747 0.013541 0.407942 0.014218 0.407942 0.014895 0.407040 0.016249 0.407040 0.017603 0.408845 0.023020 0.408845 0.023697 0.407942 0.024374 0.407942 0.025051 0.407040 0.025728 0.407040 0.027759 0.409747 0.028436 0.409747 0.029113 0.410650 0.031821 0.410650 0.032498 0.411552 0.034529 0.408845 0.034529 0.407942 0.035206 0.407040 0.035206 0.404332 0.034529 0.403430 0.034529 0.402527 0.033175 0.400722 0.033175 0.399819 0.031144 0.397112 0.031144 0.396209 0.029790 0.394404 0.029790 0.393502 0.029113 0.392599 0.029113 0.389892 0.028436 0.388989 0.028436 0.386282 0.027759 0.385379 0.027759 0.383574 0.027082 0.382671 0.027082 0.381769 0.026405 0.380866 0.026405 0.379964 0.025728 0.379061 0.025728 0.378159 0.023020 0.374549 0.023020 0.373646 0.021666 0.371841 0.020988 0.371841 0.018280 0.368231 0.017603 0.368231 0.016249 0.366426 0.015572 0.366426 0.014895 0.365523 0.013541 0.365523 0.012864 0.364621 0.012187 0.364621 0.011510 0.363718 0.009479 0.363718 0.008802 0.362816
1 0.875423 0.484657 0.874746 0.485560 0.874069 0.485560 0.872715 0.487365 0.872715 0.490975 0.873392 0.491877 0.874069 0.491877 0.874746 0.492780 0.875423 0.492780 0.876100 0.493682 0.878808 0.493682 0.879485 0.492780 0.879485 0.491877 0.880162 0.490975 0.880162 0.488267 0.879485 0.487365 0.879485 0.486462 0.878808 0.485560 0.878131 0.485560 0.877454 0.484657
1 0.616114 0.453069 0.615437 0.453971 0.614760 0.453971 0.612729 0.456679 0.612729 0.459386 0.614083 0.461191 0.614760 0.461191 0.615437 0.462094 0.616791 0.462094 0.617468 0.461191 0.619499 0.461191 0.620176 0.460289 0.620176 0.455776 0.619499 0.454874 0.619499 0.453971 0.617468 0.453971 0.616791 0.453069
1 0.106297 0.415162 0.105619 0.416065 0.100880 0.416065 0.100203 0.416968 0.097495 0.416968 0.096818 0.417870 0.094787 0.417870 0.094110 0.418773 0.093433 0.418773 0.092756 0.419675 0.091401 0.419675 0.090724 0.420578 0.090047 0.420578 0.089370 0.421480 0.088016 0.421480 0.088016 0.422383 0.086662 0.424188 0.085985 0.424188 0.082600 0.428700 0.082600 0.429603 0.080569 0.432310 0.079892 0.432310 0.079215 0.433213 0.078538 0.433213 0.077861 0.434116 0.077183 0.434116 0.075829 0.435921 0.075152 0.435921 0.073798 0.437726 0.073798 0.438628 0.073121 0.439531 0.073121 0.448556 0.073798 0.449458 0.073798 0.452166 0.074475 0.453069 0.074475 0.453971 0.075829 0.455776 0.075829 0.467509 0.076506 0.468412 0.076506 0.472924 0.077861 0.474729 0.078538 0.473827 0.078538 0.469314 0.079215 0.468412 0.079215 0.467509 0.079892 0.466606 0.079892 0.459386 0.080569 0.458484 0.080569 0.456679 0.081923 0.454874 0.081923 0.453069 0.084631 0.449458 0.088016 0.449458 0.090047 0.452166 0.090047 0.453069 0.090724 0.453971 0.090724 0.454874 0.097495 0.463899 0.097495 0.464801 0.098172 0.465704 0.098172 0.466606 0.099526 0.468412 0.100203 0.468412 0.100880 0.469314 0.100880 0.470217 0.104942 0.475632 0.104942 0.477437 0.105619 0.478339 0.105619 0.479242 0.106297 0.480144 0.106974 0.480144 0.107651 0.481047 0.107651 0.481949 0.108328 0.482852 0.108328 0.484657 0.109005 0.485560 0.109005 0.486462 0.109682 0.486462 0.112390 0.490072 0.112390 0.490975 0.114421 0.488267 0.115098 0.488267 0.115775 0.487365 0.116452 0.487365 0.115098 0.485560 0.115098 0.484657 0.114421 0.483755 0.113744 0.483755 0.113067 0.482852 0.113067 0.481949 0.112390 0.481047 0.112390 0.480144 0.111713 0.480144 0.110359 0.478339 0.110359 0.477437 0.109682 0.476534 0.109682 0.475632 0.110359 0.474729 0.110359 0.471119 0.111036 0.470217 0.111036 0.468412 0.113067 0.465704 0.113067 0.464801 0.114421 0.462996 0.115775 0.462996 0.115775 0.462094 0.117129 0.460289 0.119838 0.460289 0.120515 0.461191 0.121192 0.461191 0.121869 0.462094 0.122546 0.462094 0.125931 0.466606 0.125931 0.468412 0.126608 0.469314 0.126608 0.471119 0.127285 0.472022 0.127285 0.472924 0.127962 0.473827 0.127962 0.481047 0.127285 0.481949 0.127285 0.483755 0.125931 0.485560 0.125931 0.486462 0.125254 0.487365 0.125254 0.488267 0.124577 0.489170 0.124577 0.490072 0.123900 0.490975 0.124577 0.491877 0.124577 0.492780 0.125931 0.494585 0.127285 0.494585 0.127962 0.495487 0.137441 0.495487 0.138118 0.494585 0.140149 0.494585 0.141503 0.492780 0.141503 0.491877 0.142180 0.490975 0.142180 0.490072 0.141503 0.489170 0.141503 0.485560 0.140826 0.484657 0.140826 0.479242 0.142180 0.477437 0.142180 0.475632 0.142857 0.474729 0.142857 0.473827 0.143534 0.472924 0.143534 0.470217 0.142180 0.468412 0.142180 0.466606 0.141503 0.465704 0.141503 0.464801 0.140826 0.463899 0.140826 0.462996 0.140149 0.462094 0.140149 0.461191 0.139472 0.460289 0.139472 0.459386 0.138795 0.458484 0.138795 0.457581 0.138118 0.456679 0.138118 0.446751 0.137441 0.445848 0.137441 0.444043 0.136764 0.443141 0.136764 0.442238 0.134733 0.439531 0.134733 0.438628 0.133378 0.436823 0.133378 0.435921 0.132024 0.434116 0.132024 0.433213 0.131347 0.432310 0.131347 0.431408 0.129993 0.429603 0.129993 0.428700 0.125931 0.423285 0.125254 0.423285 0.122546 0.419675 0.121869 0.419675 0.119838 0.416968 0.118483 0.416968 0.117806 0.416065 0.116452 0.416065 0.115775 0.415162
1 0.390657 0.462996 0.388626 0.465704 0.388626 0.471119 0.389303 0.471119 0.389980 0.472022 0.394042 0.472022 0.394719 0.471119 0.395396 0.471119 0.396073 0.470217 0.396073 0.467509 0.395396 0.466606 0.395396 0.465704 0.393365 0.462996
1 0.383209 0.500903 0.382532 0.501805 0.381855 0.501805 0.379824 0.504513 0.379824 0.506318 0.379147 0.507220 0.379147 0.509025 0.379824 0.509928 0.379824 0.511733 0.380501 0.511733 0.381178 0.512635 0.388626 0.512635 0.389303 0.511733 0.389980 0.511733 0.389980 0.509928 0.390657 0.509025 0.390657 0.507220 0.389980 0.506318 0.389980 0.505415 0.387271 0.501805 0.385240 0.501805 0.384563 0.500903
1 0.542316 0.449458 0.540284 0.452166 0.540284 0.456679 0.540961 0.457581 0.541638 0.457581 0.542316 0.458484 0.547055 0.458484 0.547732 0.457581 0.547732 0.456679 0.548409 0.455776 0.547732 0.454874 0.547732 0.453069 0.547055 0.452166 0.547055 0.451264 0.545701 0.449458
1 0.323629 0.454874 0.322952 0.455776 0.322275 0.455776 0.320921 0.457581 0.320921 0.458484 0.320244 0.459386 0.320244 0.460289 0.319567 0.461191 0.319567 0.464801 0.320921 0.466606 0.329045 0.466606 0.329722 0.467509 0.331077 0.467509 0.331754 0.466606 0.331754 0.464801 0.332431 0.463899 0.332431 0.462094 0.331754 0.461191 0.331754 0.459386 0.331077 0.458484 0.331077 0.457581 0.329045 0.454874
1 0.731212 0.453069 0.729181 0.455776 0.729181 0.456679 0.728504 0.457581 0.728504 0.460289 0.729181 0.461191 0.729858 0.461191 0.730535 0.462094 0.736628 0.462094 0.737305 0.461191 0.737305 0.460289 0.737982 0.459386 0.737305 0.458484 0.737305 0.455776 0.735274 0.453069
1 0.525389 0.457581 0.523358 0.460289 0.523358 0.462094 0.522681 0.462996 0.522681 0.464801 0.523358 0.465704 0.523358 0.466606 0.524035 0.467509 0.524712 0.467509 0.525389 0.468412 0.526066 0.468412 0.526743 0.467509 0.527420 0.467509 0.528775 0.465704 0.529452 0.465704 0.530129 0.464801 0.530129 0.463899 0.530806 0.462996 0.530129 0.462094 0.530129 0.461191 0.528097 0.458484 0.526743 0.458484 0.526066 0.457581
1 0.257278 0.468412 0.255247 0.471119 0.255247 0.472022 0.254570 0.472924 0.254570 0.473827 0.253893 0.474729 0.253893 0.475632 0.253216 0.476534 0.253216 0.480144 0.253893 0.481047 0.254570 0.481047 0.255247 0.481949 0.262018 0.481949 0.262695 0.481047 0.264049 0.481047 0.264049 0.480144 0.264726 0.479242 0.264726 0.474729 0.264049 0.473827 0.264049 0.472022 0.263372 0.471119 0.263372 0.470217 0.262695 0.469314 0.262018 0.469314 0.261341 0.468412
1 0.628978 0.453069 0.628301 0.453971 0.627624 0.453971 0.626947 0.454874 0.626269 0.454874 0.624915 0.456679 0.624915 0.457581 0.624238 0.458484 0.624238 0.462094 0.625592 0.463899 0.631686 0.463899 0.632363 0.464801 0.633717 0.464801 0.633717 0.463899 0.634394 0.462996 0.634394 0.461191 0.635071 0.460289 0.635071 0.459386 0.634394 0.458484 0.634394 0.456679 0.633717 0.455776 0.633717 0.454874 0.633040 0.453971 0.631686 0.453971 0.631009 0.453069
1 0.375762 0.461191 0.375085 0.462094 0.373731 0.462094 0.373053 0.462996 0.373053 0.464801 0.372376 0.465704 0.372376 0.467509 0.373053 0.468412 0.373053 0.470217 0.373731 0.471119 0.375762 0.471119 0.376439 0.472022 0.377116 0.472022 0.377793 0.471119 0.379824 0.471119 0.379824 0.463899 0.378470 0.462094 0.377116 0.462094 0.376439 0.461191
1 0.417739 0.499097 0.417062 0.500000 0.414353 0.500000 0.413676 0.500903 0.412999 0.500903 0.412322 0.501805 0.412322 0.502708 0.410968 0.504513 0.410968 0.509025 0.411645 0.509928 0.411645 0.510830 0.412999 0.512635 0.413676 0.512635 0.414353 0.513538 0.415030 0.513538 0.415708 0.512635 0.418416 0.512635 0.419093 0.511733 0.419770 0.511733 0.420447 0.510830 0.421124 0.510830 0.421801 0.509928 0.421801 0.509025 0.422478 0.508123 0.422478 0.505415 0.421801 0.504513 0.421801 0.503610 0.421124 0.502708 0.421124 0.501805 0.420447 0.500903 0.419770 0.500903 0.419093 0.500000 0.418416 0.500000
1 0.580907 0.457581 0.579553 0.459386 0.579553 0.461191 0.578876 0.462094 0.578876 0.463899 0.579553 0.464801 0.579553 0.466606 0.580230 0.467509 0.582938 0.467509 0.583615 0.466606 0.583615 0.465704 0.584292 0.464801 0.584292 0.463899 0.584970 0.462996 0.584970 0.458484 0.584292 0.457581
1 0.976303 0.459386 0.975626 0.460289 0.975626 0.461191 0.974949 0.462094 0.974949 0.464801 0.976303 0.466606 0.981043 0.466606 0.981043 0.465704 0.981720 0.464801 0.981720 0.460289 0.981043 0.460289 0.980366 0.459386
1 0.480027 0.486462 0.476642 0.490975 0.476642 0.491877 0.475288 0.493682 0.475288 0.495487 0.476642 0.497292 0.480704 0.497292 0.481381 0.496390 0.482058 0.496390 0.482058 0.495487 0.482735 0.494585 0.482735 0.493682 0.483412 0.492780 0.483412 0.490072 0.482735 0.489170 0.482735 0.488267 0.482058 0.487365 0.481381 0.487365 0.480704 0.486462
1 0.529452 0.464801 0.526066 0.469314 0.525389 0.469314 0.525389 0.471119 0.524712 0.472022 0.524712 0.472924 0.525389 0.473827 0.531483 0.473827 0.532160 0.474729 0.534191 0.474729 0.534868 0.473827 0.535545 0.473827 0.535545 0.472924 0.534868 0.472022 0.534868 0.469314 0.534191 0.468412 0.534191 0.467509 0.533514 0.466606 0.532837 0.466606 0.532160 0.465704 0.530129 0.465704
1 0.601219 0.455776 0.599865 0.457581 0.599865 0.458484 0.599188 0.459386 0.599188 0.462996 0.599865 0.463899 0.599865 0.464801 0.600542 0.465704 0.601219 0.465704 0.601896 0.466606 0.603250 0.466606 0.603927 0.467509 0.606635 0.467509 0.607312 0.466606 0.607989 0.466606 0.608666 0.465704 0.608666 0.460289 0.607312 0.458484 0.607312 0.457581 0.606635 0.456679 0.605958 0.456679 0.605281 0.455776
1 0.762356 0.444946 0.761002 0.446751 0.761002 0.448556 0.760325 0.449458 0.761002 0.450361 0.761002 0.452166 0.761679 0.453069 0.763710 0.453069 0.764387 0.452166 0.765741 0.452166 0.767095 0.450361 0.767095 0.446751 0.765741 0.444946
1 0.591740 0.446751 0.591063 0.447653 0.588355 0.447653 0.584292 0.453069 0.584292 0.453971 0.582938 0.455776 0.582938 0.460289 0.583615 0.460289 0.584292 0.461191 0.591063 0.461191 0.591740 0.460289 0.592417 0.461191 0.597833 0.461191 0.599188 0.459386 0.599188 0.455776 0.597833 0.453971 0.597833 0.453069 0.594448 0.448556 0.593771 0.448556 0.593094 0.447653 0.592417 0.447653
2 0.636425 0.527978 0.635748 0.528881 0.635748 0.529783 0.635071 0.530686 0.635071 0.537906 0.635748 0.538809 0.635748 0.539711 0.636425 0.540614 0.637779 0.540614 0.638456 0.539711 0.639133 0.539711 0.640487 0.537906 0.640487 0.532491 0.639810 0.531588 0.639810 0.530686 0.637779 0.527978
2 0.314150 0.559567 0.312796 0.561372 0.312796 0.563177 0.312119 0.564079 0.312119 0.564982 0.311442 0.565884 0.311442 0.570397 0.312796 0.570397 0.313473 0.571300 0.316858 0.571300 0.317536 0.572202 0.322952 0.572202 0.323629 0.571300 0.324306 0.571300 0.324983 0.570397 0.324983 0.567690 0.324306 0.566787 0.324306 0.564982 0.323629 0.565884 0.322275 0.565884 0.321598 0.566787 0.320921 0.566787 0.318890 0.564079 0.318890 0.563177 0.318213 0.562274 0.318213 0.561372 0.317536 0.560469 0.317536 0.559567
2 0.410291 0.556859 0.409614 0.557762 0.408937 0.557762 0.408260 0.558664 0.407583 0.558664 0.407583 0.560469 0.406906 0.561372 0.406906 0.566787 0.407583 0.567690 0.411645 0.567690 0.412322 0.566787 0.412999 0.566787 0.414353 0.564982 0.414353 0.560469 0.411645 0.556859
2 0.022343 0.805957 0.021666 0.806859 0.020988 0.806859 0.019634 0.808664 0.019634 0.809567 0.018957 0.810469 0.018957 0.817690 0.019634 0.818592 0.019634 0.829422 0.020311 0.830325 0.020311 0.845668 0.020988 0.846570 0.020988 0.865523 0.021666 0.866426 0.021666 0.867329 0.022343 0.868231 0.023020 0.868231 0.023697 0.869134 0.025728 0.869134 0.026405 0.868231 0.032498 0.868231 0.033175 0.867329 0.039946 0.867329 0.040623 0.866426 0.042654 0.866426 0.043331 0.865523 0.044008 0.865523 0.044008 0.863718 0.044685 0.862816 0.044685 0.858303 0.045362 0.857401 0.045362 0.850181 0.046039 0.849278 0.046039 0.846570 0.046716 0.845668 0.046716 0.842058 0.047393 0.841155 0.047393 0.837545 0.048070 0.836643 0.048070 0.832130 0.048747 0.831227 0.048747 0.824910 0.049425 0.824007 0.049425 0.814079 0.048747 0.813177 0.048747 0.811372 0.048070 0.810469 0.048070 0.809567 0.046716 0.807762 0.031821 0.807762 0.031144 0.806859 0.023697 0.806859 0.023020 0.805957
2 0.733920 0.520758 0.732566 0.522563 0.732566 0.525271 0.737982 0.525271 0.737982 0.521661 0.736628 0.521661 0.735951 0.520758
2 0.538930 0.534296 0.538253 0.535199 0.536899 0.535199 0.536222 0.536101 0.536222 0.537004 0.535545 0.537906 0.535545 0.542419 0.536222 0.543321 0.536222 0.544224 0.538253 0.544224 0.538930 0.545126 0.539607 0.545126 0.540961 0.543321 0.540961 0.536101 0.539607 0.534296
2 0.327014 0.543321 0.326337 0.544224 0.325660 0.544224 0.324983 0.545126 0.324983 0.546029 0.324306 0.546931 0.324306 0.554152 0.326337 0.556859 0.327014 0.556859 0.327691 0.557762 0.328368 0.556859 0.329045 0.556859 0.329045 0.555957 0.329722 0.555054 0.329722 0.553249 0.330399 0.552347 0.330399 0.546029 0.328368 0.543321
2 0.014895 0.819495 0.014218 0.820397 0.012864 0.820397 0.012187 0.821300 0.008802 0.821300 0.008125 0.822202 0.004739 0.822202 0.003385 0.824007 0.002708 0.824007 0.002031 0.824910 0.000000 0.824910 0.000000 0.873646 0.001354 0.873646 0.002031 0.872744 0.003385 0.872744 0.004062 0.871841 0.006770 0.871841 0.007448 0.870939 0.014218 0.870939 0.014895 0.870036 0.017603 0.870036 0.018280 0.869134 0.018957 0.869134 0.018957 0.868231 0.019634 0.867329 0.019634 0.861011 0.020311 0.860108 0.020311 0.833032 0.019634 0.832130 0.019634 0.827617 0.018957 0.826715 0.018957 0.824007 0.017603 0.822202 0.017603 0.821300 0.016926 0.820397 0.016249 0.820397 0.015572 0.819495
2 0.341909 0.556859 0.341232 0.557762 0.340555 0.557762 0.338524 0.560469 0.338524 0.562274 0.337847 0.563177 0.337847 0.565884 0.337170 0.566787 0.337170 0.567690 0.338524 0.569495 0.341909 0.569495 0.343940 0.566787 0.343940 0.565884 0.344617 0.564982 0.344617 0.563177 0.345295 0.562274 0.345295 0.557762 0.343940 0.557762 0.343263 0.556859
2 0.414353 0.554152 0.414353 0.555054 0.413676 0.555957 0.413676 0.556859 0.414353 0.557762 0.414353 0.560469 0.415030 0.561372 0.415030 0.562274 0.415708 0.563177 0.417062 0.563177 0.417739 0.564079 0.418416 0.564079 0.419093 0.563177 0.419770 0.563177 0.420447 0.562274 0.421801 0.562274 0.423832 0.559567 0.423832 0.555957 0.422478 0.554152
2 0.758294 0.500903 0.757617 0.501805 0.757617 0.502708 0.756940 0.503610 0.756940 0.505415 0.758294 0.507220 0.758294 0.508123 0.761002 0.508123 0.763033 0.505415 0.763033 0.504513 0.762356 0.503610 0.762356 0.502708 0.761679 0.501805 0.761002 0.501805 0.760325 0.500903
2 0.765064 0.502708 0.763710 0.504513 0.763710 0.508123 0.767773 0.508123 0.768450 0.507220 0.768450 0.504513 0.767773 0.503610 0.767095 0.503610 0.766418 0.502708
2 0.072444 0.965704 0.071767 0.966606 0.069736 0.966606 0.067028 0.970217 0.067028 0.971119 0.067705 0.972022 0.067705 0.973827 0.069059 0.975632 0.069736 0.975632 0.070413 0.976534 0.071090 0.976534 0.071767 0.977437 0.072444 0.977437 0.073121 0.978339 0.074475 0.978339 0.075152 0.979242 0.075829 0.979242 0.076506 0.980144 0.077183 0.980144 0.077861 0.981047 0.078538 0.981047 0.079215 0.981949 0.080569 0.981949 0.081246 0.982852 0.081923 0.982852 0.083277 0.984657 0.083954 0.984657 0.085308 0.986462 0.085985 0.986462 0.086662 0.987365 0.088016 0.987365 0.088693 0.988267 0.100880 0.988267 0.101557 0.987365 0.106297 0.987365 0.106974 0.986462 0.108328 0.986462 0.109005 0.985560 0.109682 0.985560 0.110359 0.984657 0.111036 0.984657 0.111713 0.983755 0.111713 0.980144 0.112390 0.979242 0.112390 0.975632 0.111713 0.974729 0.111713 0.973827 0.111036 0.972924 0.111036 0.972022 0.110359 0.972022 0.109682 0.971119 0.108328 0.971119 0.107651 0.972022 0.106974 0.972022 0.105619 0.973827 0.100203 0.973827 0.099526 0.974729 0.095464 0.974729 0.094787 0.973827 0.093433 0.973827 0.092756 0.972924 0.092079 0.972924 0.090724 0.971119 0.088693 0.971119 0.087339 0.969314 0.086662 0.969314 0.085985 0.968412 0.084631 0.968412 0.083954 0.967509 0.083277 0.967509 0.082600 0.966606 0.081246 0.966606 0.080569 0.965704
2 0.393365 0.555957 0.392688 0.556859 0.392688 0.560469 0.393365 0.561372 0.393365 0.563177 0.394042 0.564079 0.394042 0.564982 0.395396 0.566787 0.398781 0.566787 0.400135 0.564982 0.400135 0.560469 0.399458 0.559567 0.399458 0.558664 0.397427 0.555957
2 0.171293 0.712996 0.171293 0.713899 0.169939 0.715704 0.169939 0.716606 0.169262 0.717509 0.169262 0.718412 0.168585 0.719314 0.168585 0.720217 0.169262 0.721119 0.169262 0.722022 0.170616 0.723827 0.176710 0.723827 0.177387 0.724729 0.201083 0.724729 0.201760 0.723827 0.210562 0.723827 0.211239 0.722924 0.211239 0.720217 0.210562 0.719314 0.209885 0.719314 0.209208 0.718412 0.208531 0.718412 0.207177 0.716606 0.204469 0.716606 0.203791 0.715704 0.201083 0.715704 0.200406 0.714801 0.199052 0.714801 0.198375 0.713899 0.194313 0.713899 0.193636 0.714801 0.191605 0.714801 0.190928 0.715704 0.177387 0.715704 0.176710 0.714801 0.175355 0.714801 0.174678 0.713899 0.172647 0.713899 0.171970 0.712996
2 0.726473 0.518953 0.725796 0.519856 0.723764 0.519856 0.723764 0.523466 0.724441 0.524368 0.724441 0.525271 0.725796 0.525271 0.726473 0.526173 0.727150 0.526173 0.727827 0.525271 0.729181 0.525271 0.729181 0.521661 0.727150 0.518953
2 0.431280 0.555957 0.430603 0.556859 0.430603 0.557762 0.429248 0.559567 0.429248 0.564982 0.429926 0.565884 0.430603 0.565884 0.431280 0.566787 0.434665 0.566787 0.435342 0.565884 0.436019 0.565884 0.436696 0.564982 0.436696 0.563177 0.435342 0.561372 0.435342 0.559567 0.434665 0.558664 0.434665 0.557762 0.433988 0.556859 0.433311 0.556859 0.432634 0.555957
2 0.465132 0.517148 0.464455 0.518051 0.463778 0.518051 0.463778 0.518953 0.463101 0.519856 0.463101 0.521661 0.463778 0.522563 0.465809 0.522563 0.466486 0.523466 0.467840 0.521661 0.467840 0.518953 0.466486 0.517148
2 0.154367 0.736462 0.153013 0.738267 0.153013 0.739170 0.152336 0.740072 0.152336 0.741877 0.151659 0.742780 0.151659 0.747292 0.152336 0.748195 0.152336 0.750903 0.153013 0.751805 0.153013 0.753610 0.153690 0.754513 0.153690 0.756318 0.154367 0.757220 0.154367 0.759025 0.155721 0.759025 0.156398 0.759928 0.157752 0.759928 0.157752 0.759025 0.158429 0.758123 0.158429 0.757220 0.159106 0.756318 0.159106 0.754513 0.159783 0.753610 0.159783 0.751805 0.160460 0.750903 0.160460 0.749097 0.161137 0.748195 0.161137 0.740072 0.160460 0.739170 0.160460 0.738267 0.159106 0.736462
2 0.633717 0.544224 0.633040 0.545126 0.631686 0.545126 0.631009 0.546029 0.630332 0.546029 0.629655 0.546931 0.630332 0.547834 0.630332 0.549639 0.631009 0.549639 0.631686 0.550542 0.632363 0.550542 0.633040 0.551444 0.637779 0.551444 0.639133 0.549639 0.639133 0.548736 0.638456 0.547834 0.638456 0.546029 0.637779 0.545126 0.637102 0.545126 0.636425 0.544224
2 0.517942 0.537906 0.516588 0.539711 0.516588 0.540614 0.515234 0.542419 0.515234 0.545126 0.514557 0.546029 0.515234 0.546931 0.517265 0.546931 0.517942 0.547834 0.518619 0.547834 0.519973 0.546029 0.519973 0.545126 0.520650 0.544224 0.520650 0.539711 0.519973 0.538809 0.519973 0.537906
2 0.591740 0.612816 0.591740 0.613718 0.591063 0.614621 0.591063 0.615523 0.590386 0.616426 0.590386 0.618231 0.589709 0.619134 0.591740 0.621841 0.593771 0.621841 0.594448 0.622744 0.599188 0.622744 0.599188 0.621841 0.600542 0.620036 0.600542 0.615523 0.599865 0.614621 0.599188 0.614621 0.598510 0.613718 0.592417 0.613718
2 0.601219 0.595668 0.599188 0.598375 0.599188 0.602888 0.599865 0.603791 0.599865 0.604693 0.601896 0.607401 0.602573 0.607401 0.603250 0.606498 0.604604 0.606498 0.605281 0.605596 0.605958 0.605596 0.605958 0.604693 0.606635 0.603791 0.606635 0.597473 0.605958 0.596570 0.605958 0.595668
2 0.546378 0.518953 0.545701 0.519856 0.545701 0.520758 0.545024 0.521661 0.545024 0.522563 0.545701 0.523466 0.550440 0.523466 0.551117 0.522563 0.551794 0.522563 0.551794 0.520758 0.550440 0.518953
2 0.626269 0.529783 0.624238 0.532491 0.624238 0.537906 0.624915 0.538809 0.624915 0.539711 0.626269 0.541516 0.629655 0.541516 0.629655 0.540614 0.630332 0.539711 0.630332 0.532491 0.629655 0.531588 0.629655 0.530686 0.628978 0.529783
2 0.378470 0.557762 0.377116 0.559567 0.377116 0.566787 0.378470 0.568592 0.381855 0.568592 0.382532 0.567690 0.382532 0.560469 0.381855 0.559567 0.381855 0.558664 0.381178 0.557762