0 0.793083 0.551042 0.792497 0.552083 0.787222 0.552083 0.786635 0.553125 0.784877 0.553125 0.784291 0.554167 0.783118 0.554167 0.782532 0.555208 0.781946 0.555208 0.781360 0.556250 0.780774 0.556250 0.780188 0.557292 0.779015 0.557292 0.777843 0.559375 0.777257 0.559375 0.776671 0.560417 0.776084 0.560417 0.773740 0.564583 0.773740 0.565625 0.769050 0.573958 0.768464 0.573958 0.763775 0.582292 0.763189 0.582292 0.762603 0.583333 0.761430 0.583333 0.760844 0.584375 0.759672 0.584375 0.759086 0.585417 0.758499 0.585417 0.757913 0.586458 0.756741 0.586458 0.756155 0.587500 0.754396 0.587500 0.753810 0.588542 0.753224 0.588542 0.753224 0.589583 0.752638 0.590625 0.752638 0.591667 0.753224 0.591667 0.755569 0.595833 0.756155 0.595833 0.757913 0.598958 0.758499 0.598958 0.761430 0.604167 0.762016 0.604167 0.763189 0.606250 0.763775 0.606250 0.764361 0.607292 0.764947 0.607292 0.765533 0.608333 0.766120 0.608333 0.766706 0.609375 0.767878 0.609375 0.768464 0.610417 0.769050 0.610417 0.771395 0.614583 0.771395 0.621875 0.770809 0.622917 0.770809 0.623958 0.769050 0.627083 0.768464 0.627083 0.767878 0.628125 0.767292 0.628125 0.766706 0.629167 0.766120 0.629167 0.764361 0.632292 0.763775 0.632292 0.761430 0.636458 0.761430 0.637500 0.751465 0.655208 0.751465 0.656250 0.750879 0.657292 0.750879 0.658333 0.748535 0.662500 0.747362 0.662500 0.746776 0.663542 0.743259 0.663542 0.742673 0.664583 0.740328 0.664583 0.739742 0.663542 0.738570 0.663542 0.736811 0.660417 0.736225 0.660417 0.735053 0.658333 0.735053 0.657292 0.734467 0.657292 0.733880 0.656250 0.733294 0.656250 0.732708 0.655208 0.732122 0.655208 0.731536 0.654167 0.725674 0.654167 0.723916 0.657292 0.723916 0.658333 0.723329 0.659375 0.723329 0.663542 0.725674 0.667708 0.726260 0.667708 0.729191 0.672917 0.729191 0.673958 0.730363 0.676042 0.730363 0.677083 0.731536 0.679167 0.731536 0.681250 0.732122 0.682292 0.732122 0.684375 0.733294 0.686458 0.733294 0.687500 0.733880 0.687500 0.734467 0.688542 0.734467 0.689583 0.735639 0.691667 0.735639 0.697917 0.736225 0.698958 0.736225 0.701042 0.736811 0.702083 0.735053 0.705208 0.735053 0.712500 0.735639 0.713542 0.735639 0.727083 0.736225 0.728125 0.736225 0.729167 0.736811 0.730208 0.736811 0.731250 0.737397 0.732292 0.737397 0.733333 0.739156 0.736458 0.739156 0.737500 0.739742 0.738542 0.739742 0.739583 0.740914 0.741667 0.740914 0.742708 0.741501 0.743750 0.741501 0.744792 0.744431 0.750000 0.744431 0.751042 0.745018 0.751042 0.751465 0.762500 0.752052 0.762500 0.753224 0.764583 0.753810 0.764583 0.754396 0.765625 0.754982 0.765625 0.755569 0.764583 0.756155 0.764583 0.756155 0.763542 0.756741 0.762500 0.756741 0.761458 0.757327 0.760417 0.757327 0.759375 0.758499 0.757292 0.760258 0.757292 0.760844 0.758333 0.762603 0.758333 0.763189 0.759375 0.763775 0.759375 0.764361 0.760417 0.765533 0.760417 0.766120 0.761458 0.766706 0.761458 0.767292 0.762500 0.767878 0.762500 0.768464 0.763542 0.769050 0.763542 0.770223 0.765625 0.770809 0.765625 0.771395 0.766667 0.771981 0.766667 0.772567 0.767708 0.775498 0.767708 0.776084 0.766667 0.776084 0.765625 0.776671 0.764583 0.776671 0.763542 0.777257 0.762500 0.777257 0.761458 0.778429 0.759375 0.779015 0.759375 0.780188 0.757292 0.780774 0.757292 0.781360 0.756250 0.781946 0.756250 0.782532 0.755208 0.784291 0.755208 0.784877 0.754167 0.786635 0.754167 0.787222 0.755208 0.789566 0.755208 0.790152 0.756250 0.791325 0.756250 0.791911 0.757292 0.792497 0.757292 0.793083 0.758333 0.793669 0.758333 0.796014 0.762500 0.796600 0.762500 0.798359 0.765625 0.798945 0.765625 0.800117 0.767708 0.800703 0.767708 0.801290 0.768750 0.802462 0.768750 0.803048 0.769792 0.805393 0.769792 0.805979 0.768750 0.807151 0.768750 0.807737 0.769792 0.810082 0.769792 0.810668 0.770833 0.812427 0.770833 0.813013 0.771875 0.818288 0.771875 0.818875 0.770833 0.821219 0.770833 0.821805 0.771875 0.828839 0.771875 0.829426 0.770833 0.829426 0.768750 0.830012 0.767708 0.830012 0.751042 0.829426 0.750000 0.829426 0.746875 0.828839 0.745833 0.828839 0.743750 0.828253 0.742708 0.828253 0.741667 0.827667 0.740625 0.827667 0.736458 0.827081 0.735417 0.827081 0.727083 0.826495 0.726042 0.826495 0.720833 0.825909 0.719792 0.825909 0.714583 0.825322 0.713542 0.825322 0.707292 0.824736 0.706250 0.824736 0.686458 0.825322 0.685417 0.825322 0.682292 0.825909 0.681250 0.825909 0.679167 0.826495 0.678125 0.826495 0.675000 0.825909 0.673958 0.825909 0.672917 0.825322 0.671875 0.825322 0.670833 0.824736 0.669792 0.824736 0.668750 0.824150 0.667708 0.824150 0.666667 0.823564 0.665625 0.823564 0.662500 0.822978 0.661458 0.822978 0.657292 0.822392 0.656250 0.822392 0.652083 0.821805 0.651042 0.821805 0.644792 0.822392 0.643750 0.822392 0.634375 0.821805 0.633333 0.821805 0.628125 0.821219 0.627083 0.821219 0.625000 0.820633 0.623958 0.820633 0.622917 0.818875 0.619792 0.818875 0.618750 0.817702 0.616667 0.817702 0.615625 0.815944 0.612500 0.815944 0.610417 0.814185 0.607292 0.814185 0.606250 0.813599 0.605208 0.813599 0.603125 0.813013 0.602083 0.814185 0.600000 0.814185 0.598958 0.814771 0.597917 0.814771 0.584375 0.814185 0.583333 0.814185 0.575000 0.813599 0.573958 0.813599 0.572917 0.813013 0.571875 0.813013 0.569792 0.808324 0.561458 0.808324 0.560417 0.807737 0.559375 0.807151 0.559375 0.806565 0.558333 0.805979 0.558333 0.805393 0.557292 0.804807 0.557292 0.804220 0.556250 0.803634 0.556250 0.803048 0.555208 0.802462 0.555208 0.801876 0.554167 0.801290 0.554167 0.800703 0.553125 0.799531 0.553125 0.798945 0.552083 0.794256 0.552083 0.793669 0.551042
0 0.501172 0.361458 0.500586 0.362500 0.498828 0.362500 0.498242 0.363542 0.497069 0.363542 0.496483 0.364583 0.495311 0.364583 0.494725 0.365625 0.494138 0.365625 0.493552 0.366667 0.492966 0.366667 0.492380 0.367708 0.491794 0.367708 0.489449 0.371875 0.488863 0.371875 0.486518 0.376042 0.486518 0.377083 0.484174 0.381250 0.484174 0.382292 0.483001 0.384375 0.483001 0.386458 0.482415 0.387500 0.482415 0.389583 0.481829 0.390625 0.481829 0.395833 0.481243 0.396875 0.481829 0.397917 0.481829 0.404167 0.482415 0.405208 0.482415 0.411458 0.483001 0.412500 0.483001 0.416667 0.482415 0.417708 0.482415 0.418750 0.481829 0.419792 0.481829 0.421875 0.481243 0.422917 0.481243 0.427083 0.482415 0.429167 0.483587 0.429167 0.484174 0.430208 0.484760 0.429167 0.486518 0.429167 0.487104 0.428125 0.488277 0.428125 0.488863 0.429167 0.489449 0.429167 0.491208 0.432292 0.491208 0.433333 0.491794 0.434375 0.491794 0.438542 0.492380 0.439583 0.492380 0.445833 0.492966 0.446875 0.492966 0.461458 0.492380 0.462500 0.492380 0.469792 0.492966 0.470833 0.492966 0.473958 0.493552 0.475000 0.493552 0.480208 0.494138 0.481250 0.494138 0.489583 0.493552 0.490625 0.493552 0.492708 0.492966 0.493750 0.492966 0.494792 0.492380 0.495833 0.492380 0.500000 0.491794 0.501042 0.491794 0.504167 0.491208 0.505208 0.491208 0.506250 0.490621 0.507292 0.490621 0.508333 0.490035 0.509375 0.490035 0.510417 0.488863 0.512500 0.488863 0.513542 0.487104 0.516667 0.486518 0.516667 0.484760 0.519792 0.484174 0.519792 0.483001 0.521875 0.482415 0.521875 0.481829 0.522917 0.481243 0.522917 0.480657 0.523958 0.478312 0.523958 0.477726 0.525000 0.474209 0.525000 0.473623 0.526042 0.461899 0.526042 0.461313 0.527083 0.459555 0.527083 0.458382 0.529167 0.457796 0.529167 0.456624 0.531250 0.456038 0.531250 0.453107 0.536458 0.453107 0.537500 0.452521 0.538542 0.452521 0.543750 0.454865 0.547917 0.455451 0.547917 0.456038 0.548958 0.458382 0.548958 0.458968 0.550000 0.461899 0.550000 0.462485 0.551042 0.463072 0.551042 0.463658 0.552083 0.463658 0.553125 0.464830 0.555208 0.466002 0.555208 0.466589 0.556250 0.481829 0.556250 0.482415 0.555208 0.485346 0.555208 0.485932 0.554167 0.487691 0.554167 0.489449 0.557292 0.489449 0.560417 0.490035 0.561458 0.490035 0.564583 0.490621 0.565625 0.490621 0.567708 0.491208 0.568750 0.491208 0.569792 0.491794 0.570833 0.491794 0.572917 0.492380 0.573958 0.492380 0.575000 0.491794 0.576042 0.491794 0.582292 0.491208 0.583333 0.491208 0.586458 0.491794 0.587500 0.491794 0.597917 0.492380 0.598958 0.492380 0.600000 0.491794 0.601042 0.491794 0.602083 0.492380 0.603125 0.492380 0.611458 0.492966 0.612500 0.492966 0.622917 0.493552 0.623958 0.493552 0.636458 0.494138 0.637500 0.494138 0.641667 0.494725 0.642708 0.494725 0.644792 0.495311 0.645833 0.495311 0.659375 0.494725 0.660417 0.494725 0.669792 0.494138 0.670833 0.494138 0.689583 0.493552 0.690625 0.493552 0.692708 0.494138 0.693750 0.494138 0.707292 0.494725 0.708333 0.494725 0.712500 0.495311 0.713542 0.495311 0.739583 0.495897 0.740625 0.495897 0.742708 0.496483 0.743750 0.496483 0.744792 0.497069 0.745833 0.497069 0.746875 0.497655 0.747917 0.497655 0.748958 0.498242 0.750000 0.498242 0.752083 0.498828 0.753125 0.498828 0.755208 0.499414 0.756250 0.499414 0.757292 0.500000 0.758333 0.500000 0.760417 0.500586 0.761458 0.500586 0.762500 0.501172 0.763542 0.501172 0.765625 0.501758 0.766667 0.501758 0.768750 0.502345 0.769792 0.502345 0.771875 0.503517 0.773958 0.503517 0.775000 0.504103 0.776042 0.504103 0.777083 0.504689 0.778125 0.504689 0.779167 0.505275 0.780208 0.505275 0.781250 0.505862 0.782292 0.505862 0.784375 0.506448 0.785417 0.506448 0.787500 0.507034 0.788542 0.507034 0.791667 0.507620 0.792708 0.507620 0.794792 0.508206 0.795833 0.508206 0.796875 0.508792 0.797917 0.508792 0.801042 0.509379 0.802083 0.509379 0.816667 0.508792 0.817708 0.508792 0.821875 0.509379 0.822917 0.509379 0.827083 0.509965 0.828125 0.509965 0.829167 0.510551 0.830208 0.510551 0.832292 0.511137 0.833333 0.511137 0.835417 0.510551 0.836458 0.510551 0.837500 0.508792 0.840625 0.507620 0.840625 0.507034 0.841667 0.506448 0.841667 0.505862 0.842708 0.504689 0.842708 0.504103 0.843750 0.503517 0.843750 0.500586 0.848958 0.500000 0.848958 0.498828 0.851042 0.498242 0.851042 0.497655 0.852083 0.496483 0.852083 0.495897 0.853125 0.494725 0.853125 0.494138 0.854167 0.492966 0.854167 0.492380 0.855208 0.491794 0.855208 0.491208 0.856250 0.490621 0.856250 0.488863 0.859375 0.488863 0.861458 0.488277 0.862500 0.488277 0.865625 0.488863 0.866667 0.488863 0.869792 0.489449 0.870833 0.489449 0.871875 0.490621 0.873958 0.491208 0.873958 0.491794 0.875000 0.492380 0.875000 0.492966 0.876042 0.493552 0.876042 0.494138 0.877083 0.495897 0.877083 0.496483 0.878125 0.498828 0.878125 0.499414 0.879167 0.505862 0.879167 0.506448 0.878125 0.509379 0.878125 0.509965 0.877083 0.511723 0.877083 0.512309 0.876042 0.512896 0.876042 0.513482 0.875000 0.515240 0.875000 0.515826 0.873958 0.516999 0.873958 0.517585 0.872917 0.518171 0.872917 0.518757 0.871875 0.519343 0.871875 0.519930 0.870833 0.521688 0.870833 0.522274 0.869792 0.523447 0.869792 0.524033 0.868750 0.525205 0.868750 0.525791 0.867708 0.527550 0.867708 0.528136 0.866667 0.529308 0.866667 0.529894 0.865625 0.530481 0.865625 0.531067 0.864583 0.531653 0.864583 0.533998 0.860417 0.533998 0.859375 0.534584 0.858333 0.534584 0.846875 0.533998 0.845833 0.533998 0.832292 0.533411 0.831250 0.533411 0.828125 0.532825 0.827083 0.532825 0.823958 0.532239 0.822917 0.532239 0.821875 0.531653 0.820833 0.531653 0.814583 0.531067 0.813542 0.531067 0.807292 0.530481 0.806250 0.530481 0.803125 0.529894 0.802083 0.529894 0.798958 0.529308 0.797917 0.529308 0.782292 0.529894 0.781250 0.529894 0.779167 0.530481 0.778125 0.530481 0.760417 0.529894 0.759375 0.529894 0.755208 0.528722 0.753125 0.528722 0.752083 0.528136 0.751042 0.528136 0.743750 0.527550 0.742708 0.527550 0.730208 0.528136 0.729167 0.528136 0.704167 0.528722 0.703125 0.528722 0.694792 0.529308 0.693750 0.529308 0.690625 0.529894 0.689583 0.529894 0.687500 0.530481 0.686458 0.530481 0.683333 0.531067 0.682292 0.531067 0.678125 0.531653 0.677083 0.531653 0.672917 0.532239 0.671875 0.532239 0.668750 0.532825 0.667708 0.532825 0.664583 0.533411 0.663542 0.533411 0.660417 0.533998 0.659375 0.533998 0.658333 0.534584 0.657292 0.534584 0.654167 0.535170 0.653125 0.535170 0.648958 0.535756 0.647917 0.535756 0.642708 0.536342 0.641667 0.536342 0.638542 0.536928 0.637500 0.536928 0.635417 0.537515 0.634375 0.537515 0.632292 0.538101 0.631250 0.538101 0.629167 0.538687 0.628125 0.538687 0.627083 0.539859 0.625000 0.539859 0.623958 0.540445 0.622917 0.540445 0.621875 0.541618 0.619792 0.541618 0.618750 0.542204 0.617708 0.542204 0.605208 0.541618 0.604167 0.541618 0.602083 0.541032 0.601042 0.541032 0.598958 0.540445 0.597917 0.540445 0.594792 0.539859 0.593750 0.539859 0.589583 0.539273 0.588542 0.539273 0.585417 0.538687 0.584375 0.538687 0.582292 0.538101 0.581250 0.538101 0.578125 0.537515 0.577083 0.537515 0.568750 0.536928 0.567708 0.536928 0.561458 0.536342 0.560417 0.536342 0.535417 0.536928 0.534375 0.536928 0.492708 0.537515 0.491667 0.537515 0.489583 0.536928 0.488542 0.536928 0.467708 0.537515 0.466667 0.536928 0.465625 0.536928 0.461458 0.536342 0.460417 0.536342 0.459375 0.535756 0.458333 0.535756 0.457292 0.535170 0.456250 0.535170 0.455208 0.534584 0.454167 0.534584 0.452083 0.533998 0.451042 0.533998 0.450000 0.533411 0.448958 0.533411 0.446875 0.532825 0.445833 0.532825 0.444792 0.532239 0.443750 0.532239 0.442708 0.531653 0.441667 0.531653 0.440625 0.531067 0.439583 0.531067 0.438542 0.529894 0.436458 0.529894 0.435417 0.529308 0.434375 0.529308 0.433333 0.528722 0.432292 0.528722 0.431250 0.528136 0.430208 0.528136 0.428125 0.526964 0.426042 0.526964 0.425000 0.526377 0.423958 0.526377 0.421875 0.525791 0.420833 0.526377 0.419792 0.526377 0.417708 0.528136 0.414583 0.529308 0.414583 0.529308 0.413542 0.528722 0.412500 0.528722 0.411458 0.528136 0.411458 0.527550 0.410417 0.526964 0.410417 0.526377 0.409375 0.525205 0.409375 0.524619 0.408333 0.524033 0.408333 0.523447 0.407292 0.522860 0.407292 0.521102 0.404167 0.521102 0.403125 0.520516 0.402083 0.520516 0.395833 0.519930 0.394792 0.519930 0.393750 0.523447 0.387500 0.523447 0.384375 0.524033 0.383333 0.522274 0.380208 0.522274 0.379167 0.520516 0.376042 0.520516 0.375000 0.516413 0.367708 0.515826 0.367708 0.515240 0.366667 0.514654 0.366667 0.514068 0.365625 0.513482 0.365625 0.512896 0.364583 0.512309 0.364583 0.511723 0.363542 0.509965 0.363542 0.509379 0.362500 0.506448 0.362500 0.505862 0.361458
0 0.675850 0.389583 0.675264 0.390625 0.674091 0.390625 0.673505 0.391667 0.672919 0.391667 0.672333 0.392708 0.671747 0.392708 0.667057 0.401042 0.667057 0.402083 0.664127 0.407292 0.664127 0.408333 0.662954 0.410417 0.662954 0.411458 0.662368 0.412500 0.662368 0.413542 0.661196 0.415625 0.661196 0.417708 0.660610 0.418750 0.660610 0.420833 0.660023 0.421875 0.660023 0.423958 0.659437 0.425000 0.659437 0.427083 0.658851 0.428125 0.658851 0.432292 0.658265 0.433333 0.658265 0.436458 0.658851 0.437500 0.658851 0.438542 0.659437 0.438542 0.660023 0.439583 0.663540 0.439583 0.664127 0.438542 0.667644 0.438542 0.668230 0.437500 0.668816 0.437500 0.668816 0.436458 0.669988 0.434375 0.669988 0.433333 0.670574 0.432292 0.670574 0.431250 0.671161 0.430208 0.671161 0.429167 0.671747 0.428125 0.672333 0.429167 0.672333 0.430208 0.672919 0.431250 0.672919 0.432292 0.673505 0.433333 0.673505 0.434375 0.674091 0.435417 0.674091 0.439583 0.674678 0.440625 0.674678 0.442708 0.675264 0.443750 0.675264 0.444792 0.677022 0.444792 0.677608 0.443750 0.679367 0.443750 0.679953 0.444792 0.681125 0.444792 0.681712 0.445833 0.681712 0.443750 0.682298 0.442708 0.682298 0.439583 0.682884 0.438542 0.682884 0.435417 0.683470 0.434375 0.683470 0.427083 0.682884 0.426042 0.682884 0.425000 0.679953 0.419792 0.679953 0.418750 0.679367 0.417708 0.679367 0.416667 0.678781 0.415625 0.678781 0.413542 0.678195 0.412500 0.678195 0.411458 0.677608 0.410417 0.677608 0.404167 0.680539 0.398958 0.681125 0.398958 0.682298 0.396875 0.682298 0.392708 0.681125 0.390625 0.680539 0.390625 0.679953 0.389583
0 0.277843 0.469792 0.278429 0.470833 0.279015 0.470833 0.279015 0.469792
0 0.273154 0.304167 0.272567 0.305208 0.269637 0.305208 0.269050 0.306250 0.266120 0.306250 0.265533 0.307292 0.264361 0.307292 0.259086 0.316667 0.258499 0.316667 0.256155 0.320833 0.256155 0.322917 0.255569 0.323958 0.255569 0.327083 0.252052 0.333333 0.251465 0.333333 0.246776 0.341667 0.246776 0.342708 0.241501 0.352083 0.240914 0.352083 0.239156 0.355208 0.238570 0.355208 0.237397 0.357292 0.236811 0.357292 0.235639 0.359375 0.235053 0.359375 0.233880 0.361458 0.233294 0.361458 0.227433 0.371875 0.226846 0.371875 0.226260 0.372917 0.225674 0.372917 0.222157 0.379167 0.221571 0.379167 0.220399 0.381250 0.219812 0.381250 0.217468 0.385417 0.217468 0.386458 0.216882 0.387500 0.216295 0.387500 0.213365 0.392708 0.213365 0.393750 0.212778 0.394792 0.212778 0.395833 0.212192 0.396875 0.212192 0.397917 0.211606 0.398958 0.211606 0.400000 0.211020 0.401042 0.211020 0.403125 0.210434 0.404167 0.210434 0.406250 0.209848 0.407292 0.209848 0.425000 0.209261 0.426042 0.209261 0.436458 0.208675 0.437500 0.208675 0.448958 0.209261 0.450000 0.209261 0.457292 0.209848 0.458333 0.209848 0.466667 0.210434 0.467708 0.210434 0.485417 0.209848 0.486458 0.209848 0.487500 0.209261 0.488542 0.209261 0.490625 0.208675 0.491667 0.208675 0.492708 0.208089 0.493750 0.208089 0.494792 0.207503 0.495833 0.207503 0.496875 0.206917 0.497917 0.206917 0.500000 0.206331 0.501042 0.206331 0.504167 0.205744 0.505208 0.205744 0.508333 0.205158 0.509375 0.205158 0.510417 0.204572 0.511458 0.204572 0.512500 0.203400 0.514583 0.203400 0.515625 0.202814 0.516667 0.202814 0.518750 0.202227 0.519792 0.202227 0.521875 0.201641 0.522917 0.201641 0.523958 0.201055 0.525000 0.201055 0.527083 0.200469 0.528125 0.200469 0.532292 0.199883 0.533333 0.199883 0.541667 0.199297 0.542708 0.199297 0.555208 0.199883 0.556250 0.199883 0.560417 0.200469 0.561458 0.200469 0.572917 0.201055 0.573958 0.201055 0.576042 0.200469 0.577083 0.201055 0.578125 0.201055 0.581250 0.201641 0.582292 0.201641 0.585417 0.202227 0.586458 0.202227 0.589583 0.202814 0.590625 0.202814 0.593750 0.203400 0.594792 0.203400 0.596875 0.203986 0.597917 0.203986 0.598958 0.204572 0.600000 0.204572 0.602083 0.205158 0.603125 0.205158 0.605208 0.205744 0.606250 0.205744 0.608333 0.206331 0.609375 0.206331 0.611458 0.206917 0.612500 0.206917 0.616667 0.207503 0.617708 0.207503 0.621875 0.208089 0.622917 0.208089 0.626042 0.208675 0.627083 0.208675 0.632292 0.209261 0.633333 0.209261 0.637500 0.209848 0.638542 0.209848 0.641667 0.210434 0.642708 0.210434 0.644792 0.211020 0.645833 0.211020 0.648958 0.211606 0.650000 0.211606 0.652083 0.212192 0.653125 0.212192 0.656250 0.212778 0.657292 0.212778 0.666667 0.213365 0.667708 0.213365 0.679167 0.213951 0.680208 0.213951 0.691667 0.214537 0.692708 0.214537 0.701042 0.215123 0.702083 0.215123 0.705208 0.215709 0.706250 0.215709 0.711458 0.216295 0.712500 0.216295 0.723958 0.216882 0.725000 0.216882 0.736458 0.217468 0.737500 0.217468 0.740625 0.218054 0.741667 0.218054 0.743750 0.218640 0.744792 0.218640 0.746875 0.219226 0.747917 0.219226 0.748958 0.219812 0.750000 0.219812 0.752083 0.220399 0.753125 0.220399 0.756250 0.220985 0.757292 0.220985 0.760417 0.221571 0.761458 0.221571 0.762500 0.222157 0.763542 0.222157 0.764583 0.223329 0.766667 0.223329 0.767708 0.223916 0.768750 0.223916 0.769792 0.224502 0.770833 0.224502 0.771875 0.225088 0.772917 0.225088 0.773958 0.225674 0.775000 0.225674 0.777083 0.226260 0.778125 0.226260 0.780208 0.226846 0.781250 0.226846 0.783333 0.227433 0.784375 0.227433 0.786458 0.228019 0.787500 0.228019 0.794792 0.227433 0.795833 0.227433 0.800000 0.226846 0.801042 0.226846 0.804167 0.226260 0.805208 0.226260 0.807292 0.225674 0.808333 0.225674 0.809375 0.225088 0.810417 0.225088 0.812500 0.224502 0.813542 0.224502 0.815625 0.223916 0.816667 0.223916 0.819792 0.223329 0.820833 0.223329 0.823958 0.223916 0.825000 0.223916 0.827083 0.224502 0.828125 0.224502 0.829167 0.225674 0.831250 0.225674 0.832292 0.230950 0.841667 0.236811 0.841667 0.237397 0.840625 0.238570 0.840625 0.239156 0.839583 0.240328 0.839583 0.240914 0.838542 0.242673 0.838542 0.243259 0.837500 0.244431 0.837500 0.245018 0.836458 0.246190 0.836458 0.246776 0.835417 0.247948 0.835417 0.248535 0.834375 0.250293 0.834375 0.250879 0.833333 0.252638 0.833333 0.253224 0.832292 0.254396 0.832292 0.256155 0.829167 0.256155 0.827083 0.256741 0.826042 0.256741 0.809375 0.256155 0.808333 0.256155 0.803125 0.255569 0.802083 0.255569 0.800000 0.254982 0.798958 0.254982 0.785417 0.254396 0.784375 0.254396 0.779167 0.253810 0.778125 0.253810 0.764583 0.254396 0.763542 0.254396 0.761458 0.254982 0.760417 0.254982 0.729167 0.254396 0.728125 0.254396 0.722917 0.253810 0.721875 0.253810 0.717708 0.254396 0.716667 0.253810 0.715625 0.253810 0.712500 0.253224 0.711458 0.253224 0.707292 0.252638 0.706250 0.252638 0.701042 0.252052 0.700000 0.252052 0.696875 0.251465 0.695833 0.251465 0.694792 0.250879 0.693750 0.250879 0.692708 0.250293 0.691667 0.249707 0.691667 0.249121 0.690625 0.247948 0.690625 0.246776 0.688542 0.246776 0.682292 0.247362 0.681250 0.247362 0.680208 0.249707 0.676042 0.249707 0.675000 0.252052 0.670833 0.252052 0.669792 0.252638 0.668750 0.252638 0.657292 0.252052 0.656250 0.237397 0.656250 0.236811 0.655208 0.235639 0.655208 0.234467 0.653125 0.234467 0.650000 0.241501 0.637500 0.242087 0.637500 0.243259 0.635417 0.243259 0.634375 0.244431 0.632292 0.245018 0.632292 0.246190 0.630208 0.246190 0.629167 0.246776 0.628125 0.247362 0.628125 0.250293 0.622917 0.250293 0.621875 0.251465 0.619792 0.251465 0.617708 0.252052 0.616667 0.252052 0.606250 0.251465 0.605208 0.251465 0.597917 0.250879 0.596875 0.250879 0.591667 0.250293 0.590625 0.250293 0.586458 0.249707 0.585417 0.249707 0.576042 0.250293 0.575000 0.250293 0.573958 0.253810 0.567708 0.254396 0.567708 0.254982 0.566667 0.255569 0.566667 0.256155 0.565625 0.256741 0.565625 0.259086 0.561458 0.259086 0.559375 0.259672 0.558333 0.259672 0.555208 0.260258 0.554167 0.260258 0.547917 0.260844 0.546875 0.260844 0.545833 0.262016 0.543750 0.262603 0.543750 0.263189 0.542708 0.267292 0.542708 0.267878 0.541667 0.273154 0.541667 0.273740 0.540625 0.274912 0.540625 0.276084 0.538542 0.275498 0.537500 0.275498 0.535417 0.276671 0.533333 0.277843 0.533333 0.278429 0.532292 0.279015 0.532292 0.281360 0.536458 0.281946 0.536458 0.282532 0.537500 0.284877 0.537500 0.285463 0.538542 0.287808 0.538542 0.288394 0.537500 0.290739 0.537500 0.291325 0.536458 0.293083 0.536458 0.293083 0.535417 0.293669 0.534375 0.293669 0.530208 0.293083 0.529167 0.293083 0.526042 0.292497 0.525000 0.292497 0.523958 0.291911 0.522917 0.291911 0.520833 0.291325 0.519792 0.291325 0.513542 0.290739 0.512500 0.290739 0.510417 0.290152 0.509375 0.290152 0.508333 0.289566 0.507292 0.289566 0.506250 0.288394 0.506250 0.287808 0.505208 0.286049 0.505208 0.285463 0.504167 0.284291 0.504167 0.283705 0.503125 0.283118 0.503125 0.282532 0.502083 0.281946 0.502083 0.281360 0.501042 0.281360 0.500000 0.280774 0.498958 0.280774 0.496875 0.279601 0.494792 0.279601 0.493750 0.279015 0.492708 0.278429 0.492708 0.277843 0.491667 0.276084 0.491667 0.274912 0.489583 0.274912 0.488542 0.274326 0.487500 0.274326 0.485417 0.273740 0.484375 0.273740 0.483333 0.274912 0.481250 0.275498 0.481250 0.276084 0.480208 0.279015 0.480208 0.279015 0.477083 0.278429 0.476042 0.276671 0.476042 0.276084 0.475000 0.275498 0.475000 0.274912 0.473958 0.274912 0.469792 0.276084 0.467708 0.276084 0.466667 0.276671 0.465625 0.277257 0.465625 0.279601 0.461458 0.280774 0.461458 0.281946 0.459375 0.282532 0.459375 0.284291 0.456250 0.284291 0.452083 0.283705 0.451042 0.283705 0.447917 0.283118 0.446875 0.283118 0.444792 0.282532 0.443750 0.282532 0.441667 0.281946 0.440625 0.281946 0.439583 0.281360 0.438542 0.281360 0.434375 0.280774 0.433333 0.280774 0.430208 0.280188 0.429167 0.280188 0.426042 0.279601 0.425000 0.279601 0.423958 0.279015 0.422917 0.279015 0.420833 0.278429 0.419792 0.278429 0.414583 0.277843 0.413542 0.277843 0.409375 0.277257 0.408333 0.277257 0.403125 0.276671 0.402083 0.276671 0.394792 0.276084 0.393750 0.276084 0.388542 0.276671 0.387500 0.276671 0.386458 0.279015 0.382292 0.279601 0.382292 0.280188 0.381250 0.281360 0.381250 0.281946 0.380208 0.283118 0.380208 0.283705 0.379167 0.286049 0.379167 0.286635 0.378125 0.287808 0.378125 0.288394 0.377083 0.288980 0.377083 0.289566 0.376042 0.289566 0.375000 0.290152 0.373958 0.290152 0.372917 0.292497 0.368750 0.293083 0.368750 0.294256 0.366667 0.294256 0.365625 0.297773 0.359375 0.297773 0.358333 0.298945 0.356250 0.298945 0.355208 0.299531 0.354167 0.299531 0.353125 0.300117 0.352083 0.300117 0.346875 0.300703 0.345833 0.300703 0.342708 0.300117 0.341667 0.300117 0.336458 0.299531 0.335417 0.299531 0.333333 0.298945 0.332292 0.298945 0.331250 0.298359 0.330208 0.298359 0.329167 0.297773 0.328125 0.297773 0.327083 0.297186 0.326042 0.297186 0.325000 0.296600 0.323958 0.296600 0.322917 0.294256 0.318750 0.294256 0.317708 0.290152 0.310417 0.289566 0.310417 0.288980 0.309375 0.288394 0.309375 0.287808 0.308333 0.287222 0.308333 0.286635 0.307292 0.285463 0.307292 0.284877 0.306250 0.282532 0.306250 0.281946 0.305208 0.279015 0.305208 0.278429 0.304167
0 0.875733 0.391667 0.875147 0.392708 0.874560 0.392708 0.873974 0.393750 0.873388 0.393750 0.867526 0.404167 0.866940 0.404167 0.865768 0.406250 0.865182 0.406250 0.862251 0.411458 0.862251 0.412500 0.862837 0.413542 0.862837 0.414583 0.863423 0.415625 0.864009 0.415625 0.868113 0.422917 0.868113 0.423958 0.868699 0.425000 0.868699 0.427083 0.869285 0.428125 0.869285 0.430208 0.870457 0.432292 0.871043 0.432292 0.871630 0.433333 0.873974 0.433333 0.874560 0.432292 0.875147 0.432292 0.875733 0.431250 0.875733 0.430208 0.876905 0.428125 0.876905 0.420833 0.877491 0.419792 0.877491 0.417708 0.878077 0.416667 0.878077 0.415625 0.879250 0.413542 0.879250 0.412500 0.879836 0.411458 0.879836 0.409375 0.880422 0.408333 0.880422 0.407292 0.881594 0.405208 0.881594 0.403125 0.882181 0.402083 0.882181 0.396875 0.881594 0.395833 0.881594 0.394792 0.879836 0.391667
0 0.841149 0.389583 0.838804 0.393750 0.838804 0.394792 0.837632 0.396875 0.837632 0.397917 0.835873 0.401042 0.835873 0.406250 0.837046 0.408333 0.837632 0.408333 0.838218 0.409375 0.839390 0.409375 0.839977 0.410417 0.840563 0.410417 0.841149 0.411458 0.841735 0.411458 0.842321 0.412500 0.842907 0.412500 0.843494 0.413542 0.847011 0.413542 0.847597 0.412500 0.848183 0.412500 0.849355 0.410417 0.849355 0.409375 0.849941 0.408333 0.849941 0.402083 0.845252 0.393750 0.845252 0.392708 0.844080 0.390625 0.843494 0.390625 0.842907 0.389583
1 0.691676 0.390625 0.691090 0.391667 0.689918 0.391667 0.689332 0.392708 0.688159 0.392708 0.687573 0.393750 0.687573 0.394792 0.686401 0.396875 0.686987 0.397917 0.686987 0.398958 0.688159 0.401042 0.688746 0.401042 0.689332 0.402083 0.699297 0.402083 0.699297 0.400000 0.699883 0.398958 0.699883 0.395833 0.699297 0.394792 0.699297 0.392708 0.698124 0.390625
1 0.791911 0.551042 0.791325 0.552083 0.786635 0.552083 0.786049 0.553125 0.784291 0.553125 0.783705 0.554167 0.782532 0.554167 0.781946 0.555208 0.781360 0.555208 0.780774 0.556250 0.779601 0.556250 0.779015 0.557292 0.778429 0.557292 0.777843 0.558333 0.777257 0.558333 0.776671 0.559375 0.776084 0.559375 0.773154 0.564583 0.773154 0.565625 0.769050 0.572917 0.768464 0.572917 0.767292 0.575000 0.767292 0.576042 0.766120 0.578125 0.766120 0.581250 0.767292 0.583333 0.767878 0.583333 0.768464 0.584375 0.769050 0.584375 0.770223 0.586458 0.770809 0.586458 0.771395 0.587500 0.772567 0.587500 0.773154 0.588542 0.774912 0.588542 0.775498 0.589583 0.779015 0.589583 0.779601 0.590625 0.781360 0.590625 0.781946 0.591667 0.789566 0.591667 0.790152 0.590625 0.791325 0.590625 0.791911 0.589583 0.797773 0.589583 0.798359 0.590625 0.800703 0.590625 0.801290 0.591667 0.803048 0.591667 0.803634 0.592708 0.804807 0.592708 0.805979 0.594792 0.806565 0.594792 0.807151 0.595833 0.807737 0.595833 0.808910 0.597917 0.809496 0.597917 0.810082 0.598958 0.814185 0.598958 0.814771 0.597917 0.814771 0.595833 0.815358 0.594792 0.815358 0.589583 0.814771 0.588542 0.814771 0.582292 0.814185 0.581250 0.814185 0.575000 0.813599 0.573958 0.813599 0.571875 0.813013 0.570833 0.813013 0.569792 0.812427 0.568750 0.812427 0.567708 0.811254 0.565625 0.810668 0.565625 0.809496 0.563542 0.809496 0.562500 0.807151 0.558333 0.806565 0.558333 0.805979 0.557292 0.805393 0.557292 0.804807 0.556250 0.804220 0.556250 0.803634 0.555208 0.803048 0.555208 0.802462 0.554167 0.801876 0.554167 0.801290 0.553125 0.800117 0.553125 0.799531 0.552083 0.797186 0.552083 0.796600 0.551042
1 0.274912 0.303125 0.274326 0.304167 0.269637 0.304167 0.269050 0.305208 0.266706 0.305208 0.266120 0.306250 0.264361 0.306250 0.262016 0.310417 0.262016 0.312500 0.263189 0.314583 0.264361 0.314583 0.264947 0.315625 0.267878 0.315625 0.268464 0.316667 0.269637 0.316667 0.270223 0.317708 0.271981 0.317708 0.272567 0.318750 0.273154 0.318750 0.274912 0.321875 0.275498 0.321875 0.280188 0.330208 0.280188 0.331250 0.280774 0.332292 0.280774 0.333333 0.281360 0.334375 0.281360 0.335417 0.281946 0.336458 0.281946 0.337500 0.283118 0.339583 0.283118 0.340625 0.283705 0.341667 0.283705 0.342708 0.284291 0.343750 0.284291 0.344792 0.285463 0.346875 0.285463 0.347917 0.287222 0.351042 0.287222 0.352083 0.287808 0.353125 0.287808 0.354167 0.288394 0.355208 0.288394 0.356250 0.288980 0.357292 0.288980 0.359375 0.289566 0.360417 0.289566 0.366667 0.288980 0.367708 0.288980 0.369792 0.288394 0.370833 0.288394 0.371875 0.284291 0.379167 0.283118 0.379167 0.282532 0.380208 0.282532 0.382292 0.286635 0.382292 0.287222 0.381250 0.287808 0.381250 0.288394 0.380208 0.289566 0.380208 0.289566 0.379167 0.290152 0.378125 0.290152 0.377083 0.290739 0.376042 0.290739 0.375000 0.291325 0.373958 0.291325 0.372917 0.292497 0.370833 0.293083 0.370833 0.293669 0.369792 0.293669 0.368750 0.298359 0.360417 0.298359 0.359375 0.299531 0.357292 0.299531 0.356250 0.300117 0.355208 0.300117 0.354167 0.300703 0.353125 0.300703 0.346875 0.301290 0.345833 0.301290 0.340625 0.300703 0.339583 0.300703 0.335417 0.300117 0.334375 0.300117 0.333333 0.299531 0.332292 0.299531 0.331250 0.298359 0.329167 0.298359 0.327083 0.297186 0.325000 0.297186 0.323958 0.296600 0.322917 0.296600 0.321875 0.294256 0.317708 0.294256 0.316667 0.290152 0.309375 0.289566 0.309375 0.288980 0.308333 0.287808 0.308333 0.287222 0.307292 0.286635 0.307292 0.286049 0.306250 0.284291 0.306250 0.283705 0.305208 0.281946 0.305208 0.281360 0.304167 0.276671 0.304167 0.276084 0.303125
1 0.875733 0.391667 0.875147 0.392708 0.874560 0.392708 0.872802 0.395833 0.872802 0.398958 0.875147 0.403125 0.875733 0.403125 0.876319 0.404167 0.881008 0.404167 0.882181 0.402083 0.882181 0.401042 0.882767 0.400000 0.882181 0.398958 0.882181 0.395833 0.881594 0.394792 0.881594 0.393750 0.881008 0.392708 0.880422 0.392708 0.879836 0.391667
1 0.499414 0.361458 0.498828 0.362500 0.497655 0.362500 0.497069 0.363542 0.495897 0.363542 0.495311 0.364583 0.494138 0.364583 0.492966 0.366667 0.492380 0.366667 0.491794 0.367708 0.491208 0.367708 0.488277 0.372917 0.487691 0.372917 0.487104 0.373958 0.487104 0.375000 0.484174 0.380208 0.484174 0.381250 0.483001 0.383333 0.483001 0.385417 0.482415 0.386458 0.482415 0.387500 0.481829 0.388542 0.481829 0.391667 0.481243 0.392708 0.481243 0.403125 0.481829 0.404167 0.481829 0.409375 0.482415 0.410417 0.482415 0.419792 0.481829 0.420833 0.481829 0.422917 0.481243 0.423958 0.481243 0.425000 0.483001 0.428125 0.485346 0.428125 0.485932 0.427083 0.487691 0.427083 0.488277 0.426042 0.489449 0.426042 0.490035 0.425000 0.491208 0.425000 0.491794 0.423958 0.491794 0.422917 0.494725 0.417708 0.494725 0.416667 0.495897 0.414583 0.496483 0.414583 0.497069 0.413542 0.497655 0.413542 0.497655 0.411458 0.498828 0.409375 0.499414 0.409375 0.499414 0.408333 0.500586 0.406250 0.501758 0.406250 0.502345 0.405208 0.502931 0.405208 0.502931 0.404167 0.503517 0.403125 0.504103 0.403125 0.504689 0.402083 0.505862 0.402083 0.506448 0.401042 0.507034 0.401042 0.508206 0.398958 0.510551 0.398958 0.511137 0.397917 0.511723 0.397917 0.512309 0.396875 0.513482 0.396875 0.514068 0.395833 0.515826 0.395833 0.516413 0.394792 0.516999 0.394792 0.518171 0.392708 0.518757 0.392708 0.519343 0.391667 0.519930 0.391667 0.520516 0.390625 0.521102 0.390625 0.521688 0.389583 0.522274 0.389583 0.522860 0.388542 0.523447 0.388542 0.524619 0.386458 0.524033 0.385417 0.524033 0.383333 0.522860 0.381250 0.522860 0.380208 0.522274 0.379167 0.522274 0.378125 0.520516 0.375000 0.520516 0.373958 0.517585 0.368750 0.516999 0.368750 0.515826 0.366667 0.515240 0.366667 0.514654 0.365625 0.514068 0.365625 0.513482 0.364583 0.512896 0.364583 0.512309 0.363542 0.511137 0.363542 0.510551 0.362500 0.508792 0.362500 0.508206 0.361458
1 0.676436 0.388542 0.675850 0.389583 0.674091 0.389583 0.673505 0.390625 0.672919 0.390625 0.672333 0.391667 0.671747 0.391667 0.669988 0.394792 0.669988 0.395833 0.669402 0.396875 0.669988 0.397917 0.670574 0.397917 0.671161 0.398958 0.675850 0.398958 0.676436 0.397917 0.681712 0.397917 0.682298 0.396875 0.682884 0.396875 0.682884 0.392708 0.681125 0.389583 0.679953 0.389583 0.679367 0.388542
1 0.841735 0.388542 0.841149 0.389583 0.840563 0.389583 0.839390 0.391667 0.839390 0.394792 0.839977 0.395833 0.844666 0.395833 0.845252 0.394792 0.845252 0.392708 0.844666 0.391667 0.844666 0.390625 0.844080 0.389583 0.842321 0.389583
2 0.502931 0.792708 0.502345 0.793750 0.501172 0.793750 0.500586 0.794792 0.500000 0.794792 0.498242 0.797917 0.498242 0.798958 0.496483 0.802083 0.496483 0.803125 0.495311 0.805208 0.494138 0.805208 0.493552 0.806250 0.492966 0.806250 0.492380 0.807292 0.491794 0.807292 0.491208 0.808333 0.491208 0.809375 0.490621 0.810417 0.490621 0.817708 0.492380 0.820833 0.493552 0.820833 0.494138 0.821875 0.497069 0.821875 0.497655 0.822917 0.500000 0.822917 0.500586 0.823958 0.507620 0.823958 0.508792 0.821875 0.508792 0.819792 0.509379 0.818750 0.509379 0.816667 0.509965 0.815625 0.509965 0.812500 0.510551 0.811458 0.510551 0.803125 0.509965 0.802083 0.509965 0.798958 0.509379 0.797917 0.509379 0.796875 0.508792 0.795833 0.508792 0.794792 0.508206 0.793750 0.507034 0.793750 0.506448 0.792708
2 0.254396 0.796875 0.253810 0.797917 0.253224 0.797917 0.252638 0.798958 0.252052 0.798958 0.250879 0.801042 0.250879 0.802083 0.250293 0.803125 0.250293 0.804167 0.245018 0.813542 0.244431 0.813542 0.243845 0.814583 0.242673 0.814583 0.242087 0.815625 0.238570 0.815625 0.237984 0.814583 0.236811 0.814583 0.236225 0.813542 0.235053 0.813542 0.234467 0.812500 0.233880 0.812500 0.230363 0.806250 0.229777 0.806250 0.229191 0.805208 0.226846 0.805208 0.226846 0.806250 0.225674 0.808333 0.225674 0.810417 0.225088 0.811458 0.225088 0.813542 0.224502 0.814583 0.224502 0.815625 0.223916 0.816667 0.223916 0.817708 0.223329 0.818750 0.223329 0.821875 0.222743 0.822917 0.222743 0.823958 0.223329 0.825000 0.223329 0.828125 0.223916 0.829167 0.223916 0.830208 0.226260 0.834375 0.226260 0.835417 0.230950 0.843750 0.235639 0.843750 0.236225 0.842708 0.237397 0.842708 0.237984 0.841667 0.239156 0.841667 0.239742 0.840625 0.240914 0.840625 0.241501 0.839583 0.242673 0.839583 0.243259 0.838542 0.245018 0.838542 0.245604 0.837500 0.246190 0.837500 0.246776 0.836458 0.247948 0.836458 0.248535 0.835417 0.250293 0.835417 0.250879 0.834375 0.253810 0.834375 0.254396 0.833333 0.255569 0.833333 0.256741 0.831250 0.256741 0.830208 0.257327 0.829167 0.257327 0.809375 0.256741 0.808333 0.256741 0.804167 0.256155 0.803125 0.256155 0.801042 0.255569 0.800000 0.255569 0.798958 0.254982 0.797917 0.254982 0.796875
2 0.637749 0.986458 0.637163 0.987500 0.633060 0.987500 0.632474 0.988542 0.631301 0.988542 0.630715 0.989583 0.629543 0.989583 0.628370 0.991667 0.628370 0.992708 0.627784 0.993750 0.627784 0.994792 0.627198 0.995833 0.627198 0.998958 0.658265 0.998958 0.658265 0.997917 0.655920 0.993750 0.655334 0.993750 0.654748 0.992708 0.654162 0.992708 0.652989 0.990625 0.651817 0.990625 0.651231 0.989583 0.650059 0.989583 0.649472 0.988542 0.647714 0.988542 0.647128 0.987500 0.644783 0.987500 0.644197 0.986458
2 0.511137 0.839583 0.510551 0.840625 0.508206 0.840625 0.507620 0.841667 0.506448 0.841667 0.505862 0.842708 0.505275 0.842708 0.504689 0.843750 0.503517 0.843750 0.500586 0.848958 0.500000 0.848958 0.498828 0.851042 0.497655 0.851042 0.497069 0.852083 0.496483 0.852083 0.495897 0.853125 0.494725 0.853125 0.494138 0.854167 0.492966 0.854167 0.492380 0.855208 0.491794 0.855208 0.491208 0.856250 0.490621 0.856250 0.488863 0.859375 0.488863 0.861458 0.488277 0.862500 0.488277 0.865625 0.488863 0.866667 0.488863 0.869792 0.489449 0.870833 0.489449 0.872917 0.490621 0.875000 0.491794 0.875000 0.492380 0.876042 0.492966 0.876042 0.493552 0.877083 0.495311 0.877083 0.495897 0.878125 0.497069 0.878125 0.497655 0.879167 0.501172 0.879167 0.501758 0.880208 0.502345 0.879167 0.508206 0.879167 0.508792 0.878125 0.509965 0.878125 0.510551 0.877083 0.512309 0.877083 0.512896 0.876042 0.514068 0.876042 0.514654 0.875000 0.515826 0.875000 0.516413 0.873958 0.516999 0.873958 0.517585 0.872917 0.518757 0.872917 0.519343 0.871875 0.519930 0.871875 0.520516 0.870833 0.522274 0.870833 0.522860 0.869792 0.524619 0.869792 0.525205 0.868750 0.526377 0.868750 0.526964 0.867708 0.528722 0.867708 0.529308 0.866667 0.530481 0.866667 0.531653 0.864583 0.532239 0.864583 0.533998 0.861458 0.533998 0.860417 0.534584 0.859375 0.534584 0.856250 0.535170 0.855208 0.535170 0.851042 0.534584 0.850000 0.534584 0.848958 0.533411 0.846875 0.521102 0.846875 0.520516 0.845833 0.518757 0.845833 0.518171 0.844792 0.516999 0.844792 0.516413 0.843750 0.515240 0.843750 0.514654 0.842708 0.514068 0.842708 0.512896 0.840625 0.512309 0.840625 0.511723 0.839583