0 0.701422 0.495487 0.700745 0.496390 0.697360 0.496390 0.696682 0.497292 0.696005 0.497292 0.694651 0.499097 0.693974 0.499097 0.689912 0.504513 0.689912 0.505415 0.689235 0.506318 0.689235 0.511733 0.689912 0.512635 0.689912 0.513538 0.690589 0.514440 0.690589 0.518051 0.689912 0.518953 0.689912 0.519856 0.685850 0.525271 0.685173 0.525271 0.684496 0.526173 0.681787 0.526173 0.681110 0.527076 0.677725 0.527076 0.677048 0.527978 0.675017 0.527978 0.674340 0.528881 0.672986 0.528881 0.672309 0.529783 0.671632 0.529783 0.670955 0.530686 0.670278 0.530686 0.669601 0.531588 0.668923 0.531588 0.668246 0.532491 0.667569 0.532491 0.665538 0.535199 0.664861 0.535199 0.664184 0.536101 0.664184 0.537004 0.662153 0.539711 0.662153 0.540614 0.660122 0.543321 0.660122 0.544224 0.658091 0.546931 0.658091 0.547834 0.656737 0.549639 0.656737 0.550542 0.652674 0.555957 0.651997 0.555957 0.649289 0.559567 0.648612 0.559567 0.643873 0.565884 0.643873 0.566787 0.643196 0.567690 0.643196 0.570397 0.642519 0.571300 0.642519 0.580325 0.643196 0.581227 0.643196 0.583935 0.643873 0.584838 0.643873 0.586643 0.644550 0.587545 0.644550 0.588448 0.645227 0.589350 0.645227 0.590253 0.645904 0.591155 0.645904 0.592058 0.646581 0.592960 0.646581 0.593863 0.647258 0.594765 0.647258 0.595668 0.647935 0.596570 0.647935 0.597473 0.648612 0.598375 0.648612 0.599278 0.649966 0.601083 0.649966 0.601986 0.650643 0.602888 0.650643 0.603791 0.654028 0.608303 0.654028 0.609206 0.656737 0.612816 0.656737 0.613718 0.660799 0.619134 0.661476 0.619134 0.664184 0.622744 0.664861 0.622744 0.665538 0.623646 0.666215 0.623646 0.666892 0.624549 0.667569 0.624549 0.668246 0.625451 0.670278 0.625451 0.670955 0.626354 0.677048 0.626354 0.678402 0.624549 0.678402 0.620939 0.677725 0.620036 0.677725 0.619134 0.677048 0.618231 0.677048 0.617329 0.676371 0.616426 0.676371 0.615523 0.675694 0.614621 0.675694 0.613718 0.675017 0.612816 0.675017 0.611913 0.678402 0.607401 0.679079 0.607401 0.685850 0.598375 0.686527 0.598375 0.687881 0.596570 0.688558 0.596570 0.689235 0.595668 0.689912 0.595668 0.691943 0.592960 0.692620 0.592960 0.694651 0.590253 0.695328 0.590253 0.696005 0.589350 0.696682 0.589350 0.697360 0.588448 0.698037 0.588448 0.698714 0.587545 0.699391 0.587545 0.702776 0.583032 0.703453 0.583935 0.704130 0.583935 0.704807 0.584838 0.705484 0.584838 0.708192 0.588448 0.708192 0.589350 0.708869 0.590253 0.708869 0.591155 0.711578 0.594765 0.711578 0.595668 0.712932 0.597473 0.712932 0.598375 0.714286 0.600181 0.714286 0.601083 0.714963 0.601986 0.714963 0.603791 0.715640 0.604693 0.715640 0.607401 0.716317 0.608303 0.716317 0.613718 0.716994 0.614621 0.716994 0.615523 0.718348 0.615523 0.719025 0.616426 0.720379 0.616426 0.721056 0.617329 0.721733 0.617329 0.723087 0.619134 0.723764 0.619134 0.724441 0.620036 0.724441 0.620939 0.725118 0.621841 0.725118 0.622744 0.725796 0.623646 0.725796 0.624549 0.727827 0.627256 0.728504 0.627256 0.729181 0.628159 0.729858 0.628159 0.730535 0.629061 0.731212 0.628159 0.732566 0.628159 0.733243 0.627256 0.733920 0.627256 0.733920 0.625451 0.734597 0.624549 0.734597 0.620939 0.733920 0.620036 0.733920 0.614621 0.733243 0.613718 0.733243 0.610108 0.733920 0.609206 0.733920 0.602888 0.734597 0.601986 0.734597 0.595668 0.733920 0.594765 0.733920 0.592960 0.733243 0.592960 0.731889 0.591155 0.731889 0.590253 0.731212 0.589350 0.731212 0.566787 0.730535 0.565884 0.730535 0.560469 0.729858 0.559567 0.729858 0.558664 0.729181 0.557762 0.729181 0.556859 0.727150 0.554152 0.725118 0.554152 0.724441 0.553249 0.720379 0.553249 0.719702 0.552347 0.719025 0.552347 0.717671 0.550542 0.717671 0.549639 0.716994 0.548736 0.716994 0.546931 0.716317 0.546029 0.716317 0.545126 0.715640 0.544224 0.715640 0.543321 0.714963 0.542419 0.714963 0.541516 0.713609 0.539711 0.716317 0.536101 0.716994 0.536101 0.716994 0.535199 0.718348 0.533394 0.718348 0.530686 0.719025 0.529783 0.719025 0.523466 0.719702 0.522563 0.719702 0.512635 0.719025 0.511733 0.719025 0.509025 0.718348 0.508123 0.718348 0.507220 0.716994 0.505415 0.716994 0.504513 0.716317 0.503610 0.716317 0.502708 0.713609 0.499097 0.712932 0.499097 0.711578 0.497292 0.710900 0.497292 0.710223 0.496390 0.707515 0.496390 0.706838 0.495487
0 0.337847 0.381769 0.337170 0.382671 0.336493 0.382671 0.335816 0.383574 0.335139 0.383574 0.332431 0.387184 0.332431 0.388087 0.331754 0.388989 0.331754 0.389892 0.331077 0.390794 0.331077 0.393502 0.330399 0.394404 0.330399 0.397112 0.333108 0.400722 0.333108 0.401625 0.333785 0.402527 0.333785 0.405235 0.334462 0.406137 0.334462 0.409747 0.335139 0.410650 0.335139 0.412455 0.335816 0.413357 0.335816 0.417870 0.335139 0.418773 0.335139 0.425090 0.334462 0.425993 0.334462 0.435921 0.333785 0.436823 0.333785 0.442238 0.333108 0.443141 0.333108 0.447653 0.332431 0.448556 0.332431 0.456679 0.333108 0.457581 0.333108 0.462996 0.334462 0.464801 0.334462 0.465704 0.335816 0.467509 0.335816 0.468412 0.336493 0.469314 0.336493 0.472022 0.337170 0.472924 0.337170 0.481047 0.337847 0.481949 0.337847 0.488267 0.338524 0.489170 0.338524 0.492780 0.339201 0.493682 0.339201 0.497292 0.339878 0.498195 0.339878 0.500000 0.340555 0.500903 0.340555 0.509928 0.339878 0.510830 0.339878 0.512635 0.339201 0.513538 0.339201 0.514440 0.338524 0.515343 0.338524 0.517148 0.337847 0.518051 0.337847 0.518953 0.337170 0.519856 0.337170 0.520758 0.336493 0.521661 0.336493 0.522563 0.335139 0.524368 0.335139 0.526173 0.334462 0.527076 0.334462 0.528881 0.335139 0.529783 0.335816 0.529783 0.336493 0.530686 0.342586 0.530686 0.343263 0.529783 0.350034 0.529783 0.350711 0.530686 0.355450 0.530686 0.356127 0.529783 0.357481 0.529783 0.358158 0.528881 0.358835 0.528881 0.359513 0.527978 0.360190 0.527978 0.360867 0.527076 0.362221 0.527076 0.363575 0.525271 0.363575 0.524368 0.364252 0.523466 0.364252 0.521661 0.363575 0.520758 0.363575 0.519856 0.362898 0.518953 0.362898 0.518051 0.361544 0.516245 0.361544 0.515343 0.360867 0.514440 0.360867 0.512635 0.360190 0.511733 0.360190 0.510830 0.359513 0.509928 0.359513 0.509025 0.358835 0.508123 0.358835 0.507220 0.356804 0.504513 0.356804 0.503610 0.354773 0.500903 0.354773 0.500000 0.353419 0.498195 0.353419 0.497292 0.352742 0.496390 0.352742 0.493682 0.352065 0.492780 0.352065 0.483755 0.352742 0.482852 0.352742 0.479242 0.353419 0.478339 0.353419 0.476534 0.354096 0.475632 0.354096 0.472924 0.354773 0.472022 0.354773 0.468412 0.355450 0.467509 0.355450 0.465704 0.356127 0.464801 0.356127 0.454874 0.355450 0.453971 0.355450 0.453069 0.354773 0.452166 0.354773 0.448556 0.355450 0.447653 0.355450 0.441336 0.356127 0.440433 0.356127 0.438628 0.355450 0.437726 0.355450 0.434116 0.354773 0.433213 0.354773 0.431408 0.354096 0.430505 0.354096 0.426895 0.353419 0.425993 0.353419 0.422383 0.352742 0.421480 0.352742 0.418773 0.352065 0.417870 0.352065 0.414260 0.351388 0.413357 0.351388 0.412455 0.350711 0.411552 0.350711 0.408845 0.350034 0.407942 0.350034 0.406137 0.349357 0.405235 0.349357 0.402527 0.348680 0.401625 0.348680 0.398917 0.349357 0.398014 0.349357 0.390794 0.348680 0.389892 0.348680 0.388087 0.347326 0.386282 0.347326 0.385379 0.346649 0.385379 0.345295 0.383574 0.344617 0.383574 0.343940 0.382671 0.343263 0.382671 0.342586 0.381769
0 0.595125 0.370939 0.594448 0.371841 0.591740 0.371841 0.591063 0.372744 0.590386 0.372744 0.589709 0.373646 0.589032 0.373646 0.587678 0.375451 0.587001 0.375451 0.586324 0.376354 0.586324 0.377256 0.584970 0.379061 0.584970 0.379964 0.584292 0.380866 0.584292 0.383574 0.583615 0.384477 0.583615 0.388989 0.582938 0.389892 0.582938 0.393502 0.583615 0.394404 0.583615 0.395307 0.584292 0.396209 0.584292 0.397112 0.584970 0.398014 0.584970 0.398917 0.586324 0.400722 0.586324 0.401625 0.587001 0.402527 0.587001 0.404332 0.587678 0.405235 0.587678 0.408845 0.588355 0.409747 0.588355 0.422383 0.589032 0.423285 0.589032 0.432310 0.589709 0.433213 0.589709 0.442238 0.590386 0.443141 0.590386 0.466606 0.591063 0.467509 0.591063 0.474729 0.591740 0.475632 0.591740 0.476534 0.592417 0.477437 0.592417 0.478339 0.593094 0.479242 0.593094 0.480144 0.593771 0.481047 0.593771 0.482852 0.594448 0.483755 0.594448 0.486462 0.595125 0.487365 0.595125 0.495487 0.595802 0.496390 0.595802 0.497292 0.597156 0.499097 0.597833 0.499097 0.598510 0.500000 0.599188 0.499097 0.599865 0.499097 0.600542 0.498195 0.604604 0.498195 0.605958 0.500000 0.605958 0.501805 0.606635 0.502708 0.606635 0.528881 0.605958 0.529783 0.605958 0.535199 0.606635 0.536101 0.606635 0.542419 0.607312 0.543321 0.607312 0.553249 0.607989 0.554152 0.607989 0.555054 0.609343 0.556859 0.610697 0.556859 0.611374 0.557762 0.618822 0.557762 0.619499 0.556859 0.619499 0.555957 0.620176 0.555054 0.620176 0.541516 0.619499 0.540614 0.619499 0.536101 0.618822 0.535199 0.618822 0.531588 0.618145 0.530686 0.618145 0.525271 0.617468 0.524368 0.617468 0.520758 0.616791 0.519856 0.616791 0.518051 0.616114 0.517148 0.616114 0.513538 0.615437 0.512635 0.615437 0.509928 0.614760 0.509025 0.614760 0.506318 0.614083 0.505415 0.614083 0.501805 0.613406 0.500903 0.613406 0.496390 0.612729 0.495487 0.612729 0.490072 0.613406 0.489170 0.613406 0.486462 0.614083 0.485560 0.614083 0.483755 0.614760 0.482852 0.614760 0.480144 0.615437 0.479242 0.615437 0.477437 0.616114 0.476534 0.616114 0.465704 0.615437 0.464801 0.615437 0.462094 0.614760 0.461191 0.614760 0.460289 0.614083 0.459386 0.614083 0.458484 0.613406 0.457581 0.613406 0.456679 0.612051 0.454874 0.612051 0.453971 0.611374 0.453069 0.611374 0.446751 0.610697 0.445848 0.610697 0.444946 0.611374 0.444043 0.611374 0.441336 0.612051 0.440433 0.612051 0.439531 0.612729 0.438628 0.612729 0.437726 0.613406 0.436823 0.613406 0.434116 0.614083 0.433213 0.614083 0.426895 0.613406 0.425993 0.613406 0.420578 0.612729 0.419675 0.612729 0.417870 0.612051 0.416968 0.612051 0.416065 0.611374 0.415162 0.611374 0.414260 0.610697 0.413357 0.610697 0.412455 0.610020 0.411552 0.610020 0.410650 0.609343 0.409747 0.609343 0.408845 0.605958 0.404332 0.605281 0.404332 0.604604 0.403430 0.603927 0.403430 0.603250 0.402527 0.603250 0.401625 0.602573 0.400722 0.602573 0.398917 0.601896 0.398014 0.601896 0.392599 0.602573 0.391697 0.602573 0.389892 0.603927 0.388087 0.603927 0.387184 0.604604 0.386282 0.604604 0.381769 0.603927 0.380866 0.603927 0.379964 0.602573 0.378159 0.602573 0.377256 0.599188 0.372744 0.598510 0.372744 0.597833 0.371841 0.595802 0.371841
0 0.987136 0.677798 0.987136 0.678700 0.987813 0.679603 0.987813 0.677798
0 0.994584 0.369134 0.994584 0.370036 0.993907 0.370939 0.993907 0.374549 0.994584 0.375451 0.994584 0.377256 0.993907 0.378159 0.993907 0.379061 0.993230 0.379964 0.992552 0.379964 0.991875 0.380866 0.989844 0.380866 0.987813 0.383574 0.987813 0.384477 0.987136 0.385379 0.987136 0.386282 0.986459 0.387184 0.986459 0.388087 0.979689 0.397112 0.979689 0.398917 0.979012 0.399819 0.979012 0.401625 0.978334 0.402527 0.978334 0.405235 0.977657 0.406137 0.977657 0.410650 0.976980 0.411552 0.976980 0.414260 0.976303 0.415162 0.976303 0.416065 0.974949 0.417870 0.974949 0.418773 0.972241 0.422383 0.972241 0.423285 0.971564 0.424188 0.971564 0.425090 0.970210 0.426895 0.970210 0.427798 0.969533 0.428700 0.969533 0.429603 0.968856 0.430505 0.968856 0.431408 0.966148 0.435018 0.966148 0.435921 0.964116 0.438628 0.964116 0.439531 0.961408 0.443141 0.961408 0.444043 0.959377 0.446751 0.959377 0.447653 0.958700 0.448556 0.958700 0.449458 0.958023 0.450361 0.958023 0.451264 0.957346 0.452166 0.957346 0.453069 0.955992 0.454874 0.955992 0.455776 0.955315 0.456679 0.955315 0.458484 0.954638 0.459386 0.954638 0.462094 0.953961 0.462996 0.953961 0.464801 0.953284 0.465704 0.953284 0.466606 0.952607 0.467509 0.952607 0.471119 0.951930 0.472022 0.951930 0.474729 0.951253 0.475632 0.951253 0.478339 0.950575 0.479242 0.950575 0.481047 0.949898 0.481949 0.949898 0.483755 0.949221 0.484657 0.949221 0.486462 0.948544 0.487365 0.948544 0.490072 0.947867 0.490975 0.947867 0.492780 0.947190 0.493682 0.947190 0.507220 0.946513 0.508123 0.946513 0.510830 0.945836 0.511733 0.943128 0.511733 0.943805 0.511733 0.944482 0.512635 0.944482 0.514440 0.945159 0.515343 0.945159 0.519856 0.944482 0.520758 0.944482 0.530686 0.943805 0.531588 0.943805 0.537906 0.943128 0.538809 0.943128 0.546931 0.944482 0.548736 0.944482 0.550542 0.945159 0.551444 0.945159 0.553249 0.954638 0.565884 0.955315 0.565884 0.956669 0.567690 0.957346 0.567690 0.958700 0.569495 0.959377 0.569495 0.960731 0.571300 0.961408 0.571300 0.962762 0.573105 0.963439 0.573105 0.968179 0.579422 0.968856 0.579422 0.969533 0.580325 0.970887 0.580325 0.972241 0.582130 0.972918 0.582130 0.974272 0.583935 0.974949 0.583935 0.975626 0.584838 0.976303 0.584838 0.979689 0.589350 0.979689 0.590253 0.980366 0.591155 0.980366 0.592960 0.981043 0.593863 0.981043 0.601083 0.981720 0.601986 0.981720 0.607401 0.982397 0.608303 0.982397 0.626354 0.983074 0.627256 0.983074 0.629061 0.983751 0.629964 0.983751 0.636282 0.984428 0.637184 0.984428 0.638087 0.985105 0.638989 0.985105 0.640794 0.985782 0.641697 0.985782 0.643502 0.986459 0.644404 0.986459 0.648014 0.987136 0.648917 0.987136 0.650722 0.987813 0.651625 0.987813 0.653430 0.988490 0.654332 0.988490 0.657942 0.989167 0.658845 0.989167 0.660650 0.989844 0.661552 0.989844 0.664260 0.991875 0.666968 0.991875 0.669675 0.992552 0.670578 0.992552 0.671480 0.993907 0.673285 0.994584 0.673285 0.995261 0.674188 0.995261 0.677798 0.995938 0.678700 0.995938 0.680505 0.996615 0.681408 0.996615 0.682310 0.995938 0.683213 0.995261 0.683213 0.994584 0.684116 0.993907 0.684116 0.991875 0.686823 0.991198 0.686823 0.990521 0.687726 0.987813 0.687726 0.986459 0.689531 0.985105 0.689531 0.984428 0.690433 0.979689 0.690433 0.979012 0.691336 0.977657 0.691336 0.976980 0.692238 0.976303 0.692238 0.975626 0.693141 0.968179 0.693141 0.967502 0.692238 0.966148 0.692238 0.965471 0.691336 0.963439 0.691336 0.962762 0.690433 0.962085 0.690433 0.961408 0.689531 0.960731 0.689531 0.953284 0.679603 0.952607 0.679603 0.951930 0.678700 0.951930 0.677798 0.950575 0.675993 0.949898 0.675993 0.947867 0.673285 0.947190 0.673285 0.946513 0.672383 0.945836 0.672383 0.945159 0.671480 0.944482 0.671480 0.943805 0.670578 0.941774 0.670578 0.938389 0.675090 0.938389 0.675993 0.932972 0.683213 0.932295 0.683213 0.931618 0.684116 0.930264 0.684116 0.929587 0.685018 0.928910 0.685018 0.928233 0.685921 0.927556 0.685921 0.926879 0.686823 0.926202 0.686823 0.925525 0.687726 0.924848 0.687726 0.924171 0.688628 0.923494 0.688628 0.922817 0.689531 0.922139 0.689531 0.921462 0.690433 0.920785 0.690433 0.920108 0.691336 0.919431 0.691336 0.918754 0.692238 0.918077 0.692238 0.917400 0.693141 0.916723 0.693141 0.916046 0.694043 0.915369 0.694043 0.914015 0.695848 0.913338 0.695848 0.911984 0.697653 0.911984 0.698556 0.911307 0.699458 0.911307 0.728339 0.910630 0.729242 0.910630 0.735560 0.909953 0.736462 0.909953 0.742780 0.910630 0.743682 0.910630 0.745487 0.911307 0.746390 0.911307 0.747292 0.913338 0.750000 0.913338 0.750903 0.916723 0.755415 0.916723 0.756318 0.918754 0.759025 0.918754 0.759928 0.920108 0.761733 0.920108 0.762635 0.920785 0.763538 0.920785 0.764440 0.921462 0.765343 0.921462 0.768051 0.922139 0.768953 0.922139 0.772563 0.922817 0.773466 0.922817 0.777076 0.923494 0.777978 0.923494 0.780686 0.924171 0.781588 0.924171 0.783394 0.924848 0.784296 0.924848 0.785199 0.925525 0.786101 0.925525 0.787004 0.926202 0.787906 0.926202 0.789711 0.926879 0.790614 0.926879 0.792419 0.928233 0.794224 0.928233 0.795126 0.928910 0.796029 0.928910 0.796931 0.929587 0.797834 0.929587 0.799639 0.930264 0.800542 0.930264 0.801444 0.930941 0.802347 0.930941 0.804152 0.931618 0.805054 0.931618 0.805957 0.932295 0.806859 0.932295 0.807762 0.932972 0.808664 0.932972 0.810469 0.933649 0.811372 0.933649 0.812274 0.934326 0.813177 0.934326 0.814079 0.935003 0.814982 0.935003 0.816787 0.935680 0.817690 0.935680 0.818592 0.936357 0.819495 0.936357 0.824007 0.937035 0.824910 0.937035 0.830325 0.937712 0.831227 0.937712 0.834838 0.938389 0.835740 0.938389 0.839350 0.939066 0.840253 0.939066 0.842960 0.939743 0.843863 0.939743 0.849278 0.940420 0.850181 0.940420 0.858303 0.941097 0.859206 0.941097 0.880866 0.941774 0.881769 0.941774 0.885379 0.942451 0.886282 0.942451 0.890794 0.943128 0.891697 0.943128 0.893502 0.943805 0.894404 0.943805 0.897112 0.944482 0.898014 0.944482 0.901625 0.945159 0.902527 0.945159 0.906137 0.945836 0.907040 0.945836 0.914260 0.946513 0.915162 0.946513 0.916968 0.947190 0.917870 0.947190 0.925090 0.945836 0.926895 0.945836 0.927798 0.943805 0.930505 0.943805 0.931408 0.940420 0.935921 0.940420 0.936823 0.939743 0.937726 0.939743 0.940433 0.939066 0.941336 0.939066 0.943141 0.938389 0.944043 0.938389 0.945848 0.937712 0.946751 0.937712 0.947653 0.936357 0.949458 0.936357 0.950361 0.935680 0.951264 0.935003 0.951264 0.930941 0.956679 0.930941 0.957581 0.928910 0.960289 0.928910 0.961191 0.928233 0.962094 0.928233 0.962996 0.927556 0.963899 0.927556 0.964801 0.926202 0.966606 0.926202 0.968412 0.925525 0.969314 0.925525 0.970217 0.924171 0.972022 0.924171 0.972924 0.923494 0.973827 0.923494 0.975632 0.922817 0.976534 0.922817 0.977437 0.922139 0.978339 0.922139 0.979242 0.921462 0.980144 0.921462 0.981047 0.920785 0.981949 0.920785 0.982852 0.920108 0.983755 0.920108 0.984657 0.919431 0.985560 0.919431 0.986462 0.918754 0.987365 0.918754 0.988267 0.918077 0.989170 0.918077 0.990072 0.917400 0.990975 0.917400 0.991877 0.916723 0.992780 0.916723 0.999097 0.957346 0.999097 0.957346 0.998195 0.958023 0.997292 0.981720 0.997292 0.982397 0.998195 0.982397 0.999097 0.991198 0.999097 0.991198 0.998195 0.991875 0.997292 0.996615 0.997292 0.997292 0.996390 0.999323 0.996390 0.999323 0.379061 0.997292 0.379061 0.996615 0.378159 0.995938 0.378159 0.994584 0.376354 0.995938 0.374549 0.995938 0.373646 0.996615 0.372744 0.995938 0.371841 0.995938 0.370939
0 0.997969 0.278881 0.997292 0.279783 0.997292 0.280686 0.996615 0.281588 0.996615 0.282491 0.995938 0.283394 0.995938 0.284296 0.995261 0.285199 0.995261 0.286101 0.992552 0.289711 0.992552 0.294224 0.991875 0.295126 0.991875 0.297834 0.989844 0.300542 0.989167 0.300542 0.988490 0.301444 0.987136 0.301444 0.986459 0.302347 0.985782 0.302347 0.985105 0.303249 0.984428 0.303249 0.987813 0.307762 0.988490 0.307762 0.989167 0.308664 0.989844 0.308664 0.990521 0.309567 0.991198 0.309567 0.991875 0.310469 0.991875 0.314982 0.992552 0.315884 0.992552 0.316787 0.995261 0.316787 0.996615 0.314982 0.996615 0.314079 0.997969 0.312274 0.999323 0.312274 0.999323 0.278881
0 0.178064 0.376354 0.176710 0.378159 0.176710 0.379061 0.176032 0.379964 0.176032 0.381769 0.175355 0.382671 0.175355 0.386282 0.176032 0.387184 0.176032 0.388989 0.176710 0.389892 0.176710 0.392599 0.177387 0.393502 0.177387 0.394404 0.178064 0.395307 0.178741 0.395307 0.179418 0.396209 0.180095 0.396209 0.180772 0.397112 0.180772 0.398014 0.181449 0.398917 0.181449 0.399819 0.182126 0.400722 0.182126 0.405235 0.182803 0.406137 0.182803 0.411552 0.183480 0.412455 0.183480 0.420578 0.184157 0.421480 0.184157 0.432310 0.184834 0.433213 0.184834 0.438628 0.185511 0.439531 0.185511 0.442238 0.186188 0.443141 0.186188 0.444043 0.186865 0.444946 0.186865 0.445848 0.188219 0.447653 0.188219 0.448556 0.190251 0.451264 0.190928 0.451264 0.192282 0.453069 0.194990 0.453069 0.195667 0.453971 0.197021 0.453971 0.201760 0.460289 0.201760 0.461191 0.202437 0.462094 0.202437 0.472924 0.201760 0.473827 0.201760 0.482852 0.202437 0.483755 0.202437 0.498195 0.203114 0.499097 0.203114 0.511733 0.204469 0.513538 0.205146 0.513538 0.205823 0.514440 0.209885 0.514440 0.210562 0.513538 0.211916 0.513538 0.212593 0.512635 0.213270 0.512635 0.213270 0.511733 0.213947 0.510830 0.213947 0.508123 0.213270 0.507220 0.213270 0.503610 0.212593 0.502708 0.212593 0.500903 0.211916 0.500000 0.211916 0.497292 0.211239 0.496390 0.211239 0.492780 0.210562 0.491877 0.210562 0.490975 0.209885 0.490072 0.209885 0.489170 0.209208 0.488267 0.209208 0.485560 0.208531 0.484657 0.208531 0.476534 0.207854 0.475632 0.207854 0.468412 0.208531 0.467509 0.208531 0.464801 0.209208 0.463899 0.209208 0.460289 0.209885 0.459386 0.209885 0.453971 0.209208 0.453069 0.209208 0.450361 0.208531 0.449458 0.208531 0.438628 0.209208 0.437726 0.209208 0.435921 0.209885 0.435018 0.210562 0.435921 0.210562 0.436823 0.211916 0.438628 0.211916 0.439531 0.212593 0.440433 0.212593 0.441336 0.213947 0.443141 0.213947 0.444946 0.214624 0.445848 0.214624 0.449458 0.215301 0.450361 0.215301 0.451264 0.216655 0.453069 0.216655 0.453971 0.217332 0.453069 0.219364 0.453069 0.221395 0.450361 0.221395 0.436823 0.220718 0.435921 0.220718 0.435018 0.220041 0.434116 0.220041 0.430505 0.219364 0.429603 0.219364 0.428700 0.218687 0.427798 0.218687 0.426895 0.218009 0.425993 0.218009 0.425090 0.217332 0.424188 0.217332 0.423285 0.216655 0.422383 0.216655 0.421480 0.215978 0.420578 0.215978 0.419675 0.215301 0.418773 0.215301 0.417870 0.213947 0.416065 0.213947 0.415162 0.210562 0.410650 0.210562 0.409747 0.207854 0.406137 0.207177 0.406137 0.203791 0.401625 0.203114 0.401625 0.202437 0.400722 0.198375 0.400722 0.197698 0.399819 0.197021 0.399819 0.194990 0.397112 0.194990 0.393502 0.194313 0.392599 0.194313 0.391697 0.193636 0.390794 0.193636 0.385379 0.192959 0.384477 0.192959 0.382671 0.192282 0.381769 0.192282 0.380866 0.189573 0.377256 0.188219 0.377256 0.187542 0.376354
1 0.178741 0.375451 0.178064 0.376354 0.177387 0.376354 0.176710 0.377256 0.176710 0.378159 0.176032 0.379061 0.176032 0.379964 0.175355 0.380866 0.175355 0.388087 0.176032 0.388989 0.176032 0.389892 0.176710 0.390794 0.176710 0.391697 0.177387 0.391697 0.178064 0.392599 0.180772 0.392599 0.183480 0.388989 0.184157 0.388989 0.184834 0.388087 0.192282 0.388087 0.192959 0.387184 0.192959 0.382671 0.192282 0.381769 0.192282 0.380866 0.188896 0.376354 0.186188 0.376354 0.185511 0.375451 0.184834 0.375451 0.184157 0.376354 0.180772 0.376354 0.180095 0.375451
1 0.701422 0.495487 0.700745 0.496390 0.698037 0.496390 0.697360 0.497292 0.696005 0.497292 0.693974 0.500000 0.693297 0.500000 0.689912 0.504513 0.689912 0.505415 0.689235 0.506318 0.689235 0.510830 0.689912 0.511733 0.689912 0.512635 0.691266 0.514440 0.691266 0.515343 0.691943 0.516245 0.691943 0.517148 0.696005 0.522563 0.696682 0.522563 0.698714 0.525271 0.699391 0.525271 0.700745 0.527076 0.701422 0.527076 0.703453 0.529783 0.704130 0.529783 0.706838 0.533394 0.707515 0.533394 0.709546 0.536101 0.710900 0.536101 0.711578 0.537004 0.714963 0.537004 0.715640 0.536101 0.716994 0.536101 0.718348 0.534296 0.718348 0.533394 0.719025 0.532491 0.719025 0.524368 0.719702 0.523466 0.719702 0.511733 0.719025 0.510830 0.719025 0.508123 0.717671 0.506318 0.717671 0.505415 0.716994 0.504513 0.716994 0.503610 0.713609 0.499097 0.712932 0.499097 0.711578 0.497292 0.710900 0.497292 0.710223 0.496390 0.707515 0.496390 0.706838 0.495487
1 0.218009 0.461191 0.217332 0.462094 0.216655 0.462094 0.216655 0.462996 0.215301 0.464801 0.215301 0.465704 0.214624 0.466606 0.214624 0.469314 0.213270 0.471119 0.213270 0.472022 0.211916 0.473827 0.211916 0.481949 0.212593 0.482852 0.212593 0.484657 0.213270 0.485560 0.213270 0.487365 0.216655 0.491877 0.224780 0.491877 0.225457 0.490975 0.226811 0.490975 0.227488 0.490072 0.227488 0.489170 0.228165 0.488267 0.228165 0.487365 0.228842 0.486462 0.228842 0.484657 0.229519 0.483755 0.229519 0.466606 0.228842 0.466606 0.227488 0.464801 0.226134 0.464801 0.225457 0.463899 0.224780 0.463899 0.224103 0.462996 0.223426 0.462996 0.222749 0.462094 0.221395 0.462094 0.220718 0.461191
1 0.337847 0.381769 0.337170 0.382671 0.336493 0.382671 0.335816 0.383574 0.335139 0.383574 0.334462 0.384477 0.333785 0.384477 0.332431 0.386282 0.332431 0.387184 0.331754 0.388087 0.331754 0.388989 0.331077 0.389892 0.331077 0.391697 0.330399 0.392599 0.330399 0.396209 0.329722 0.397112 0.331077 0.398917 0.332431 0.398917 0.333108 0.399819 0.335816 0.399819 0.336493 0.398917 0.338524 0.398917 0.339201 0.398014 0.345295 0.398014 0.345972 0.397112 0.348003 0.397112 0.349357 0.395307 0.349357 0.394404 0.350034 0.393502 0.349357 0.392599 0.349357 0.389892 0.348680 0.388989 0.348680 0.388087 0.348003 0.387184 0.348003 0.386282 0.345972 0.383574 0.345295 0.383574 0.344617 0.382671 0.343263 0.382671 0.342586 0.381769
1 0.997969 0.275271 0.996615 0.277076 0.996615 0.277978 0.995938 0.278881 0.995938 0.279783 0.994584 0.281588 0.994584 0.282491 0.993907 0.283394 0.993907 0.285199 0.993230 0.286101 0.993230 0.287004 0.992552 0.287906 0.992552 0.288809 0.991875 0.289711 0.991875 0.291516 0.991198 0.292419 0.991198 0.295126 0.990521 0.296029 0.990521 0.296931 0.988490 0.299639 0.987813 0.299639 0.987136 0.300542 0.985105 0.300542 0.984428 0.301444 0.983751 0.301444 0.983074 0.302347 0.983074 0.304152 0.983751 0.305054 0.983751 0.305957 0.984428 0.305957 0.985105 0.306859 0.985782 0.306859 0.986459 0.307762 0.988490 0.307762 0.989167 0.308664 0.994584 0.308664 0.995261 0.309567 0.999323 0.309567 0.999323 0.275271
1 0.594448 0.370939 0.593771 0.371841 0.591740 0.371841 0.591063 0.372744 0.590386 0.372744 0.589709 0.373646 0.589032 0.373646 0.588355 0.374549 0.587678 0.374549 0.586324 0.376354 0.586324 0.377256 0.584970 0.379061 0.584970 0.379964 0.584292 0.380866 0.584292 0.382671 0.583615 0.383574 0.583615 0.395307 0.584970 0.397112 0.586324 0.397112 0.587001 0.398014 0.588355 0.398014 0.589032 0.397112 0.590386 0.397112 0.591063 0.396209 0.592417 0.396209 0.593094 0.395307 0.593771 0.395307 0.594448 0.394404 0.595125 0.394404 0.595802 0.393502 0.596479 0.393502 0.597833 0.391697 0.599188 0.391697 0.599865 0.390794 0.600542 0.390794 0.601219 0.389892 0.601896 0.389892 0.604604 0.386282 0.604604 0.381769 0.603927 0.380866 0.603927 0.379964 0.602573 0.378159 0.602573 0.377256 0.598510 0.371841 0.595802 0.371841 0.595125 0.370939
2 0.360867 0.517148 0.360190 0.518051 0.358835 0.518051 0.358158 0.518953 0.358158 0.519856 0.357481 0.520758 0.356804 0.520758 0.355450 0.522563 0.354773 0.522563 0.354096 0.523466 0.353419 0.523466 0.352742 0.524368 0.352065 0.524368 0.351388 0.525271 0.350711 0.525271 0.350034 0.526173 0.350034 0.527076 0.348680 0.528881 0.350034 0.530686 0.350711 0.530686 0.351388 0.531588 0.354773 0.531588 0.355450 0.530686 0.356804 0.530686 0.357481 0.529783 0.358835 0.529783 0.359513 0.528881 0.360867 0.528881 0.361544 0.527978 0.362221 0.527978 0.364252 0.525271 0.364252 0.523466 0.364929 0.522563 0.364252 0.521661 0.364252 0.520758 0.363575 0.519856 0.363575 0.518953 0.362221 0.517148
2 0.716317 0.604693 0.714963 0.606498 0.714963 0.615523 0.716317 0.617329 0.718348 0.617329 0.719025 0.618231 0.721056 0.618231 0.722410 0.616426 0.722410 0.614621 0.721733 0.613718 0.721733 0.611011 0.721056 0.610108 0.721056 0.606498 0.720379 0.605596 0.719025 0.605596 0.718348 0.604693
2 0.729858 0.592058 0.729181 0.592960 0.727827 0.592960 0.726473 0.594765 0.726473 0.604693 0.728504 0.607401 0.728504 0.609206 0.730535 0.611913 0.731212 0.611913 0.731889 0.612816 0.732566 0.612816 0.733920 0.614621 0.733920 0.608303 0.734597 0.607401 0.734597 0.601083 0.735274 0.600181 0.735274 0.594765 0.733920 0.592960 0.733920 0.592058
2 0.608666 0.544224 0.607312 0.546029 0.607312 0.555054 0.607989 0.555957 0.607989 0.556859 0.608666 0.557762 0.610020 0.557762 0.610697 0.558664 0.614083 0.558664 0.614760 0.559567 0.617468 0.559567 0.618145 0.558664 0.619499 0.558664 0.620176 0.557762 0.620176 0.555054 0.620853 0.554152 0.620853 0.551444 0.620176 0.550542 0.620176 0.546029 0.619499 0.545126 0.619499 0.544224 0.618822 0.544224 0.618145 0.545126 0.612051 0.545126 0.611374 0.544224
2 0.337847 0.521661 0.337170 0.522563 0.336493 0.522563 0.335139 0.524368 0.334462 0.524368 0.333785 0.525271 0.333785 0.526173 0.333108 0.527076 0.333108 0.528881 0.335139 0.531588 0.336493 0.531588 0.337170 0.532491 0.340555 0.532491 0.341232 0.531588 0.342586 0.531588 0.343263 0.530686 0.344617 0.530686 0.345295 0.529783 0.346649 0.529783 0.347326 0.528881 0.347326 0.527978 0.348003 0.527076 0.348003 0.525271 0.345295 0.521661
2 0.668923 0.585740 0.668246 0.586643 0.667569 0.586643 0.666215 0.588448 0.666215 0.589350 0.662830 0.593863 0.662830 0.595668 0.662153 0.596570 0.662153 0.598375 0.662830 0.599278 0.662830 0.601083 0.663507 0.601986 0.663507 0.602888 0.666892 0.607401 0.667569 0.607401 0.668246 0.608303 0.668923 0.608303 0.669601 0.609206 0.675017 0.609206 0.675694 0.608303 0.677048 0.608303 0.677725 0.607401 0.679079 0.607401 0.682464 0.602888 0.682464 0.601083 0.681787 0.600181 0.681110 0.600181 0.680433 0.599278 0.679756 0.599278 0.679079 0.598375 0.678402 0.598375 0.677725 0.597473 0.677048 0.597473 0.675694 0.595668 0.675694 0.594765 0.675017 0.593863 0.675017 0.592960 0.673663 0.591155 0.673663 0.590253 0.672986 0.589350 0.672986 0.587545 0.671632 0.585740
2 0.205146 0.500000 0.204469 0.500903 0.203791 0.500903 0.203114 0.501805 0.203114 0.512635 0.204469 0.514440 0.205146 0.514440 0.205823 0.515343 0.208531 0.515343 0.209208 0.514440 0.211239 0.514440 0.211916 0.513538 0.213270 0.513538 0.213947 0.512635 0.213947 0.511733 0.214624 0.510830 0.214624 0.508123 0.213947 0.507220 0.213947 0.506318 0.213270 0.505415 0.213270 0.503610 0.212593 0.502708 0.212593 0.501805 0.211916 0.500903 0.211239 0.500903 0.210562 0.500000
2 0.668923 0.611011 0.668246 0.611913 0.666892 0.611913 0.662830 0.617329 0.662830 0.619134 0.663507 0.620036 0.663507 0.620939 0.664184 0.621841 0.664184 0.622744 0.664861 0.623646 0.665538 0.623646 0.666215 0.624549 0.666892 0.624549 0.668246 0.626354 0.670955 0.626354 0.671632 0.627256 0.676371 0.627256 0.677048 0.626354 0.678402 0.626354 0.679079 0.625451 0.679079 0.620939 0.678402 0.620036 0.678402 0.619134 0.677048 0.617329 0.677048 0.616426 0.675017 0.613718 0.675017 0.612816 0.674340 0.611913 0.673663 0.611913 0.672986 0.611011
2 0.715640 0.603791 0.714286 0.605596 0.714286 0.613718 0.714963 0.614621 0.714963 0.616426 0.715640 0.617329 0.716317 0.617329 0.716994 0.618231 0.721056 0.618231 0.721733 0.617329 0.721733 0.616426 0.722410 0.615523 0.721733 0.614621 0.721733 0.611011 0.721056 0.610108 0.721056 0.606498 0.721733 0.605596 0.720379 0.605596 0.719702 0.604693 0.718348 0.604693 0.717671 0.603791