0 0.287380 0.396327 0.036967 0.059224
0 0.380870 0.506002 0.095755 0.108809
0 0.581879 0.424188 0.050000 0.220794
0 0.257725 0.366322 0.030562 0.138258
0 0.572207 0.452861 0.076926 0.068105
1 0.287542 0.373132 0.015789 0.014025
3 0.389343 0.552392 0.032932 0.014007
3 0.556520 0.478673 0.018876 0.014513
3 0.256026 0.433547 0.008896 0.007816
3 0.284716 0.423064 0.012207 0.008565
3 0.270257 0.427270 0.012634 0.009576
3 0.296232 0.423303 0.011652 0.007744
3 0.375311 0.549431 0.010975 0.009188
3 0.586557 0.519544 0.015295 0.013366
3 0.262502 0.431900 0.018355 0.009106
3 0.581869 0.528515 0.027448 0.012500
3 0.560988 0.478687 0.011049 0.010208
3 0.551730 0.477793 0.009702 0.013403
3 0.605616 0.481358 0.013020 0.012301