0 0.835508 0.446128 0.069160 0.141065
0 0.656838 0.474368 0.091280 0.283484
0 0.920186 0.484436 0.063825 0.265605
0 0.198487 0.534255 0.122458 0.466273
0 0.283277 0.452608 0.051374 0.064549
0 0.408656 0.491277 0.080047 0.283583
0 0.552505 0.436805 0.020447 0.051552
0 0.471594 0.478831 0.053683 0.256218
0 0.512048 0.441670 0.034861 0.140993
0 0.701364 0.467153 0.038070 0.113547
1 0.499079 0.381634 0.010074 0.012292
1 0.416696 0.365699 0.028788 0.032735
1 0.177387 0.322893 0.047651 0.042410
1 0.286236 0.428245 0.016330 0.015785
1 0.549800 0.416449 0.011110 0.011128
1 0.651943 0.345803 0.027258 0.025289
1 0.920240 0.364093 0.027143 0.023926
1 0.470288 0.363163 0.024299 0.024576
1 0.506550 0.375041 0.014347 0.009973
1 0.846916 0.380776 0.010840 0.015686
1 0.401063 0.588524 0.011185 0.043691
2 0.712035 0.503064 0.014712 0.032897
2 0.905471 0.597744 0.031212 0.034621
2 0.895633 0.603199 0.014543 0.021453
2 0.934753 0.605578 0.023615 0.022960
2 0.413622 0.640650 0.026121 0.070939
2 0.668555 0.559648 0.034915 0.054621
2 0.810335 0.499576 0.021212 0.027058
2 0.639100 0.583818 0.018808 0.062816
2 0.688416 0.498917 0.009736 0.024928