0 0.894384 0.505447 0.047901 0.070749
0 0.969093 0.491196 0.032241 0.049305
0 0.410481 0.381977 0.019309 0.065830
0 0.303815 0.562004 0.184056 0.604152
0 0.666337 0.605122 0.225958 0.752644
0 0.518690 0.543583 0.090745 0.477076
0 0.852255 0.496218 0.035911 0.047473
0 0.917989 0.477852 0.028842 0.049206
1 0.534306 0.333903 0.061747 0.059143
1 0.411310 0.353114 0.009485 0.009224
1 0.895718 0.480826 0.029675 0.021236
1 0.968995 0.476327 0.019736 0.017798
1 0.916127 0.461823 0.024211 0.017635
1 0.271750 0.287608 0.077651 0.056155
1 0.663700 0.264016 0.070785 0.071462
1 0.536923 0.733529 0.045234 0.040162
3 0.364353 0.797157 0.064658 0.054278
3 0.683402 0.944395 0.041212 0.055975
3 0.284198 0.835618 0.041002 0.055857
3 0.508477 0.758082 0.042722 0.044883
3 0.600088 0.939612 0.063047 0.084549