0 0.567759 0.359075 0.021151 0.066345
0 0.764553 0.551566 0.242363 0.895912
0 0.470051 0.340167 0.018883 0.047067
0 0.439028 0.422229 0.098707 0.332545
0 0.347414 0.514499 0.156019 0.692608
0 0.592498 0.401688 0.056967 0.295523
0 0.500051 0.379337 0.025017 0.035930
0 0.550278 0.361444 0.022505 0.070469
1 0.775934 0.165144 0.118463 0.123285
1 0.501764 0.367333 0.009932 0.011561
1 0.558311 0.331999 0.009648 0.011399
1 0.442106 0.274066 0.041747 0.039251
1 0.465904 0.324007 0.009655 0.013574
1 0.392360 0.210144 0.069783 0.084477
1 0.573785 0.368542 0.008626 0.018348
1 0.588940 0.272938 0.034089 0.039377
1 0.574441 0.332829 0.009479 0.013384
1 0.574814 0.541227 0.020054 0.012996
3 0.567282 0.431309 0.009282 0.013791
3 0.346357 0.766832 0.056154 0.061480
3 0.689746 0.933348 0.041740 0.060397
3 0.464868 0.476742 0.012146 0.012509
3 0.313700 0.832486 0.085843 0.055334
3 0.602434 0.534079 0.035958 0.029188
3 0.699997 0.470799 0.013873 0.012013