0 0.497278 0.497125 0.012187 0.041291
0 0.485785 0.497238 0.016513 0.050758
0 0.728345 0.559292 0.041523 0.062644
0 0.252265 0.492220 0.011679 0.020361
0 0.179425 0.526877 0.044401 0.137310
0 0.234743 0.495338 0.016594 0.026417
0 0.265660 0.500523 0.016953 0.023592
0 0.518223 0.510532 0.018896 0.070704
0 0.590003 0.661606 0.070433 0.127058
0 0.641733 0.542049 0.019404 0.028845
1 0.174276 0.465438 0.018436 0.014558
1 0.348426 0.465144 0.006357 0.009639
1 0.717448 0.537315 0.012918 0.017121
1 0.253284 0.486548 0.006513 0.008782
1 0.266750 0.492640 0.006351 0.006995
1 0.579157 0.605402 0.017596 0.014161
1 0.489076 0.474824 0.007305 0.007969
1 0.238649 0.485943 0.007942 0.007518
1 0.184939 0.467207 0.008497 0.010875
1 0.520359 0.480050 0.008558 0.009305
1 0.373368 0.461458 0.007820 0.009125
1 0.417996 0.510817 0.008436 0.009468
1 0.585741 0.619427 0.045308 0.043042
1 0.641425 0.533777 0.011963 0.010623
1 0.511706 0.538845 0.005741 0.013755
2 0.552976 0.683172 0.011611 0.010785
2 0.495758 0.516178 0.005355 0.004973
2 0.723710 0.585199 0.015112 0.012310
2 0.519252 0.544138 0.006588 0.006634
2 0.739174 0.583651 0.013514 0.010514