0 0.609414 0.520903 0.080779 0.332401
0 0.553084 0.521886 0.085234 0.353682
0 0.350298 0.533773 0.097888 0.371354
0 0.407769 0.477482 0.046019 0.264296
0 0.651869 0.512965 0.039377 0.294684
0 0.450667 0.526683 0.080264 0.361020
0 0.496212 0.473181 0.058395 0.270208
0 0.590464 0.473669 0.022945 0.242915
1 0.307363 0.360379 0.033670 0.052383
1 0.628490 0.386264 0.038402 0.033249
1 0.620501 0.370614 0.026540 0.026029
1 0.444384 0.365113 0.036540 0.035587
1 0.558294 0.368985 0.044414 0.046128
1 0.348230 0.354323 0.020779 0.020939
1 0.807813 0.440763 0.014624 0.015045
1 0.330731 0.367067 0.041462 0.039477
1 0.410999 0.357405 0.026479 0.025713
1 0.494303 0.349657 0.022309 0.022816
1 0.591848 0.367252 0.015234 0.025930
1 0.658030 0.381773 0.028883 0.034269
1 0.516317 0.595794 0.020298 0.024278
1 0.337261 0.624143 0.014523 0.014928
3 0.589499 0.674305 0.032959 0.023141
3 0.618318 0.617897 0.013033 0.019657
3 0.586649 0.600054 0.015464 0.018935
3 0.330674 0.666214 0.023351 0.030099
3 0.367194 0.612915 0.011408 0.013700
3 0.394370 0.601196 0.015105 0.017554
3 0.586456 0.595686 0.015376 0.016336
3 0.535782 0.686652 0.028842 0.024585