0 0.385829 0.535104 0.029032 0.065496
0 0.730237 0.489829 0.023304 0.073051
0 0.351154 0.492685 0.015768 0.058637
0 0.170826 0.583606 0.085836 0.292879
0 0.392993 0.489490 0.014083 0.052771
0 0.313219 0.475266 0.016473 0.027644
0 0.034357 0.617775 0.068714 0.509287
0 0.871889 0.497753 0.023304 0.026877
0 0.323517 0.513588 0.037529 0.117157
0 0.091638 0.702094 0.148490 0.571697
0 0.607079 0.472455 0.013737 0.034043
0 0.628988 0.497875 0.024570 0.089973
0 0.373829 0.490903 0.019492 0.057094
0 0.260203 0.525772 0.030900 0.114215
0 0.577823 0.480185 0.016107 0.047500
0 0.981422 0.479625 0.012092 0.037897
0 0.527867 0.506376 0.030440 0.081616
0 0.594381 0.536751 0.039919 0.174386
0 0.468497 0.492148 0.017427 0.061264
0 0.421181 0.533551 0.032735 0.069287
0 0.547420 0.488484 0.016019 0.068935
0 0.765129 0.477243 0.023351 0.063023
1 0.384797 0.507297 0.011530 0.013023
1 0.551273 0.461900 0.007001 0.009215
1 0.526686 0.462559 0.007319 0.008872
1 0.470010 0.464332 0.006723 0.007238
1 0.507725 0.463046 0.007691 0.008998
1 0.151259 0.450857 0.027299 0.028628
1 0.935596 0.505041 0.012451 0.011327
1 0.352316 0.467581 0.006784 0.008899