0 0.890552 0.518096 0.214794 0.365722
0 0.446588 0.490997 0.104604 0.361291
0 0.884722 0.554571 0.219100 0.593457
0 0.201093 0.555681 0.218314 0.671417
0 0.668453 0.582486 0.195105 0.607699
0 0.524276 0.427838 0.020196 0.031796
3 0.479069 0.635032 0.039248 0.027211
3 0.807041 0.673222 0.050589 0.033195
3 0.448138 0.656588 0.028558 0.029946
3 0.836056 0.816981 0.086154 0.067085
3 0.819008 0.704508 0.021726 0.025334
3 0.650870 0.838579 0.032573 0.038637
3 0.201892 0.857870 0.051070 0.066173
3 0.277322 0.767942 0.067129 0.035993
3 0.810142 0.755979 0.047976 0.046417
3 0.595555 0.847171 0.049160 0.077482