0 0.637285 0.578502 0.195816 0.602924
0 0.412089 0.569079 0.151652 0.492671
0 0.386354 0.638168 0.211706 0.602184
0 0.510938 0.538470 0.098070 0.422229
0 0.650582 0.548764 0.157346 0.485830
0 0.327800 0.372811 0.081842 0.072175
1 0.359645 0.342428 0.045450 0.039440
1 0.673835 0.303804 0.073588 0.056309
1 0.505200 0.347432 0.042993 0.039847
1 0.716012 0.324851 0.015667 0.037464
1 0.384766 0.914792 0.062844 0.051318
3 0.539983 0.733132 0.035538 0.032094
3 0.704306 0.850903 0.042695 0.055830
3 0.313324 0.890406 0.065376 0.041625
3 0.405051 0.800347 0.030413 0.029937
3 0.478744 0.721444 0.033859 0.028791
3 0.609926 0.850767 0.074083 0.050957
3 0.671737 0.744314 0.025856 0.022527
3 0.681591 0.771390 0.026324 0.035830
3 0.685674 0.499887 0.098158 0.228691
4 0.503155 0.460036 0.056209 0.134747