0 0.331520 0.606214 0.059749 0.169576
0 0.897949 0.793055 0.176696 0.413890
0 0.805322 0.562324 0.110508 0.112482
0 0.080819 0.562694 0.067420 0.206345
0 0.666344 0.592162 0.072756 0.167717
1 0.337123 0.531904 0.030427 0.021625
1 0.834702 0.605564 0.057976 0.041850
1 0.689496 0.521868 0.026886 0.026173
1 0.098808 0.469666 0.030900 0.020469
2 0.342464 0.671259 0.013216 0.040731
2 0.322058 0.673353 0.015003 0.033186
2 0.087857 0.643750 0.017705 0.042319
2 0.071114 0.648764 0.020806 0.036155
2 0.669668 0.655880 0.019174 0.033529
2 0.651831 0.661891 0.015944 0.030803