0 0.536548 0.288241 0.009379 0.058529
0 0.229652 0.269851 0.017392 0.099586
0 0.495146 0.284092 0.007584 0.049793
0 0.745916 0.412138 0.072799 0.313448
0 0.050236 0.278592 0.040005 0.158563
0 0.266694 0.296057 0.017562 0.045310
0 0.389838 0.314690 0.025337 0.180230
0 0.514772 0.286954 0.007791 0.054759
0 0.821657 0.381575 0.046405 0.182138
0 0.444788 0.372661 0.048725 0.275161
0 0.283035 0.268690 0.023022 0.088391
0 0.476800 0.281868 0.007515 0.042425
0 0.352215 0.304920 0.020106 0.064184
0 0.342023 0.270701 0.010706 0.035839
0 0.696644 0.337638 0.020287 0.127828
1 0.689586 0.280805 0.008848 0.014299
1 0.229849 0.229276 0.008725 0.016828
1 0.255165 0.117736 0.008779 0.012000
1 0.048133 0.219569 0.023043 0.040126
1 0.342265 0.260897 0.007408 0.015310
1 0.515316 0.264684 0.005789 0.009391
1 0.495420 0.263943 0.005146 0.009954
1 0.274458 0.231586 0.009033 0.014069
1 0.042151 0.212443 0.016017 0.028609
1 0.249156 0.361632 0.010196 0.015793
1 0.476992 0.263839 0.005093 0.007655
1 0.454742 0.256529 0.022645 0.042414
1 0.767937 0.274523 0.027993 0.039460
1 0.392642 0.237000 0.013611 0.023494
1 0.833327 0.301098 0.020016 0.022954