0 0.299463 0.549076 0.063186 0.231124
0 0.351516 0.587654 0.140217 0.367265
0 0.753145 0.574678 0.085244 0.294394
0 0.233610 0.579946 0.089386 0.283954
0 0.597906 0.597861 0.150090 0.362586
0 0.502076 0.543382 0.098412 0.222999
0 0.671611 0.567918 0.082825 0.237095
1 0.501846 0.441385 0.035894 0.019831
1 0.747915 0.442546 0.058285 0.029384
1 0.312509 0.445298 0.034639 0.023257
1 0.243163 0.452708 0.056724 0.029668
1 0.610708 0.433263 0.059648 0.034218
1 0.360799 0.421879 0.060713 0.036310
1 0.658159 0.462918 0.045632 0.025850
3 0.529693 0.646388 0.021354 0.016540
3 0.194021 0.705237 0.015099 0.014265
3 0.378366 0.760474 0.069928 0.028301
3 0.746309 0.712278 0.062870 0.018477
3 0.616372 0.666195 0.021751 0.012674
3 0.291652 0.655860 0.020866 0.017786
3 0.308921 0.755159 0.037338 0.024726
3 0.234012 0.711808 0.061850 0.020176
3 0.729991 0.696977 0.042762 0.015389
3 0.550465 0.764739 0.059161 0.029831
3 0.652807 0.759438 0.028682 0.023588
3 0.479580 0.643957 0.024431 0.016608
3 0.693127 0.677928 0.022211 0.015924