0 0.326345 0.541219 0.137148 0.274976
0 0.330510 0.565234 0.141435 0.446798
0 0.704991 0.565863 0.133736 0.326026
0 0.219914 0.563703 0.112861 0.346594
0 0.564585 0.576540 0.173592 0.426012
0 0.481277 0.531987 0.078529 0.265030
0 0.636282 0.573724 0.099657 0.237752
1 0.480632 0.448453 0.035758 0.019601
1 0.726426 0.454177 0.052238 0.031835
1 0.587482 0.438907 0.061408 0.035024
1 0.286182 0.449804 0.011227 0.013108
1 0.194301 0.463182 0.039829 0.030860
1 0.655406 0.466357 0.021444 0.021855
1 0.316886 0.429262 0.064567 0.034123
3 0.508375 0.656368 0.023285 0.015267
3 0.169801 0.719756 0.015487 0.012187
3 0.357974 0.774780 0.069829 0.026730
3 0.725970 0.718287 0.061255 0.018429
3 0.596182 0.674848 0.021968 0.012485
3 0.288087 0.768067 0.037581 0.026642
3 0.210478 0.726588 0.062960 0.021530
3 0.318073 0.663981 0.010677 0.013040
3 0.709819 0.703304 0.043249 0.015315
3 0.267699 0.668859 0.018448 0.018395
3 0.531385 0.775254 0.059305 0.029316
3 0.635424 0.768077 0.025704 0.021476
3 0.458646 0.654394 0.024801 0.016886
3 0.672306 0.684167 0.023565 0.017515