0 0.780157 0.537477 0.046113 0.105989
0 0.075388 0.496471 0.045008 0.107287
0 0.315499 0.468328 0.019995 0.092264
0 0.376545 0.433690 0.019262 0.052483
0 0.763277 0.502833 0.045438 0.093368
0 0.285154 0.490529 0.030085 0.056046
0 0.224387 0.469305 0.028869 0.079966
0 0.507844 0.461966 0.030143 0.114345
0 0.372451 0.512489 0.041705 0.107989
0 0.413131 0.550851 0.073983 0.505333
0 0.476381 0.395391 0.009756 0.052874
0 0.674249 0.465011 0.017759 0.071747
1 0.534275 0.395408 0.006957 0.011414
1 0.775082 0.471730 0.008901 0.020563
1 0.783887 0.477920 0.008561 0.020598
1 0.301004 0.413724 0.006734 0.020391
1 0.512427 0.415017 0.011503 0.019437
1 0.549732 0.402770 0.008853 0.014069
1 0.289264 0.412828 0.007993 0.012805
1 0.078253 0.457385 0.015943 0.031322
1 0.314341 0.431546 0.012146 0.019897
1 0.448802 0.373667 0.007143 0.011655
1 0.226527 0.438655 0.013532 0.020460
1 0.375597 0.414920 0.009782 0.016161
1 0.779623 0.476868 0.014498 0.025460
1 0.403779 0.326552 0.028194 0.054759
1 0.785486 0.497529 0.015762 0.026000
1 0.369806 0.471425 0.016575 0.024782
1 0.291946 0.473006 0.012921 0.021299
1 0.475053 0.372454 0.005666 0.009759