0 0.688768 0.618971 0.282749 0.761480
0 0.647387 0.375253 0.020000 0.064856
0 0.608406 0.382405 0.012952 0.068944
0 0.316865 0.439021 0.110237 0.232265
0 0.409431 0.476480 0.047962 0.277401
0 0.210271 0.563181 0.095423 0.569323
0 0.311869 0.652040 0.190873 0.695632
0 0.552722 0.483899 0.074218 0.226643
0 0.635349 0.500126 0.120623 0.359404
0 0.546689 0.396485 0.014529 0.048908
1 0.994374 0.183998 0.011253 0.025740
1 0.763473 0.428944 0.129777 0.121209
1 0.610058 0.349874 0.008429 0.008610
1 0.404042 0.401530 0.026202 0.030821
1 0.564106 0.383700 0.024922 0.022834
1 0.300379 0.394634 0.036181 0.028258
1 0.280183 0.459711 0.103954 0.084711
1 0.546757 0.381101 0.013920 0.015993
1 0.210887 0.412969 0.065796 0.041137
1 0.650978 0.348809 0.012045 0.011679
1 0.675748 0.364305 0.042668 0.040253
1 0.685572 0.984273 0.014936 0.028800
3 0.641286 0.712730 0.010278 0.021579
3 0.236808 0.828448 0.035701 0.037455
3 0.414631 0.600948 0.015396 0.019386
3 0.554810 0.590718 0.017786 0.012319
3 0.526219 0.584513 0.022864 0.017978
3 0.392769 0.605736 0.016222 0.021092
3 0.324641 0.963272 0.014523 0.069991
3 0.628656 0.662897 0.041835 0.023231