0 0.593988 0.599328 0.129221 0.422735
0 0.312404 0.534833 0.081002 0.282879
0 0.512766 0.523831 0.081374 0.289413
0 0.232935 0.615185 0.120616 0.422536
1 0.712786 0.471458 0.055687 0.080244
1 0.587126 0.404598 0.042187 0.035316
1 0.993700 0.589702 0.011787 0.026805
1 0.316280 0.406498 0.027603 0.025650
1 0.246855 0.426426 0.044313 0.045505
1 0.518964 0.395181 0.026527 0.031733
3 0.524702 0.653727 0.016689 0.016119
3 0.577525 0.660320 0.010298 0.025117
3 0.209699 0.779025 0.021483 0.017166
3 0.319756 0.666733 0.016913 0.021841
3 0.507640 0.649603 0.020115 0.039928
3 0.249381 0.807951 0.046032 0.036101
3 0.283409 0.622586 0.016594 0.022789
3 0.585186 0.801516 0.015843 0.020776
3 0.546760 0.765695 0.025071 0.034964