0 0.339194 0.515442 0.065132 0.091011
0 0.969733 0.563736 0.060535 0.123412
0 0.850718 0.439328 0.027786 0.084215
0 0.122305 0.473773 0.041361 0.067635
0 0.988947 0.455979 0.022106 0.089558
0 0.489638 0.546268 0.074861 0.113493
0 0.824753 0.442116 0.018687 0.072590
1 0.676141 0.433199 0.009113 0.013421
1 0.849760 0.401124 0.009865 0.008637
1 0.951293 0.520478 0.013121 0.023105
1 0.360433 0.484959 0.022248 0.031543
1 0.135589 0.452329 0.013751 0.024332
1 0.682261 0.430898 0.007908 0.012031
1 0.996273 0.414941 0.007454 0.011074
1 0.514255 0.505862 0.026574 0.033511
1 0.819550 0.412252 0.010447 0.012283
3 0.494513 0.600866 0.016676 0.013827
3 0.821449 0.477608 0.011469 0.009242
3 0.507336 0.590375 0.009865 0.015478
3 0.324831 0.557270 0.013643 0.014197
3 0.941770 0.620785 0.012004 0.016751
3 0.309079 0.562076 0.015938 0.013267
3 0.843040 0.477649 0.009276 0.010027
3 0.851459 0.479589 0.007712 0.008150
4 0.490433 0.543511 0.025186 0.045361