0 0.250337 0.617293 0.050382 0.150172
0 0.271285 0.786511 0.127031 0.255023
0 0.979482 0.720931 0.041036 0.491402
0 0.088712 0.865851 0.170510 0.264575
0 0.519442 0.515931 0.070919 0.430230
0 0.359150 0.541213 0.070090 0.475391
1 0.229028 0.709144 0.041922 0.100241
1 0.131853 0.799569 0.084875 0.134448
1 0.361559 0.338075 0.029246 0.069069
1 0.518468 0.325713 0.026888 0.049080
1 0.535783 0.674724 0.012151 0.021448
2 0.360417 0.746925 0.026452 0.028011
3 0.227666 0.870391 0.018603 0.045264
3 0.208396 0.741569 0.024737 0.103805
3 0.529320 0.725580 0.013702 0.018011
3 0.377971 0.759954 0.021859 0.039218
3 0.530757 0.732236 0.016405 0.032517
3 0.216944 0.895511 0.015247 0.043851