0 0.618538 0.575750 0.069783 0.366146
0 0.360492 0.536188 0.086964 0.435167
0 0.765070 0.629057 0.131630 0.609010
0 0.199637 0.553891 0.093623 0.493198
0 0.287673 0.557750 0.062474 0.428500
0 0.569648 0.551521 0.050176 0.360792
0 0.692497 0.617437 0.080832 0.548521
0 0.442392 0.555521 0.061841 0.382104
0 0.515422 0.561385 0.055334 0.342438
1 0.781108 0.349958 0.046717 0.048625
1 0.193983 0.330068 0.042022 0.044823
1 0.291943 0.362672 0.033722 0.038656
1 0.165108 0.583932 0.025106 0.044344
1 0.442837 0.382542 0.028875 0.037188
1 0.616536 0.408094 0.029437 0.032104
1 0.359918 0.338052 0.029332 0.041583
1 0.512617 0.407427 0.027544 0.035083
1 0.573344 0.387333 0.028353 0.031979
1 0.688567 0.367089 0.047720 0.050260
1 0.558098 0.717734 0.021389 0.028135
1 0.520648 0.716641 0.019549 0.025990
1 0.631298 0.739573 0.021542 0.024208
1 0.572796 0.711490 0.023998 0.023083
3 0.370018 0.737000 0.018019 0.033500
3 0.448057 0.727661 0.022280 0.028219
3 0.169153 0.779750 0.022726 0.043188
3 0.301468 0.734484 0.023242 0.025406
3 0.800387 0.908891 0.053810 0.042365
3 0.227497 0.761448 0.034373 0.037812
3 0.425615 0.731687 0.018195 0.031375