0 0.376934 0.661532 0.137123 0.676937
0 0.702358 0.642032 0.150224 0.626081
0 0.288039 0.617086 0.074505 0.512189
0 0.992999 0.171333 0.014003 0.027964
0 0.499227 0.550532 0.082619 0.380757
0 0.631716 0.573554 0.080068 0.433072
0 0.623579 0.110338 0.025109 0.050189
1 0.997395 0.160500 0.005210 0.009072
1 0.503009 0.379018 0.036737 0.037874
1 0.737212 0.359653 0.073677 0.061144
1 0.626577 0.093144 0.017035 0.015423
1 0.638847 0.380306 0.054627 0.049225
1 0.368107 0.351829 0.074125 0.057910
1 0.294115 0.388851 0.065136 0.056964
1 0.632415 0.773964 0.041547 0.031351
3 0.516611 0.726667 0.020455 0.025622
3 0.714681 0.925275 0.073121 0.056892
3 0.321116 0.768901 0.007687 0.026919
3 0.693131 0.868829 0.046750 0.042306
3 0.420970 0.984036 0.036974 0.030342
3 0.422720 0.747279 0.004396 0.011189
3 0.283497 0.852270 0.055136 0.040955
3 0.305746 0.812784 0.030936 0.025928
3 0.479339 0.722554 0.022531 0.029198
3 0.330268 0.970977 0.037117 0.056532
3 0.613280 0.757455 0.040278 0.025847