0 0.110068 0.260230 0.015978 0.067301
0 0.279157 0.590988 0.308253 0.439738
0 0.256445 0.292640 0.022410 0.027103
0 0.195156 0.323484 0.156987 0.425903
0 0.592197 0.416593 0.137610 0.619034
1 0.173687 0.150740 0.072695 0.079801
1 0.110515 0.231683 0.009804 0.010153
1 0.613947 0.152130 0.069100 0.088755
1 0.263483 0.284562 0.005423 0.009558
3 0.645000 0.674594 0.056202 0.039928
3 0.261060 0.738800 0.050840 0.040722
3 0.220995 0.790271 0.084225 0.044061
3 0.573923 0.700505 0.049120 0.053556
3 0.629797 0.671092 0.027393 0.022112