0 0.477236 0.544341 0.161489 0.911317
0 0.400658 0.417010 0.087315 0.663205
0 0.297294 0.534988 0.103755 0.904685
0 0.588393 0.534021 0.082480 0.764289
0 0.830236 0.513368 0.104268 0.219697
0 0.522037 0.233112 0.032077 0.147063
1 0.479709 0.149196 0.062575 0.119044
1 0.400079 0.120548 0.048359 0.069557
0 0.214793 0.277710 0.027016 0.078077
1 0.571592 0.192797 0.054657 0.083287
0 0.140718 0.296160 0.046796 0.100944
0 0.332798 0.249656 0.017677 0.107075
0 0.752383 0.432040 0.042617 0.256364
0 0.164033 0.243636 0.023492 0.135711
1 0.298445 0.129988 0.072003 0.092867
0 0.443873 0.207960 0.015024 0.114988
0 0.611251 0.246008 0.031070 0.118683
1 0.136377 0.257133 0.016015 0.022774
1 0.215467 0.248998 0.013377 0.020070
3 0.379040 0.713945 0.023062 0.066935
3 0.592092 0.881224 0.053246 0.071072
3 0.569948 0.805029 0.038857 0.058100
3 0.314033 0.959073 0.068275 0.052506
1 0.604200 0.197139 0.015270 0.021690
1 0.524586 0.176533 0.018243 0.033648
1 0.158576 0.185816 0.012884 0.021352
3 0.267984 0.918357 0.021589 0.022564
1 0.760283 0.335484 0.029701 0.064324
3 0.147480 0.340175 0.011028 0.015338
1 0.841023 0.427861 0.028684 0.047401