0 0.198487 0.534255 0.122458 0.466273
0 0.656838 0.474368 0.091280 0.283484
0 0.920186 0.484436 0.063825 0.265605
0 0.471594 0.478831 0.053683 0.256218
0 0.835508 0.446128 0.069160 0.141065
0 0.408656 0.491277 0.080047 0.283583
1 0.177387 0.322893 0.047651 0.042410
0 0.512048 0.441670 0.034861 0.140993
1 0.416696 0.365699 0.028788 0.032735
1 0.651943 0.345803 0.027258 0.025289
1 0.920240 0.364093 0.027143 0.023926
0 0.701364 0.467153 0.038070 0.113547
0 0.552505 0.436805 0.020447 0.051552
1 0.470288 0.363163 0.024299 0.024576
2 0.639100 0.583818 0.018808 0.062816
0 0.283277 0.452608 0.051374 0.064549
1 0.286236 0.428245 0.016330 0.015785
1 0.549800 0.416449 0.011110 0.011128
2 0.190755 0.757708 0.058761 0.019440
2 0.668555 0.559648 0.034915 0.054621
2 0.934753 0.605578 0.023615 0.022960
2 0.463179 0.598132 0.032167 0.019079
2 0.905471 0.597744 0.031212 0.034621
2 0.849232 0.506873 0.011679 0.021435
2 0.507048 0.507717 0.011835 0.011011
1 0.506550 0.375041 0.014347 0.009973
2 0.521225 0.504481 0.012986 0.013168
2 0.473565 0.590451 0.013250 0.013123
2 0.714993 0.517211 0.013101 0.015018
2 0.427803 0.627193 0.010162 0.019097