0 0.387942 0.522488 0.092383 0.243839
0 0.560212 0.531574 0.092987 0.232492
0 0.329404 0.502038 0.056408 0.185579
0 0.678123 0.527921 0.087996 0.227935
0 0.768687 0.523020 0.061634 0.215030
0 0.447509 0.504147 0.054729 0.163595
0 0.257884 0.508131 0.055785 0.229100
0 0.635171 0.516865 0.049783 0.161151
1 0.394959 0.414543 0.044883 0.027542
1 0.559287 0.428053 0.042816 0.025085
0 0.726079 0.515948 0.048312 0.195349
1 0.769391 0.426286 0.040605 0.020887
1 0.336250 0.417820 0.032626 0.017671
1 0.684495 0.425112 0.042419 0.022952
1 0.263163 0.404905 0.044179 0.023460
1 0.717911 0.426858 0.029630 0.017143
1 0.645817 0.443968 0.028114 0.014990
1 0.438633 0.430017 0.029594 0.014712
1 0.244729 0.422576 0.014368 0.014360
3 0.655740 0.633575 0.044567 0.012986
3 0.531724 0.640000 0.034278 0.013297
3 0.759747 0.623186 0.045776 0.013913
3 0.708091 0.629983 0.026020 0.013439
3 0.414653 0.637566 0.033114 0.012938
3 0.356665 0.635999 0.022500 0.013378
3 0.259111 0.614743 0.050009 0.015538
3 0.313669 0.588460 0.019179 0.012844
3 0.734404 0.606733 0.028700 0.014103
3 0.521417 0.584154 0.017906 0.008077
3 0.583524 0.641357 0.022897 0.010325