0 0.155753 0.015922 0.020369 0.031844
0 0.431720 0.420531 0.166079 0.403958
0 0.549130 0.011776 0.014414 0.023552
0 0.812987 0.235625 0.099326 0.219292
0 0.440088 0.038974 0.028992 0.077948
1 0.814698 0.157823 0.039795 0.061917
1 0.451703 0.269885 0.074742 0.107563
1 0.618708 0.018807 0.005469 0.007635
1 0.451949 0.249635 0.051295 0.063229
1 0.149739 0.028286 0.010944 0.007948
3 0.400448 0.599479 0.056348 0.046583
3 0.446331 0.074797 0.012450 0.009552
3 0.429493 0.066719 0.011213 0.012417
3 0.161691 0.025167 0.012421 0.011208