0 0.045698 0.422723 0.078896 0.070545
0 0.495557 0.518315 0.120115 0.289971
0 0.740057 0.581615 0.287677 0.361706
0 0.280500 0.539856 0.170521 0.348892
0 0.619953 0.494707 0.143323 0.289097
0 0.426583 0.576800 0.226604 0.444478
1 0.471661 0.392922 0.051448 0.038036
1 0.789469 0.392987 0.115292 0.037790
1 0.403557 0.380050 0.123573 0.051249
1 0.804411 0.418860 0.110990 0.037860
1 0.141823 0.445920 0.056792 0.027702
1 0.172042 0.395897 0.027458 0.012755
1 0.246021 0.384789 0.086000 0.038523
1 0.764938 0.403039 0.070021 0.019467
1 0.259667 0.398939 0.095771 0.035674
1 0.623526 0.369965 0.064802 0.039191
1 0.732109 0.746887 0.092990 0.029250
1 0.508823 0.650484 0.032896 0.023206
3 0.668026 0.625589 0.047552 0.026161
3 0.592302 0.625445 0.063354 0.024431
3 0.004771 0.543684 0.009542 0.012444
3 0.847698 0.740334 0.069875 0.033962
3 0.393474 0.758517 0.036448 0.014455
3 0.272844 0.699918 0.077417 0.026342
3 0.343036 0.670085 0.046385 0.015000
3 0.789547 0.660665 0.024365 0.025657
3 0.790427 0.669329 0.025021 0.010698
3 0.465135 0.780085 0.112750 0.038130
3 0.413240 0.497345 0.166375 0.121501