0 0.680119 0.430632 0.078625 0.533632
0 0.301256 0.490885 0.137021 0.854989
0 0.501922 0.439310 0.097642 0.587517
1 0.690459 0.199259 0.036660 0.071828
1 0.151665 0.272586 0.006814 0.014000
1 0.237284 0.324764 0.015544 0.042287
1 0.320430 0.198339 0.024397 0.039115
1 0.285470 0.103506 0.055592 0.079287
1 0.165834 0.276259 0.008099 0.011943
1 0.336914 0.222632 0.010441 0.015770
1 0.520794 0.191483 0.042076 0.092207
3 0.312408 0.592759 0.019049 0.031333
3 0.357257 0.717874 0.027440 0.054115
3 0.688595 0.670718 0.029458 0.051115
3 0.378484 0.549253 0.010520 0.024575
3 0.233521 0.397546 0.010844 0.013598
3 0.271150 0.866741 0.030393 0.099598
3 0.496944 0.712948 0.040526 0.035138
3 0.462653 0.705759 0.018699 0.054805