0 0.234794 0.437360 0.061354 0.245569
0 0.512278 0.400961 0.043649 0.163114
0 0.200369 0.402622 0.017285 0.041561
0 0.300914 0.361719 0.053555 0.077572
0 0.378355 0.416778 0.084225 0.198321
1 0.199959 0.387505 0.010630 0.010695
1 0.297234 0.334413 0.020399 0.022852
1 0.229631 0.326710 0.026236 0.023926
1 0.511435 0.326796 0.015464 0.015144
1 0.363842 0.331579 0.024665 0.026661
2 0.230372 0.550090 0.015234 0.018520
2 0.216121 0.549634 0.013500 0.022915
2 0.407928 0.514233 0.005823 0.013430
2 0.517167 0.479386 0.010176 0.008357
3 0.507492 0.468822 0.010785 0.020135
3 0.298934 0.373723 0.028687 0.036291
3 0.394191 0.381525 0.045877 0.072112