0 0.749191 0.541146 0.085410 0.141191
0 0.953917 0.510808 0.047590 0.190731
0 0.085565 0.559066 0.098822 0.144413
0 0.324533 0.516990 0.033940 0.157518
1 0.763568 0.491936 0.033473 0.041164
0 0.191469 0.549955 0.079255 0.152870
1 0.078060 0.507676 0.029553 0.042085
0 0.373927 0.510894 0.029573 0.070397
0 0.890200 0.502455 0.020454 0.092220
1 0.960125 0.429206 0.030664 0.028375
0 0.241740 0.534707 0.055044 0.128745
0 0.711669 0.494319 0.022877 0.062464
0 0.539617 0.524598 0.015944 0.031363
1 0.325315 0.447356 0.017820 0.019603
0 0.645034 0.500478 0.025518 0.085199
1 0.190799 0.488723 0.024509 0.027482
0 0.594546 0.523019 0.020941 0.033150
1 0.231764 0.480970 0.022566 0.021507
2 0.964411 0.592189 0.022539 0.026399
0 0.152935 0.497635 0.029580 0.104404
2 0.207691 0.603046 0.035085 0.048782
2 0.940897 0.594684 0.020183 0.022870
1 0.146957 0.452103 0.015322 0.014206
1 0.081232 0.455654 0.014069 0.015352
1 0.646588 0.462671 0.011808 0.010957
1 0.704262 0.470203 0.010095 0.013168
1 0.203358 0.484671 0.015193 0.027283
2 0.048125 0.608272 0.018971 0.054269
1 0.887312 0.461200 0.012607 0.010596
2 0.330752 0.577338 0.013324 0.035000