0 0.681236 0.610984 0.231787 0.729116
0 0.212695 0.553759 0.167949 0.649359
0 0.288768 0.605727 0.264089 0.785153
0 0.352519 0.482649 0.126418 0.464251
0 0.684743 0.312125 0.172681 0.170208
0 0.548111 0.478709 0.106121 0.447310
1 0.740427 0.246782 0.056804 0.042951
1 0.164333 0.258190 0.037617 0.060930
1 0.215616 0.311110 0.117204 0.071552
1 0.739804 0.289382 0.105010 0.085117
1 0.227112 0.262247 0.117244 0.099621
1 0.334682 0.275573 0.048917 0.050370
1 0.554113 0.283051 0.056635 0.057545
3 0.698003 0.944075 0.086175 0.062897
3 0.523825 0.678055 0.029885 0.032753
3 0.757576 0.905645 0.039865 0.034179
3 0.185000 0.847541 0.056039 0.054558
3 0.307996 0.697757 0.025904 0.038691
3 0.289343 0.795388 0.015599 0.022780
3 0.586571 0.684337 0.022024 0.034269
3 0.384282 0.683317 0.047373 0.033854
3 0.283856 0.952216 0.075443 0.065117
3 0.743385 0.342144 0.078592 0.075803