0 0.435451 0.512417 0.129953 0.768062
0 0.703101 0.505969 0.115205 0.607917
0 0.569059 0.529266 0.157005 0.668115
0 0.519168 0.458521 0.059555 0.353438
1 0.418326 0.196406 0.065504 0.076875
0 0.342811 0.448724 0.073593 0.656760
1 0.732263 0.246219 0.057163 0.060167
0 0.657635 0.493927 0.072163 0.398667
1 0.580334 0.229318 0.049754 0.074781
1 0.380334 0.224599 0.026331 0.056219
1 0.456975 0.269937 0.027046 0.032333
1 0.535144 0.299083 0.027028 0.035667
1 0.352336 0.244339 0.049174 0.052094
0 0.463596 0.449901 0.042550 0.393510
0 0.364827 0.441411 0.056430 0.490781
1 0.425126 0.868708 0.060920 0.057208
3 0.511419 0.832068 0.041501 0.054552
3 0.331741 0.756901 0.045205 0.040927
1 0.699241 0.790531 0.051682 0.040146
3 0.715554 0.762443 0.039455 0.042698
3 0.667192 0.681562 0.030199 0.023521
1 0.642157 0.664979 0.034525 0.022937
3 0.381715 0.814427 0.023757 0.030229
3 0.464443 0.630755 0.016073 0.028406
1 0.514936 0.623542 0.015580 0.024771
3 0.363801 0.728302 0.019455 0.021313
3 0.609036 0.843719 0.022503 0.032708
3 0.340979 0.668406 0.010621 0.032500
1 0.685853 0.296563 0.012339 0.030250
1 0.670381 0.306036 0.043294 0.045365