0 0.493290 0.457563 0.036412 0.073538
0 0.386391 0.465921 0.249939 0.527635
0 0.580728 0.468339 0.031787 0.072960
0 0.331121 0.527040 0.096500 0.138881
0 0.698365 0.462527 0.027062 0.040433
0 0.228301 0.458687 0.119093 0.134449
0 0.639323 0.475316 0.029587 0.041426
1 0.493179 0.434224 0.014753 0.026173
1 0.329814 0.451020 0.019086 0.026805
1 0.817729 0.487545 0.010271 0.011191
1 0.299546 0.484043 0.033568 0.051895
1 0.260484 0.417306 0.026588 0.046886
1 0.690003 0.446873 0.008944 0.009504
1 0.373615 0.232613 0.060366 0.060875
1 0.632129 0.464350 0.013466 0.019386
2 0.195985 0.519973 0.021963 0.022599
2 0.250697 0.516512 0.015613 0.019179
2 0.399039 0.688700 0.054922 0.031011
2 0.236615 0.512356 0.017441 0.014946
2 0.497255 0.706124 0.029391 0.048655
2 0.243131 0.516485 0.029323 0.019883