0 0.835582 0.446110 0.069255 0.141101
0 0.656703 0.474278 0.091239 0.283267
0 0.920176 0.484287 0.063751 0.265217
0 0.198551 0.534260 0.122316 0.466661
0 0.283175 0.452644 0.051578 0.064892
0 0.408531 0.491187 0.080203 0.284233
0 0.552481 0.437044 0.020995 0.052428
0 0.471764 0.479147 0.053507 0.255695
0 0.512055 0.441656 0.034861 0.141146
0 0.701354 0.467211 0.037928 0.113394
1 0.505890 0.379932 0.016005 0.017428
1 0.499032 0.381634 0.009993 0.012166
1 0.416764 0.365961 0.029113 0.032843
1 0.177420 0.322866 0.048003 0.043114
1 0.286242 0.428317 0.016168 0.015966
1 0.549888 0.416381 0.011097 0.011101
1 0.651845 0.345880 0.027481 0.025587
1 0.920352 0.364102 0.027339 0.024251
1 0.470203 0.363389 0.024604 0.024756
1 0.506635 0.374977 0.014232 0.009810
1 0.847065 0.380618 0.010894 0.015623
2 0.471977 0.598768 0.016317 0.016778
2 0.506943 0.507811 0.011774 0.010984
2 0.689008 0.536674 0.009648 0.017717
2 0.807891 0.506367 0.018707 0.013457
2 0.224641 0.738344 0.017583 0.012518
2 0.462959 0.598398 0.032065 0.019161
2 0.473527 0.590384 0.013081 0.013204
2 0.904367 0.604377 0.031320 0.022527
2 0.895254 0.603082 0.014083 0.020966
2 0.934766 0.605699 0.023819 0.022807
2 0.190843 0.757811 0.059262 0.019847
2 0.452600 0.595898 0.012850 0.016092
2 0.418504 0.620406 0.029736 0.032310
2 0.668446 0.559919 0.034333 0.053520
2 0.688565 0.499657 0.010142 0.023971
2 0.399408 0.602310 0.010460 0.018628
2 0.848419 0.513597 0.012234 0.010912
2 0.638795 0.584066 0.019282 0.063511
2 0.427989 0.627252 0.010278 0.018962
2 0.521337 0.504337 0.012735 0.013366
2 0.714953 0.517324 0.013101 0.015406
2 0.638064 0.607568 0.017305 0.017753
2 0.849370 0.507432 0.011903 0.020587
2 0.412837 0.641958 0.025741 0.069856
2 0.838240 0.626570 0.040596 0.034549
3 0.409942 0.446602 0.048280 0.098060