0 0.666642 0.478236 0.135816 0.199901
0 0.368544 0.449030 0.100528 0.528529
0 0.268064 0.443479 0.105349 0.253800
1 0.964313 0.297843 0.013758 0.008899
1 0.852850 0.297112 0.007028 0.007329
1 0.304025 0.340257 0.033142 0.050063
1 0.841307 0.297884 0.008192 0.007536
1 0.387722 0.214192 0.065220 0.059287
1 0.993663 0.301164 0.008328 0.008177
1 0.655884 0.399743 0.047691 0.043078
1 0.958707 0.297622 0.007502 0.007085
2 0.669749 0.552026 0.024766 0.014901
2 0.678659 0.563353 0.050900 0.029522
2 0.340240 0.661810 0.023974 0.023529
2 0.252177 0.567270 0.023419 0.013222
2 0.377850 0.701209 0.057217 0.037310
2 0.297082 0.556931 0.021571 0.012942
2 0.274370 0.557103 0.020860 0.017437
2 0.727146 0.537441 0.014821 0.015767
2 0.705440 0.558380 0.011896 0.013727