0 0.549308 0.444333 0.014080 0.058271
0 0.239625 0.472349 0.017468 0.056948
0 0.070331 0.527370 0.016114 0.030427
0 0.331753 0.599500 0.239203 0.801000
0 0.092919 0.517120 0.027280 0.055615
0 0.306322 0.300214 0.017110 0.037615
0 0.047198 0.529807 0.036483 0.105219
0 0.971694 0.721797 0.019965 0.067865
0 0.447312 0.584542 0.095692 0.581812
0 0.184326 0.399422 0.014420 0.066677
0 0.572239 0.437250 0.021512 0.085396
0 0.594320 0.633188 0.156987 0.296292
0 0.469428 0.264984 0.029396 0.128635
1 0.536210 0.380333 0.005879 0.009958
1 0.183297 0.295490 0.006981 0.012896
1 0.458485 0.345740 0.040850 0.103583
1 0.975469 0.692448 0.008464 0.010479
1 0.462494 0.329000 0.033699 0.069875
1 0.182327 0.370812 0.006835 0.010583
1 0.175390 0.456318 0.006618 0.009885
1 0.254250 0.477432 0.006084 0.009469
1 0.044171 0.484750 0.011694 0.015667
1 0.549903 0.419641 0.007192 0.009823
1 0.569590 0.398870 0.007186 0.010427
1 0.072151 0.516859 0.009426 0.010365
1 0.553848 0.517807 0.028728 0.065302
1 0.407916 0.270896 0.087989 0.140333
1 0.238118 0.444188 0.008464 0.008604
1 0.113666 0.497182 0.007427 0.011094
2 0.463066 0.847250 0.047515 0.056250
2 0.654346 0.765646 0.036641 0.032771
2 0.050091 0.581307 0.010967 0.008552
2 0.966624 0.751484 0.006307 0.009948
2 0.479645 0.722656 0.021448 0.025917
2 0.427456 0.754250 0.006389 0.022229
2 0.062057 0.575599 0.012720 0.007635
2 0.972403 0.745771 0.007046 0.008708
2 0.485396 0.781766 0.023605 0.043719
3 0.182890 0.391188 0.010961 0.026917
3 0.561040 0.614698 0.050627 0.146896