0 0.886703 0.031510 0.032362 0.063021
0 0.756460 0.522906 0.242649 0.725146
0 0.129024 0.222120 0.020358 0.050760
0 0.080873 0.221260 0.021149 0.062687
0 0.835700 0.111193 0.079596 0.222385
0 0.977866 0.147969 0.044267 0.101625
0 0.368168 0.288380 0.173581 0.502344
0 0.777664 0.044552 0.044027 0.087688
0 0.111164 0.224344 0.013699 0.062187
1 0.066591 0.195297 0.007298 0.008552
1 0.123476 0.200792 0.008863 0.009521
1 0.038872 0.431906 0.011530 0.014271
1 0.075132 0.193052 0.006348 0.008771
1 0.743960 0.253500 0.099068 0.188000
1 0.098924 0.179109 0.006465 0.008406
1 0.328318 0.101984 0.070926 0.130260
2 0.711166 0.099047 0.013142 0.017469
2 0.753095 0.053578 0.013224 0.014844
2 0.787734 0.078255 0.030275 0.025156
2 0.090226 0.251953 0.007005 0.006760
2 0.431079 0.521948 0.009859 0.042917
2 0.798488 0.075531 0.010246 0.019729
2 0.830671 0.760427 0.032362 0.065104
2 0.726477 0.107745 0.024361 0.032323
2 0.884162 0.051667 0.030668 0.021958
2 0.846776 0.210990 0.022204 0.022521
2 0.777154 0.077307 0.013535 0.022198
2 0.878839 0.032042 0.012216 0.020604
2 0.724203 0.712479 0.028277 0.066583
2 0.734622 0.099318 0.007919 0.017906