0 0.678281 0.527705 0.088150 0.228206
0 0.329440 0.502028 0.056372 0.185450
0 0.387798 0.522674 0.092112 0.243290
0 0.768642 0.523206 0.061670 0.214496
0 0.257847 0.508057 0.055857 0.229533
0 0.447441 0.504188 0.054630 0.163636
0 0.560190 0.531814 0.092708 0.231848
0 0.635131 0.516892 0.049973 0.161286
0 0.725645 0.516124 0.048060 0.195335
1 0.769395 0.426330 0.040758 0.021205
1 0.244783 0.422569 0.014260 0.014360
1 0.394928 0.414739 0.045036 0.027854
1 0.438565 0.430132 0.029892 0.014739
1 0.336146 0.417965 0.032906 0.017664
1 0.603953 0.461469 0.017256 0.016845
1 0.263236 0.405030 0.044829 0.023521
1 0.684219 0.425369 0.042500 0.023182
1 0.645614 0.444306 0.028267 0.014909
1 0.559233 0.428142 0.042942 0.025369
1 0.718249 0.426676 0.030054 0.017360
2 0.628655 0.591574 0.030758 0.012749
2 0.233254 0.602383 0.007771 0.007921
2 0.651187 0.587891 0.013222 0.010528
2 0.414819 0.637647 0.033123 0.013047
2 0.759684 0.623422 0.045975 0.014144
2 0.422157 0.582796 0.006245 0.007028
2 0.270979 0.596970 0.016688 0.008998
2 0.356570 0.636036 0.022671 0.013426
2 0.583421 0.641422 0.023051 0.010548
2 0.258339 0.615203 0.049170 0.014861
2 0.343786 0.585860 0.019865 0.010433
2 0.455171 0.581032 0.023141 0.010081
2 0.313569 0.588697 0.019323 0.012627
2 0.271273 0.610914 0.024892 0.012187
2 0.725338 0.603849 0.015984 0.011070
2 0.636832 0.592918 0.017906 0.010860
2 0.424729 0.579177 0.011444 0.007536
2 0.257103 0.602644 0.046155 0.008158
2 0.707807 0.630399 0.026101 0.013433
2 0.655903 0.633835 0.045036 0.013304
2 0.521417 0.584086 0.017924 0.008267
2 0.531507 0.640159 0.034567 0.013494
2 0.562608 0.585460 0.012798 0.008727
2 0.648876 0.591872 0.016760 0.010095
2 0.694973 0.601649 0.011715 0.008768
2 0.734310 0.606974 0.028962 0.014245