0 0.503402 0.560632 0.035782 0.178231
0 0.651638 0.545023 0.074678 0.185117
0 0.719265 0.659594 0.138422 0.381986
0 0.362241 0.568745 0.043954 0.173881
0 0.676547 0.782739 0.186933 0.434522
0 0.207529 0.768019 0.194651 0.463962
0 0.567901 0.565555 0.050291 0.190496
0 0.164716 0.678163 0.164313 0.404269
0 0.436892 0.786494 0.117156 0.427013
0 0.422942 0.532676 0.038111 0.120839
0 0.288859 0.599720 0.079316 0.241101
1 0.765071 0.487784 0.047664 0.036489
1 0.433781 0.610108 0.064624 0.077112
1 0.109594 0.495429 0.055166 0.037157
1 0.503923 0.485144 0.020914 0.027509
1 0.357498 0.490907 0.019628 0.018403
1 0.729262 0.603159 0.080393 0.077148
1 0.574167 0.479210 0.020278 0.017897
1 0.756500 0.513195 0.049926 0.041155
1 0.150308 0.572107 0.080603 0.068673
1 0.423128 0.480961 0.018104 0.017121
1 0.667705 0.463159 0.025701 0.021155
1 0.270890 0.490140 0.027332 0.021020
2 0.262884 0.730487 0.020393 0.019982
2 0.508081 0.642153 0.011056 0.014991
2 0.498253 0.639305 0.008571 0.014170
2 0.571523 0.649463 0.016303 0.015514
2 0.007295 0.840262 0.014590 0.022148
2 0.154976 0.839301 0.020000 0.024143
2 0.261198 0.710072 0.016858 0.022473
2 0.560792 0.667270 0.012891 0.016652
2 0.742982 0.837911 0.020792 0.025532
2 0.553297 0.652035 0.021584 0.017338
2 0.355315 0.653416 0.015843 0.014125
2 0.353341 0.649752 0.012871 0.009738
2 0.394509 0.993953 0.025471 0.012094
2 0.138510 0.861291 0.051564 0.035361
2 0.364672 0.651020 0.012566 0.012708
2 0.222959 0.953515 0.027542 0.044106
2 0.294079 0.691981 0.024516 0.019666
2 0.366483 0.812870 0.017800 0.023809
2 0.589022 0.665230 0.013615 0.015695
2 0.237153 0.994932 0.033588 0.010135