0 0.565748 0.506191 0.035112 0.160975
0 0.640027 0.520081 0.040785 0.188845
0 0.772583 0.603222 0.074942 0.356426
0 0.316171 0.646977 0.081253 0.357166
0 0.428304 0.514959 0.040427 0.150226
0 0.269912 0.573398 0.055491 0.295334
0 0.696530 0.720699 0.099397 0.444504
0 0.611645 0.605884 0.107217 0.183285
0 0.483480 0.692166 0.096249 0.388032
0 0.485403 0.503272 0.046730 0.148222
0 0.371530 0.528917 0.044130 0.194801
1 0.779557 0.439589 0.047183 0.029359
1 0.484174 0.522748 0.046046 0.050388
1 0.565393 0.436033 0.018544 0.020532
1 0.273409 0.439806 0.035146 0.027789
1 0.430619 0.449892 0.018978 0.019838
1 0.639035 0.435478 0.020332 0.019946
1 0.699868 0.526169 0.067360 0.056634
1 0.590149 0.539711 0.032620 0.049458
1 0.476090 0.437879 0.017556 0.017509
1 0.317684 0.485866 0.042207 0.035505
1 0.370691 0.440532 0.021679 0.018953
2 0.649299 0.606805 0.012546 0.015632
2 0.757779 0.765122 0.043426 0.030731
2 0.578064 0.684278 0.025064 0.026155
2 0.287898 0.674653 0.014956 0.015478
2 0.436429 0.724458 0.018138 0.028700
2 0.615403 0.603010 0.014259 0.011489
2 0.761794 0.711191 0.013622 0.021300
2 0.332969 0.809824 0.047739 0.030677
2 0.553270 0.583741 0.011117 0.012644
2 0.503852 0.569919 0.013175 0.017545
2 0.392840 0.686832 0.013074 0.019152
2 0.658219 0.668813 0.015152 0.021273
2 0.288615 0.682333 0.016161 0.018583
2 0.334939 0.773723 0.018043 0.022861
2 0.687366 0.977694 0.025200 0.025641
2 0.358182 0.621155 0.013277 0.015018
2 0.439472 0.588163 0.009953 0.013023
2 0.279590 0.709544 0.034929 0.023511
2 0.383240 0.613506 0.018030 0.013926
2 0.698510 0.897915 0.050928 0.053502
2 0.429509 0.584418 0.011584 0.012789
2 0.447024 0.820857 0.022525 0.032762
2 0.487502 0.862649 0.038470 0.048493
2 0.675819 0.915745 0.050284 0.056128
2 0.557417 0.583285 0.011503 0.013177