0 0.693583 0.522346 0.112058 0.227833
0 0.552712 0.501903 0.051616 0.157360
0 0.347523 0.491716 0.064395 0.185938
0 0.435262 0.513172 0.126552 0.243785
0 0.790032 0.520244 0.068276 0.211903
0 0.315686 0.496456 0.126011 0.230311
0 0.464206 0.496574 0.042527 0.164211
0 0.584052 0.524678 0.092274 0.233460
0 0.630578 0.494540 0.022455 0.101090
0 0.656625 0.513206 0.056300 0.159519
0 0.752491 0.510884 0.045253 0.197082
1 0.633858 0.447617 0.015171 0.008829
1 0.280582 0.393246 0.042699 0.024408
1 0.722974 0.420176 0.042681 0.025105
1 0.264616 0.410030 0.009088 0.011787
1 0.422238 0.404218 0.046209 0.028923
1 0.592360 0.420779 0.042356 0.026852
1 0.353132 0.408030 0.032671 0.018064
1 0.801864 0.424946 0.042644 0.022525
1 0.456665 0.420961 0.028330 0.013338
1 0.565483 0.427952 0.016146 0.009309
1 0.565298 0.434573 0.023123 0.020724
1 0.669693 0.440433 0.030596 0.015139
1 0.757053 0.421016 0.028962 0.018186
2 0.439413 0.628324 0.032960 0.014482
2 0.641363 0.585213 0.025921 0.010548
2 0.274079 0.587424 0.045596 0.007698
2 0.467121 0.573070 0.023394 0.009675
2 0.667171 0.584096 0.011417 0.007718
2 0.677694 0.628622 0.046670 0.014699
2 0.713100 0.595961 0.016958 0.009919
2 0.252157 0.589553 0.009242 0.007095
2 0.364806 0.575687 0.027933 0.011997
2 0.293682 0.598680 0.021408 0.010941
2 0.779738 0.618406 0.048159 0.014577
2 0.585546 0.579323 0.010677 0.008653
2 0.678168 0.541574 0.009657 0.009892
2 0.606164 0.635261 0.024188 0.009343
2 0.280366 0.603368 0.050803 0.014929
2 0.380826 0.625755 0.023132 0.014367
2 0.329594 0.578138 0.019332 0.011957
2 0.667577 0.587485 0.015875 0.011246
2 0.154910 0.608903 0.022383 0.016412
2 0.290839 0.586770 0.014206 0.006364
2 0.750099 0.602607 0.018845 0.013257
2 0.424549 0.572857 0.007798 0.008179
2 0.727911 0.625386 0.026904 0.013494
2 0.536209 0.576710 0.020018 0.007813
2 0.555167 0.633230 0.034233 0.013798
2 0.661485 0.587959 0.024522 0.010704
2 0.629143 0.545531 0.006065 0.006297
2 0.795117 0.621256 0.020939 0.007793