0 0.027126 0.408043 0.054253 0.072581
0 0.110586 0.411835 0.080529 0.073994
0 0.604603 0.393271 0.108862 0.153999
0 0.424782 0.385356 0.082529 0.118720
1 0.012489 0.378802 0.024977 0.014365
1 0.611351 0.324201 0.049207 0.015751
1 0.430879 0.332257 0.035253 0.012947
1 0.090282 0.416144 0.033138 0.013723
1 0.119776 0.382594 0.042885 0.015077
2 0.571787 0.450454 0.017989 0.006495
2 0.008121 0.441001 0.016241 0.007833
2 0.006707 0.443840 0.013414 0.007329
2 0.028753 0.444936 0.028356 0.010786
2 0.434385 0.441354 0.016793 0.007775
2 0.094552 0.445789 0.034138 0.007658
2 0.029454 0.441166 0.025138 0.006750
2 0.136379 0.447292 0.025241 0.012183
2 0.990994 0.462748 0.018011 0.008396
2 0.567115 0.458980 0.041034 0.010420
2 0.401109 0.439796 0.024126 0.008534
2 0.608023 0.462658 0.017517 0.016203