0 0.408351 0.474454 0.034376 0.068885
0 0.348529 0.489109 0.035550 0.109713
0 0.977990 0.588667 0.044020 0.088345
0 0.025653 0.555063 0.047685 0.128379
0 0.928242 0.443443 0.063144 0.322586
0 0.365311 0.414351 0.023101 0.059874
1 0.946543 0.305374 0.026256 0.045414
1 0.985706 0.597885 0.028587 0.048023
1 0.353027 0.446385 0.017345 0.025253
1 0.288351 0.371092 0.011540 0.018506
1 0.995263 0.558810 0.009474 0.034632
1 0.412151 0.465713 0.015879 0.052483
1 0.035728 0.515391 0.021822 0.048322
1 0.361062 0.390402 0.007616 0.013632
2 0.919177 0.573885 0.016399 0.060391
2 0.008468 0.610586 0.011423 0.023080
2 0.937055 0.572672 0.018614 0.060471
2 0.009498 0.593672 0.016978 0.054034