0 0.592678 0.273353 0.015701 0.028475
0 0.432261 0.426178 0.086026 0.348204
0 0.844506 0.595384 0.310988 0.809233
0 0.294848 0.333236 0.022058 0.030442
0 0.378487 0.493208 0.121374 0.541652
0 0.598443 0.447825 0.147380 0.409134
1 0.895118 0.272283 0.196032 0.163809
1 0.438328 0.277040 0.020501 0.048827
1 0.402224 0.263249 0.062051 0.081841
1 0.294320 0.321755 0.009980 0.007681
1 0.546726 0.279458 0.047468 0.071083
2 0.728219 0.858542 0.073839 0.055623
2 0.460240 0.581724 0.027955 0.025036
2 0.802590 0.960465 0.044584 0.079070
2 0.555430 0.587387 0.042072 0.031543
2 0.415477 0.588818 0.015951 0.031570
2 0.387955 0.737477 0.052512 0.053782
2 0.404841 0.638709 0.026500 0.030361
2 0.588680 0.630988 0.031307 0.043384