0 0.771737 0.549197 0.172546 0.446895
0 0.317898 0.412671 0.036703 0.070361
0 0.206564 0.544905 0.178896 0.572139
0 0.353250 0.400023 0.035965 0.117861
0 0.576408 0.604991 0.133114 0.284170
0 0.416293 0.495794 0.099966 0.392112
0 0.479360 0.372951 0.024448 0.072329
1 0.796357 0.364093 0.086892 0.076291
1 0.483981 0.343245 0.007163 0.011309
1 0.347613 0.349282 0.015457 0.015894
1 0.208497 0.299395 0.064834 0.080090
1 0.328964 0.387013 0.014570 0.017166
1 0.535687 0.527288 0.051781 0.090930
1 0.438284 0.329012 0.046926 0.057626
2 0.401269 0.670244 0.025911 0.043484
2 0.268998 0.694770 0.049926 0.029179
2 0.777739 0.742459 0.045944 0.056958
2 0.573358 0.703308 0.028896 0.044215
2 0.177891 0.795970 0.047454 0.070460
2 0.718426 0.745483 0.026466 0.050388
2 0.616283 0.719346 0.032525 0.054666
2 0.440762 0.650772 0.035430 0.035496
2 0.349238 0.516124 0.015105 0.012049