0 0.065078 0.638493 0.130156 0.723014
0 0.872464 0.146697 0.166662 0.293394
0 0.952085 0.114382 0.095829 0.226273
0 0.466919 0.439725 0.267407 0.460713
0 0.617840 0.156047 0.151578 0.312094
1 0.482867 0.266291 0.119546 0.114513
2 0.423074 0.639341 0.052647 0.062365
2 0.863602 0.275749 0.042613 0.038285
2 0.616567 0.291119 0.032647 0.039982
2 0.084438 0.745745 0.091638 0.146381
2 0.917830 0.202798 0.028023 0.032960
2 0.554800 0.280718 0.027150 0.028782
2 0.981605 0.207983 0.036791 0.040785
2 0.813416 0.253597 0.051232 0.036056
3 0.874814 0.081133 0.099242 0.102825
3 0.427569 0.480699 0.165606 0.283691
3 0.621933 0.103046 0.101131 0.188908
3 0.986445 0.081083 0.027109 0.044097