0 0.572119 0.664377 0.073392 0.210975
0 0.332515 0.643994 0.037488 0.058186
0 0.397986 0.653736 0.047062 0.058069
0 0.348822 0.679472 0.047976 0.071904
0 0.500251 0.642789 0.045944 0.057040
0 0.144276 0.694522 0.069106 0.142491
0 0.528097 0.577942 0.030494 0.055758
0 0.461605 0.626453 0.029533 0.088123
2 0.382776 0.681241 0.011754 0.010316
2 0.533538 0.602635 0.009729 0.008466
2 0.415548 0.676101 0.008917 0.016570
2 0.467729 0.662807 0.009973 0.013628
2 0.575372 0.762107 0.023527 0.015695
2 0.482965 0.664495 0.009519 0.011480
2 0.369624 0.689116 0.011490 0.013141
2 0.520135 0.658858 0.009059 0.009937
2 0.553477 0.744946 0.015660 0.012942
2 0.132817 0.758466 0.023020 0.014567
2 0.416926 0.662906 0.010372 0.015794
2 0.393037 0.679440 0.012424 0.009332
2 0.306919 0.703218 0.013094 0.012067
2 0.455667 0.664368 0.009614 0.012527
2 0.504963 0.667396 0.012729 0.010352
2 0.515281 0.667518 0.015369 0.011733
2 0.171168 0.754937 0.019276 0.018610
2 0.512383 0.591169 0.008788 0.012500