0 0.679895 0.389138 0.033114 0.164576
0 0.872962 0.396918 0.039018 0.065605
0 0.398700 0.499932 0.053460 0.141922
0 0.348020 0.618682 0.081618 0.250253
0 0.646713 0.374012 0.066669 0.194883
0 0.431490 0.396792 0.058389 0.222807
0 0.501215 0.412383 0.050691 0.253195
1 0.630545 0.309449 0.017759 0.019711
1 0.490599 0.299607 0.024462 0.027464
1 0.693111 0.325050 0.008984 0.015388
1 0.862850 0.371322 0.012295 0.014287
1 0.347454 0.496855 0.030589 0.014377
1 0.425572 0.302112 0.021598 0.031173
1 0.393629 0.443443 0.023791 0.027500
1 0.871794 0.467351 0.029072 0.021778
1 0.651107 0.469445 0.039993 0.024395
1 0.692522 0.333727 0.010582 0.018123
1 0.792387 0.326634 0.009567 0.010072
1 0.681794 0.323854 0.023981 0.026895
1 0.652136 0.296051 0.034929 0.038854
1 0.850999 0.326810 0.010894 0.010984
2 0.877035 0.430131 0.010833 0.008312
2 0.893626 0.421968 0.012397 0.009242
2 0.880010 0.424874 0.015295 0.015469
2 0.382089 0.635514 0.008876 0.020578
2 0.378074 0.728660 0.027387 0.022211
2 0.331046 0.735537 0.027901 0.021814
2 0.516635 0.529770 0.014056 0.021579
2 0.487894 0.525000 0.022803 0.016606