0 0.906642 0.580749 0.186716 0.256029
0 0.200691 0.444865 0.143169 0.475957
0 0.705721 0.318195 0.044211 0.224404
0 0.595213 0.357789 0.062275 0.360162
0 0.743155 0.303863 0.039905 0.153069
1 0.766557 0.228755 0.016256 0.017058
1 0.950274 0.498484 0.083555 0.092130
1 0.756506 0.240690 0.009858 0.014179
1 0.168568 0.240487 0.083216 0.067058
1 0.584333 0.199346 0.042762 0.042753
1 0.696154 0.216882 0.025376 0.022067
1 0.736452 0.236701 0.018700 0.019522
1 0.993568 0.478141 0.012864 0.039134
2 0.725471 0.377347 0.009248 0.010866
2 0.814712 0.600144 0.013270 0.037202
2 0.957817 0.662866 0.035335 0.025460
2 0.261202 0.660063 0.022864 0.044079
2 0.196615 0.672198 0.028097 0.021182
2 0.715589 0.422523 0.016242 0.017969
2 0.623324 0.523416 0.011442 0.017699
2 0.608070 0.528285 0.039377 0.026408
2 0.591913 0.515185 0.027143 0.021146
2 0.699719 0.421584 0.019858 0.017717
2 0.727881 0.378204 0.011618 0.011083