0 0.454039 0.405818 0.069074 0.243844
0 0.749171 0.432839 0.064789 0.227198
0 0.431351 0.586099 0.087661 0.596031
0 0.105589 0.519219 0.021811 0.080896
0 0.592743 0.498464 0.099812 0.505531
1 0.432169 0.304729 0.027644 0.041708
1 0.103429 0.483719 0.010610 0.009917
1 0.766952 0.341469 0.029156 0.045729
1 0.598769 0.277354 0.043505 0.064104
1 0.412066 0.321135 0.051155 0.066437
2 0.099311 0.557589 0.006325 0.005281
2 0.599751 0.728938 0.033933 0.042937
2 0.573157 0.659260 0.024672 0.048771
2 0.418857 0.859469 0.051090 0.049542
2 0.451152 0.825901 0.011835 0.030760
2 0.459487 0.686609 0.009174 0.031802
2 0.764223 0.589974 0.013054 0.021823