0 0.630785 0.545224 0.132052 0.582927
0 0.480809 0.589990 0.139004 0.749958
0 0.906190 0.465167 0.020387 0.091396
0 0.048013 0.549380 0.096026 0.788594
0 0.145642 0.390031 0.012562 0.068542
1 0.904977 0.427891 0.010879 0.017406
1 0.028485 0.201531 0.056970 0.090229
1 0.146246 0.361797 0.008388 0.010573
1 0.632723 0.282464 0.044484 0.055885
1 0.495950 0.258828 0.053400 0.087677
1 0.755106 0.442094 0.012825 0.013354
2 0.627356 0.824464 0.033693 0.024781
2 0.429710 0.902292 0.030604 0.045125
2 0.592418 0.797687 0.037192 0.046875
2 0.067254 0.910125 0.056864 0.069208
2 0.490950 0.936271 0.047972 0.059375