0 0.743751 0.430681 0.020785 0.072915
0 0.963243 0.447730 0.058483 0.135370
0 0.068714 0.497180 0.074719 0.207789
0 0.588270 0.520528 0.071178 0.334883
0 0.567464 0.472843 0.087495 0.245722
1 0.595186 0.370672 0.037915 0.035478
1 0.555843 0.366891 0.025091 0.034937
1 0.745762 0.399644 0.010088 0.011092
1 0.048060 0.405226 0.034130 0.024188
1 0.673842 0.405587 0.008104 0.011390
1 0.969580 0.388001 0.021693 0.014901
2 0.602651 0.582771 0.016012 0.020415
2 0.072844 0.593276 0.032187 0.018123
2 0.975169 0.508330 0.019411 0.014458
2 0.574506 0.644025 0.020575 0.020975
2 0.094523 0.593673 0.023819 0.016805
2 0.551158 0.584833 0.011970 0.022229
2 0.596649 0.668493 0.025592 0.037509
2 0.635074 0.741426 0.042227 0.029639
2 0.957282 0.506931 0.013345 0.009892