0 0.655035 0.763287 0.179692 0.452690
0 0.292546 0.732787 0.127058 0.374356
0 0.662902 0.386506 0.039920 0.090184
0 0.404843 0.377730 0.075539 0.437667
0 0.499095 0.484546 0.085688 0.299000
1 0.491564 0.356517 0.023415 0.042644
1 0.271710 0.592172 0.045035 0.093448
1 0.401479 0.183787 0.027982 0.049322
2 0.481798 0.607092 0.018986 0.017517
2 0.465186 0.624621 0.012708 0.025195
2 0.389246 0.577920 0.025587 0.025770
2 0.423545 0.582707 0.015576 0.026540
2 0.580584 0.908615 0.029910 0.052195
2 0.538229 0.626649 0.009766 0.019276