0 0.497302 0.497270 0.012356 0.041417
0 0.485735 0.497446 0.016777 0.050866
0 0.728148 0.559662 0.041672 0.062681
0 0.252211 0.492310 0.011666 0.020325
0 0.179529 0.526724 0.044448 0.137671
0 0.234905 0.495212 0.016689 0.026742
0 0.265714 0.500456 0.017197 0.023745
0 0.518196 0.510641 0.019113 0.071137
0 0.589854 0.661751 0.070311 0.126841
0 0.641669 0.542116 0.019519 0.029305
1 0.174309 0.465429 0.018409 0.014486
1 0.348622 0.465086 0.006263 0.009774
1 0.717383 0.537568 0.012993 0.017356
1 0.253314 0.486440 0.006439 0.008745
1 0.266865 0.492387 0.006351 0.007067
1 0.579164 0.605501 0.017678 0.014125
1 0.489130 0.474729 0.007319 0.007888
1 0.238710 0.485848 0.007888 0.007563
1 0.185024 0.467116 0.008463 0.010912
1 0.520345 0.479896 0.008517 0.009143
1 0.373301 0.461561 0.007820 0.009097
1 0.417864 0.510966 0.008321 0.009188
1 0.585433 0.619711 0.045342 0.043177
1 0.641110 0.534129 0.012011 0.010424
2 0.552942 0.682929 0.011693 0.010912
2 0.496703 0.515754 0.005064 0.005677
2 0.723676 0.584102 0.015071 0.013818
2 0.519235 0.544156 0.006432 0.006724
2 0.739299 0.583222 0.013575 0.011336
2 0.166578 0.583655 0.011544 0.025036
2 0.185447 0.575045 0.010867 0.007058
2 0.182244 0.583849 0.010636 0.008168
2 0.511500 0.541918 0.005369 0.007933