0 0.661065 0.764661 0.179071 0.452310
0 0.288879 0.761247 0.132140 0.362839
0 0.668364 0.387586 0.038619 0.088092
0 0.412241 0.382983 0.070505 0.436977
0 0.504278 0.487540 0.086431 0.297816
1 0.496503 0.359494 0.023702 0.042161
1 0.235621 0.626408 0.026644 0.094287
1 0.403192 0.192517 0.027785 0.053747
2 0.274312 0.960839 0.017642 0.022161
2 0.681912 0.432241 0.017366 0.021563
2 0.471336 0.626707 0.012666 0.025851
2 0.277985 0.927483 0.025858 0.036782
2 0.315390 0.855793 0.018948 0.026184
2 0.459150 0.572195 0.011280 0.018230
2 0.428789 0.587149 0.015263 0.026345
2 0.586280 0.910805 0.027823 0.052368
2 0.270844 0.955839 0.028200 0.032092
2 0.543269 0.629374 0.008938 0.019299
2 0.394392 0.582690 0.024365 0.025747