0 0.100559 0.455695 0.041970 0.089946
0 0.136818 0.460970 0.030846 0.097735
0 0.683656 0.465054 0.054976 0.226679
0 0.364045 0.453822 0.028050 0.087735
0 0.368142 0.568565 0.086655 0.141751
0 0.519604 0.510772 0.064123 0.248764
0 0.433483 0.518362 0.054577 0.278800
0 0.568768 0.480754 0.028274 0.041670
0 0.256087 0.454562 0.018416 0.077265
1 0.685484 0.361841 0.021706 0.020289
1 0.397718 0.542559 0.024523 0.039269
1 0.518808 0.397536 0.023548 0.022347
1 0.108368 0.416516 0.012905 0.012473
1 0.139127 0.418664 0.014123 0.013141
1 0.728615 0.445934 0.007590 0.010208
1 0.357048 0.415758 0.011984 0.011606
1 0.443612 0.393159 0.026249 0.026047
1 0.568866 0.465370 0.011638 0.010650
1 0.253334 0.421688 0.010691 0.011516
1 0.206439 0.491015 0.015193 0.012554
2 0.695159 0.571282 0.019743 0.014639
2 0.127580 0.507924 0.009093 0.005812
2 0.366449 0.626480 0.017434 0.019314
2 0.428209 0.640298 0.021632 0.039946
2 0.139990 0.506913 0.010785 0.007256
2 0.504641 0.626200 0.015213 0.019801
2 0.354722 0.631611 0.020223 0.017374
2 0.444614 0.627026 0.008389 0.028439
2 0.131154 0.507662 0.008578 0.005181
2 0.671899 0.570578 0.020196 0.016390
2 0.134986 0.507726 0.009323 0.005758
2 0.540809 0.626891 0.019844 0.017067