0 0.326503 0.430235 0.049079 0.355144
0 0.683903 0.449869 0.058666 0.343457
0 0.304929 0.457699 0.080542 0.390018
0 0.473920 0.406742 0.053067 0.282527
0 0.367847 0.421277 0.055829 0.308673
0 0.146960 0.442735 0.108097 0.354079
0 0.571879 0.399720 0.036770 0.293195
0 0.624546 0.464359 0.086222 0.362058
0 0.545051 0.455000 0.092011 0.398917
0 0.430467 0.452103 0.094069 0.387509
0 0.667492 0.424937 0.041970 0.314152
1 0.126469 0.283890 0.048849 0.036859
1 0.294871 0.284111 0.048700 0.043403
1 0.691462 0.298533 0.040325 0.041164
1 0.551361 0.278949 0.042776 0.046814
1 0.324949 0.273032 0.043724 0.040325
1 0.471263 0.279341 0.027468 0.027635
1 0.373182 0.281652 0.038172 0.030361
1 0.633791 0.302193 0.044347 0.039061
1 0.433504 0.281512 0.043108 0.047247
1 0.563301 0.264544 0.020251 0.024269
1 0.300291 0.310194 0.058659 0.028872
1 0.648216 0.283042 0.025193 0.028087
1 0.673923 0.284928 0.029431 0.032762
2 0.573937 0.533001 0.017705 0.023637
2 0.414458 0.637942 0.017177 0.029386
2 0.658531 0.549282 0.014259 0.019125
2 0.628477 0.546643 0.010819 0.015289
2 0.335836 0.604549 0.013703 0.016516
2 0.674353 0.604634 0.038510 0.031760
2 0.188196 0.559607 0.026073 0.049558
2 0.332092 0.642500 0.032905 0.024404
2 0.553436 0.634210 0.022566 0.028114
2 0.289567 0.631101 0.023764 0.033285
2 0.340525 0.586385 0.020169 0.016092
2 0.978737 0.475135 0.010217 0.013159
2 0.320667 0.601119 0.041713 0.022726
2 0.624932 0.556155 0.007725 0.009982
2 0.146056 0.604386 0.033169 0.031516
2 0.662238 0.557622 0.017285 0.022392
2 0.381757 0.554959 0.027617 0.017554
2 0.637915 0.630397 0.021530 0.022599
2 0.596547 0.631584 0.029059 0.028114
2 0.450315 0.632915 0.017827 0.023538
2 0.521398 0.640077 0.024313 0.029468
2 0.483710 0.539305 0.026297 0.018195
2 0.363859 0.565379 0.029668 0.021625
2 0.666280 0.571769 0.024028 0.020740