0 0.609641 0.521900 0.080515 0.329901
0 0.553341 0.521958 0.084746 0.353628
0 0.350149 0.533502 0.097901 0.371841
0 0.407718 0.477550 0.045728 0.264359
0 0.315691 0.507771 0.053710 0.348177
0 0.651801 0.512753 0.039242 0.294856
0 0.450667 0.526814 0.080318 0.361300
0 0.496300 0.473366 0.058152 0.270451
0 0.590487 0.473682 0.022708 0.242238
1 0.307427 0.360609 0.033866 0.052717
1 0.628548 0.386566 0.038815 0.033312
1 0.620616 0.370514 0.026622 0.026697
1 0.444418 0.365284 0.036906 0.035731
1 0.558514 0.369368 0.045098 0.047040
1 0.348270 0.354273 0.020670 0.021002
1 0.807671 0.440894 0.014638 0.014892
1 0.330704 0.367432 0.041638 0.039558
1 0.410897 0.357739 0.026953 0.025875
1 0.494323 0.349833 0.022566 0.022915
1 0.591936 0.367432 0.015152 0.026435
1 0.658169 0.382053 0.029174 0.034612
2 0.516303 0.595957 0.020460 0.024458
2 0.337248 0.623813 0.015010 0.015605
2 0.589465 0.674346 0.032986 0.023583
2 0.618240 0.618073 0.013013 0.019684
2 0.367613 0.613001 0.012221 0.014612
2 0.587498 0.601557 0.015890 0.020803
2 0.330552 0.666358 0.023636 0.030352
2 0.584973 0.598371 0.014062 0.016940
2 0.394482 0.601209 0.015342 0.017888
2 0.535511 0.687008 0.028951 0.024648
2 0.311303 0.706999 0.018152 0.024901
2 0.363890 0.708818 0.032979 0.023105
2 0.419824 0.600839 0.010427 0.014531
2 0.435220 0.695871 0.020907 0.022392
2 0.355034 0.619558 0.042607 0.023718
2 0.332766 0.658073 0.021117 0.016886
2 0.592248 0.611864 0.011036 0.017626
2 0.619827 0.669440 0.022349 0.017635
2 0.465311 0.699260 0.019655 0.020866
2 0.479492 0.591710 0.016655 0.025171
2 0.561121 0.681115 0.026831 0.022446
2 0.375704 0.632053 0.025030 0.023673
2 0.643341 0.649734 0.022079 0.020803