0 0.594546 0.517473 0.078246 0.310884
0 0.532146 0.508042 0.085538 0.360469
0 0.329181 0.524025 0.096344 0.374332
0 0.389350 0.467987 0.045037 0.264765
0 0.631581 0.501679 0.035755 0.293520
0 0.434333 0.518389 0.080000 0.365208
0 0.481049 0.452459 0.054611 0.291128
1 0.561368 0.354395 0.010643 0.019206
1 0.288365 0.347559 0.033060 0.042392
1 0.611835 0.379747 0.035992 0.036643
1 0.610660 0.355844 0.012370 0.014106
1 0.786303 0.429603 0.014733 0.012455
1 0.315548 0.309738 0.018653 0.027220
1 0.428538 0.355866 0.036669 0.035578
1 0.540765 0.358506 0.039174 0.040532
1 0.824986 0.431679 0.017204 0.016895
1 0.392671 0.348443 0.026574 0.025406
1 0.310806 0.358105 0.043439 0.040036
1 0.591100 0.392902 0.013724 0.016381
1 0.330190 0.346020 0.010589 0.022365
1 0.601181 0.372085 0.033060 0.047256
1 0.476459 0.339756 0.023927 0.023863
1 0.313365 0.383177 0.057170 0.029025
1 0.635833 0.372121 0.027373 0.034567
2 0.415897 0.693299 0.026459 0.034666
2 0.499191 0.585564 0.019912 0.023655
2 0.462708 0.581340 0.017089 0.026760
2 0.570098 0.594179 0.018490 0.024350
2 0.599699 0.606525 0.012965 0.018863
2 0.312092 0.660329 0.022207 0.025081
2 0.518971 0.676728 0.027935 0.023836
2 0.543375 0.668475 0.025640 0.024747
2 0.293609 0.699025 0.017928 0.024061
2 0.376649 0.591918 0.015030 0.017410
2 0.345992 0.699319 0.028382 0.022861
2 0.415924 0.684088 0.018294 0.023935
2 0.319817 0.608782 0.013839 0.027996
2 0.402299 0.589070 0.010311 0.017076
2 0.314648 0.649887 0.018991 0.018673
2 0.357586 0.622739 0.025274 0.025208
2 0.574384 0.600560 0.012681 0.016805
2 0.569926 0.578005 0.014611 0.018069
2 0.434854 0.695149 0.014381 0.017211
2 0.838399 0.511972 0.009986 0.015388
2 0.600349 0.656868 0.024245 0.017148
2 0.571435 0.662130 0.032038 0.023321
2 0.447637 0.689246 0.018402 0.020135
2 0.625288 0.636801 0.021787 0.021489