0 0.081486 0.374003 0.073223 0.204125
0 0.655592 0.435068 0.115396 0.452319
0 0.184570 0.340808 0.063304 0.132518
0 0.225501 0.502532 0.192478 0.479449
0 0.485653 0.495708 0.110792 0.376381
0 0.534015 0.403736 0.072106 0.294206
1 0.087603 0.288669 0.029262 0.032681
1 0.507546 0.328114 0.041916 0.042184
2 0.055396 0.468759 0.026283 0.020659
2 0.489448 0.673195 0.023406 0.020271
2 0.677752 0.647211 0.046053 0.026462
2 0.449079 0.726787 0.040623 0.046408
2 0.496622 0.704887 0.034204 0.030677
2 0.149777 0.726236 0.041760 0.034531
2 0.108639 0.459201 0.029330 0.016561
2 0.262407 0.724391 0.059479 0.052392
2 0.520599 0.549756 0.010988 0.018105
2 0.276987 0.707662 0.026865 0.021336
2 0.622089 0.628384 0.029553 0.030090
2 0.495542 0.664147 0.034035 0.030803
2 0.442079 0.673890 0.028761 0.022058
2 0.547478 0.541674 0.029797 0.018475
2 0.496943 0.723398 0.035809 0.061778