0 0.890609 0.341977 0.036543 0.072444
0 0.010894 0.409986 0.021462 0.040582
0 0.819905 0.344015 0.041399 0.075504
0 0.260081 0.565410 0.264025 0.140853
0 0.574111 0.633053 0.239540 0.334584
1 0.880456 0.312302 0.017536 0.013121
1 0.006873 0.393903 0.009829 0.007996
1 0.318750 0.372576 0.007987 0.006777
1 0.164472 0.519827 0.047428 0.051178
1 0.571525 0.510613 0.133141 0.089377
1 0.824824 0.311005 0.017987 0.010108
2 0.818470 0.379770 0.010081 0.004523
2 0.657162 0.781469 0.034161 0.021638
2 0.895767 0.376236 0.010614 0.004401
2 0.787107 0.393456 0.014901 0.011977
2 0.520194 0.782600 0.044576 0.029709
2 0.374296 0.555169 0.038664 0.017569
3 0.318872 0.517519 0.018394 0.031476