0 0.888219 0.577310 0.088991 0.088051
0 0.192993 0.539215 0.059770 0.201931
0 0.672180 0.455528 0.026649 0.076760
0 0.481903 0.445162 0.027353 0.089458
0 0.498595 0.529716 0.062376 0.094016
0 0.559411 0.417062 0.016615 0.050713
1 0.476571 0.497365 0.020115 0.028592
1 0.917126 0.548434 0.031083 0.030171
1 0.678971 0.424680 0.013189 0.014648
1 0.491178 0.406670 0.010589 0.013303
1 0.191527 0.449540 0.027576 0.022762
1 0.555501 0.397554 0.008307 0.011588
2 0.862735 0.612640 0.031104 0.025208
2 0.661950 0.490131 0.007569 0.009810
2 0.870694 0.617717 0.019086 0.017942
2 0.214083 0.616056 0.019567 0.015848
2 0.470396 0.483660 0.006953 0.007392
2 0.553954 0.439183 0.005782 0.007717
2 0.196439 0.633551 0.020934 0.019269
2 0.890118 0.607784 0.011814 0.021273
2 0.489238 0.486485 0.007739 0.007735
2 0.678775 0.487410 0.007610 0.010289
2 0.854364 0.607211 0.015768 0.015469