0 0.670531 0.612739 0.181144 0.446778
0 0.188450 0.303005 0.037603 0.065162
0 0.330680 0.308624 0.066276 0.379901
0 0.402397 0.622694 0.248571 0.523908
0 0.426378 0.355551 0.119905 0.187708
1 0.624208 0.422536 0.060752 0.068177
1 0.187732 0.277338 0.014854 0.014170
1 0.187508 0.255320 0.013081 0.011940
1 0.037617 0.340095 0.013582 0.014016
1 0.370342 0.365871 0.017949 0.042013
1 0.560169 0.377527 0.018632 0.018032
1 0.336490 0.136778 0.042390 0.036029
1 0.470670 0.284125 0.031429 0.046300
1 0.593030 0.377635 0.023162 0.022022
1 0.134093 0.392270 0.014942 0.016561
2 0.492590 0.859833 0.055579 0.051471
2 0.507745 0.764201 0.037793 0.034702
2 0.669617 0.803439 0.034645 0.043231
2 0.616097 0.813294 0.041077 0.047455
2 0.329306 0.491345 0.021889 0.018610
3 0.418006 0.313249 0.070718 0.077599