0 0.720475 0.593718 0.195204 0.810080
0 0.411527 0.582201 0.085061 0.604333
0 0.207616 0.644471 0.125459 0.710023
0 0.311678 0.607184 0.093340 0.728138
0 0.538322 0.578586 0.080149 0.499057
0 0.678038 0.589563 0.084222 0.664230
1 0.757528 0.237937 0.072390 0.098954
1 0.920210 0.337040 0.010690 0.016310
1 0.310985 0.287730 0.055863 0.088816
1 0.190119 0.361172 0.095279 0.144138
1 0.950353 0.387925 0.010011 0.015161
1 0.539395 0.353098 0.033691 0.049046
1 0.410725 0.323368 0.047716 0.086552
1 0.682416 0.286132 0.044376 0.060678
2 0.686723 0.896006 0.044057 0.050954
2 0.280762 0.941580 0.026463 0.060126
2 0.393975 0.866471 0.021004 0.035126
2 0.333853 0.875580 0.051880 0.044241
2 0.555696 0.797747 0.026070 0.032713
2 0.510234 0.809293 0.017122 0.038839
2 0.435212 0.843299 0.032889 0.031632
2 0.662369 0.869609 0.040701 0.043816