0 0.386378 0.456602 0.022600 0.149684
0 0.409770 0.461169 0.041747 0.161652
0 0.862299 0.497581 0.081726 0.204856
0 0.092745 0.498989 0.071977 0.196769
0 0.248791 0.482220 0.041564 0.160704
0 0.486181 0.467775 0.020934 0.105749
0 0.472715 0.478037 0.048287 0.142879
0 0.447698 0.455262 0.035477 0.144097
1 0.850166 0.405659 0.018233 0.021534
1 0.403284 0.388082 0.020230 0.017247
1 0.850515 0.412816 0.017238 0.037329
1 0.393636 0.388249 0.011077 0.015830
1 0.244320 0.416309 0.030251 0.029585
1 0.486012 0.417784 0.022478 0.023673
1 0.449739 0.390469 0.020765 0.017094
2 0.400677 0.534549 0.014164 0.017635
2 0.450525 0.529941 0.015565 0.015208
2 0.415714 0.520199 0.011117 0.041697
2 0.092617 0.581611 0.009336 0.025641
2 0.382732 0.513434 0.012654 0.036778
2 0.415589 0.531927 0.010569 0.019883
2 0.102200 0.581205 0.015017 0.030930
2 0.247620 0.549373 0.012762 0.023348
2 0.453060 0.507477 0.011618 0.037644
2 0.233957 0.549273 0.012789 0.026796
2 0.463849 0.537144 0.012668 0.024558
2 0.400403 0.519662 0.014225 0.043240