0 0.763680 0.576379 0.109899 0.844920
0 0.415040 0.565471 0.088348 0.608782
0 0.196362 0.637385 0.116899 0.720287
0 0.306407 0.590753 0.105422 0.733805
0 0.536806 0.556494 0.079910 0.502161
0 0.677124 0.561247 0.088747 0.667943
1 0.301492 0.267362 0.058247 0.085943
1 0.183078 0.353374 0.093941 0.151989
1 0.748178 0.203506 0.075975 0.101264
1 0.919368 0.298747 0.008986 0.013218
1 0.410361 0.304644 0.047892 0.085931
1 0.537047 0.329586 0.034243 0.049586
1 0.680882 0.257925 0.050600 0.063552
2 0.662090 0.842534 0.041418 0.045460
2 0.686352 0.869994 0.043505 0.050632
2 0.281535 0.927672 0.026883 0.059253
2 0.393585 0.852000 0.020903 0.035149
2 0.334025 0.861828 0.052130 0.042460
2 0.555276 0.776494 0.027334 0.031793
2 0.509495 0.788523 0.014997 0.039092
2 0.434936 0.827080 0.033367 0.031172