0 0.810288 0.500045 0.121889 0.465415
0 0.007637 0.374003 0.015274 0.084070
0 0.054777 0.347690 0.042133 0.056823
0 0.312271 0.429702 0.073047 0.247906
0 0.368033 0.444192 0.094441 0.317247
1 0.064611 0.326106 0.014529 0.014774
1 0.002546 0.335375 0.005091 0.012175
1 0.431192 0.376823 0.009790 0.017798
1 0.810379 0.294427 0.059499 0.055027
1 0.376412 0.311110 0.032972 0.050776
1 0.310237 0.322816 0.027556 0.034639
2 0.771134 0.685578 0.038355 0.034170
2 0.390579 0.550722 0.018355 0.038213
2 0.336466 0.543854 0.024509 0.021805
2 0.366919 0.588073 0.024699 0.030496
2 0.296510 0.482004 0.005112 0.012563
2 0.837387 0.713353 0.033717 0.039774
2 0.305217 0.538118 0.018639 0.020894
3 0.307989 0.386394 0.045471 0.083294