0 0.688778 0.562545 0.094753 0.134477
0 0.347424 0.456990 0.033304 0.151164
0 0.602021 0.464513 0.039181 0.187816
0 0.954563 0.637699 0.090873 0.719061
0 0.200190 0.445329 0.046283 0.140190
1 0.183866 0.384138 0.019242 0.017319
1 0.704888 0.516886 0.031754 0.042166
1 0.220779 0.477875 0.019607 0.030767
1 0.340261 0.391340 0.020738 0.019305
1 0.991879 0.292708 0.016242 0.037022
1 0.594056 0.385041 0.022329 0.027338
2 0.356936 0.524571 0.017271 0.016345
2 0.725809 0.605275 0.021422 0.026255
2 0.614276 0.551029 0.013886 0.016209
2 0.340958 0.527031 0.015985 0.012076
2 0.672515 0.598538 0.020074 0.026498
2 0.208761 0.507653 0.011997 0.015325
2 0.719431 0.610808 0.010345 0.016832
2 0.671672 0.618786 0.016100 0.017789