0 0.993019 0.171149 0.013962 0.027883
0 0.702215 0.642239 0.150617 0.626892
0 0.376923 0.661378 0.137266 0.677243
0 0.287944 0.617122 0.074247 0.512712
0 0.499301 0.550595 0.082619 0.380631
0 0.623518 0.110730 0.025733 0.051099
0 0.631611 0.573761 0.080047 0.433396
1 0.997249 0.160414 0.005502 0.009568
1 0.503195 0.379086 0.037313 0.038550
1 0.737249 0.359495 0.073562 0.061279
1 0.626659 0.093279 0.017103 0.015495
1 0.638487 0.381266 0.054545 0.051072
1 0.368138 0.351752 0.073643 0.057703
1 0.293948 0.388689 0.064695 0.057270
2 0.632432 0.774072 0.041567 0.031405
2 0.516666 0.726779 0.020631 0.025865
2 0.305882 0.812811 0.031113 0.026468
2 0.714780 0.925374 0.072938 0.056748
2 0.321038 0.768901 0.007815 0.026811
2 0.693206 0.868959 0.046913 0.042586
2 0.421140 0.984072 0.036920 0.031207
2 0.422673 0.747059 0.004518 0.011414
2 0.283375 0.852405 0.054959 0.041135
2 0.479410 0.722599 0.022849 0.029685
2 0.330153 0.971716 0.037347 0.056477
2 0.613036 0.757550 0.040156 0.026432
3 0.722924 0.531374 0.108874 0.192874