0 0.747789 0.592834 0.200399 0.600542
0 0.204387 0.485375 0.168260 0.418565
0 0.313714 0.373145 0.035457 0.194197
1 0.312837 0.287225 0.021787 0.021634
1 0.159645 0.295253 0.049147 0.039116
1 0.693646 0.345298 0.077705 0.104621
2 0.688629 0.597996 0.026452 0.038574
2 0.309770 0.462252 0.014191 0.012139
2 0.264387 0.653989 0.048571 0.024495
2 0.785030 0.815050 0.043209 0.156092
2 0.324431 0.462351 0.015904 0.017915
2 0.207278 0.679116 0.033121 0.031209
2 0.323937 0.466990 0.014469 0.009829
2 0.707566 0.791232 0.068971 0.134052
2 0.755664 0.647568 0.020020 0.029215