0 0.495281 0.511993 0.145563 0.287749
0 0.772214 0.524024 0.183177 0.307145
0 0.729615 0.582931 0.266208 0.365803
0 0.011453 0.461975 0.022906 0.112860
0 0.133573 0.408016 0.071979 0.068212
0 0.269505 0.527963 0.134969 0.342339
0 0.634286 0.489428 0.154719 0.294308
0 0.422573 0.567345 0.259521 0.441067
1 0.818552 0.390935 0.084521 0.034871
1 0.496151 0.378306 0.024969 0.021864
1 0.782562 0.418631 0.113646 0.038013
1 0.469391 0.386202 0.078177 0.037902
1 0.260286 0.375135 0.082135 0.036096
1 0.269781 0.382582 0.103854 0.051131
1 0.380510 0.370958 0.121792 0.046911
1 0.882661 0.488051 0.018177 0.019162
1 0.810365 0.404757 0.061792 0.019361
1 0.659693 0.363936 0.067323 0.038036
2 0.698625 0.748444 0.087063 0.031495
2 0.514208 0.644130 0.036146 0.022397
2 0.674927 0.623757 0.019625 0.025264
2 0.819656 0.746439 0.063583 0.035692
2 0.610734 0.621070 0.067531 0.024191
2 0.467255 0.626413 0.021406 0.012497
2 0.329177 0.657479 0.012063 0.014971
2 0.006995 0.513713 0.013990 0.008189
2 0.264896 0.685252 0.070542 0.026530
2 0.350547 0.746316 0.023760 0.014519
2 0.839240 0.662008 0.021375 0.008435
2 0.415432 0.770135 0.119344 0.035627
2 0.762417 0.672849 0.029250 0.011290
3 0.387078 0.487746 0.159406 0.120135