0 0.034578 0.469812 0.069156 0.135944
0 0.379026 0.516243 0.156719 0.297737
0 0.901620 0.535953 0.196760 0.291272
0 0.176094 0.529578 0.197437 0.328804
0 0.651766 0.500615 0.158927 0.291770
0 0.764047 0.520240 0.160073 0.289226
0 0.517995 0.520126 0.166198 0.288787
1 0.910646 0.407060 0.071938 0.033136
1 0.378651 0.387529 0.069802 0.040826
1 0.771271 0.403514 0.077104 0.017016
1 0.159562 0.383854 0.090229 0.036454
1 0.501620 0.396386 0.090969 0.041893
1 0.622542 0.372295 0.062938 0.036090
1 0.769365 0.392934 0.078563 0.036348
2 0.649698 0.634097 0.056708 0.025264
2 0.044375 0.532597 0.045250 0.010445
2 0.546391 0.632858 0.071906 0.017192
2 0.706500 0.620648 0.052167 0.021307
2 0.370469 0.653215 0.037479 0.022386
2 0.895214 0.669297 0.048010 0.021735
2 0.017156 0.532667 0.011875 0.009742
2 0.950536 0.668907 0.038844 0.023136
2 0.145661 0.676928 0.040573 0.033353
2 0.242359 0.666158 0.059365 0.032292
2 0.422250 0.635223 0.059729 0.015322
2 0.762083 0.658045 0.039792 0.013558
2 0.489021 0.650944 0.034208 0.024279
2 0.799469 0.656536 0.035208 0.012931
3 0.173391 0.476454 0.129698 0.110188