0 0.030641 0.371275 0.061281 0.071401
0 0.819245 0.534528 0.179448 0.363710
0 0.249198 0.483543 0.184938 0.337567
0 0.606885 0.445885 0.151063 0.292521
0 0.417948 0.521123 0.300979 0.438236
0 0.781479 0.472374 0.104542 0.292169
1 0.793922 0.345372 0.077719 0.038353
1 0.386172 0.358807 0.018240 0.014930
1 0.815271 0.372298 0.115187 0.038570
1 0.117599 0.396808 0.053656 0.028036
1 0.149932 0.346055 0.030177 0.012462
1 0.293005 0.337740 0.098198 0.047134
1 0.433094 0.328385 0.122438 0.053394
1 0.604036 0.319097 0.064635 0.038030
2 0.803479 0.702342 0.109604 0.026758
2 0.526464 0.588611 0.036719 0.019719
2 0.575234 0.578628 0.062885 0.023259
2 0.314646 0.546076 0.032729 0.013781
2 0.869594 0.695337 0.038937 0.015996
2 0.732948 0.561873 0.011729 0.012644
2 0.270526 0.639502 0.046073 0.025838
2 0.365073 0.716196 0.051667 0.033482
2 0.419932 0.596392 0.017344 0.022890
2 0.651016 0.578666 0.048552 0.025504
2 0.308073 0.621143 0.048896 0.015346
2 0.776875 0.622987 0.008792 0.007837
2 0.510250 0.720249 0.088250 0.038634
2 0.760880 0.610938 0.027219 0.013693
3 0.417510 0.442321 0.163458 0.124572
3 0.827182 0.406747 0.096552 0.043482