0 0.522431 0.511498 0.058714 0.239838
0 0.413829 0.531151 0.075687 0.254901
0 0.685230 0.565343 0.067332 0.341913
0 0.277698 0.669070 0.127217 0.498339
0 0.313158 0.472527 0.023934 0.099278
0 0.590058 0.682491 0.145044 0.567545
1 0.684147 0.409860 0.039668 0.028782
1 0.307921 0.429197 0.012187 0.011769
1 0.346378 0.419788 0.008802 0.009070
1 0.246879 0.449513 0.066581 0.058520
1 0.276225 0.427040 0.018450 0.015108
1 0.597035 0.427414 0.066418 0.057933
1 0.405166 0.413908 0.026161 0.020686
1 0.519699 0.403705 0.022376 0.024016
2 0.515383 0.620235 0.019567 0.021949
2 0.264160 0.857554 0.013263 0.009603
2 0.686889 0.722166 0.034022 0.027888
2 0.290674 0.536033 0.011544 0.014088
2 0.524079 0.890767 0.012546 0.037906
2 0.389052 0.647757 0.014137 0.022915
2 0.533632 0.920077 0.039587 0.091886
2 0.541077 0.954892 0.025051 0.021209
2 0.317045 0.517022 0.010311 0.009422
2 0.301077 0.536214 0.010589 0.020713
2 0.621682 0.951060 0.023067 0.020894
2 0.437529 0.627428 0.028612 0.015614
2 0.311293 0.894874 0.065037 0.047744
2 0.669448 0.680212 0.034821 0.030135