0 0.537360 0.506828 0.061435 0.236002
0 0.014496 0.441891 0.026811 0.097915
0 0.686198 0.567189 0.071557 0.334540
0 0.204194 0.477559 0.057190 0.157193
0 0.597505 0.671895 0.150027 0.544838
0 0.416903 0.518908 0.070880 0.253845
0 0.295237 0.646245 0.115511 0.490181
1 0.540982 0.400266 0.022505 0.022338
1 0.197783 0.408145 0.021320 0.017897
1 0.692996 0.415320 0.040359 0.031128
1 0.294685 0.412879 0.011781 0.012762
1 0.018693 0.438894 0.013351 0.015406
1 0.248978 0.407107 0.009926 0.010334
1 0.342722 0.406340 0.007529 0.009449
1 0.012407 0.399183 0.014198 0.011471
1 0.273737 0.426936 0.058307 0.051597
1 0.619861 0.426927 0.067075 0.054215
1 0.411168 0.403691 0.023406 0.022960
1 0.283037 0.483136 0.092221 0.092301
2 0.514949 0.613384 0.018456 0.022094
2 0.390691 0.635063 0.014408 0.022978
2 0.684320 0.720790 0.032444 0.027193
2 0.225196 0.535483 0.016486 0.025208
2 0.530139 0.875271 0.016554 0.041841
2 0.538074 0.900618 0.038788 0.089468
2 0.319865 0.869819 0.063236 0.044061
2 0.272302 0.832938 0.013866 0.010623
2 0.199898 0.548371 0.025037 0.016074
2 0.622031 0.929752 0.022492 0.024684
2 0.438375 0.617116 0.028233 0.015984
2 0.549218 0.623317 0.012018 0.014143
2 0.667820 0.679824 0.033920 0.027031