0 0.568731 0.615564 0.053101 0.077825
0 0.417160 0.547112 0.017840 0.054531
0 0.497610 0.578186 0.042817 0.149061
1 0.372576 0.521282 0.011896 0.016390
1 0.419543 0.523836 0.007468 0.008574
1 0.374695 0.528615 0.008145 0.010045
1 0.566794 0.593326 0.018192 0.029792
1 0.497302 0.513696 0.014915 0.020045
1 0.356977 0.549174 0.007617 0.011543
1 0.573470 0.528921 0.008199 0.009395
2 0.444123 0.739440 0.047204 0.032798
2 0.507982 0.637333 0.009736 0.015063
2 0.568592 0.649982 0.011672 0.012617
2 0.495234 0.647401 0.011808 0.010993