0 0.361760 0.421822 0.054482 0.392287
0 0.779137 0.280483 0.020749 0.095379
0 0.527982 0.316345 0.017833 0.126046
0 0.583269 0.479098 0.094960 0.599943
0 0.853078 0.274414 0.013324 0.065103
1 0.915688 0.240580 0.008582 0.011023
1 0.636049 0.285632 0.006033 0.010989
1 0.569493 0.307092 0.010924 0.026437
1 0.351798 0.242764 0.024020 0.034149
1 0.525600 0.261868 0.008704 0.018287
1 0.924936 0.257977 0.005932 0.008253
1 0.560428 0.309431 0.006973 0.017897
1 0.629796 0.276603 0.006229 0.011644
1 0.896723 0.233678 0.007286 0.011080
1 0.781121 0.240040 0.009039 0.013851
1 0.921644 0.240109 0.009076 0.014080
1 0.570109 0.223310 0.042565 0.087080
1 0.692220 0.252960 0.005736 0.010517
1 0.856232 0.246109 0.007164 0.010195
2 0.605167 0.753391 0.046989 0.051701
2 0.367634 0.605161 0.016245 0.024299
2 0.381522 0.572115 0.016532 0.065747
2 0.553890 0.684333 0.033303 0.058483