0 0.664898 0.450199 0.132018 0.132852
0 0.420900 0.358989 0.071875 0.344603
0 0.282099 0.453272 0.266947 0.729702
0 0.472569 0.482220 0.154685 0.265036
0 0.577938 0.340722 0.080603 0.341913
1 0.687400 0.402026 0.031239 0.038691
1 0.427177 0.204770 0.042261 0.036760
1 0.617691 0.448457 0.033162 0.044152
1 0.295711 0.133060 0.085085 0.087599
1 0.509276 0.378159 0.043561 0.056841
1 0.600460 0.193353 0.037035 0.046670
2 0.388368 0.778096 0.052647 0.061318
2 0.395900 0.524337 0.015349 0.020677
2 0.530376 0.599422 0.023609 0.022040
2 0.300372 0.798005 0.030900 0.039314
2 0.584905 0.500496 0.033372 0.023989
2 0.527620 0.595388 0.017881 0.014567
2 0.575961 0.498556 0.018355 0.022202
2 0.473121 0.599075 0.045823 0.031670
2 0.551144 0.504003 0.010494 0.022283