0 0.701019 0.484219 0.110095 0.313655
0 0.326655 0.516480 0.063128 0.184639
0 0.237722 0.531796 0.231598 0.621913
0 0.451029 0.531101 0.122952 0.272401
0 0.631395 0.507505 0.060149 0.110370
1 0.691154 0.342852 0.032018 0.029783
1 0.323886 0.441728 0.031930 0.034612
1 0.235894 0.255113 0.073453 0.066616
1 0.473849 0.415257 0.043852 0.040009
2 0.657031 0.550501 0.016743 0.025099
2 0.688930 0.638727 0.021435 0.022022
2 0.502143 0.635718 0.021984 0.033836
2 0.734672 0.636954 0.029370 0.021164
2 0.732353 0.631453 0.022498 0.012545
2 0.250955 0.818100 0.036290 0.050695
2 0.327146 0.608371 0.037894 0.018258
2 0.326435 0.813154 0.056486 0.051525
2 0.688866 0.633014 0.020548 0.010722
2 0.453257 0.649170 0.041029 0.035144
2 0.630579 0.552482 0.017326 0.022130