0 0.637058 0.578434 0.195863 0.603258
0 0.412197 0.568876 0.151598 0.492699
0 0.386320 0.638439 0.211991 0.601968
0 0.510823 0.538931 0.098274 0.421760
0 0.650630 0.549021 0.157265 0.485045
1 0.359621 0.342378 0.045403 0.039377
1 0.327776 0.372888 0.081740 0.071895
1 0.673859 0.303624 0.073067 0.056435
1 0.505051 0.347676 0.043128 0.040009
1 0.715934 0.325262 0.015904 0.037238
2 0.384573 0.914774 0.062580 0.051372
2 0.540003 0.733326 0.036066 0.032699
2 0.704211 0.851449 0.042789 0.055551
2 0.469986 0.602234 0.006716 0.017428
2 0.313206 0.890505 0.065559 0.041625
2 0.404915 0.800375 0.030616 0.030442
2 0.348643 0.762270 0.011178 0.036345
2 0.609973 0.850826 0.073961 0.050984
2 0.478744 0.721715 0.033805 0.029116
2 0.671848 0.744341 0.026039 0.023267
2 0.681730 0.771273 0.026615 0.035939
3 0.685758 0.499544 0.097921 0.228872
3 0.503186 0.460257 0.056229 0.134449