0 0.991073 0.468258 0.017854 0.038105
0 0.172508 0.522175 0.082945 0.106787
0 0.404296 0.484251 0.026493 0.084910
0 0.217688 0.502383 0.054631 0.093159
0 0.820125 0.415140 0.039397 0.166634
0 0.621259 0.445356 0.058592 0.199576
0 0.566882 0.494630 0.042255 0.274007
0 0.723324 0.405618 0.029384 0.104558
1 0.822982 0.339865 0.018301 0.015830
1 0.564601 0.370627 0.033304 0.027861
1 0.166469 0.478303 0.020914 0.023610
1 0.304336 0.410835 0.009540 0.011002
1 0.564729 0.383818 0.037190 0.024675
1 0.396875 0.450523 0.011747 0.017094
1 0.204986 0.468655 0.023189 0.026029
1 0.359049 0.394273 0.010636 0.036850
1 0.358795 0.384932 0.009722 0.018421
1 0.620944 0.356927 0.022877 0.022933
1 0.721835 0.359526 0.011456 0.011399
2 0.724719 0.453899 0.010413 0.008755
2 0.566435 0.621282 0.033304 0.025199
2 0.827451 0.492283 0.012316 0.011534
2 0.512563 0.613254 0.024976 0.026146
2 0.577525 0.612035 0.016229 0.019829
2 0.559025 0.621060 0.022261 0.023944
2 0.402762 0.520578 0.014882 0.014477
2 0.600714 0.534025 0.014590 0.015343
2 0.809794 0.492202 0.009621 0.010830
2 0.404932 0.525226 0.016134 0.009152
2 0.625162 0.538362 0.016337 0.016850
2 0.575806 0.618276 0.019100 0.028014