0 0.655643 0.327717 0.022051 0.045090
0 0.046178 0.313416 0.016865 0.040424
0 0.809993 0.367726 0.023873 0.177401
0 0.013714 0.319341 0.018720 0.035993
0 0.339675 0.360596 0.039066 0.167310
0 0.418304 0.361999 0.031801 0.085803
0 0.864871 0.378597 0.072288 0.209829
0 0.380643 0.309869 0.014868 0.030532
0 0.093781 0.314878 0.016053 0.039413
0 0.905643 0.384468 0.052911 0.231173
0 0.234858 0.357166 0.022336 0.043791
0 0.207959 0.353163 0.028416 0.038384
0 0.157451 0.323588 0.016879 0.062139
0 0.309794 0.325496 0.023324 0.070650
0 0.252214 0.332793 0.020203 0.084792
0 0.946307 0.341895 0.022417 0.072058
0 0.549553 0.358592 0.027800 0.038971
0 0.591452 0.376214 0.025410 0.064522
0 0.447495 0.354192 0.023710 0.137319
0 0.187133 0.306412 0.014198 0.019919
0 0.445569 0.380519 0.030190 0.055478
0 0.466395 0.342807 0.017569 0.065957
0 0.792136 0.356782 0.026249 0.166200
0 0.845156 0.367690 0.030988 0.163700
1 0.890724 0.287721 0.022112 0.028764
1 0.658896 0.310763 0.007515 0.010894
1 0.434902 0.362798 0.010819 0.018863
1 0.078460 0.323795 0.007684 0.008511
1 0.047407 0.297875 0.007908 0.009377
1 0.453886 0.308434 0.007068 0.009684
1 0.814076 0.287974 0.013121 0.015767
1 0.149523 0.293597 0.007387 0.008854
1 0.009726 0.305614 0.007251 0.009134
1 0.103673 0.313899 0.007657 0.008736
1 0.388903 0.320167 0.012349 0.013403
1 0.380024 0.300131 0.007089 0.010370
1 0.096872 0.298764 0.007285 0.008069
1 0.184560 0.300934 0.007793 0.008908
1 0.230579 0.340731 0.009783 0.011354
1 0.864100 0.302699 0.011950 0.012653
1 0.276933 0.328709 0.008504 0.009079
1 0.212938 0.340749 0.010399 0.012726
1 0.309624 0.296069 0.011611 0.010984
1 0.468395 0.314310 0.008761 0.008421
1 0.246666 0.298078 0.011259 0.014025
1 0.334516 0.284955 0.017833 0.017238
1 0.163477 0.298204 0.007982 0.009152
1 0.074678 0.323854 0.008571 0.008628
1 0.548321 0.344350 0.009167 0.010144
1 0.913270 0.279364 0.025091 0.023457
1 0.848267 0.296097 0.023331 0.021363
1 0.595704 0.354097 0.012776 0.018989
1 0.124130 0.317428 0.006554 0.007166
1 0.421002 0.330736 0.014177 0.020821
1 0.445058 0.293691 0.015125 0.016372
1 0.800369 0.281417 0.008998 0.017220
1 0.950112 0.309860 0.009404 0.009955
2 0.867698 0.467306 0.009926 0.013475
2 0.448158 0.418921 0.015085 0.009269
2 0.884401 0.486458 0.013893 0.010099
2 0.469008 0.372577 0.006439 0.007193
2 0.855890 0.480171 0.018687 0.011245
2 0.903494 0.493443 0.022464 0.014341
2 0.805711 0.452694 0.010812 0.009792
2 0.440613 0.417820 0.020860 0.011038
2 0.588869 0.404829 0.010995 0.009025
2 0.463720 0.372721 0.007495 0.007807
2 0.440799 0.411936 0.014069 0.011634
2 0.419509 0.399337 0.010000 0.010857
2 0.256077 0.372757 0.011246 0.006688
2 0.348439 0.437730 0.019465 0.013366
2 0.780775 0.438290 0.007698 0.007608
2 0.485416 0.380077 0.011401 0.006814
2 0.336283 0.436922 0.009980 0.011047
2 0.937271 0.374233 0.007068 0.008087
2 0.576334 0.410532 0.009513 0.016065
2 0.837678 0.471823 0.017075 0.013863
2 0.907461 0.486431 0.008436 0.011453