0 0.331297 0.606146 0.059601 0.170253
0 0.897773 0.792802 0.176398 0.414395
0 0.805227 0.562103 0.110318 0.112473
0 0.080694 0.562581 0.067360 0.206047
0 0.666195 0.592252 0.072715 0.167987
1 0.337173 0.532053 0.030785 0.021760
1 0.834712 0.605754 0.057942 0.041164
1 0.689435 0.522103 0.027319 0.026462
1 0.098802 0.469540 0.030887 0.020740
2 0.342390 0.671336 0.013297 0.040866
2 0.322146 0.673439 0.014705 0.032671
2 0.088148 0.643655 0.017800 0.042581
2 0.071141 0.649075 0.020819 0.035785
2 0.669557 0.656191 0.019208 0.033123
2 0.651919 0.661787 0.016134 0.030975