0 0.536617 0.288218 0.009474 0.059057
0 0.229403 0.270253 0.017042 0.099632
0 0.495242 0.284040 0.007690 0.050287
0 0.745887 0.412109 0.072868 0.313138
0 0.050417 0.278529 0.040260 0.158966
0 0.266593 0.296207 0.017807 0.045701
0 0.389883 0.315052 0.025406 0.180356
0 0.514796 0.287103 0.007966 0.054943
0 0.821575 0.381517 0.046240 0.182345
0 0.444920 0.372626 0.048407 0.274816
0 0.282884 0.268891 0.023048 0.088356
0 0.476891 0.281845 0.007621 0.043046
0 0.352074 0.305247 0.020483 0.064908
0 0.342050 0.270644 0.010728 0.035724
0 0.696646 0.338144 0.020366 0.127253
1 0.689312 0.281052 0.008789 0.014103
1 0.229727 0.229270 0.008609 0.016586
1 0.255207 0.117741 0.008906 0.011759
1 0.048059 0.219379 0.023096 0.040230
1 0.515478 0.264460 0.005783 0.009563
1 0.495340 0.264057 0.005146 0.010069
1 0.274493 0.231523 0.008975 0.013966
1 0.042629 0.212460 0.016346 0.028552
1 0.249283 0.361517 0.010133 0.015678
1 0.476909 0.263879 0.005056 0.007621
1 0.454788 0.256649 0.022884 0.042954
1 0.767979 0.274770 0.028226 0.039908
1 0.342347 0.260626 0.007244 0.015736
1 0.392714 0.236966 0.013617 0.023448
1 0.833170 0.301316 0.020138 0.023092
1 0.536954 0.263931 0.006155 0.010736
1 0.266174 0.275983 0.006495 0.009230
2 0.737602 0.557822 0.023266 0.022448
2 0.385998 0.398690 0.007334 0.014460
2 0.382488 0.365167 0.006601 0.016011
2 0.422539 0.474477 0.012204 0.024586
2 0.717403 0.512575 0.014923 0.040115
2 0.757985 0.562741 0.020451 0.014931
2 0.291954 0.310333 0.007945 0.009379
2 0.463834 0.498753 0.011832 0.022241
2 0.703853 0.398483 0.007908 0.010667