0 0.690647 0.567753 0.243744 0.863484
0 0.810359 0.590104 0.108585 0.621995
0 0.382329 0.533579 0.113108 0.475605
0 0.333389 0.524508 0.173331 0.950984
0 0.583186 0.505731 0.121821 0.528231
0 0.457512 0.466494 0.088416 0.557789
1 0.352786 0.314959 0.022620 0.041309
1 0.825420 0.403213 0.059587 0.078917
1 0.291378 0.272662 0.070217 0.087220
1 0.734536 0.286336 0.103805 0.084856
1 0.595203 0.305140 0.046127 0.044431
1 0.470460 0.300948 0.054746 0.050000
2 0.617478 0.748727 0.024299 0.040397
2 0.473321 0.713985 0.027617 0.035731
2 0.374191 0.749797 0.042993 0.042807
2 0.426121 0.723502 0.022437 0.041408
2 0.784540 0.879012 0.055890 0.044106
2 0.765525 0.844892 0.017238 0.020704
2 0.269194 0.960627 0.032106 0.053078
2 0.545535 0.718466 0.044204 0.033592
2 0.348267 0.979531 0.072079 0.040343
2 0.712949 0.899454 0.010921 0.041399
3 0.587234 0.424413 0.086032 0.136733