0 0.646035 0.555813 0.280898 0.702344
0 0.364871 0.508109 0.165914 0.522641
0 0.577535 0.470883 0.164461 0.532344
0 0.303391 0.568605 0.261234 0.690180
1 0.712355 0.234855 0.112930 0.061680
1 0.236480 0.255988 0.109117 0.068883
1 0.357480 0.279227 0.077133 0.065922
1 0.593965 0.236969 0.103461 0.066031
2 0.648984 0.872531 0.085172 0.069922
2 0.319531 0.748617 0.050766 0.040234
2 0.537840 0.684594 0.063305 0.048844
2 0.716840 0.850074 0.039398 0.017102
2 0.298941 0.880312 0.092820 0.067531
2 0.312910 0.797660 0.046367 0.038227
2 0.398105 0.701922 0.079133 0.028484
2 0.619348 0.711129 0.026164 0.052242