0 0.642282 0.414743 0.026676 0.043060
0 0.821239 0.473989 0.094069 0.351895
0 0.034218 0.499490 0.068436 0.134576
0 0.455511 0.471011 0.045267 0.070560
0 0.175162 0.463448 0.061510 0.282004
0 0.223324 0.539995 0.121855 0.176489
0 0.698839 0.454747 0.054617 0.165704
0 0.759607 0.506611 0.051699 0.120370
0 0.531605 0.426945 0.037197 0.079919
0 0.732789 0.466440 0.030900 0.100478
1 0.846984 0.328037 0.042756 0.057482
1 0.648703 0.398204 0.009336 0.010830
1 0.034611 0.444147 0.028599 0.025334
1 0.764986 0.464729 0.021713 0.033718
1 0.177397 0.358326 0.039844 0.026922
1 0.182075 0.512076 0.038951 0.060090
1 0.456628 0.444233 0.018280 0.017978
1 0.181324 0.343439 0.040643 0.041733
1 0.773737 0.441173 0.009587 0.014025
1 0.694892 0.384937 0.035308 0.027112
1 0.524513 0.396543 0.016784 0.019350
1 0.722762 0.454779 0.010454 0.025514
2 0.690071 0.530844 0.011923 0.011977
2 0.803761 0.643660 0.026141 0.015677
2 0.742150 0.503768 0.015186 0.029810
2 0.814810 0.636597 0.018599 0.016083
2 0.185074 0.592062 0.028118 0.025190
2 0.751479 0.548384 0.013656 0.013195
2 0.185396 0.610108 0.028680 0.018412
2 0.275660 0.631322 0.018104 0.015966
2 0.709350 0.534711 0.012363 0.011155