0 0.700026 0.518538 0.186469 0.241272
0 0.106016 0.555759 0.102573 0.237626
0 0.654620 0.558728 0.223490 0.268406
0 0.193953 0.576155 0.184052 0.265182
0 0.351948 0.505111 0.092125 0.197315
0 0.613068 0.505991 0.088865 0.240926
0 0.448323 0.580267 0.143729 0.285703
0 0.482885 0.502591 0.124000 0.211829
0 0.237219 0.515947 0.125021 0.194543
1 0.729219 0.409947 0.062875 0.024654
1 0.091510 0.450988 0.077542 0.026161
1 0.698297 0.439452 0.072240 0.030041
1 0.213224 0.439771 0.041677 0.026717
1 0.166630 0.462304 0.090406 0.036143
1 0.355953 0.439695 0.047781 0.025850
1 0.127021 0.448854 0.024000 0.009959
1 0.617563 0.423836 0.054771 0.021284
1 0.431411 0.460507 0.075823 0.037333
1 0.497417 0.413552 0.048958 0.021536
2 0.103250 0.657617 0.011125 0.017931
2 0.242719 0.699742 0.073479 0.018077
2 0.734276 0.681536 0.053740 0.022251
2 0.606411 0.618072 0.048927 0.017737
2 0.144182 0.637523 0.027719 0.012304
2 0.223844 0.632324 0.050063 0.007497
2 0.705583 0.638872 0.017917 0.011225
2 0.252271 0.610293 0.017229 0.008417
2 0.356542 0.597424 0.022250 0.013992
2 0.733359 0.634009 0.070156 0.019168
2 0.244703 0.632781 0.007573 0.006536
2 0.130401 0.664464 0.050010 0.020510
2 0.779677 0.620144 0.030937 0.016489
2 0.629786 0.677866 0.071198 0.021219
2 0.423448 0.709722 0.035771 0.021987
2 0.488078 0.711835 0.042406 0.023646
2 0.522656 0.598628 0.025438 0.018699
2 0.184760 0.696574 0.045562 0.020979