0 0.780069 0.537770 0.046160 0.105609
0 0.412937 0.551011 0.074158 0.505080
0 0.075412 0.497132 0.044896 0.108517
0 0.315600 0.468316 0.020154 0.092839
0 0.376599 0.434023 0.019612 0.053241
0 0.763332 0.502897 0.045433 0.093379
0 0.285035 0.490776 0.030303 0.056379
0 0.224405 0.469598 0.028853 0.080345
0 0.507645 0.462086 0.030223 0.114287
0 0.372454 0.512557 0.041583 0.108103
0 0.476325 0.395667 0.009899 0.053057
0 0.674201 0.465247 0.018035 0.072425
1 0.534373 0.395195 0.006920 0.011333
1 0.783890 0.478029 0.008577 0.020632
1 0.301030 0.413684 0.006755 0.020632
1 0.512467 0.414954 0.011391 0.019540
1 0.549809 0.402609 0.008837 0.014138
1 0.289421 0.412776 0.007892 0.012816
1 0.078364 0.457437 0.016134 0.031724
1 0.314490 0.431356 0.012050 0.020253
1 0.448861 0.373632 0.007111 0.011678
1 0.226206 0.439109 0.013654 0.020310
1 0.375605 0.414879 0.009703 0.016034
1 0.779578 0.477052 0.014535 0.025391
1 0.403779 0.326747 0.028396 0.055195
1 0.785398 0.497638 0.015959 0.026425
1 0.369894 0.471483 0.016622 0.024989
1 0.291742 0.473144 0.012767 0.021207
1 0.475082 0.372448 0.005619 0.009632
2 0.381970 0.565368 0.008879 0.013057
2 0.316723 0.511954 0.006861 0.009310
2 0.312775 0.511638 0.008959 0.010195
2 0.386723 0.756264 0.027403 0.027057
2 0.513155 0.516029 0.009931 0.010655
2 0.496272 0.512167 0.011928 0.012379
2 0.432361 0.788167 0.036691 0.030011
2 0.514076 0.510264 0.010340 0.018782