0 0.872773 0.370099 0.039465 0.120776
0 0.390332 0.414571 0.086378 0.277013
0 0.074915 0.443637 0.062979 0.106029
0 0.126151 0.352942 0.030325 0.122798
0 0.199384 0.398475 0.033162 0.087491
0 0.612349 0.391214 0.040366 0.046760
0 0.600135 0.359995 0.021936 0.093204
0 0.636903 0.378357 0.018287 0.114188
1 0.879431 0.316498 0.015775 0.013231
1 0.117336 0.300171 0.015105 0.017094
1 0.887058 0.382888 0.013250 0.018755
1 0.388375 0.292505 0.033744 0.032103
1 0.595928 0.378240 0.011490 0.017329
1 0.603954 0.319251 0.010413 0.011245
2 0.858074 0.419106 0.009120 0.008430
2 0.122150 0.407256 0.013466 0.009783
2 0.209208 0.438213 0.010142 0.008682
2 0.357908 0.538055 0.018023 0.017825
2 0.871310 0.427735 0.009052 0.007383
2 0.135227 0.409797 0.012891 0.009558
2 0.200162 0.441674 0.011401 0.010262
2 0.192864 0.435975 0.009790 0.011426
2 0.063673 0.500325 0.014617 0.010523
2 0.640616 0.434061 0.005999 0.011625
2 0.199045 0.414030 0.009045 0.012482
2 0.396479 0.543096 0.015261 0.019693
2 0.601997 0.407112 0.009763 0.009513
2 0.594959 0.407080 0.010284 0.007374
2 0.096337 0.492690 0.010196 0.010921
2 0.634898 0.430397 0.008402 0.010181
2 0.861703 0.423389 0.009147 0.007681