0 0.893426 0.425663 0.033460 0.107608
0 0.358703 0.456164 0.053697 0.083682
0 0.868974 0.468461 0.046615 0.073240
0 0.454384 0.486412 0.043947 0.092861
0 0.332837 0.501426 0.064794 0.100415
0 0.323067 0.372491 0.028978 0.046968
0 0.466300 0.409219 0.019993 0.124143
1 0.896276 0.380668 0.013988 0.017112
1 0.378389 0.425271 0.015829 0.023592
1 0.154519 0.359201 0.010230 0.013655
1 0.871222 0.443610 0.017420 0.023484
1 0.511154 0.436656 0.012004 0.016273
1 0.326093 0.358109 0.014557 0.017374
1 0.313087 0.469662 0.021652 0.035641
1 0.471124 0.354887 0.010616 0.018673