0 0.234892 0.437265 0.061239 0.245776
0 0.512217 0.400997 0.043649 0.162825
0 0.200342 0.402884 0.017420 0.041435
0 0.300907 0.361936 0.053446 0.077067
0 0.378318 0.416940 0.084313 0.197960
1 0.199929 0.387437 0.010569 0.010650
1 0.297221 0.334355 0.020413 0.023005
1 0.229743 0.326670 0.026513 0.024206
1 0.511361 0.326990 0.015518 0.015081
1 0.363930 0.331588 0.024895 0.027094
2 0.507529 0.468917 0.010765 0.019928
2 0.407938 0.514395 0.005802 0.013610
2 0.230234 0.550054 0.015105 0.017635
2 0.216249 0.549598 0.013473 0.022662
2 0.517221 0.479431 0.009973 0.008249
3 0.298835 0.374156 0.029208 0.036381
3 0.394242 0.381444 0.045951 0.071968