0 0.688825 0.618854 0.282999 0.761697
0 0.647600 0.374995 0.020223 0.065514
0 0.608301 0.382631 0.012999 0.068836
0 0.317045 0.438985 0.110149 0.232085
0 0.409445 0.476498 0.047813 0.277563
0 0.210420 0.563357 0.095613 0.569458
0 0.311858 0.652049 0.190799 0.695903
0 0.552752 0.483732 0.074076 0.226417
0 0.635223 0.500068 0.120914 0.358294
0 0.546544 0.396954 0.014753 0.048800
1 0.994472 0.183840 0.011056 0.025749
1 0.763551 0.429129 0.129567 0.120514
1 0.610020 0.349878 0.008463 0.008565
1 0.404184 0.401706 0.026418 0.031011
1 0.564123 0.383782 0.025146 0.023123
1 0.300464 0.394729 0.036405 0.028700
1 0.280156 0.459517 0.103697 0.085190
1 0.546791 0.381083 0.013974 0.015903
1 0.211019 0.412965 0.065667 0.041327
1 0.650904 0.348958 0.012072 0.011561
1 0.675677 0.364549 0.042999 0.040433
2 0.526087 0.584571 0.022708 0.017861
2 0.685542 0.984323 0.015024 0.029350
2 0.414624 0.600948 0.015586 0.019603
2 0.641209 0.712595 0.010298 0.021128
2 0.236581 0.828795 0.036005 0.037644
2 0.554634 0.590907 0.017732 0.012500
2 0.392661 0.605790 0.016439 0.021200
2 0.324336 0.963673 0.015024 0.070632
2 0.628643 0.662983 0.041645 0.023439