0 0.709499 0.493308 0.169939 0.589323
0 0.267965 0.430745 0.156418 0.421904
0 0.360332 0.319495 0.073297 0.282617
0 0.627884 0.347031 0.055132 0.327744
1 0.253466 0.241092 0.044631 0.043051
1 0.738460 0.227495 0.065518 0.059161
1 0.372596 0.192987 0.026168 0.029458
2 0.610379 0.485582 0.023209 0.017013
2 0.378003 0.441471 0.031225 0.018051
2 0.689800 0.759847 0.051165 0.056643
2 0.325772 0.621033 0.040779 0.030839
2 0.255843 0.633105 0.022370 0.018628
2 0.620410 0.500569 0.027251 0.021661
2 0.725206 0.751724 0.020609 0.034657
2 0.346080 0.451778 0.015531 0.020433
2 0.716175 0.696674 0.019689 0.025298