0 0.709485 0.486394 0.052404 0.224486
0 0.408433 0.466701 0.030203 0.153529
0 0.448741 0.464851 0.043629 0.163547
0 0.470061 0.494747 0.088869 0.213664
1 0.446361 0.391408 0.015471 0.015939
1 0.700728 0.393940 0.024421 0.039377
1 0.471872 0.400460 0.025545 0.025307
2 0.436493 0.585749 0.021259 0.022256
2 0.448649 0.540713 0.013900 0.013646
2 0.397349 0.532717 0.009634 0.007906
2 0.717366 0.591990 0.016276 0.013023
2 0.413754 0.539409 0.016053 0.009197
2 0.402505 0.533967 0.018659 0.008944
2 0.710938 0.597116 0.019628 0.008348
2 0.502600 0.594215 0.024401 0.016155
2 0.703446 0.593181 0.014746 0.011670