0 0.477580 0.429007 0.034184 0.020144
0 0.521165 0.443231 0.026012 0.058664
0 0.339232 0.416900 0.019411 0.054486
0 0.286530 0.443669 0.020779 0.039377
0 0.228023 0.445361 0.017630 0.040397
0 0.025342 0.427604 0.032363 0.090875
0 0.492952 0.483199 0.096005 0.113384
0 0.394228 0.457437 0.053751 0.070776
1 0.018514 0.388822 0.012370 0.012807
1 0.343263 0.396024 0.011401 0.012518
1 0.285890 0.429341 0.009343 0.010271
1 0.226872 0.429477 0.009871 0.009928
1 0.505714 0.443154 0.024211 0.032626
1 0.415386 0.435465 0.013940 0.022717
1 0.489177 0.426819 0.010745 0.013240
1 0.513764 0.418597 0.009370 0.009847
2 0.463771 0.518294 0.011239 0.027365
2 0.402637 0.482022 0.015024 0.020126
2 0.023666 0.469779 0.011435 0.008800
2 0.476063 0.524350 0.014712 0.032058
2 0.386544 0.479282 0.017800 0.033908