0 0.426567 0.440722 0.029871 0.055271
0 0.625873 0.460492 0.040399 0.175623
0 0.168602 0.403010 0.018260 0.040244
0 0.311313 0.429662 0.038023 0.094865
0 0.145599 0.393818 0.018416 0.037509
0 0.662014 0.451227 0.044232 0.155794
0 0.134042 0.539179 0.126527 0.425289
0 0.324485 0.394490 0.016242 0.045984
0 0.264787 0.425862 0.022018 0.091886
0 0.083497 0.397811 0.038504 0.069991
0 0.189022 0.446214 0.040657 0.116995
0 0.389570 0.448619 0.016175 0.127473
0 0.360775 0.470582 0.037813 0.168619
0 0.398436 0.474197 0.041530 0.183755
0 0.501229 0.454350 0.036378 0.133394
0 0.229492 0.429088 0.030616 0.097130
1 0.171730 0.390212 0.013250 0.016218
1 0.390399 0.393141 0.013961 0.017599
1 0.621344 0.382757 0.021943 0.019883
1 0.043643 0.384928 0.007434 0.013357
1 0.142468 0.383430 0.013236 0.016552
1 0.313876 0.393060 0.018558 0.020866
1 0.358971 0.393908 0.018673 0.015307
1 0.180183 0.393628 0.016899 0.015469
1 0.666371 0.381489 0.020758 0.017635
1 0.033683 0.380415 0.018835 0.017581
1 0.266716 0.386399 0.014773 0.013556
1 0.118687 0.346051 0.044049 0.039161
1 0.092102 0.371363 0.015146 0.018285
1 0.500535 0.394941 0.019445 0.018150
1 0.024184 0.373556 0.012877 0.016625
1 0.437180 0.422730 0.010339 0.016670
1 0.323409 0.380641 0.015186 0.016968
1 0.404584 0.394301 0.019309 0.022103
1 0.233372 0.388100 0.012891 0.015695
2 0.412488 0.547671 0.015498 0.032112
2 0.513138 0.507202 0.010528 0.024711
2 0.030078 0.504242 0.012911 0.031733
2 0.435122 0.462983 0.007197 0.011543
2 0.627464 0.536521 0.015985 0.027031
2 0.667759 0.520311 0.010928 0.018655
2 0.364391 0.539959 0.011814 0.029702
2 0.396374 0.548827 0.017596 0.035848
2 0.165525 0.556701 0.006825 0.011977
2 0.501919 0.510912 0.012735 0.021751
2 0.423307 0.465208 0.008023 0.011480
2 0.203186 0.498624 0.009986 0.018818
2 0.374012 0.541787 0.009973 0.028556
2 0.101601 0.739648 0.025586 0.024116
2 0.040481 0.501521 0.017671 0.037067
2 0.162583 0.726038 0.024692 0.025343
2 0.411723 0.560451 0.016310 0.011931
2 0.641906 0.529301 0.012600 0.022861