0 0.093954 0.489242 0.037874 0.082347
0 0.749235 0.541268 0.085308 0.140948
0 0.374035 0.511142 0.029885 0.070912
0 0.324763 0.516868 0.034035 0.157744
0 0.953934 0.510880 0.047339 0.191020
0 0.241537 0.534874 0.054976 0.128556
0 0.890210 0.502726 0.020596 0.092744
0 0.594563 0.523263 0.021151 0.033403
0 0.085521 0.559449 0.098842 0.144603
0 0.246151 0.498646 0.022376 0.056047
0 0.152969 0.497640 0.029431 0.104702
0 0.191527 0.550176 0.078883 0.152229
0 0.645044 0.500519 0.025565 0.085460
0 0.539651 0.524810 0.016026 0.031282
0 0.711649 0.494486 0.022972 0.063014
1 0.176175 0.494034 0.006892 0.011083
1 0.763507 0.491995 0.033622 0.041534
1 0.147092 0.451986 0.015254 0.014170
1 0.646561 0.462712 0.011808 0.010749
1 0.077908 0.507888 0.029601 0.042184
1 0.081215 0.455609 0.014008 0.015262
1 0.375071 0.480749 0.010278 0.010650
1 0.887319 0.461236 0.012552 0.010505
1 0.538734 0.510839 0.007867 0.006264
1 0.243615 0.477026 0.010223 0.012825
1 0.190799 0.488890 0.024617 0.027852
1 0.232007 0.480925 0.022959 0.021958
1 0.325223 0.447495 0.017867 0.019486
1 0.960098 0.429301 0.030799 0.028980
1 0.704485 0.469982 0.010041 0.013213
1 0.203433 0.484580 0.015234 0.027590
2 0.882143 0.543276 0.008835 0.014061
2 0.098666 0.598335 0.017955 0.044702
2 0.047972 0.608682 0.019221 0.055036
2 0.098812 0.618321 0.017989 0.019386
2 0.217502 0.581931 0.010846 0.020722
2 0.941121 0.594504 0.020169 0.023105
2 0.639086 0.544346 0.013460 0.016200
2 0.365782 0.541286 0.013663 0.013583
2 0.964225 0.592329 0.022735 0.026697
2 0.217877 0.591205 0.015159 0.031489
2 0.317062 0.579598 0.011740 0.033691
2 0.258233 0.579716 0.023223 0.040966
2 0.207962 0.603073 0.035044 0.049052
2 0.230484 0.581525 0.017488 0.038592
2 0.218135 0.600388 0.015132 0.016462
2 0.896838 0.543565 0.008599 0.011498
2 0.779641 0.600018 0.022654 0.024458
2 0.330856 0.577396 0.013318 0.034449
2 0.636019 0.540424 0.009357 0.014296
2 0.728920 0.597338 0.016310 0.028267