0 0.757875 0.560142 0.064161 0.150657
0 0.275370 0.531137 0.048899 0.050995
0 0.524458 0.567827 0.035903 0.117603
0 0.244865 0.598053 0.129188 0.217150
0 0.564887 0.591466 0.070749 0.163825
0 0.444743 0.551056 0.036164 0.080474
0 0.543457 0.522996 0.021498 0.036080
2 0.534301 0.615427 0.017681 0.017502
2 0.513353 0.622877 0.019774 0.010738
2 0.456399 0.584181 0.007256 0.014956
2 0.264905 0.574472 0.014810 0.015958
2 0.222721 0.699577 0.028673 0.017271
2 0.219102 0.675748 0.028511 0.032891
2 0.776588 0.621530 0.017238 0.026906
2 0.577085 0.659154 0.019928 0.030670
2 0.286652 0.693961 0.047852 0.020108
2 0.517220 0.613033 0.024495 0.028490
2 0.741322 0.619425 0.031164 0.025078
2 0.444856 0.587925 0.016318 0.016093
2 0.248384 0.667651 0.015939 0.009953
2 0.796516 0.734472 0.022726 0.013209
2 0.534544 0.620339 0.017356 0.013162
2 0.762207 0.743077 0.028276 0.015051
2 0.543655 0.654580 0.020505 0.031313