0 0.800382 0.726690 0.111864 0.225448
0 0.969440 0.817879 0.060993 0.337667
0 0.403595 0.613431 0.058375 0.427023
0 0.737963 0.521000 0.029193 0.177126
0 0.731492 0.651006 0.051715 0.117483
0 0.986067 0.543460 0.027865 0.219241
0 0.520483 0.630494 0.068879 0.550736
1 0.742743 0.443420 0.020271 0.023230
1 0.815239 0.644920 0.050011 0.063103
1 0.412238 0.422540 0.025868 0.045655
1 0.977785 0.661276 0.044429 0.022966
1 0.986479 0.450851 0.027042 0.034989
1 0.745008 0.624874 0.024652 0.063494
1 0.522161 0.393517 0.033287 0.074713
2 0.401245 0.811707 0.014865 0.031345
2 0.422432 0.801851 0.024843 0.038759
2 0.973704 0.959121 0.031848 0.054425
2 0.503887 0.836443 0.018980 0.044402
2 0.783733 0.796333 0.013553 0.013287
2 0.520534 0.886391 0.018667 0.038253
2 0.545130 0.679885 0.009113 0.018598