0 0.834310 0.784443 0.120823 0.282287
0 0.382172 0.543736 0.046012 0.332000
0 0.691097 0.535994 0.034578 0.258149
0 0.968826 0.646638 0.062347 0.170149
0 0.710207 0.664374 0.083516 0.174356
0 0.497079 0.556879 0.073818 0.383989
1 0.695563 0.419103 0.022947 0.026828
1 0.833595 0.673339 0.047031 0.059345
1 0.837015 0.687293 0.068444 0.089920
1 0.973046 0.563707 0.039028 0.037644
1 0.490661 0.390207 0.024923 0.049931
1 0.723324 0.602868 0.028773 0.049483
1 0.392071 0.395874 0.022103 0.038506
2 0.394525 0.686701 0.013967 0.017149
2 0.797947 0.907592 0.038200 0.037092
2 0.524485 0.670241 0.020611 0.039494
2 0.396617 0.659448 0.013054 0.022000
2 0.383317 0.698414 0.026484 0.021931
2 0.860281 0.952448 0.036888 0.031218
2 0.505534 0.732540 0.027031 0.032621
2 0.509068 0.672213 0.006431 0.021046
2 0.397618 0.646006 0.013558 0.014517