0 0.608162 0.380600 0.031070 0.127554
0 0.904255 0.411728 0.052248 0.225930
0 0.641104 0.498682 0.103859 0.323249
0 0.657353 0.341968 0.065498 0.139838
0 0.445355 0.395424 0.059336 0.183014
1 0.904492 0.309589 0.026357 0.021507
1 0.350058 0.102762 0.018246 0.022166
1 0.662400 0.357112 0.035674 0.040505
1 0.661141 0.285966 0.024313 0.027401
1 0.454749 0.313628 0.021483 0.019892
2 0.606750 0.429765 0.009858 0.018935
2 0.597211 0.439174 0.009438 0.013727
2 0.904012 0.505587 0.020928 0.037924
2 0.596510 0.425884 0.010664 0.039874
2 0.427349 0.480099 0.025383 0.015884
2 0.459174 0.475027 0.017969 0.012545
2 0.605691 0.645790 0.034631 0.023764
2 0.639218 0.651345 0.019695 0.019458
2 0.610850 0.421431 0.015714 0.033691
2 0.887190 0.501205 0.022586 0.032753