0 0.036029 0.359051 0.070493 0.395355
0 0.508651 0.404860 0.047559 0.311909
0 0.069759 0.437474 0.060798 0.128009
0 0.382457 0.398469 0.038131 0.369208
0 0.471895 0.409994 0.041071 0.315751
0 0.683446 0.418347 0.024593 0.102375
0 0.296304 0.455891 0.057701 0.458068
0 0.665882 0.381537 0.077066 0.476834
0 0.580990 0.415477 0.041748 0.276799
0 0.522163 0.427200 0.047234 0.382922
0 0.621144 0.410495 0.050152 0.357101
1 0.687669 0.382817 0.015769 0.031385
1 0.512848 0.256251 0.026210 0.043399
1 0.068722 0.405466 0.015638 0.062107
1 0.284016 0.255076 0.027727 0.055693
1 0.479349 0.271863 0.021260 0.040512
1 0.647318 0.189983 0.028588 0.054028
1 0.590409 0.289785 0.016882 0.026973
1 0.386417 0.234860 0.027071 0.042317
1 0.094929 0.423033 0.014331 0.039290
1 0.029724 0.180763 0.026819 0.038871
1 0.525832 0.254610 0.011108 0.030058
1 0.622142 0.245972 0.022257 0.032224
2 0.512178 0.550396 0.011538 0.018696
2 0.028491 0.533789 0.023606 0.043108
2 0.473199 0.547404 0.018304 0.019115
2 0.646362 0.606490 0.032357 0.029208
2 0.081698 0.490559 0.013307 0.022282
2 0.091425 0.491513 0.015186 0.017718
2 0.522567 0.602078 0.025102 0.032771
2 0.459525 0.554814 0.013465 0.026461
2 0.636165 0.591630 0.013832 0.018324
2 0.492186 0.546042 0.014903 0.020489
2 0.057404 0.536572 0.030010 0.043760
2 0.640058 0.579563 0.012399 0.023458
2 0.027606 0.545640 0.023307 0.021269
2 0.515727 0.584488 0.011927 0.021292
2 0.288226 0.649360 0.016010 0.021048
2 0.563331 0.544569 0.012089 0.014703
2 0.607142 0.573865 0.023837 0.021490
2 0.585696 0.548632 0.010982 0.012584
2 0.373491 0.573690 0.018698 0.021909
2 0.298213 0.667189 0.033129 0.034307