0 0.392748 0.578155 0.148727 0.138165
0 0.885248 0.560037 0.229504 0.523771
0 0.374662 0.452414 0.047536 0.103907
0 0.590609 0.806347 0.381471 0.385518
1 0.937365 0.327938 0.125271 0.057800
1 0.092929 0.467786 0.017933 0.010007
1 0.335253 0.545711 0.035776 0.046073
1 0.172834 0.485900 0.036588 0.025599
1 0.581453 0.665251 0.154549 0.104164
1 0.583854 0.698412 0.214386 0.170433
1 0.371264 0.406053 0.019422 0.012417
2 0.882491 0.798419 0.082924 0.047725
2 0.810952 0.708707 0.090930 0.040406
3 0.425591 0.549127 0.045280 0.070752
3 0.322617 0.536638 0.011715 0.020169