0 0.681266 0.610889 0.232282 0.728962
0 0.212529 0.553362 0.168402 0.648818
0 0.288978 0.605569 0.264590 0.785505
0 0.352586 0.482771 0.126608 0.464549
0 0.684648 0.311634 0.172316 0.170253
0 0.548172 0.478560 0.106012 0.447897
1 0.740213 0.247085 0.056730 0.043231
1 0.164147 0.258407 0.037691 0.061092
1 0.215383 0.311214 0.116710 0.071092
1 0.739756 0.289693 0.105213 0.084422
1 0.226865 0.262383 0.117062 0.099061
1 0.334601 0.275695 0.048903 0.050469
1 0.553900 0.283511 0.056737 0.057292
2 0.698030 0.944143 0.086175 0.062653
2 0.523900 0.678163 0.030332 0.033096
2 0.757634 0.905731 0.039953 0.034747
2 0.184726 0.847766 0.055978 0.054125
2 0.308023 0.697825 0.025809 0.039206
2 0.289391 0.795460 0.015775 0.022996
2 0.586554 0.684616 0.022085 0.034323
2 0.384333 0.683502 0.047190 0.034134
2 0.283920 0.951900 0.075545 0.065334
3 0.743338 0.342144 0.078768 0.075966