0 0.371838 0.653484 0.090366 0.310235
0 0.730369 0.751309 0.265653 0.497383
0 0.488744 0.624874 0.052871 0.235704
0 0.184259 0.698118 0.290169 0.601832
0 0.246547 0.704977 0.122871 0.411670
0 0.685762 0.707626 0.124387 0.352690
0 0.597481 0.641060 0.069113 0.268601
1 0.494225 0.517811 0.021016 0.021561
1 0.362248 0.511223 0.030454 0.025226
1 0.811977 0.541769 0.105024 0.079061
1 0.604049 0.519594 0.026933 0.023430
1 0.116764 0.438154 0.138199 0.082356
1 0.211161 0.516480 0.051083 0.034116
1 0.717390 0.549788 0.046913 0.035641
2 0.624479 0.761819 0.015823 0.026435
2 0.705227 0.870718 0.023209 0.027139
2 0.383714 0.768601 0.031151 0.022509
2 0.579496 0.737216 0.027278 0.018655
2 0.209587 0.894156 0.035179 0.031814
2 0.335599 0.792721 0.018849 0.030514
2 0.470995 0.733141 0.018903 0.019765
2 0.235965 0.854621 0.039892 0.027762
2 0.505383 0.731661 0.019309 0.017437
2 0.696743 0.836024 0.031659 0.026074