0 0.263226 0.391339 0.075810 0.300448
0 0.483024 0.354213 0.076097 0.323713
0 0.932430 0.392920 0.135141 0.785839
0 0.196782 0.200489 0.061020 0.177667
0 0.232589 0.495287 0.137159 0.696184
0 0.710988 0.332402 0.092862 0.407195
0 0.373383 0.332195 0.048380 0.302759
1 0.975972 0.039368 0.048056 0.078736
1 0.367616 0.199592 0.018725 0.036057
1 0.233356 0.201908 0.009729 0.015954
1 0.466795 0.219155 0.025082 0.053575
1 0.739825 0.148167 0.038938 0.039414
2 0.258593 0.505690 0.017207 0.071908
2 0.287430 0.503184 0.027414 0.081632
2 0.890135 0.737937 0.047993 0.063874
2 0.392228 0.444546 0.012443 0.067115
2 0.256776 0.488385 0.010303 0.038793
2 0.947666 0.728879 0.041917 0.115529
2 0.892302 0.705339 0.049193 0.128356
2 0.268627 0.786172 0.065146 0.121241
2 0.720122 0.502075 0.026192 0.071805
2 0.379596 0.451241 0.017929 0.066069
2 0.489902 0.494397 0.014514 0.048655
2 0.456439 0.485966 0.015555 0.048184
2 0.228651 0.778356 0.026596 0.091126
2 0.673117 0.495730 0.017759 0.057782
2 0.715098 0.528236 0.019681 0.023161