0 0.396888 0.505443 0.085757 0.368701
0 0.712146 0.517885 0.053712 0.066989
0 0.447600 0.496057 0.032894 0.172828
0 0.034432 0.528563 0.068864 0.349011
0 0.195773 0.491839 0.052884 0.285747
0 0.311144 0.507661 0.046081 0.216908
0 0.464883 0.485874 0.018922 0.135356
0 0.426691 0.465856 0.015167 0.082103
0 0.485481 0.495259 0.033160 0.188149
0 0.550603 0.490310 0.038008 0.271494
2 0.702958 0.536322 0.016495 0.026713
2 0.389201 0.664080 0.011944 0.020989
2 0.377916 0.675195 0.023893 0.030460
2 0.468165 0.551138 0.009522 0.014644
2 0.560406 0.616615 0.014344 0.022333
2 0.445133 0.566144 0.010712 0.031230
2 0.042029 0.689172 0.033744 0.031333
2 0.297881 0.589569 0.015911 0.026977
2 0.309902 0.609167 0.013962 0.016770
2 0.445271 0.575557 0.009129 0.015276
2 0.209665 0.616155 0.015199 0.025000
2 0.539379 0.604322 0.014562 0.033816
2 0.178731 0.612138 0.013648 0.051425
2 0.461290 0.571529 0.008072 0.023218
2 0.292334 0.588948 0.007515 0.018287
2 0.498540 0.596397 0.012661 0.014908
2 0.487464 0.580920 0.011508 0.020253
2 0.694214 0.544339 0.009129 0.012724