0 0.080435 0.326994 0.034466 0.111069
0 0.553494 0.690575 0.144164 0.618851
0 0.336091 0.333121 0.022347 0.047276
0 0.023075 0.342414 0.045927 0.064092
0 0.237406 0.367730 0.037169 0.222609
0 0.147140 0.348207 0.042894 0.192667
0 0.196660 0.349626 0.027159 0.154471
0 0.473935 0.329425 0.022581 0.122805
0 0.118078 0.324138 0.032342 0.127931
1 0.083871 0.277885 0.015571 0.014483
1 0.334031 0.286839 0.009134 0.020414
1 0.109222 0.267764 0.012539 0.014517
1 0.028526 0.320011 0.013197 0.018253
1 0.132217 0.262540 0.016373 0.020368
1 0.188420 0.281954 0.013696 0.019425
1 0.237586 0.268626 0.017605 0.024425
1 0.472698 0.275126 0.011885 0.014989
2 0.249352 0.473195 0.010090 0.014000
2 0.203540 0.416983 0.012485 0.022241
2 0.131514 0.380264 0.008486 0.012782
2 0.586795 0.982167 0.031668 0.035667
2 0.005356 0.379523 0.010712 0.015897
2 0.032706 0.372534 0.009554 0.011115
2 0.506840 0.991655 0.034275 0.016690
2 0.326277 0.352575 0.005374 0.007241
2 0.225157 0.475115 0.010866 0.009977
2 0.089830 0.368310 0.010728 0.020575
2 0.093548 0.378730 0.015178 0.010172
2 0.163752 0.436672 0.009596 0.023276
2 0.123016 0.382655 0.007669 0.013701
2 0.170327 0.432063 0.008991 0.017437
2 0.468654 0.385259 0.009225 0.011023
2 0.066559 0.379937 0.008200 0.009299
2 0.343123 0.353374 0.009793 0.006724
2 0.255839 0.336466 0.006208 0.009138