0 0.435484 0.512370 0.130135 0.768406
0 0.463646 0.449714 0.042790 0.393281
0 0.703066 0.505901 0.115522 0.607698
0 0.519124 0.458203 0.060182 0.353552
0 0.342919 0.448839 0.073564 0.656781
0 0.365126 0.440792 0.056723 0.491104
0 0.657600 0.494156 0.072351 0.398375
0 0.569261 0.528917 0.157011 0.668958
1 0.732351 0.246302 0.057104 0.060333
1 0.610815 0.274766 0.009226 0.020052
1 0.535053 0.299245 0.027491 0.036323
1 0.380422 0.224812 0.026647 0.056479
1 0.685800 0.296615 0.012479 0.030208
1 0.456972 0.270047 0.027321 0.032781
1 0.352260 0.244349 0.049338 0.051885
1 0.613860 0.284177 0.013347 0.039146
1 0.418283 0.196469 0.065322 0.076563
1 0.670182 0.306422 0.043904 0.045156
1 0.580519 0.229177 0.049490 0.074646
2 0.642541 0.665073 0.034566 0.023500
2 0.425006 0.868865 0.061102 0.057000
2 0.630120 0.629552 0.009056 0.010521
2 0.699144 0.790865 0.051829 0.040146
2 0.514730 0.623552 0.015592 0.024833
2 0.715284 0.763057 0.039666 0.042844
2 0.381808 0.814255 0.024027 0.030635
2 0.511266 0.832385 0.041114 0.054833
2 0.608983 0.843667 0.022714 0.033417
2 0.331829 0.756885 0.045064 0.041021
2 0.341096 0.668234 0.010703 0.032510
2 0.464443 0.630844 0.016202 0.028604
2 0.363637 0.728589 0.019502 0.021469
2 0.525513 0.633922 0.009127 0.014427
2 0.507638 0.590453 0.006776 0.011573
2 0.369956 0.558167 0.009807 0.014604
2 0.667181 0.681693 0.030692 0.023990
3 0.420217 0.387672 0.083411 0.193635