0 0.747715 0.592956 0.200372 0.600731
0 0.204303 0.485329 0.168213 0.418691
0 0.313680 0.373127 0.035687 0.194323
1 0.312847 0.287265 0.021984 0.021877
1 0.164655 0.329237 0.070948 0.111056
1 0.160024 0.295135 0.049093 0.039152
1 0.693527 0.345140 0.077536 0.104504
2 0.688802 0.598023 0.026567 0.038177
2 0.696974 0.634454 0.007637 0.025117
2 0.063284 0.649458 0.009695 0.018159
2 0.309800 0.462437 0.014225 0.011913
2 0.264411 0.653809 0.047996 0.024043
2 0.785041 0.815126 0.043270 0.155758
2 0.324364 0.462644 0.015890 0.017942
2 0.207299 0.679147 0.033202 0.031146
2 0.323903 0.467356 0.014523 0.009422
2 0.707366 0.791101 0.069546 0.134477
2 0.755718 0.647468 0.019926 0.029143