0 0.706618 0.554788 0.077035 0.424946
0 0.551533 0.558586 0.062497 0.403495
0 0.413528 0.539396 0.071180 0.389297
0 0.347120 0.535410 0.086845 0.389685
0 0.725448 0.086293 0.027096 0.051793
0 0.627782 0.546635 0.064600 0.404333
0 0.490380 0.552176 0.059118 0.385072
1 0.550689 0.373486 0.035190 0.034559
1 0.705801 0.370779 0.057300 0.058351
1 0.728107 0.066928 0.016404 0.013261
1 0.412341 0.359653 0.037436 0.029793
1 0.334135 0.359712 0.035380 0.038955
1 0.622700 0.364523 0.040136 0.041261
1 0.492354 0.377698 0.038738 0.035000
2 0.480105 0.728464 0.032978 0.030676
2 0.563630 0.709851 0.035997 0.025865
2 0.501635 0.705315 0.034383 0.021459
2 0.701180 0.749869 0.033826 0.033559
2 0.408029 0.718986 0.036316 0.030243
2 0.713511 0.731342 0.026194 0.028108
2 0.342676 0.713477 0.042802 0.035622
2 0.428294 0.697171 0.041052 0.023279
2 0.622127 0.734405 0.047157 0.027856
2 0.536594 0.742824 0.021465 0.032856
2 0.635583 0.722626 0.025102 0.022622
2 0.369383 0.691730 0.042347 0.027514