0 0.019584 0.421060 0.035010 0.120009
0 0.814414 0.522784 0.063250 0.284359
0 0.214255 0.428109 0.032681 0.054522
0 0.281740 0.567202 0.123859 0.411697
0 0.370623 0.433691 0.026473 0.079368
0 0.514144 0.540961 0.101517 0.418818
0 0.606659 0.556832 0.101077 0.384477
0 0.418551 0.558312 0.115071 0.398863
0 0.664140 0.454319 0.028064 0.073023
1 0.433544 0.377414 0.039357 0.037735
1 0.024821 0.367505 0.013514 0.014576
1 0.525227 0.371024 0.039364 0.076309
1 0.832925 0.439986 0.027678 0.033890
1 0.565037 0.460930 0.007353 0.014531
1 0.370305 0.399057 0.008666 0.011634
1 0.297387 0.382423 0.043819 0.042807
1 0.664621 0.426570 0.012221 0.017798
1 0.612150 0.381900 0.036418 0.034774
1 0.202085 0.407410 0.009425 0.013069
1 0.526293 0.352468 0.039045 0.041236
1 0.637062 0.425979 0.009790 0.010695
2 0.370159 0.470957 0.008578 0.006697
2 0.618673 0.732347 0.024997 0.034874
2 0.659140 0.524819 0.008815 0.013971
2 0.018436 0.479003 0.010345 0.007392
2 0.208778 0.450320 0.010014 0.006471
2 0.376500 0.737590 0.027949 0.041300
2 0.830840 0.643118 0.015058 0.046038
2 0.232041 0.753303 0.024936 0.039639
2 0.220261 0.453204 0.007942 0.007365
2 0.796669 0.628511 0.028571 0.045036
2 0.309411 0.741634 0.022519 0.035451
2 0.830640 0.655790 0.015146 0.021453
2 0.356117 0.466336 0.010230 0.013267
2 0.009438 0.468159 0.009330 0.011390
2 0.575667 0.724666 0.024076 0.038484
2 0.473626 0.732897 0.023053 0.039838
2 0.367908 0.469621 0.010738 0.008664
2 0.538717 0.728037 0.033656 0.035316
2 0.421493 0.735338 0.034726 0.037139