0 0.366903 0.660514 0.150197 0.678973
0 0.677164 0.645820 0.200855 0.623315
0 0.276245 0.616149 0.074172 0.518856
0 0.610285 0.575640 0.110068 0.433658
0 0.491208 0.551941 0.079186 0.382261
0 0.616374 0.111752 0.024715 0.051036
1 0.732985 0.364689 0.073894 0.060351
1 0.496859 0.377752 0.034505 0.034550
1 0.619990 0.094631 0.016872 0.015441
1 0.347527 0.347806 0.076832 0.053631
1 0.280034 0.381514 0.066296 0.049856
1 0.637225 0.390586 0.054993 0.063892
2 0.408616 0.984523 0.037327 0.029297
2 0.507134 0.728748 0.020278 0.025784
2 0.703762 0.928203 0.073372 0.056225
2 0.308233 0.769919 0.006438 0.022991
2 0.682520 0.870775 0.046655 0.042847
2 0.270828 0.853712 0.054288 0.041874
2 0.410753 0.748216 0.008263 0.015117
2 0.622873 0.775824 0.040577 0.031270
2 0.292381 0.814378 0.030882 0.027802
2 0.603738 0.759131 0.040516 0.026297
2 0.469464 0.724450 0.023134 0.029730
2 0.317185 0.972523 0.037531 0.054631