0 0.621561 0.560591 0.102620 0.132662
0 0.978568 0.440546 0.042864 0.237410
0 0.321967 0.481769 0.040318 0.076498
0 0.214699 0.515108 0.068206 0.077058
0 0.349289 0.396931 0.021787 0.095072
0 0.433179 0.611494 0.088158 0.141128
2 0.972427 0.550907 0.036188 0.017229
2 0.422231 0.677667 0.013223 0.010839
2 0.415704 0.654138 0.022945 0.021236
3 0.330677 0.643944 0.028368 0.016300
3 0.661269 0.606913 0.027766 0.020000
3 0.313152 0.519007 0.016229 0.010217
3 0.348138 0.442396 0.009668 0.006435
3 0.338294 0.440433 0.011808 0.007870
3 0.450081 0.661349 0.019878 0.023023
