0 0.013016 0.354341 0.025884 0.122726
0 0.608348 0.417748 0.076777 0.096164
0 0.635907 0.342356 0.029309 0.052094
0 0.334699 0.339310 0.022776 0.046634
0 0.093338 0.630366 0.186676 0.318980
0 0.391757 0.327658 0.023257 0.085894
0 0.401225 0.599905 0.169492 0.342121
0 0.538670 0.328592 0.023934 0.095542
1 0.584563 0.270370 0.010833 0.011913
1 0.620379 0.384612 0.021625 0.028646
1 0.337404 0.322189 0.011070 0.012374
1 0.009516 0.307094 0.013128 0.017130
1 0.125616 0.508222 0.090068 0.075740
1 0.074777 0.370162 0.013602 0.016715
1 0.385799 0.291232 0.011923 0.015262
1 0.685880 0.320677 0.006236 0.009458
1 0.400305 0.476467 0.088057 0.094756
1 0.539421 0.286056 0.011341 0.012022
1 0.637339 0.322893 0.014584 0.014684
1 0.570129 0.457947 0.011077 0.015930
3 0.005288 0.412640 0.010575 0.012428
3 0.620257 0.496801 0.013920 0.015208
3 0.603724 0.506864 0.014502 0.011904
3 0.022607 0.408958 0.009926 0.011074
3 0.087867 0.769616 0.077211 0.045894
3 0.013592 0.411385 0.027183 0.012319
3 0.108544 0.735095 0.041490 0.028764
3 0.375044 0.757437 0.028422 0.021191
3 0.364001 0.732816 0.039513 0.044964
3 0.609228 0.479273 0.014028 0.013547
