0 0.397828 0.454174 0.038052 0.031723
1 0.393969 0.444229 0.014958 0.010006
1 0.147813 0.343429 0.014229 0.018019
1 0.832432 0.550586 0.013219 0.007046
1 0.383063 0.439979 0.008750 0.006090
1 0.371844 0.430472 0.007771 0.006970
1 0.241318 0.362734 0.029052 0.012116
1 0.857417 0.510832 0.009354 0.004607
1 0.232344 0.365938 0.012792 0.012767
1 0.207271 0.366339 0.014063 0.011342
1 0.331141 0.359994 0.032365 0.015053
1 0.747979 0.541970 0.008917 0.004361
3 0.176245 0.505091 0.011260 0.008236
3 0.162385 0.513573 0.018750 0.008165
3 0.206677 0.510753 0.019188 0.010662
3 0.211250 0.506084 0.016875 0.010199
3 0.299333 0.488347 0.012667 0.014408
3 0.304714 0.506237 0.010948 0.008077
3 0.348281 0.489645 0.019229 0.008435
3 0.345104 0.493939 0.021521 0.010762
3 0.383411 0.465715 0.010760 0.008077
