0 0.426885 0.574552 0.079028 0.156483
0 0.389756 0.451575 0.028253 0.083471
0 0.910080 0.525856 0.054849 0.299989
0 0.334118 0.469345 0.059495 0.194690
0 0.691251 0.475454 0.048948 0.223230
0 0.229124 0.458259 0.050016 0.109253
0 0.853611 0.566931 0.044992 0.119793
0 0.420316 0.408638 0.023882 0.178356
1 0.910682 0.390500 0.026038 0.030563
1 0.700773 0.372339 0.016022 0.018057
1 0.383149 0.421770 0.011970 0.023172
1 0.313354 0.389839 0.018731 0.035425
1 0.319060 0.397925 0.027966 0.033621
1 0.700273 0.378460 0.019124 0.030000
1 0.217772 0.420224 0.018646 0.033920
1 0.859766 0.521385 0.019607 0.031552
1 0.728617 0.485718 0.011572 0.018356
1 0.428869 0.518276 0.022284 0.044345
1 0.416259 0.331649 0.014025 0.025414
2 0.346171 0.541241 0.013829 0.052529
2 0.421495 0.643580 0.020112 0.022425
2 0.452677 0.494328 0.011853 0.015851
2 0.426776 0.493851 0.011216 0.011632
2 0.471755 0.491155 0.014015 0.017690
3 0.412201 0.661293 0.016585 0.020195
3 0.671275 0.565753 0.010101 0.014793
3 0.248351 0.558218 0.019973 0.016253
3 0.387191 0.491782 0.011609 0.011402
3 0.893508 0.656741 0.025592 0.023322
3 0.405728 0.488328 0.017754 0.012057
3 0.916357 0.668293 0.012629 0.018471
3 0.861415 0.618839 0.011508 0.018299
3 0.462185 0.589718 0.016256 0.015368
3 0.345268 0.560098 0.011567 0.016701
3 0.342223 0.548402 0.014896 0.037057
3 0.384888 0.488299 0.016543 0.015517
3 0.381131 0.627977 0.013840 0.015609
3 0.412374 0.487908 0.012130 0.011195
3 0.230119 0.505598 0.018253 0.016046
3 0.460738 0.530718 0.017865 0.024195
3 0.415802 0.485816 0.010319 0.010690
3 0.497990 0.568069 0.013441 0.027655
3 0.447313 0.494684 0.023144 0.017805
3 0.700316 0.583425 0.010733 0.011563
3 0.440050 0.494029 0.009172 0.016517
3 0.339984 0.535724 0.009729 0.021310
