0 0.441049 0.556299 0.013622 0.064046
0 0.470552 0.299374 0.008922 0.044471
0 0.437220 0.468914 0.010935 0.035644
0 0.397307 0.819534 0.020191 0.049759
0 0.314649 0.535241 0.018476 0.067632
0 0.453757 0.337845 0.009639 0.049713
0 0.348269 0.478184 0.009697 0.030506
0 0.478970 0.418816 0.011737 0.030230
0 0.535940 0.496799 0.009936 0.073460
0 0.470943 0.472983 0.012931 0.036402
0 0.543303 0.214615 0.008370 0.039207
0 0.506083 0.224552 0.007610 0.042897
0 0.363481 0.833253 0.019952 0.035816
0 0.447005 0.368201 0.012130 0.058011
1 0.339657 0.495471 0.006824 0.008759
1 0.503518 0.206287 0.004976 0.009747
1 0.569546 0.187040 0.003967 0.008356
1 0.476275 0.408477 0.006251 0.010241
1 0.553925 0.210270 0.004981 0.011184
1 0.438447 0.456494 0.005890 0.010161
1 0.438232 0.531201 0.007573 0.012885
1 0.450539 0.316747 0.005358 0.009149
1 0.444607 0.344994 0.006442 0.011161
1 0.453372 0.330236 0.006203 0.014839
1 0.543659 0.199184 0.004896 0.009747
1 0.369182 0.826759 0.009379 0.019402
1 0.505704 0.205839 0.004811 0.009770
1 0.451795 0.247305 0.004960 0.011690
1 0.346654 0.468471 0.006213 0.011241
1 0.310552 0.508414 0.009442 0.014966
1 0.467817 0.461506 0.007010 0.012046
1 0.469928 0.280649 0.005167 0.008885
1 0.535534 0.466529 0.006543 0.011011
1 0.394469 0.807264 0.014981 0.025333
