0 0.403758 0.833822 0.103683 0.225659
0 0.639431 0.578583 0.036398 0.112076
0 0.748267 0.567107 0.042627 0.109070
0 0.496693 0.857035 0.095240 0.278114
0 0.324086 0.477116 0.008808 0.021056
0 0.284959 0.528236 0.015511 0.066345
0 0.129455 0.520293 0.013439 0.034558
0 0.618531 0.573565 0.033270 0.098321
1 0.129861 0.507816 0.010691 0.008953
1 0.391060 0.748831 0.033101 0.053547
1 0.504739 0.740763 0.040731 0.048745
1 0.648690 0.528461 0.013643 0.012969
1 0.213023 0.507631 0.012099 0.009287
1 0.282580 0.499544 0.009492 0.009919
3 0.622607 0.617495 0.008395 0.010478
3 0.762664 0.616968 0.014469 0.010957
3 0.511611 0.979102 0.034150 0.031742
3 0.536070 0.955916 0.017488 0.021543
3 0.432173 0.931146 0.019729 0.030505
3 0.289072 0.558669 0.008504 0.007681
3 0.606439 0.614070 0.010575 0.009513
3 0.426747 0.893073 0.010095 0.017031
3 0.628368 0.629499 0.014651 0.009233
3 0.642339 0.629116 0.007712 0.010939
3 0.732935 0.604995 0.014807 0.011868
