0 0.680037 0.388353 0.033196 0.163944
0 0.873260 0.396494 0.039194 0.065785
0 0.398443 0.499964 0.053081 0.141877
0 0.347789 0.618872 0.081469 0.250325
0 0.646520 0.374278 0.067136 0.195162
0 0.431452 0.396954 0.058544 0.223114
0 0.501195 0.412410 0.050907 0.253430
1 0.630684 0.309463 0.017901 0.019829
1 0.490589 0.299364 0.024184 0.027247
1 0.693172 0.325018 0.009106 0.015397
1 0.862932 0.371318 0.012309 0.014386
1 0.393778 0.443073 0.023764 0.027085
1 0.347299 0.496855 0.030413 0.014341
1 0.425366 0.302207 0.021361 0.030677
1 0.872018 0.467207 0.029045 0.021904
1 0.651412 0.469003 0.039736 0.024125
1 0.692441 0.333493 0.010745 0.018574
1 0.792393 0.326647 0.009729 0.010063
1 0.681720 0.323768 0.023819 0.026327
1 0.652316 0.295903 0.034529 0.038448
1 0.851016 0.326819 0.010873 0.011110
3 0.877146 0.430334 0.010988 0.007942
3 0.894743 0.421968 0.012749 0.009043
3 0.880034 0.424571 0.015410 0.015424
3 0.382014 0.635542 0.008822 0.020542
3 0.378162 0.728615 0.027576 0.021995
3 0.331154 0.735542 0.027861 0.021462
3 0.857417 0.420023 0.008646 0.007735
3 0.516726 0.529783 0.014157 0.021462
3 0.487976 0.524919 0.022817 0.016372
