0 0.728839 0.526065 0.333575 0.931733
0 0.933230 0.512500 0.133541 0.835596
0 0.218246 0.498375 0.320704 0.992942
0 0.373453 0.447270 0.140014 0.773330
0 0.619255 0.459797 0.118307 0.625153
1 0.979018 0.123394 0.041963 0.059422
1 0.615464 0.185194 0.070995 0.077319
3 0.907712 0.831268 0.089628 0.050569
3 0.400122 0.740469 0.066473 0.035758
3 0.953690 0.902013 0.087732 0.054928
3 0.602258 0.936449 0.081632 0.110984
3 0.358791 0.803190 0.022864 0.063168
3 0.600115 0.753123 0.041828 0.040505
3 0.761435 0.946516 0.037684 0.025054
3 0.742143 0.912144 0.074035 0.092067
3 0.713399 0.884738 0.016615 0.038141
3 0.584871 0.726584 0.049932 0.035551
