0 0.890600 0.341828 0.036417 0.072580
0 0.010663 0.409959 0.021200 0.040487
0 0.819883 0.343859 0.041462 0.075599
0 0.260113 0.565433 0.264088 0.140779
0 0.574034 0.633128 0.239531 0.335044
1 0.880420 0.312305 0.017699 0.013128
1 0.006877 0.393879 0.009892 0.008097
1 0.318773 0.372617 0.008032 0.006804
1 0.164314 0.519875 0.047274 0.050758
1 0.571810 0.510694 0.133240 0.089025
1 0.824919 0.310870 0.018357 0.010149
1 0.004657 0.428602 0.009314 0.006412
3 0.657067 0.781449 0.034079 0.021368
3 0.824567 0.379458 0.020812 0.005985
3 0.895812 0.376256 0.010957 0.004441
3 0.787333 0.393372 0.014991 0.011943
3 0.275582 0.573331 0.023493 0.015680
3 0.520280 0.782586 0.044513 0.029086
3 0.818484 0.379902 0.010614 0.004570
3 0.373863 0.554675 0.038881 0.018314
3 0.318818 0.517458 0.018249 0.031043
