0 0.670430 0.612446 0.181239 0.447292
0 0.188568 0.303028 0.037596 0.065135
0 0.330738 0.308700 0.066053 0.380144
0 0.402502 0.622875 0.248023 0.523457
0 0.426151 0.355546 0.119817 0.188005
1 0.624198 0.422523 0.060840 0.068240
1 0.187705 0.277274 0.014895 0.014079
1 0.187580 0.255221 0.013155 0.012031
1 0.037627 0.339982 0.013602 0.013809
1 0.370257 0.365916 0.017833 0.042103
1 0.560108 0.377631 0.018659 0.017879
1 0.336632 0.136679 0.041997 0.035722
1 0.470575 0.283944 0.031022 0.045776
1 0.592959 0.377473 0.022952 0.021986
1 0.133846 0.392518 0.014719 0.016552
3 0.492698 0.859553 0.055579 0.051796
3 0.507739 0.764161 0.037427 0.034242
3 0.669550 0.803181 0.034320 0.043042
3 0.616151 0.813348 0.041239 0.047022
3 0.329167 0.491417 0.021991 0.018502
3 0.417982 0.313335 0.070846 0.077500
