0 0.951679 0.490274 0.023538 0.044733
0 0.274657 0.507339 0.057924 0.140745
0 0.811146 0.478802 0.018881 0.033825
0 0.774702 0.480146 0.014477 0.035051
0 0.546065 0.568896 0.123592 0.184279
0 0.458745 0.489137 0.060343 0.074821
1 0.805623 0.464133 0.008484 0.004827
1 0.768691 0.460267 0.009206 0.005572
1 0.958624 0.470999 0.008150 0.007238
1 0.476480 0.469177 0.007527 0.006615
1 0.288186 0.444296 0.022780 0.012911
1 0.280433 0.444072 0.037527 0.015538
1 0.459319 0.458873 0.024197 0.014049
1 0.775862 0.465511 0.008023 0.005064
1 0.535257 0.487349 0.032590 0.022512
1 0.553985 0.642082 0.021074 0.011598
1 0.514377 0.653142 0.049639 0.014746
