0 0.345934 0.669982 0.202634 0.656968
0 0.890061 0.703755 0.161246 0.175000
0 0.076875 0.468533 0.046073 0.078511
0 0.130728 0.428276 0.020521 0.092401
0 0.243595 0.435054 0.018064 0.035686
0 0.164614 0.442960 0.035701 0.088375
0 0.432495 0.427523 0.011977 0.035370
0 0.484225 0.434481 0.014069 0.054594
0 0.212850 0.420650 0.018538 0.061354
0 0.456181 0.427681 0.012593 0.049134
0 0.502613 0.435135 0.012498 0.050289
1 0.458456 0.407116 0.006703 0.007211
1 0.212431 0.394400 0.008978 0.009233
1 0.890785 0.634156 0.042600 0.035767
1 0.482684 0.412270 0.007508 0.008078
1 0.129089 0.387635 0.013521 0.011480
1 0.157109 0.405569 0.015085 0.013953
1 0.390051 0.393222 0.014766 0.032184
1 0.239066 0.421972 0.008138 0.008529
1 0.616628 0.427829 0.005633 0.006995
1 0.055873 0.448380 0.008551 0.013294
1 0.350247 0.374152 0.074347 0.067383
1 0.199617 0.415632 0.008104 0.010090
1 0.311581 0.435862 0.007793 0.017265
1 0.501655 0.413637 0.005856 0.006697
3 0.160085 0.485505 0.006493 0.007726
3 0.840721 0.765456 0.041686 0.046634
3 0.088101 0.504147 0.008348 0.009052
3 0.135961 0.473001 0.009770 0.007662
3 0.171970 0.483669 0.007542 0.008944
3 0.163182 0.484544 0.008720 0.008980
3 0.132211 0.472071 0.006710 0.006850
3 0.166953 0.483890 0.007434 0.008646
3 0.217085 0.451327 0.006547 0.004892
3 0.216655 0.448917 0.007095 0.006408
3 0.942285 0.731683 0.023406 0.023583
3 0.830190 0.753912 0.021909 0.025009
3 0.437830 0.902261 0.017976 0.027500
