0 0.993216 0.171252 0.013569 0.027676
0 0.702432 0.642473 0.150170 0.626315
0 0.376832 0.661396 0.136947 0.677207
0 0.287914 0.616986 0.074281 0.512441
0 0.499244 0.550581 0.082626 0.380712
0 0.623626 0.110459 0.025583 0.050721
0 0.631747 0.573748 0.079953 0.433117
1 0.997208 0.160595 0.005583 0.009459
1 0.503104 0.378968 0.036777 0.037865
1 0.737201 0.359505 0.073738 0.061279
1 0.626662 0.093221 0.017069 0.015505
1 0.638664 0.381090 0.054640 0.050937
1 0.368111 0.351775 0.074009 0.058000
1 0.294013 0.388766 0.065054 0.056955
1 0.632449 0.773986 0.041465 0.031378
3 0.516628 0.726617 0.020461 0.025577
3 0.714664 0.925126 0.073114 0.057243
3 0.321136 0.768815 0.007687 0.027198
3 0.693090 0.868802 0.046859 0.042396
3 0.421058 0.983937 0.036703 0.030414
3 0.422663 0.747095 0.004552 0.011486
3 0.283555 0.852230 0.055102 0.041090
3 0.305709 0.812725 0.030997 0.025919
3 0.479359 0.722604 0.022517 0.029117
3 0.330224 0.971207 0.037300 0.056270
3 0.613117 0.757505 0.039939 0.025676
