0 0.678277 0.530356 0.070636 0.314468
0 0.349641 0.579684 0.114665 0.463177
1 0.348483 0.421837 0.008626 0.012283
1 0.028700 0.457116 0.015491 0.022879
1 0.315085 0.398876 0.012133 0.022193
1 0.697038 0.390975 0.032316 0.036390
3 0.357566 0.756309 0.041808 0.018213
3 0.654990 0.672969 0.018077 0.022509
3 0.388802 0.615645 0.015870 0.024558
3 0.335359 0.784337 0.033060 0.042482
3 0.387519 0.723985 0.030921 0.020569
3 0.682282 0.665560 0.031307 0.020830
3 0.655904 0.677739 0.016696 0.014919
3 0.660965 0.688484 0.030406 0.032906
3 0.379990 0.795478 0.053385 0.034495
