0 0.662045 0.658944 0.207475 0.682112
0 0.479042 0.469878 0.020318 0.127482
0 0.365735 0.492590 0.046635 0.151029
0 0.243277 0.640523 0.271659 0.718953
0 0.293984 0.531778 0.061496 0.205162
0 0.294035 0.438827 0.032336 0.078069
0 0.505789 0.517491 0.078402 0.291625
0 0.633477 0.526828 0.098544 0.429774
1 0.538775 0.428276 0.007610 0.008520
1 0.652007 0.412911 0.038395 0.032500
1 0.334347 0.425492 0.013907 0.014070
1 0.377823 0.442956 0.010447 0.011110
1 0.354215 0.426579 0.019790 0.018105
1 0.711523 0.433894 0.085227 0.064323
1 0.515129 0.418664 0.024340 0.021895
1 0.473091 0.403782 0.014022 0.012635
1 0.905281 0.465077 0.017238 0.028836
1 0.285220 0.418759 0.016520 0.018962
1 0.273257 0.439680 0.019986 0.020334
1 0.291053 0.414959 0.025450 0.027608
1 0.195758 0.416846 0.056811 0.066778
1 0.906537 0.454648 0.012979 0.011245
1 0.477346 0.419445 0.012295 0.013547
1 0.467576 0.472807 0.011645 0.016372
1 0.273260 0.446151 0.020738 0.032446
1 0.481219 0.532771 0.008490 0.011011
1 0.705792 0.982708 0.023595 0.027708
1 0.384035 0.555217 0.011361 0.019711
3 0.477823 0.641241 0.021225 0.017392
3 0.349919 0.564147 0.018849 0.010984
3 0.699299 0.945451 0.036039 0.101354
3 0.474276 0.527157 0.009039 0.011065
3 0.207847 0.951155 0.016154 0.019567
3 0.606787 0.690889 0.036594 0.025948
3 0.315755 0.555397 0.019215 0.021715
3 0.532512 0.650826 0.022844 0.023547
3 0.597437 0.985808 0.042160 0.027247
3 0.636825 0.725907 0.011618 0.032662
3 0.287197 0.990772 0.035829 0.017825
