0 0.361922 0.421805 0.054753 0.392184
0 0.779201 0.279989 0.020653 0.095126
0 0.527963 0.316184 0.017732 0.126207
0 0.583282 0.479351 0.094955 0.599782
0 0.853051 0.274023 0.013186 0.064874
1 0.915621 0.240586 0.008630 0.011126
1 0.636123 0.285443 0.006139 0.011069
1 0.569392 0.307592 0.011147 0.026977
1 0.351718 0.242213 0.023521 0.033690
1 0.351641 0.250201 0.024950 0.050724
1 0.525855 0.261477 0.008821 0.018678
1 0.924782 0.258052 0.005964 0.008264
1 0.560430 0.309483 0.007127 0.017954
1 0.629753 0.276557 0.006240 0.011621
1 0.896750 0.233672 0.007329 0.011276
1 0.781097 0.240115 0.009087 0.013885
1 0.921837 0.239989 0.009092 0.014414
1 0.570016 0.222862 0.042517 0.086230
1 0.692313 0.252414 0.005879 0.010437
1 0.856264 0.246040 0.007228 0.010241
1 0.605406 0.753322 0.047244 0.051379
3 0.367485 0.604954 0.016182 0.024230
3 0.381567 0.571914 0.016283 0.065345
3 0.553871 0.684063 0.032841 0.058494
