0 0.477627 0.428903 0.033764 0.019991
0 0.521293 0.442875 0.025836 0.058276
0 0.286368 0.444192 0.020819 0.038222
0 0.339306 0.416769 0.019154 0.053718
0 0.228033 0.445366 0.017488 0.040081
0 0.025413 0.427708 0.032288 0.090542
0 0.493111 0.483145 0.095904 0.113294
0 0.394303 0.457450 0.053670 0.070857
1 0.018544 0.388867 0.012580 0.012861
1 0.343362 0.395970 0.011327 0.012608
1 0.285897 0.429409 0.009492 0.010226
1 0.226754 0.429725 0.009932 0.009684
1 0.505768 0.442992 0.024062 0.032157
1 0.415464 0.435167 0.013839 0.022662
1 0.489005 0.426918 0.010806 0.013150
1 0.513626 0.418637 0.009485 0.009838
1 0.463656 0.518060 0.011158 0.028267
2 0.402745 0.481291 0.014536 0.021498
2 0.476016 0.523651 0.014753 0.033150
2 0.386625 0.479436 0.017962 0.033782
