0 0.093896 0.489242 0.037881 0.082780
0 0.749191 0.541146 0.085410 0.141191
0 0.373927 0.510894 0.029573 0.070397
0 0.324533 0.516990 0.033940 0.157518
0 0.953917 0.510808 0.047590 0.190731
0 0.241740 0.534707 0.055044 0.128745
0 0.890200 0.502455 0.020454 0.092220
0 0.594546 0.523019 0.020941 0.033150
0 0.085565 0.559066 0.098822 0.144413
0 0.246002 0.498732 0.021957 0.055280
0 0.152935 0.497635 0.029580 0.104404
0 0.191469 0.549955 0.079255 0.152870
0 0.645034 0.500478 0.025518 0.085199
0 0.539617 0.524598 0.015944 0.031363
0 0.711669 0.494319 0.022877 0.062464
1 0.176354 0.493971 0.007007 0.011336
1 0.763568 0.491936 0.033473 0.041164
1 0.646588 0.462671 0.011808 0.010957
1 0.078060 0.507676 0.029553 0.042085
1 0.081232 0.455654 0.014069 0.015352
1 0.375024 0.480767 0.010291 0.010704
1 0.887312 0.461200 0.012607 0.010596
1 0.538653 0.510907 0.007962 0.006273
1 0.243632 0.476981 0.010339 0.012861
1 0.190799 0.488723 0.024509 0.027482
1 0.146957 0.452103 0.015322 0.014206
1 0.231764 0.480970 0.022566 0.021507
1 0.325315 0.447356 0.017820 0.019603
1 0.960125 0.429206 0.030664 0.028375
1 0.704262 0.470203 0.010095 0.013168
1 0.203358 0.484671 0.015193 0.027283
2 0.881523 0.542383 0.008626 0.015415
2 0.098995 0.617708 0.017881 0.019657
2 0.940897 0.594684 0.020183 0.022870
2 0.048125 0.608272 0.018971 0.054269
2 0.218382 0.599603 0.014543 0.017022
2 0.964411 0.592189 0.022539 0.026399
2 0.885247 0.542816 0.009248 0.015433
2 0.218395 0.589558 0.014814 0.034278
2 0.365992 0.540564 0.013690 0.014504
2 0.317092 0.579734 0.011882 0.033294
2 0.258118 0.579589 0.022844 0.040226
2 0.207691 0.603046 0.035085 0.048782
2 0.229865 0.581444 0.016750 0.038177
2 0.098903 0.601164 0.018104 0.050036
2 0.896594 0.541737 0.009235 0.015496
2 0.642292 0.542793 0.018233 0.019684
2 0.779489 0.599928 0.021970 0.024061
2 0.330752 0.577338 0.013324 0.035000
2 0.636415 0.541837 0.010257 0.017247
2 0.728917 0.598457 0.016236 0.030487
