0 0.662042 0.420954 0.037265 0.200713
0 0.398871 0.419621 0.022427 0.152414
0 0.238967 0.422402 0.019549 0.040874
0 0.007135 0.520667 0.014270 0.134989
0 0.215659 0.416333 0.018486 0.024345
0 0.214965 0.464397 0.045374 0.107138
0 0.281928 0.418138 0.018163 0.032391
0 0.143956 0.454603 0.035836 0.087322
0 0.379732 0.438925 0.033070 0.106632
1 0.657289 0.332937 0.016914 0.026931
1 0.142616 0.418161 0.011699 0.015011
1 0.214363 0.409397 0.010733 0.010471
1 0.186285 0.425333 0.006676 0.018069
1 0.240831 0.407126 0.009416 0.010736
1 0.193598 0.413098 0.008906 0.016885
1 0.277695 0.408362 0.008561 0.012402
1 0.397092 0.351523 0.010807 0.018379
1 0.672177 0.331718 0.012002 0.016977
3 0.654286 0.492167 0.008104 0.019230
3 0.407616 0.488333 0.007594 0.013195
3 0.662374 0.515052 0.008848 0.015713
3 0.136285 0.493787 0.007568 0.008885
3 0.211192 0.516971 0.010446 0.009552
3 0.400457 0.495787 0.009187 0.011621
3 0.395637 0.497241 0.009012 0.011011
3 0.234073 0.511598 0.008486 0.008966
3 0.665975 0.500546 0.007053 0.017230
