0 0.385704 0.535135 0.029079 0.065668
0 0.730291 0.489878 0.023466 0.072915
0 0.351060 0.492735 0.015565 0.058628
0 0.171063 0.582866 0.085850 0.290623
0 0.392959 0.489445 0.014137 0.052879
0 0.313053 0.475217 0.016601 0.027473
0 0.034303 0.617820 0.068605 0.509919
0 0.872068 0.497631 0.023121 0.026850
0 0.323615 0.513569 0.037576 0.117103
0 0.091591 0.701936 0.148707 0.571868
0 0.607048 0.472369 0.013771 0.034179
0 0.260369 0.525713 0.030907 0.114350
0 0.629100 0.498475 0.024171 0.090668
0 0.373846 0.490979 0.019607 0.057338
0 0.577877 0.480235 0.015985 0.046787
0 0.981324 0.479964 0.012004 0.037527
0 0.527955 0.506408 0.030413 0.081462
0 0.594485 0.536137 0.039939 0.174675
0 0.510921 0.488091 0.015044 0.057699
0 0.468609 0.492044 0.017502 0.061002
0 0.421334 0.533669 0.032647 0.068529
0 0.547488 0.488452 0.016141 0.068475
0 0.765186 0.477256 0.023223 0.062906
1 0.384858 0.507252 0.011666 0.012933
1 0.526726 0.462505 0.007387 0.008944
1 0.469986 0.464264 0.006770 0.007157
1 0.507854 0.463014 0.007691 0.009043
1 0.151165 0.450957 0.027353 0.028448
1 0.935955 0.505217 0.013209 0.011751
1 0.551131 0.461841 0.007082 0.009188
1 0.352420 0.467550 0.006791 0.008998
1 0.318416 0.466024 0.006581 0.009251
1 0.017559 0.387906 0.035118 0.049874
1 0.876804 0.489553 0.008477 0.009522
1 0.616838 0.458168 0.008219 0.009188
1 0.108923 0.456521 0.070806 0.083439
1 0.392586 0.467897 0.007976 0.010036
1 0.544215 0.454449 0.007928 0.010000
1 0.326425 0.461164 0.012783 0.013628
1 0.733365 0.458001 0.009425 0.009937
1 0.259425 0.475880 0.012322 0.014287
1 0.630149 0.459282 0.011347 0.012013
1 0.376957 0.466846 0.007671 0.010659
1 0.417224 0.506769 0.012173 0.014765
1 0.582055 0.462676 0.006940 0.010280
1 0.979286 0.463669 0.007251 0.007789
1 0.479604 0.492739 0.008064 0.009847
1 0.531117 0.470898 0.009980 0.010009
1 0.604414 0.462031 0.010169 0.012383
1 0.764123 0.449319 0.007556 0.007915
1 0.591517 0.454648 0.016561 0.015903
2 0.467613 0.520447 0.005274 0.007518
2 0.410850 0.561792 0.008565 0.012969
2 0.397065 0.508903 0.006615 0.016543
2 0.009919 0.847459 0.019255 0.051652
2 0.327806 0.550307 0.006811 0.014946
2 0.380311 0.563172 0.007190 0.012265
2 0.396456 0.560921 0.009499 0.013051
2 0.627437 0.537423 0.007915 0.014937
2 0.465240 0.516232 0.005823 0.013673
2 0.538514 0.538308 0.007508 0.012969
2 0.034712 0.838037 0.030900 0.062175
2 0.638003 0.533520 0.006689 0.012094
2 0.637109 0.539269 0.007976 0.022545
2 0.432993 0.562428 0.008450 0.009477
2 0.320809 0.568366 0.009770 0.010722
2 0.342041 0.563597 0.008375 0.012915
2 0.735714 0.524368 0.007556 0.006209
2 0.765708 0.507134 0.005714 0.005623
2 0.090569 0.977387 0.045592 0.022969
2 0.189638 0.719666 0.042471 0.013195
2 0.726445 0.522708 0.006161 0.006895
2 0.759773 0.505578 0.005843 0.006516
2 0.465437 0.520546 0.005213 0.005948
2 0.156354 0.748800 0.009648 0.024097
2 0.518260 0.543709 0.006703 0.008881
2 0.595569 0.618276 0.011598 0.010993
3 0.603297 0.601746 0.008328 0.011056
3 0.549533 0.522062 0.006540 0.005569
3 0.634848 0.547933 0.007745 0.008339
