0 0.700745 0.296029 0.666892 0.301444 0.643873 0.336643 0.635071 0.391697 0.658091 0.473827 0.602573 0.498195 0.589709 0.647112 0.564658 0.691336 0.599188 0.869134 0.624915 0.915162 0.633717 0.990072 0.643873 0.999097 0.675694 0.994585 0.675694 0.950361 0.741368 0.950361 0.812458 0.897112 0.819228 0.857401 0.809749 0.782491 0.825999 0.542419 0.807718 0.493682 0.746784 0.466606 0.733920 0.446751 0.742045 0.361913
0 0.712932 0.055957 0.710900 0.058664 0.709546 0.071300 0.707515 0.077617 0.702099 0.079422 0.700745 0.081227 0.700745 0.084838 0.697360 0.091155 0.696682 0.104693 0.700745 0.108303 0.706838 0.111011 0.717671 0.112816 0.722410 0.111011 0.725118 0.107401 0.726473 0.085740 0.725118 0.079422 0.721733 0.074007 0.721056 0.070397 0.721733 0.065884 0.720379 0.057762 0.718348 0.055957
0 0.000000 0.000000 0.000000 0.063177 0.024374 0.081227 0.000000 0.125451 0.030467 0.137184 0.000000 0.158845 0.000000 0.574910 0.008802 0.605596 0.021666 0.570397 0.057549 0.597473 0.037915 0.674188 0.062965 0.911552 0.090724 0.993682 0.184834 0.999097 0.184834 0.908845 0.234259 0.858303 0.181449 0.856498 0.163169 0.462996 0.220041 0.469314 0.243737 0.414260 0.152336 0.375451 0.149628 0.340253 0.180772 0.346570 0.177387 0.306859 0.127962 0.280686 0.027759 0.000000
0 0.039946 0.000000 0.037915 0.014440 0.054841 0.046931 0.100880 0.166065 0.129993 0.279783 0.161137 0.296029 0.166554 0.285199 0.166554 0.261733 0.133378 0.109206 0.114421 0.059567 0.112390 0.025271 0.102911 0.014440 0.079892 0.010830 0.069059 0.000000
0 0.632363 0.173285 0.606635 0.179603 0.588355 0.205776 0.584970 0.237365 0.567366 0.235560 0.535545 0.269856 0.495599 0.379964 0.500338 0.395307 0.492891 0.434116 0.494922 0.467509 0.508463 0.459386 0.531483 0.479242 0.540961 0.498195 0.536899 0.504513 0.591740 0.499097 0.603250 0.484657 0.596479 0.477437 0.601896 0.463899 0.608666 0.471119 0.644550 0.442238 0.631009 0.397112 0.638456 0.351986 0.634394 0.289711 0.660122 0.276173 0.666215 0.254513 0.654028 0.196751
1 0.743399 0.362816 0.737305 0.353791 0.727827 0.323105 0.710223 0.299639 0.700745 0.295126 0.671632 0.297834 0.660799 0.305957 0.646581 0.326715 0.641165 0.344765 0.633717 0.394404 0.639810 0.407942 0.643196 0.408845 0.645904 0.393502 0.641842 0.390794 0.642519 0.388087 0.662153 0.374549 0.708192 0.365523 0.731212 0.367329 0.737305 0.373646 0.742722 0.368231
1 0.612728 0.175090 0.604604 0.181408 0.587678 0.206679 0.584970 0.215704 0.586324 0.231949 0.603927 0.264440 0.635071 0.286101 0.651320 0.283394 0.660122 0.276173 0.666892 0.262635 0.658091 0.207581 0.649289 0.187726 0.641165 0.178700 0.626947 0.171480
2 0.625592 0.917870 0.624238 0.919675 0.624915 0.933213 0.631686 0.953069 0.632363 0.987365 0.633717 0.994585 0.636425 0.999097 0.675017 0.999097 0.677048 0.992780 0.675017 0.953069 0.672309 0.949458 0.645904 0.938628
2 0.530806 0.480144 0.530129 0.482852 0.530129 0.508123 0.531483 0.509928 0.533514 0.510830 0.539607 0.510830 0.540284 0.509928 0.558565 0.509928 0.559919 0.509025 0.559919 0.506318 0.562627 0.501805 0.559919 0.499097 0.555856 0.498195 0.549763 0.493682 0.539607 0.478339 0.535545 0.478339
2 0.611374 0.487365 0.603250 0.479242 0.595125 0.478339 0.573460 0.494585 0.557211 0.496390 0.549086 0.492780 0.540284 0.479242 0.532837 0.479242 0.530806 0.481949 0.530806 0.508123 0.532160 0.509928 0.557211 0.509928 0.563981 0.515343 0.573460 0.505415 0.596479 0.503610 0.601219 0.496390 0.610020 0.490975
2 0.184157 0.944043 0.182126 0.939531 0.178064 0.947653 0.167908 0.955776 0.139472 0.965704 0.113744 0.980144 0.085985 0.980144 0.092079 0.999097 0.187542 0.999097 0.187542 0.975632
2 0.229519 0.846570 0.224103 0.843863 0.211239 0.844765 0.194990 0.853791 0.184157 0.855596 0.182803 0.857401 0.184834 0.899819 0.186188 0.907040 0.188219 0.909747 0.213270 0.900722 0.220041 0.894404 0.230196 0.880866 0.234259 0.870036 0.235613 0.859206
2 0.622207 0.466606 0.622884 0.469314 0.624915 0.472022 0.625592 0.472022 0.628978 0.474729 0.631009 0.474729 0.631686 0.475632 0.634394 0.475632 0.635071 0.474729 0.635748 0.474729 0.637779 0.472022 0.637779 0.471119 0.638456 0.470217 0.638456 0.468412 0.639133 0.467509 0.639133 0.462996 0.638456 0.462094 0.638456 0.461191 0.637102 0.459386 0.636425 0.459386 0.635748 0.458484 0.630332 0.458484 0.629655 0.459386 0.628978 0.459386 0.628301 0.460289 0.627624 0.460289 0.626947 0.461191 0.624915 0.462094 0.624238 0.462996 0.624238 0.463899
2 0.612051 0.487365 0.605958 0.479242 0.600542 0.477437 0.595802 0.477437 0.589709 0.483755 0.583615 0.487365 0.576168 0.493682 0.572783 0.498195 0.572783 0.502708 0.573460 0.504513 0.596479 0.504513 0.598511 0.503610 0.603927 0.495487 0.610020 0.490975 0.611374 0.490975
