0 0.537576 0.581227 0.534868 0.581227 0.533514 0.583032 0.531483 0.588448 0.531483 0.608303 0.532160 0.609206 0.532160 0.613718 0.534868 0.620939 0.536222 0.622744 0.536899 0.621841 0.539607 0.621841 0.539607 0.614621 0.540284 0.613718 0.540284 0.591155 0.539607 0.590253 0.538930 0.583032
0 0.547732 0.577617 0.546378 0.579422 0.546378 0.585740 0.545701 0.586643 0.545701 0.592960 0.545024 0.593863 0.545024 0.596570 0.545701 0.597473 0.545701 0.603791 0.546378 0.604693 0.547732 0.620036 0.549763 0.621841 0.551794 0.621841 0.552471 0.620939 0.553825 0.620939 0.555179 0.619134 0.555179 0.605596 0.555856 0.604693 0.555856 0.599278 0.556534 0.598375 0.556534 0.592058 0.555179 0.589350 0.555179 0.587545 0.553148 0.584838 0.551117 0.578520 0.550440 0.577617
0 0.161814 0.551444 0.152336 0.553249 0.143534 0.569495 0.135410 0.574007 0.131347 0.583935 0.129316 0.689531 0.141503 0.685921 0.142857 0.663357 0.148274 0.646209 0.159783 0.627256 0.165877 0.622744 0.166554 0.615523 0.163846 0.604693 0.165200 0.594765 0.162492 0.576715 0.167231 0.568592 0.167908 0.560469 0.167231 0.556859
0 0.306703 0.599278 0.296547 0.605596 0.294516 0.608303 0.294516 0.615523 0.295870 0.619134 0.302640 0.628159 0.305349 0.637184 0.310088 0.643502 0.313473 0.657942 0.318213 0.657942 0.321598 0.653430 0.322275 0.640794 0.323629 0.637184 0.322952 0.629061 0.321598 0.626354 0.324306 0.612816 0.324306 0.605596 0.321598 0.601986 0.317536 0.600181
0 0.234259 0.568592 0.229519 0.574007 0.229519 0.601083 0.230873 0.618231 0.230196 0.626354 0.232227 0.649819 0.233582 0.654332 0.237644 0.658845 0.243737 0.654332 0.243737 0.623646 0.247123 0.608303 0.245091 0.588448 0.241029 0.578520 0.241029 0.574910 0.238321 0.570397
0 0.658768 0.546931 0.649289 0.553249 0.647258 0.574910 0.639133 0.581227 0.631686 0.597473 0.631009 0.608303 0.638456 0.619134 0.633040 0.650722 0.634394 0.689531 0.624238 0.730144 0.614083 0.737365 0.615437 0.740975 0.635071 0.738267 0.650643 0.672383 0.654705 0.685921 0.653351 0.737365 0.664861 0.738267 0.673663 0.601986 0.670278 0.583935 0.664184 0.577617 0.664861 0.554152
0 0.635071 0.553249 0.630332 0.553249 0.628978 0.556859 0.629655 0.585740 0.626269 0.601083 0.626269 0.606498 0.628978 0.609206 0.626269 0.611913 0.626269 0.619134 0.628978 0.626354 0.629655 0.649819 0.633717 0.648014 0.634394 0.635379 0.637102 0.626354 0.637102 0.618231 0.629655 0.608303 0.631686 0.597473 0.638456 0.589350 0.639133 0.581227 0.642519 0.577617 0.638456 0.557762
0 0.465809 0.576715 0.464455 0.577617 0.463778 0.580325 0.463778 0.588448 0.461747 0.594765 0.461747 0.601083 0.462424 0.601986 0.461747 0.602888 0.461747 0.610108 0.462424 0.611011 0.462424 0.619134 0.465132 0.629061 0.465132 0.635379 0.465809 0.637184 0.469194 0.637184 0.470548 0.634477 0.470548 0.629964 0.472580 0.622744 0.472580 0.619134 0.475288 0.606498 0.475965 0.595668 0.473934 0.589350 0.471903 0.586643 0.471225 0.579422 0.469871 0.577617
0 0.095464 0.560469 0.091401 0.564079 0.089370 0.578520 0.081246 0.590253 0.079215 0.598375 0.079215 0.620036 0.083954 0.636282 0.083277 0.667870 0.085985 0.673285 0.091401 0.676895 0.094787 0.688628 0.106974 0.689531 0.113067 0.657942 0.111036 0.627256 0.115775 0.615523 0.116452 0.607401 0.115775 0.601083 0.109682 0.592960 0.102911 0.565884 0.098849 0.560469
0 0.497630 0.576715 0.494245 0.579422 0.492214 0.587545 0.492214 0.594765 0.494245 0.602888 0.494245 0.610108 0.494922 0.611011 0.494922 0.625451 0.496953 0.627256 0.503047 0.627256 0.505078 0.628159 0.506432 0.626354 0.506432 0.623646 0.505755 0.622744 0.505755 0.615523 0.505078 0.614621 0.504401 0.587545 0.503047 0.582130 0.499661 0.577617
0 0.314827 0.566787 0.311442 0.570397 0.311442 0.573105 0.310765 0.574007 0.310765 0.580325 0.309411 0.583032 0.308057 0.590253 0.306703 0.592960 0.306026 0.598375 0.314827 0.598375 0.315504 0.599278 0.318213 0.599278 0.324306 0.603791 0.326337 0.601986 0.326337 0.589350 0.324983 0.586643 0.324306 0.582130 0.322275 0.578520 0.322275 0.573105 0.321598 0.572202 0.321598 0.570397 0.320921 0.568592 0.318213 0.566787
0 0.609343 0.562274 0.606635 0.567690 0.606635 0.574910 0.601896 0.584838 0.601219 0.598375 0.603927 0.609206 0.601896 0.634477 0.602573 0.637184 0.604604 0.638989 0.616114 0.641697 0.619499 0.639892 0.618145 0.614621 0.620176 0.603791 0.620853 0.587545 0.620176 0.580325 0.616791 0.575812 0.614760 0.570397 0.614083 0.564079 0.612051 0.562274
0 0.192282 0.558664 0.181449 0.559567 0.173324 0.570397 0.165877 0.596570 0.169939 0.619134 0.153690 0.637184 0.148274 0.650722 0.143534 0.710289 0.148274 0.729242 0.161137 0.742780 0.175355 0.739170 0.185511 0.724729 0.191605 0.726534 0.212593 0.714801 0.216655 0.678700 0.223426 0.682310 0.234259 0.701264 0.259309 0.703069 0.258632 0.695848 0.251185 0.697653 0.247123 0.693141 0.220718 0.623646 0.210562 0.615523 0.211239 0.596570 0.215978 0.584838 0.209885 0.583032 0.202437 0.567690
1 0.294516 0.605596 0.294516 0.608303 0.293839 0.609206 0.294516 0.610108 0.294516 0.614621 0.293839 0.615523 0.295870 0.618231 0.297224 0.618231 0.299255 0.616426 0.301963 0.616426 0.302640 0.617329 0.303995 0.617329 0.304672 0.616426 0.304672 0.614621 0.305349 0.613718 0.305349 0.611011 0.303318 0.609206 0.303318 0.608303 0.302640 0.607401 0.302640 0.603791 0.297901 0.603791 0.297224 0.604693 0.295870 0.604693 0.295193 0.605596
1 0.103588 0.567690 0.102911 0.566787 0.102911 0.565884 0.101557 0.564079 0.101557 0.563177 0.099526 0.560469 0.098849 0.560469 0.098172 0.559567 0.097495 0.560469 0.094110 0.560469 0.093433 0.561372 0.092756 0.561372 0.091401 0.563177 0.091401 0.564079 0.090047 0.566787 0.090047 0.570397 0.091401 0.573105 0.092756 0.573105 0.093433 0.574007 0.101557 0.574007 0.102234 0.573105 0.102911 0.573105 0.102911 0.572202 0.103588 0.571300
1 0.517942 0.583935 0.517942 0.584838 0.518619 0.584838 0.519296 0.585740 0.525389 0.585740 0.526066 0.584838 0.526743 0.584838 0.526743 0.583935 0.526066 0.583032 0.526066 0.582130 0.525389 0.581227 0.522681 0.581227 0.522004 0.580325 0.521327 0.581227 0.518619 0.581227 0.518619 0.583032
1 0.524035 0.580325 0.523358 0.581227 0.523358 0.582130 0.522681 0.583032 0.522681 0.584838 0.524712 0.587545 0.528775 0.587545 0.529452 0.586643 0.529452 0.581227 0.528775 0.581227 0.528098 0.580325 0.527420 0.580325 0.526743 0.579422 0.525389 0.579422 0.524712 0.580325
1 0.228842 0.574910 0.228842 0.577617 0.229519 0.578520 0.229519 0.579422 0.230196 0.580325 0.234259 0.580325 0.234936 0.579422 0.236967 0.579422 0.237644 0.578520 0.239675 0.578520 0.240352 0.577617 0.240352 0.573105 0.239675 0.572202 0.239675 0.571300 0.238998 0.571300 0.237644 0.569495 0.235613 0.569495 0.234936 0.568592 0.233582 0.568592 0.232905 0.569495 0.232227 0.569495 0.231550 0.570397 0.230873 0.570397 0.230196 0.571300 0.230196 0.572202 0.229519 0.573105 0.229519 0.574007
1 0.464455 0.577617 0.464455 0.578520 0.463778 0.579422 0.463778 0.583935 0.465809 0.586643 0.469871 0.586643 0.470548 0.585740 0.471225 0.585740 0.471225 0.580325 0.470548 0.579422 0.470548 0.578520 0.469871 0.577617 0.468517 0.577617 0.467840 0.576715 0.465809 0.576715 0.465132 0.577617
1 0.660122 0.546931 0.658768 0.546931 0.658091 0.546029 0.655383 0.546931 0.650643 0.550542 0.648612 0.553249 0.648612 0.555957 0.647935 0.556859 0.647935 0.558664 0.648612 0.559567 0.648612 0.564982 0.649966 0.569495 0.651997 0.571300 0.655383 0.571300 0.656737 0.570397 0.656060 0.567690 0.654028 0.566787 0.652674 0.564079 0.654028 0.562274 0.656737 0.562274 0.658091 0.564079 0.658091 0.567690 0.659445 0.570397 0.664184 0.569495 0.665538 0.566787 0.666215 0.560469 0.665538 0.559567 0.664861 0.553249 0.664184 0.551444
1 0.498307 0.574007 0.498307 0.578520 0.500338 0.581227 0.501693 0.581227 0.504401 0.584838 0.509140 0.584838 0.509140 0.583935 0.509817 0.583032 0.509817 0.581227 0.509140 0.581227 0.508463 0.580325 0.507786 0.580325 0.506432 0.578520 0.506432 0.577617 0.505078 0.575812 0.505078 0.574910 0.504401 0.574007
1 0.503047 0.581227 0.503047 0.582130 0.503724 0.583032 0.503724 0.584838 0.504401 0.585740 0.504401 0.586643 0.505755 0.588448 0.506432 0.588448 0.507109 0.589350 0.509817 0.589350 0.510494 0.588448 0.515234 0.588448 0.516588 0.586643 0.516588 0.585740 0.517265 0.584838 0.517265 0.583032 0.516588 0.582130 0.516588 0.581227 0.509140 0.581227 0.508463 0.580325 0.507109 0.580325 0.505078 0.578520 0.504401 0.578520
1 0.502370 0.580325 0.501693 0.579422 0.501693 0.577617 0.500338 0.575812 0.499661 0.575812 0.498984 0.574910 0.496953 0.574910 0.496276 0.575812 0.494922 0.575812 0.493568 0.577617 0.492891 0.577617 0.492891 0.578520 0.492214 0.579422 0.492214 0.580325 0.491537 0.581227 0.492214 0.582130 0.492891 0.582130 0.493568 0.583032 0.495599 0.583032 0.496276 0.582130 0.501693 0.582130 0.502370 0.581227
1 0.489506 0.582130 0.490183 0.583032 0.490183 0.583935 0.490860 0.584838 0.494245 0.584838 0.496276 0.582130 0.496953 0.582130 0.497630 0.581227 0.498984 0.581227 0.498984 0.580325 0.498307 0.579422 0.498307 0.577617 0.496953 0.577617 0.496276 0.576715 0.492891 0.576715 0.492214 0.577617 0.490860 0.577617 0.490860 0.578520 0.490183 0.579422 0.490183 0.580325 0.489506 0.581227
1 0.775220 0.601986 0.775220 0.604693 0.774543 0.605596 0.775220 0.606498 0.775220 0.607401 0.776574 0.609206 0.777251 0.609206 0.777928 0.610108 0.779959 0.610108 0.780636 0.609206 0.781991 0.609206 0.782668 0.608303 0.782668 0.602888 0.781313 0.601083 0.780636 0.601083 0.779959 0.600181 0.777251 0.600181 0.776574 0.601083 0.775897 0.601083
1 0.629655 0.554152 0.629655 0.555054 0.628978 0.555957 0.628978 0.560469 0.629655 0.561372 0.633040 0.561372 0.633717 0.562274 0.635071 0.562274 0.635748 0.563177 0.637779 0.563177 0.638456 0.562274 0.638456 0.561372 0.639133 0.560469 0.638456 0.559567 0.638456 0.556859 0.636425 0.554152 0.635071 0.554152 0.634394 0.553249 0.630332 0.553249
1 0.566012 0.610108 0.565335 0.611011 0.565335 0.611913 0.564658 0.612816 0.564658 0.618231 0.566012 0.620036 0.570752 0.620036 0.572106 0.618231 0.572106 0.614621 0.571429 0.613718 0.571429 0.611913 0.570752 0.611011 0.570074 0.611011 0.569397 0.610108 0.568043 0.610108 0.567366 0.609206 0.566689 0.610108
1 0.528775 0.583935 0.528098 0.583032 0.528098 0.582130 0.527420 0.581227 0.526066 0.581227 0.525389 0.580325 0.524712 0.581227 0.521327 0.581227 0.519973 0.583032 0.519973 0.583935 0.519296 0.584838 0.520650 0.586643 0.520650 0.587545 0.521327 0.587545 0.522004 0.588448 0.523358 0.588448 0.524035 0.589350 0.526066 0.589350 0.526743 0.588448 0.528098 0.588448 0.528775 0.587545
1 0.217332 0.584838 0.210562 0.583032 0.207177 0.578520 0.202437 0.566787 0.197698 0.561372 0.190928 0.557762 0.182803 0.558664 0.174001 0.568592 0.171293 0.575812 0.170616 0.587545 0.165877 0.597473 0.165200 0.603791 0.167908 0.607401 0.184834 0.605596 0.205823 0.594765 0.213947 0.592058 0.217332 0.588448
1 0.311442 0.570397 0.311442 0.574910 0.312796 0.576715 0.314150 0.576715 0.314827 0.577617 0.318213 0.577617 0.318890 0.576715 0.320921 0.576715 0.321598 0.575812 0.321598 0.574910 0.322275 0.574007 0.321598 0.573105 0.321598 0.570397 0.320921 0.569495 0.320921 0.568592 0.320244 0.567690 0.318890 0.567690 0.318213 0.566787 0.314827 0.566787 0.314150 0.567690 0.313473 0.567690
1 0.518619 0.579422 0.517265 0.579422 0.516588 0.580325 0.515234 0.580325 0.514557 0.581227 0.513202 0.581227 0.513202 0.583935 0.515234 0.586643 0.518619 0.586643 0.519973 0.584838 0.519973 0.581227
1 0.446852 0.588448 0.446852 0.590253 0.446175 0.591155 0.446852 0.592058 0.446852 0.592960 0.447529 0.592960 0.448206 0.593863 0.450914 0.593863 0.451591 0.592960 0.452268 0.592960 0.452945 0.592058 0.452945 0.590253 0.452268 0.589350 0.452268 0.587545 0.450914 0.587545 0.450237 0.586643 0.448883 0.586643 0.448206 0.587545 0.447529 0.587545
1 0.149628 0.556859 0.149628 0.558664 0.148951 0.559567 0.148951 0.564079 0.149628 0.564079 0.152336 0.566787 0.155721 0.568592 0.157752 0.571300 0.158429 0.571300 0.160460 0.573105 0.164523 0.573105 0.166554 0.570397 0.166554 0.569495 0.167231 0.568592 0.167231 0.566787 0.167908 0.565884 0.167908 0.559567 0.167231 0.558664 0.167231 0.556859 0.165200 0.553249 0.164523 0.553249 0.163846 0.552347 0.162492 0.552347 0.161814 0.551444 0.155721 0.551444 0.155044 0.552347 0.153690 0.552347
1 0.566689 0.574910 0.566689 0.576715 0.566012 0.577617 0.566689 0.578520 0.566689 0.579422 0.567366 0.580325 0.567366 0.581227 0.573460 0.581227 0.574137 0.580325 0.574137 0.576715 0.573460 0.575812 0.573460 0.574007 0.572783 0.573105 0.572106 0.573105 0.571429 0.572202 0.569397 0.572202 0.568720 0.573105 0.568043 0.573105
1 0.513202 0.581227 0.513202 0.583032 0.512525 0.583935 0.515234 0.587545 0.515911 0.586643 0.518619 0.586643 0.518619 0.585740 0.519296 0.584838 0.519296 0.581227 0.518619 0.580325 0.515234 0.580325 0.514557 0.581227
1 0.519973 0.619134 0.518619 0.619134 0.514557 0.624549 0.514557 0.625451 0.513202 0.628159 0.513202 0.630866 0.512525 0.631769 0.512525 0.633574 0.513202 0.634477 0.513202 0.635379 0.514557 0.637184 0.515911 0.637184 0.516588 0.638087 0.519296 0.638087 0.520650 0.636282 0.520650 0.634477 0.521327 0.633574 0.521327 0.625451 0.520650 0.624549 0.520650 0.620036
1 0.495599 0.576715 0.495599 0.577617 0.494922 0.578520 0.494922 0.581227 0.495599 0.582130 0.497630 0.582130 0.498307 0.583032 0.500338 0.583032 0.501016 0.583935 0.503047 0.583935 0.503724 0.584838 0.505755 0.584838 0.505755 0.580325 0.504401 0.578520 0.504401 0.577617 0.503047 0.575812 0.502370 0.575812 0.501693 0.574910 0.501016 0.574910 0.500338 0.574007 0.497630 0.574007
1 0.537576 0.581227 0.535545 0.581227 0.532837 0.584838 0.533514 0.585740 0.533514 0.587545 0.534868 0.587545 0.535545 0.588448 0.536222 0.588448 0.536899 0.587545 0.537576 0.587545 0.538930 0.585740 0.538930 0.583935 0.538253 0.583032 0.538253 0.582130
1 0.502370 0.577617 0.501693 0.578520 0.501693 0.579422 0.501016 0.580325 0.501016 0.581227 0.501693 0.581227 0.502370 0.582130 0.502370 0.583032 0.503724 0.584838 0.503724 0.585740 0.505078 0.587545 0.506432 0.587545 0.507109 0.588448 0.508463 0.588448 0.509817 0.586643 0.509817 0.585740 0.510494 0.584838 0.509817 0.583935 0.509817 0.581227 0.508463 0.581227 0.507786 0.580325 0.507109 0.580325 0.504401 0.576715 0.503724 0.577617
1 0.547055 0.577617 0.546378 0.578520 0.546378 0.583032 0.547055 0.583935 0.547732 0.583032 0.550440 0.583032 0.551117 0.582130 0.551117 0.578520 0.550440 0.577617
1 0.574137 0.602888 0.574137 0.606498 0.574814 0.606498 0.575491 0.607401 0.576168 0.607401 0.576845 0.608303 0.581584 0.608303 0.582938 0.606498 0.583615 0.606498 0.584292 0.605596 0.584970 0.605596 0.584970 0.601986 0.582938 0.599278 0.582261 0.599278 0.581584 0.598375 0.577522 0.598375 0.576168 0.600181 0.575491 0.600181 0.574814 0.601083 0.574814 0.601986
1 0.519296 0.579422 0.518619 0.579422 0.517942 0.580325 0.517265 0.580325 0.516588 0.581227 0.516588 0.582130 0.515911 0.583032 0.515911 0.585740 0.517265 0.587545 0.519296 0.587545 0.519973 0.586643 0.520650 0.586643 0.522004 0.584838 0.522004 0.583032 0.521327 0.582130 0.521327 0.581227 0.520650 0.580325 0.519973 0.580325
1 0.537576 0.585740 0.537576 0.583935 0.536222 0.582130 0.535545 0.582130 0.534868 0.583032 0.531483 0.583032 0.530806 0.583935 0.530129 0.583935 0.529452 0.584838 0.530806 0.586643 0.530806 0.587545 0.531483 0.587545 0.532160 0.588448 0.532837 0.588448 0.533514 0.587545 0.534868 0.587545 0.535545 0.586643 0.536222 0.586643 0.536899 0.585740
1 0.205823 0.574007 0.204469 0.572202 0.203114 0.567690 0.197698 0.561372 0.191605 0.557762 0.184834 0.557762 0.180095 0.560469 0.174001 0.569495 0.171293 0.575812 0.170616 0.587545 0.171293 0.589350 0.178064 0.589350 0.192959 0.583935 0.199729 0.583032 0.205823 0.578520
1 0.607312 0.564982 0.607312 0.565884 0.606635 0.566787 0.606635 0.567690 0.607312 0.568592 0.607312 0.570397 0.607989 0.571300 0.608666 0.571300 0.609343 0.572202 0.613406 0.572202 0.614083 0.571300 0.614760 0.571300 0.614760 0.568592 0.615437 0.567690 0.614760 0.566787 0.614760 0.564982 0.614083 0.564079 0.614083 0.563177 0.613406 0.563177 0.612728 0.562274 0.609343 0.562274
1 0.291131 0.603791 0.290454 0.604693 0.289777 0.604693 0.288422 0.606498 0.288422 0.607401 0.287745 0.608303 0.287745 0.613718 0.288422 0.614621 0.288422 0.615523 0.290454 0.618231 0.291131 0.618231 0.291808 0.619134 0.293839 0.619134 0.295193 0.617329 0.295193 0.616426 0.295870 0.615523 0.295870 0.611913 0.297224 0.610108 0.297224 0.609206 0.297901 0.608303 0.297224 0.607401 0.297224 0.605596 0.296547 0.604693 0.295193 0.604693 0.294516 0.603791
1 0.603927 0.639892 0.605281 0.641697 0.605958 0.641697 0.606635 0.642599 0.607312 0.642599 0.607989 0.643502 0.612728 0.643502 0.612728 0.642599 0.613406 0.641697 0.613406 0.639892 0.612728 0.638989 0.612051 0.638989 0.610697 0.637184 0.610020 0.637184 0.609343 0.636282 0.608666 0.636282 0.607989 0.637184 0.605958 0.637184
1 0.597156 0.639892 0.599188 0.642599 0.600542 0.642599 0.601219 0.643502 0.603250 0.643502 0.603927 0.642599 0.605281 0.642599 0.606635 0.640794 0.606635 0.638087 0.605281 0.636282 0.603927 0.636282 0.603250 0.635379 0.601219 0.635379 0.600542 0.636282 0.599865 0.636282
1 0.466486 0.632671 0.465809 0.633574 0.465809 0.634477 0.465132 0.635379 0.465132 0.637184 0.466486 0.638989 0.467840 0.638989 0.468517 0.638087 0.469194 0.638087 0.470548 0.636282 0.469871 0.635379 0.469871 0.634477 0.469194 0.634477 0.468517 0.633574 0.467840 0.633574 0.467163 0.632671
1 0.600542 0.639892 0.600542 0.640794 0.601219 0.640794 0.602573 0.642599 0.603927 0.642599 0.604604 0.643502 0.605958 0.643502 0.606635 0.642599 0.607312 0.642599 0.607989 0.641697 0.608666 0.641697 0.609343 0.640794 0.609343 0.639892 0.608666 0.638989 0.608666 0.638087 0.607989 0.637184 0.607312 0.637184 0.606635 0.636282 0.601896 0.636282 0.601219 0.637184 0.601219 0.638989
1 0.576168 0.638989 0.576845 0.639892 0.579553 0.639892 0.580230 0.638989 0.580907 0.638989 0.582261 0.637184 0.582261 0.636282 0.581584 0.636282 0.580907 0.635379 0.578876 0.635379 0.578199 0.634477 0.577522 0.634477 0.576168 0.636282
1 0.626269 0.656137 0.626269 0.657040 0.625592 0.657942 0.625592 0.664260 0.626269 0.665162 0.626947 0.665162 0.627624 0.666065 0.631009 0.666065 0.631686 0.665162 0.632363 0.665162 0.632363 0.661552 0.630332 0.658845 0.630332 0.657942 0.628978 0.657942 0.628301 0.657040 0.627624 0.657040 0.626947 0.656137
1 0.492214 0.630866 0.491537 0.629964 0.490183 0.629964 0.488829 0.631769 0.488152 0.631769 0.486798 0.633574 0.487475 0.634477 0.487475 0.636282 0.490860 0.636282 0.492891 0.633574 0.492891 0.632671 0.492214 0.631769
1 0.516588 0.636282 0.515911 0.637184 0.515911 0.639892 0.516588 0.639892 0.517265 0.640794 0.517942 0.640794 0.518619 0.641697 0.519296 0.641697 0.519973 0.640794 0.520650 0.640794 0.521327 0.639892 0.521327 0.637184 0.520650 0.636282 0.519973 0.636282 0.519296 0.635379 0.518619 0.635379 0.517942 0.636282
1 0.214624 0.886282 0.211916 0.884477 0.206500 0.884477 0.205823 0.885379 0.201083 0.885379 0.200406 0.886282 0.198375 0.886282 0.195667 0.888087 0.193636 0.888087 0.192282 0.888989 0.192282 0.890794 0.191605 0.891697 0.191605 0.899819 0.192282 0.901625 0.194313 0.901625 0.194990 0.900722 0.199729 0.900722 0.200406 0.899819 0.202437 0.899819 0.203114 0.898917 0.206500 0.898014 0.214624 0.888989
1 0.205823 0.860108 0.205146 0.861011 0.204469 0.861011 0.203114 0.862816 0.203114 0.864621 0.202437 0.865523 0.202437 0.871841 0.201760 0.872744 0.201760 0.873646 0.203114 0.875451 0.205146 0.875451 0.205823 0.876354 0.208531 0.876354 0.209208 0.875451 0.209885 0.875451 0.209885 0.874549 0.210562 0.873646 0.210562 0.871841 0.209885 0.870939 0.209885 0.869134 0.209208 0.868231 0.209208 0.867329 0.208531 0.866426 0.208531 0.864621 0.207854 0.863718 0.207854 0.862816 0.207177 0.861913 0.207177 0.861011 0.206500 0.860108
1 0.233582 0.654332 0.233582 0.659747 0.236290 0.663357 0.238998 0.663357 0.240352 0.661552 0.241029 0.661552 0.241029 0.660650 0.241706 0.659747 0.241706 0.658845 0.242383 0.657942 0.241029 0.656137 0.240352 0.656137 0.238998 0.654332 0.235613 0.654332 0.234936 0.653430 0.234259 0.653430
1 0.099526 0.685921 0.099526 0.689531 0.100203 0.690433 0.100880 0.690433 0.101557 0.691336 0.102911 0.691336 0.103588 0.692238 0.109005 0.692238 0.109682 0.691336 0.109682 0.685921 0.109005 0.685018 0.109005 0.684116 0.108328 0.683213 0.106974 0.683213 0.106297 0.682310 0.104942 0.682310 0.104265 0.683213 0.102911 0.683213 0.102234 0.684116 0.101557 0.684116 0.100880 0.685018 0.100203 0.685018
1 0.182126 0.899819 0.179418 0.896209 0.179418 0.895307 0.178741 0.894404 0.178064 0.894404 0.176032 0.897112 0.175355 0.897112 0.174678 0.898014 0.174001 0.897112 0.171970 0.897112 0.171293 0.898014 0.168585 0.898014 0.167908 0.898917 0.163846 0.898917 0.163169 0.899819 0.162492 0.899819 0.162492 0.901625 0.161814 0.902527 0.161814 0.904332 0.162492 0.904332 0.164523 0.906137 0.166554 0.906137 0.167231 0.905235 0.178741 0.905235 0.179418 0.904332 0.181449 0.904332 0.182126 0.903430
1 0.652674 0.737365 0.653351 0.738267 0.653351 0.740072 0.654028 0.740975 0.655383 0.740975 0.656060 0.741877 0.664861 0.741877 0.665538 0.740975 0.665538 0.736462 0.664861 0.735560 0.664861 0.734657 0.660799 0.734657 0.660122 0.735560 0.656737 0.735560 0.656060 0.734657 0.655383 0.734657 0.654705 0.733755 0.654028 0.733755 0.654028 0.734657 0.653351 0.735560 0.653351 0.736462
1 0.610697 0.740072 0.610697 0.740975 0.612051 0.740975 0.612728 0.741877 0.616114 0.741877 0.616791 0.742780 0.634394 0.742780 0.635748 0.740975 0.635748 0.740072 0.635071 0.739170 0.635071 0.737365 0.634394 0.737365 0.633717 0.736462 0.629655 0.736462 0.622884 0.731047 0.620853 0.732852 0.619499 0.732852 0.616791 0.735560 0.615437 0.735560 0.613406 0.737365 0.612051 0.737365 0.612051 0.738267
1 0.610020 0.639892 0.610020 0.643502 0.610697 0.643502 0.612051 0.645307 0.613406 0.645307 0.614083 0.646209 0.619499 0.646209 0.619499 0.644404 0.620176 0.643502 0.619499 0.642599 0.619499 0.638989 0.613406 0.638989 0.612728 0.638087 0.612051 0.638989 0.611374 0.638989 0.610697 0.639892
