0 0.000000 0.665162 0.000000 0.685018 0.016926 0.695848 0.088016 0.629964 0.130670 0.618231 0.145565 0.638087 0.126608 0.759928 0.147596 0.765343 0.178064 0.665162 0.199729 0.659747 0.215301 0.729242 0.215978 0.852888 0.235613 0.818592 0.241706 0.695848 0.256601 0.740072 0.262018 0.811372 0.287068 0.809567 0.262695 0.657942 0.227488 0.565884 0.209885 0.546029 0.064320 0.601083 0.035207 0.649819
0 0.410968 0.326715 0.403521 0.341155 0.475288 0.482852 0.510494 0.491877 0.522004 0.562274 0.497630 0.898917 0.472580 0.924188 0.529452 0.945848 0.560596 0.691336 0.608666 0.879061 0.605281 0.932310 0.626947 0.942238 0.637102 0.884477 0.601896 0.622744 0.644550 0.598375 0.658091 0.529783 0.624238 0.462996 0.576168 0.414260 0.578876 0.372744 0.560596 0.350181 0.527420 0.357401 0.522004 0.425993 0.478673 0.426895
1 0.197021 0.544224 0.180095 0.551444 0.170616 0.558664 0.162492 0.574007 0.161137 0.592058 0.167908 0.610108 0.182803 0.627256 0.195667 0.636282 0.207177 0.637184 0.218009 0.633574 0.227488 0.622744 0.232227 0.605596 0.232227 0.585740 0.229519 0.571300 0.222749 0.556859 0.209885 0.546029
1 0.578199 0.369134 0.557211 0.347473 0.542993 0.345668 0.531483 0.351986 0.526066 0.359206 0.521327 0.375451 0.522004 0.421480 0.524712 0.424188 0.529452 0.423285 0.526743 0.413357 0.530806 0.400722 0.538253 0.388989 0.549086 0.386282 0.549763 0.383574 0.544347 0.379964 0.553148 0.368231 0.567366 0.370036 0.574814 0.379061 0.574814 0.387184 0.577522 0.387184 0.579553 0.383574
3 0.605958 0.887184 0.602573 0.898917 0.602573 0.907040 0.604604 0.916968 0.605281 0.935921 0.611374 0.940433 0.620176 0.944043 0.626269 0.944043 0.631686 0.940433 0.634394 0.934116 0.633717 0.919675 0.633040 0.918773 0.626269 0.923285 0.620176 0.923285 0.616114 0.920578 0.611374 0.913357 0.610020 0.907942 0.608666 0.886282
3 0.213270 0.838448 0.212593 0.840253 0.212593 0.842058 0.211916 0.842960 0.211916 0.851986 0.212593 0.852888 0.212593 0.855596 0.213270 0.856498 0.213270 0.858303 0.214624 0.860108 0.216655 0.861011 0.219364 0.864621 0.222072 0.864621 0.223426 0.863718 0.223426 0.861913 0.224103 0.861011 0.224103 0.851986 0.224780 0.851083 0.224780 0.847473 0.226811 0.843863 0.226811 0.842058 0.227488 0.841155 0.226811 0.840253 0.226134 0.841155 0.224103 0.841155 0.223426 0.842058 0.220718 0.842058 0.220041 0.841155 0.218687 0.841155 0.215978 0.839350 0.213947 0.839350
3 0.232227 0.826715 0.228165 0.826715 0.224780 0.829422 0.222749 0.829422 0.222072 0.830325 0.214624 0.830325 0.213270 0.831227 0.213270 0.833032 0.211916 0.836643 0.211916 0.839350 0.211239 0.840253 0.211239 0.842960 0.210562 0.843863 0.210562 0.847473 0.212593 0.851083 0.212593 0.852888 0.213947 0.856498 0.220041 0.863718 0.222072 0.862816 0.223426 0.861011 0.224780 0.848375 0.228165 0.841155 0.230873 0.838448 0.232227 0.834838 0.232227 0.833032 0.232905 0.832130 0.232905 0.827617
3 0.230873 0.830325 0.227488 0.833032 0.224103 0.833032 0.220041 0.835740 0.214624 0.832130 0.205823 0.833032 0.203114 0.836643 0.200406 0.844765 0.201760 0.848375 0.209208 0.851083 0.210562 0.853791 0.209885 0.859206 0.205146 0.862816 0.206500 0.867329 0.206500 0.872744 0.218687 0.875451 0.222072 0.874549 0.224103 0.861011 0.224103 0.851083 0.228165 0.840253 0.230873 0.837545 0.231550 0.833935
3 0.134056 0.844765 0.131347 0.842960 0.113067 0.840253 0.104942 0.847473 0.101557 0.851986 0.099526 0.858303 0.091401 0.867329 0.086662 0.879061 0.081246 0.887184 0.080569 0.892599 0.083277 0.894404 0.101557 0.894404 0.114421 0.886282 0.115775 0.883574 0.115098 0.879964 0.110359 0.876354 0.121192 0.872744 0.128639 0.867329 0.131347 0.863718 0.135410 0.852888
3 0.469871 0.910650 0.477319 0.914260 0.470548 0.921480 0.470548 0.925993 0.475288 0.930505 0.515234 0.953971 0.522681 0.953971 0.529452 0.947653 0.530129 0.940433 0.526066 0.927798 0.514557 0.929603 0.503724 0.923285 0.501016 0.917870 0.498307 0.899819 0.488152 0.905235 0.486121 0.899819 0.481381 0.897112 0.473257 0.897112
