0 0.501016 0.471119 0.493568 0.490975 0.496953 0.500903 0.487475 0.512635 0.486121 0.524368 0.493568 0.533394 0.488152 0.605596 0.498307 0.620036 0.498984 0.591155 0.501693 0.583935 0.505078 0.596570 0.505078 0.648014 0.512525 0.640794 0.517265 0.568592 0.515911 0.532491 0.519296 0.527978 0.520650 0.515343 0.513202 0.501805 0.510494 0.476534
0 0.666215 0.452166 0.656060 0.462996 0.659445 0.490975 0.657414 0.496390 0.623561 0.505415 0.615437 0.517148 0.643196 0.528881 0.643196 0.624549 0.675694 0.637184 0.677048 0.611913 0.674340 0.599278 0.679756 0.591155 0.681787 0.571300 0.658091 0.561372 0.649966 0.553249 0.651320 0.546931 0.664184 0.533394 0.682464 0.531588 0.687204 0.514440 0.685850 0.500000 0.677048 0.490072 0.679079 0.462996 0.673663 0.453971
0 0.787407 0.485560 0.776574 0.472924 0.761002 0.470217 0.732566 0.498195 0.741368 0.511733 0.742722 0.533394 0.718348 0.536101 0.670278 0.532491 0.654705 0.545126 0.652674 0.553249 0.657414 0.563177 0.702776 0.576715 0.724441 0.564079 0.737305 0.564982 0.758971 0.579422 0.769127 0.599278 0.781991 0.556859 0.779282 0.513538 0.787407 0.501805
0 0.354773 0.481949 0.348003 0.491877 0.350711 0.508123 0.340555 0.520758 0.345972 0.543321 0.348003 0.646209 0.351388 0.652527 0.367637 0.654332 0.365606 0.642599 0.368314 0.633574 0.371699 0.589350 0.375762 0.581227 0.374408 0.546931 0.383886 0.538809 0.383886 0.531588 0.377116 0.518051 0.364929 0.509928 0.366283 0.492780 0.364252 0.486462
0 0.733920 0.565884 0.676371 0.599278 0.689235 0.641697 0.640487 0.628159 0.622207 0.640794 0.596479 0.639892 0.584970 0.653430 0.584970 0.663357 0.601896 0.659747 0.669601 0.737365 0.658768 0.803249 0.657414 0.880866 0.690589 0.999097 0.729181 0.995487 0.723087 0.913357 0.733920 0.824007 0.729181 0.803249 0.753555 0.717509 0.753555 0.671480 0.767772 0.633574 0.765064 0.590253
0 0.143534 0.538809 0.115775 0.560469 0.110359 0.582130 0.138795 0.636282 0.136764 0.671480 0.154367 0.744585 0.150305 0.799639 0.165877 0.847473 0.160460 0.993682 0.251862 0.999097 0.249831 0.990072 0.220718 0.992780 0.210562 0.971119 0.215301 0.945848 0.205823 0.941336 0.231550 0.817690 0.232905 0.756318 0.218009 0.676895 0.274204 0.627256 0.301286 0.586643 0.285037 0.576715 0.191605 0.608303 0.186865 0.555054
0 0.575491 0.470217 0.569397 0.472022 0.563981 0.482852 0.567366 0.503610 0.547055 0.525271 0.548409 0.530686 0.559242 0.534296 0.555856 0.635379 0.542993 0.654332 0.546378 0.659747 0.570752 0.656137 0.578199 0.650722 0.567366 0.640794 0.570752 0.597473 0.575491 0.607401 0.578876 0.648014 0.589032 0.640794 0.587678 0.547834 0.591740 0.527076 0.589709 0.512635 0.580907 0.498195 0.582261 0.477437
0 0.108328 0.476534 0.090724 0.482852 0.082600 0.497292 0.088016 0.527978 0.096141 0.537004 0.086662 0.576715 0.106297 0.638087 0.105619 0.673285 0.114421 0.703069 0.113744 0.870036 0.136764 0.877256 0.161137 0.866426 0.163169 0.855596 0.146242 0.838448 0.152336 0.744585 0.138118 0.690433 0.136087 0.636282 0.114421 0.605596 0.109005 0.581227 0.112390 0.564079 0.129316 0.543321 0.135410 0.500903
0 0.436019 0.573105 0.409614 0.594765 0.402844 0.642599 0.387949 0.666065 0.391334 0.765343 0.379147 0.842058 0.387949 0.999097 0.405552 0.994585 0.406906 0.919675 0.414353 0.898917 0.429926 0.909747 0.431957 0.993682 0.458362 0.996390 0.464455 0.897112 0.479350 0.842058 0.469194 0.752708 0.488152 0.688628 0.494245 0.621841 0.481381 0.611011 0.474611 0.648014 0.452945 0.666065 0.465132 0.609206
0 0.421801 0.472022 0.415708 0.477437 0.416385 0.499097 0.408937 0.504513 0.406906 0.518953 0.403521 0.524368 0.405552 0.528881 0.410968 0.530686 0.412322 0.536101 0.408937 0.587545 0.410968 0.592058 0.420447 0.579422 0.429248 0.572202 0.434665 0.571300 0.438727 0.574910 0.441435 0.572202 0.438727 0.542419 0.439404 0.515343 0.436019 0.502708 0.429926 0.497292 0.430603 0.481047 0.429248 0.477437
0 0.273527 0.480144 0.266080 0.480144 0.258632 0.488267 0.257955 0.498195 0.261341 0.505415 0.261341 0.512635 0.249831 0.524368 0.251185 0.540614 0.257955 0.555054 0.258632 0.579422 0.261341 0.584838 0.282329 0.574910 0.296547 0.576715 0.293162 0.545126 0.295870 0.541516 0.303995 0.541516 0.310088 0.534296 0.313473 0.534296 0.320244 0.541516 0.324983 0.540614 0.327691 0.535199 0.326337 0.528881 0.321598 0.525271 0.310088 0.524368 0.293162 0.516245 0.281652 0.517148 0.283683 0.496390 0.279621 0.485560
1 0.740691 0.490975 0.740691 0.493682 0.744076 0.495487 0.761679 0.496390 0.781991 0.504513 0.786730 0.503610 0.788761 0.499097 0.788761 0.490072 0.786053 0.481047 0.782668 0.476534 0.778605 0.473827 0.766418 0.469314 0.760325 0.470217 0.756263 0.472924 0.749492 0.481047 0.744753 0.489170
1 0.464455 0.606498 0.450914 0.584838 0.442112 0.579422 0.436696 0.573105 0.431957 0.571300 0.423155 0.577617 0.408260 0.597473 0.404198 0.611913 0.402167 0.637184 0.404198 0.641697 0.412999 0.648014 0.428571 0.648014 0.436696 0.645307 0.450237 0.637184 0.460393 0.626354 0.464455 0.616426
1 0.136764 0.500903 0.134733 0.497292 0.130670 0.495487 0.127962 0.490072 0.123223 0.484657 0.113067 0.477437 0.106974 0.476534 0.092756 0.481949 0.088693 0.484657 0.083954 0.490975 0.082600 0.496390 0.081923 0.511733 0.083954 0.513538 0.086662 0.513538 0.092079 0.509928 0.111036 0.502708 0.132024 0.502708
1 0.507786 0.472924 0.505078 0.471119 0.501693 0.471119 0.497630 0.475632 0.496276 0.479242 0.494922 0.486462 0.494245 0.487365 0.494245 0.490072 0.493568 0.490975 0.493568 0.494585 0.494922 0.497292 0.498307 0.497292 0.498307 0.495487 0.498984 0.494585 0.498984 0.490975 0.501693 0.487365 0.502370 0.488267 0.505078 0.488267 0.509140 0.490975 0.511848 0.494585 0.513202 0.493682 0.513879 0.490072 0.512525 0.488267 0.511171 0.483755 0.511171 0.481949 0.511848 0.481047 0.511171 0.477437
1 0.348003 0.490975 0.348003 0.496390 0.348680 0.497292 0.348680 0.498195 0.349357 0.498195 0.350034 0.499097 0.360190 0.499097 0.360867 0.498195 0.364929 0.498195 0.366283 0.495487 0.366283 0.491877 0.365606 0.490975 0.365606 0.489170 0.364252 0.487365 0.364252 0.486462 0.360867 0.482852 0.360190 0.482852 0.359513 0.481949 0.356804 0.481949 0.356127 0.481047 0.355450 0.481047 0.353419 0.482852 0.352065 0.482852 0.350711 0.484657 0.350711 0.485560 0.349357 0.487365 0.349357 0.488267
1 0.689912 0.591155 0.690589 0.602888 0.694651 0.609206 0.731212 0.634477 0.750169 0.640794 0.762356 0.640794 0.767772 0.635379 0.768450 0.605596 0.766418 0.592058 0.757617 0.579422 0.746784 0.570397 0.730535 0.564982 0.725118 0.565884
1 0.563304 0.483755 0.563981 0.484657 0.565335 0.484657 0.566012 0.485560 0.567366 0.485560 0.568043 0.484657 0.576168 0.484657 0.576845 0.485560 0.578876 0.485560 0.580907 0.487365 0.582261 0.487365 0.583615 0.484657 0.583615 0.480144 0.582938 0.479242 0.582261 0.476534 0.578876 0.472022 0.578199 0.472022 0.577522 0.471119 0.576168 0.471119 0.575491 0.470217 0.573460 0.469314 0.572783 0.470217 0.570752 0.470217 0.566012 0.476534 0.566012 0.477437
1 0.731212 0.497292 0.731889 0.500903 0.740691 0.509025 0.755586 0.509928 0.763033 0.512635 0.772512 0.531588 0.778605 0.533394 0.780636 0.528881 0.780636 0.507220 0.779959 0.504513 0.776574 0.501805 0.763710 0.496390 0.746107 0.492780 0.736628 0.492780 0.732566 0.494585
1 0.188896 0.553249 0.184834 0.552347 0.178064 0.555054 0.169262 0.546029 0.152336 0.537906 0.142857 0.538809 0.129316 0.545126 0.115775 0.559567 0.110359 0.570397 0.109682 0.581227 0.115098 0.597473 0.114421 0.602888 0.115775 0.604693 0.121869 0.603791 0.140826 0.593863 0.167908 0.570397 0.180772 0.564079
1 0.415030 0.480144 0.415030 0.482852 0.414353 0.483755 0.414353 0.484657 0.415030 0.485560 0.415030 0.487365 0.416385 0.487365 0.417062 0.488267 0.419770 0.488267 0.420447 0.487365 0.426540 0.487365 0.427217 0.488267 0.428571 0.488267 0.429248 0.487365 0.429926 0.487365 0.431280 0.484657 0.431280 0.482852 0.430603 0.481949 0.430603 0.480144 0.429926 0.479242 0.429926 0.478339 0.428571 0.476534 0.428571 0.475632 0.427894 0.475632 0.426540 0.473827 0.425863 0.473827 0.425186 0.472924 0.423832 0.472924 0.423155 0.472022 0.421124 0.472022 0.420447 0.472924 0.418416 0.473827 0.416385 0.476534 0.416385 0.477437
1 0.654705 0.469314 0.655383 0.471119 0.656737 0.471119 0.657414 0.472022 0.659445 0.470217 0.662830 0.470217 0.663507 0.469314 0.666215 0.469314 0.666892 0.470217 0.673663 0.470217 0.674340 0.471119 0.677048 0.472022 0.678402 0.473827 0.678402 0.474729 0.678402 0.472924 0.679756 0.469314 0.679756 0.466606 0.679079 0.465704 0.678402 0.460289 0.675017 0.454874 0.672309 0.453069 0.665538 0.452166 0.664861 0.453069 0.662830 0.453069 0.661476 0.453971 0.657414 0.459386 0.655383 0.465704 0.655383 0.468412
1 0.257278 0.492780 0.257278 0.497292 0.258632 0.499097 0.266757 0.499097 0.267434 0.498195 0.278944 0.498195 0.279621 0.499097 0.283006 0.499097 0.283683 0.498195 0.283683 0.495487 0.280975 0.489170 0.280975 0.487365 0.276913 0.481949 0.272173 0.479242 0.268111 0.479242 0.267434 0.480144 0.265403 0.480144 0.262695 0.481949 0.259309 0.486462
1 0.272173 0.722022 0.268788 0.718412 0.264726 0.721119 0.259986 0.721119 0.259309 0.722022 0.257278 0.722022 0.255924 0.722924 0.254570 0.724729 0.254570 0.726534 0.253893 0.727437 0.253893 0.729242 0.252539 0.732852 0.252539 0.737365 0.255247 0.740975 0.256601 0.740975 0.257278 0.741877 0.266080 0.741877 0.267434 0.740072 0.269465 0.739170 0.272173 0.735560 0.272850 0.733755 0.272850 0.724729 0.272173 0.723827
1 0.511848 0.634477 0.506432 0.634477 0.505755 0.635379 0.505078 0.635379 0.504401 0.636282 0.504401 0.638087 0.503724 0.638989 0.503724 0.640794 0.503047 0.641697 0.503047 0.644404 0.502370 0.645307 0.502370 0.647112 0.503047 0.648014 0.504401 0.648014 0.505078 0.648917 0.505755 0.648014 0.508463 0.648014 0.509140 0.647112 0.510494 0.647112 0.511848 0.645307 0.511848 0.644404 0.512525 0.643502 0.512525 0.636282 0.511848 0.635379
3 0.562627 0.648917 0.562627 0.654332 0.563981 0.656137 0.565335 0.656137 0.566012 0.657040 0.572783 0.657040 0.573460 0.656137 0.574814 0.656137 0.575491 0.655235 0.576168 0.655235 0.576845 0.654332 0.578876 0.653430 0.578876 0.652527 0.579553 0.651625 0.579553 0.649819 0.578876 0.648917 0.578876 0.648014 0.577522 0.646209 0.576845 0.646209 0.575491 0.644404 0.574814 0.644404 0.571429 0.641697 0.567366 0.641697 0.566689 0.642599 0.566689 0.643502 0.564658 0.646209 0.563981 0.646209
3 0.147596 0.824910 0.146919 0.825812 0.146919 0.827617 0.145565 0.829422 0.144211 0.833032 0.144211 0.835740 0.146242 0.841155 0.148274 0.843863 0.153013 0.846570 0.154367 0.848375 0.158429 0.849278 0.161137 0.851083 0.163846 0.850181 0.164523 0.849278 0.164523 0.831227 0.163169 0.830325 0.161814 0.826715 0.160460 0.824910 0.158429 0.824910 0.157075 0.824007 0.155044 0.828520 0.153690 0.829422 0.150982 0.829422 0.149628 0.828520
3 0.266757 0.699458 0.265403 0.699458 0.264726 0.698556 0.257955 0.698556 0.257278 0.699458 0.255247 0.700361 0.255247 0.701264 0.253893 0.703971 0.253893 0.707581 0.253216 0.708484 0.253216 0.718412 0.254570 0.720217 0.258632 0.720217 0.259309 0.719314 0.261341 0.719314 0.262018 0.718412 0.264049 0.718412 0.264726 0.717509 0.266080 0.717509 0.269465 0.712996 0.269465 0.709386 0.268788 0.708484 0.268788 0.703069
3 0.559242 0.657942 0.558565 0.658845 0.557888 0.658845 0.556534 0.660650 0.555856 0.660650 0.554502 0.662455 0.554502 0.663357 0.553825 0.664260 0.553825 0.665162 0.554502 0.666065 0.554502 0.667870 0.555179 0.668773 0.555179 0.669675 0.555856 0.670578 0.555856 0.671480 0.556534 0.672383 0.556534 0.673285 0.557211 0.674188 0.558565 0.674188 0.559242 0.675090 0.561273 0.675090 0.561950 0.674188 0.563304 0.674188 0.565335 0.671480 0.565335 0.670578 0.566689 0.668773 0.566689 0.666968 0.566012 0.666065 0.566012 0.664260 0.565335 0.663357 0.565335 0.661552 0.563981 0.659747 0.563304 0.659747 0.561950 0.657942
3 0.734597 0.825812 0.734597 0.827617 0.733920 0.828520 0.733920 0.833032 0.733243 0.833935 0.733243 0.841155 0.732566 0.842058 0.732566 0.847473 0.733920 0.849278 0.734597 0.848375 0.737305 0.848375 0.737982 0.847473 0.751523 0.848375 0.752200 0.846570 0.752200 0.832130 0.750846 0.830325 0.744753 0.830325 0.739336 0.826715 0.737305 0.824007
3 0.370345 0.653430 0.369668 0.652527 0.369668 0.650722 0.367637 0.648014 0.367637 0.647112 0.366960 0.647112 0.366283 0.646209 0.366283 0.645307 0.365606 0.645307 0.364929 0.644404 0.360867 0.644404 0.360190 0.645307 0.356804 0.645307 0.356127 0.646209 0.353419 0.646209 0.352742 0.647112 0.349357 0.647112 0.348003 0.649819 0.348003 0.651625 0.348680 0.652527 0.348680 0.655235 0.353419 0.658845 0.360867 0.658845 0.361544 0.657942 0.365606 0.657942 0.366283 0.657040 0.367637 0.657040 0.368314 0.656137 0.368991 0.656137 0.370345 0.654332
3 0.011510 0.830325 0.010156 0.830325 0.009479 0.829422 0.005416 0.829422 0.004739 0.830325 0.002708 0.830325 0.002031 0.831227 0.000000 0.831227 0.000000 0.851986 0.002031 0.851986 0.002708 0.851083 0.003385 0.851083 0.004062 0.850181 0.004739 0.850181 0.005416 0.849278 0.011510 0.845668 0.013541 0.842960 0.013541 0.840253 0.014218 0.839350 0.014218 0.838448 0.013541 0.837545 0.013541 0.834838
3 0.383209 0.986462 0.382532 0.987365 0.382532 0.989170 0.381855 0.990072 0.381855 0.999097 0.387949 0.999097 0.387949 0.997292 0.387271 0.996390 0.387271 0.994585 0.386594 0.993682 0.386594 0.992780 0.385917 0.991877 0.385917 0.990975 0.383886 0.988267 0.383886 0.987365
3 0.163846 0.853791 0.154367 0.847473 0.144211 0.843863 0.136764 0.848375 0.134733 0.851083 0.132024 0.851986 0.121192 0.861011 0.116452 0.861913 0.113744 0.865523 0.113744 0.872744 0.115775 0.875451 0.129316 0.877256 0.143534 0.876354 0.161137 0.867329 0.163846 0.861913
3 0.348003 0.647112 0.348003 0.649819 0.347326 0.650722 0.348003 0.651625 0.348003 0.652527 0.348680 0.653430 0.348680 0.654332 0.350034 0.654332 0.350711 0.655235 0.358835 0.655235 0.359513 0.654332 0.359513 0.647112 0.358835 0.646209 0.356127 0.646209 0.355450 0.645307 0.350711 0.645307 0.350034 0.646209 0.348680 0.646209
3 0.358158 0.648014 0.358158 0.649819 0.357481 0.650722 0.360867 0.655235 0.361544 0.655235 0.362221 0.656137 0.364252 0.656137 0.364929 0.657040 0.365606 0.657040 0.366283 0.656137 0.368314 0.656137 0.368991 0.655235 0.369668 0.655235 0.370345 0.654332 0.370345 0.653430 0.369668 0.652527 0.369668 0.650722 0.368314 0.648917 0.368314 0.648014 0.365606 0.644404 0.362221 0.644404 0.361544 0.645307 0.360867 0.645307 0.360190 0.646209 0.359513 0.646209
3 0.305349 0.688628 0.301963 0.684116 0.299255 0.682310 0.297224 0.682310 0.296547 0.681408 0.293839 0.683213 0.290454 0.687726 0.287745 0.689531 0.283006 0.689531 0.281652 0.692238 0.281652 0.694946 0.280975 0.696751 0.281652 0.697653 0.281652 0.699458 0.282329 0.701264 0.286391 0.701264 0.287068 0.700361 0.290454 0.699458 0.292485 0.697653 0.293839 0.697653 0.294516 0.696751 0.296547 0.696751 0.299255 0.694043 0.301286 0.694043 0.301963 0.693141 0.303318 0.693141 0.304672 0.691336
3 0.366283 0.798736 0.364252 0.799639 0.360867 0.804152 0.358835 0.805054 0.358835 0.805957 0.358158 0.806859 0.358158 0.819495 0.358835 0.820397 0.358835 0.821300 0.359513 0.821300 0.362221 0.824007 0.366283 0.824007 0.366960 0.823105 0.368991 0.822202 0.375762 0.813177 0.375762 0.809567 0.375085 0.808664 0.375085 0.807762 0.372376 0.804152 0.371699 0.804152 0.369668 0.801444 0.367637 0.800542
3 0.563304 0.649819 0.562627 0.648917 0.562627 0.648014 0.561950 0.648014 0.561273 0.647112 0.559242 0.647112 0.558565 0.646209 0.556534 0.645307 0.555179 0.643502 0.553148 0.642599 0.547732 0.648917 0.545701 0.649819 0.542315 0.654332 0.542993 0.655235 0.542993 0.657942 0.543670 0.658845 0.544347 0.658845 0.545024 0.659747 0.548409 0.659747 0.549086 0.660650 0.549763 0.660650 0.550440 0.659747 0.553148 0.659747 0.553825 0.658845 0.555179 0.658845 0.555856 0.657942 0.558565 0.657942 0.559242 0.657040 0.560596 0.657040 0.562627 0.654332
3 0.580907 0.663357 0.580907 0.667870 0.581584 0.668773 0.582261 0.668773 0.582938 0.669675 0.584970 0.670578 0.586324 0.672383 0.591740 0.672383 0.593094 0.670578 0.593771 0.670578 0.595125 0.667870 0.595125 0.666065 0.595802 0.665162 0.595802 0.660650 0.593771 0.658845 0.590386 0.658845 0.588355 0.660650 0.587678 0.660650 0.585647 0.658845 0.584292 0.658845
3 0.495599 0.630866 0.494922 0.631769 0.494922 0.634477 0.494245 0.635379 0.494245 0.643502 0.494922 0.644404 0.494922 0.645307 0.496276 0.647112 0.501693 0.647112 0.501693 0.638087 0.501016 0.637184 0.501016 0.634477 0.498307 0.630866
3 0.233582 0.933213 0.231550 0.932310 0.226134 0.933213 0.222072 0.936823 0.220718 0.936823 0.211239 0.943141 0.209885 0.945848 0.209208 0.962996 0.209885 0.963899 0.209885 0.971119 0.213270 0.974729 0.220718 0.969314 0.226811 0.962996 0.234259 0.953069 0.236290 0.943141 0.236290 0.938628 0.235613 0.935921
3 0.254570 0.992780 0.253893 0.990975 0.251862 0.989170 0.244414 0.989170 0.243737 0.990072 0.238998 0.990072 0.238321 0.990975 0.222749 0.990975 0.220718 0.993682 0.220718 0.999097 0.253893 0.999097
