0 0.584705 0.317241 0.577270 0.326437 0.574615 0.341379 0.579395 0.390805 0.572491 0.414943 0.560276 0.512644 0.571429 0.552874 0.573553 0.671264 0.582050 0.678161 0.583643 0.691954 0.592671 0.695402 0.598513 0.688506 0.603293 0.652874 0.602230 0.580460 0.590016 0.582759 0.573553 0.532184 0.585236 0.514943 0.591078 0.527586 0.587892 0.541379 0.599575 0.554023 0.602230 0.531034 0.609665 0.516092 0.609134 0.420690 0.606479 0.401149 0.597451 0.386207 0.596389 0.329885
0 0.440255 0.296552 0.428571 0.311494 0.427509 0.349425 0.415826 0.366667 0.406798 0.404598 0.407329 0.418391 0.414764 0.434483 0.415826 0.478161 0.422199 0.517241 0.422730 0.640230 0.441848 0.633333 0.439724 0.604598 0.451407 0.475862 0.450345 0.435632 0.464153 0.409195 0.463622 0.403448 0.458311 0.403448 0.452469 0.413793 0.444503 0.386207 0.449814 0.378161 0.445566 0.354023 0.451938 0.334483 0.448221 0.308046
1 0.577801 0.324138 0.574615 0.339080 0.574615 0.343678 0.573553 0.350575 0.573553 0.355172 0.574615 0.357471 0.578332 0.357471 0.585767 0.352874 0.588423 0.349425 0.591078 0.349425 0.591609 0.348276 0.592671 0.352874 0.595327 0.357471 0.598513 0.350575 0.599044 0.343678 0.597451 0.333333 0.595327 0.325287 0.592671 0.320690 0.588423 0.317241 0.584174 0.317241 0.580988 0.319540
1 0.428040 0.313793 0.428040 0.321839 0.430165 0.325287 0.433351 0.326437 0.434944 0.328736 0.438662 0.331034 0.445566 0.339080 0.451407 0.339080 0.452469 0.337931 0.452469 0.334483 0.450876 0.331034 0.450876 0.320690 0.449283 0.313793 0.449283 0.310345 0.448221 0.306897 0.443441 0.297701 0.441848 0.296552 0.436537 0.296552 0.431758 0.302299
2 0.599044 0.670115 0.593202 0.670115 0.592671 0.668966 0.591609 0.668966 0.588423 0.672414 0.587361 0.674713 0.586830 0.674713 0.586830 0.675862 0.583643 0.682759 0.583112 0.685057 0.583112 0.691954 0.585236 0.695402 0.586830 0.695402 0.587361 0.696552 0.593733 0.696552 0.594264 0.695402 0.595327 0.695402 0.598513 0.691954 0.598513 0.690805 0.600106 0.686207 0.600106 0.683908 0.599575 0.682759 0.599575 0.674713 0.599044 0.673563
2 0.420605 0.636782 0.420605 0.641379 0.422199 0.643678 0.429103 0.643678 0.429634 0.642529 0.430696 0.642529 0.431227 0.641379 0.431758 0.641379 0.432820 0.639080 0.432820 0.637931 0.433351 0.636782 0.432820 0.635632 0.432820 0.634483 0.432289 0.633333 0.431758 0.629885 0.430165 0.626437 0.428571 0.626437 0.428040 0.625287 0.423792 0.625287 0.423261 0.626437 0.422730 0.626437 0.421668 0.628736 0.421668 0.631034 0.421136 0.632184 0.421136 0.635632
2 0.431758 0.624138 0.431758 0.633333 0.432289 0.634483 0.432289 0.636782 0.432820 0.637931 0.432820 0.639080 0.433351 0.639080 0.433882 0.640230 0.436537 0.640230 0.437069 0.639080 0.438131 0.639080 0.438662 0.637931 0.445035 0.637931 0.445566 0.636782 0.446628 0.636782 0.446628 0.634483 0.447159 0.633333 0.446628 0.632184 0.446628 0.631034 0.445566 0.628736 0.444503 0.628736 0.443972 0.627586 0.442379 0.626437 0.440255 0.621839 0.439193 0.616092 0.434944 0.616092 0.432289 0.621839 0.432289 0.622989
3 0.563994 0.658621 0.562400 0.658621 0.561869 0.659770 0.559745 0.659770 0.558683 0.662069 0.558683 0.663218 0.557090 0.666667 0.557090 0.675862 0.558152 0.678161 0.558683 0.678161 0.559214 0.679310 0.564525 0.679310 0.565056 0.678161 0.565056 0.677011 0.565587 0.675862 0.565587 0.670115 0.565056 0.668966 0.565056 0.660920
3 0.574084 0.659770 0.573553 0.660920 0.573553 0.664368 0.572491 0.667816 0.572491 0.670115 0.573022 0.671264 0.573022 0.675862 0.574084 0.678161 0.574084 0.679310 0.574615 0.680460 0.575146 0.680460 0.576208 0.682759 0.579395 0.682759 0.579926 0.681609 0.581519 0.681609 0.584174 0.675862 0.584174 0.672414 0.584705 0.671264 0.584174 0.670115 0.584174 0.664368 0.582581 0.662069 0.578864 0.662069 0.578332 0.660920 0.575677 0.660920 0.575146 0.659770
3 0.589485 0.620690 0.586830 0.620690 0.585767 0.622989 0.585236 0.622989 0.584705 0.624138 0.584705 0.626437 0.584174 0.627586 0.584174 0.632184 0.583643 0.633333 0.583643 0.639080 0.583112 0.640230 0.583643 0.641379 0.583643 0.644828 0.584705 0.647126 0.585236 0.647126 0.585767 0.645977 0.590016 0.645977 0.590547 0.644828 0.591609 0.644828 0.591609 0.642529 0.592140 0.641379 0.592140 0.628736 0.591609 0.627586 0.591609 0.624138 0.590547 0.621839 0.590016 0.621839
