0 0.046039 0.372744 0.041300 0.378159 0.042654 0.410650 0.046716 0.411552 0.050102 0.407040 0.055518 0.408845 0.066351 0.421480 0.056195 0.428700 0.056872 0.447653 0.054841 0.460289 0.056872 0.462996 0.060257 0.462094 0.062965 0.451264 0.064997 0.449458 0.068382 0.453069 0.071090 0.462996 0.077183 0.462094 0.078538 0.460289 0.067705 0.421480 0.067705 0.397112 0.063643 0.389892 0.054164 0.382671 0.054164 0.371841
0 0.460393 0.217509 0.435342 0.199458 0.416385 0.201264 0.381855 0.241877 0.377793 0.274368 0.296547 0.314982 0.247800 0.415162 0.222749 0.437726 0.232227 0.501805 0.247800 0.515343 0.274204 0.505415 0.273527 0.468412 0.299932 0.431408 0.308057 0.496390 0.428571 0.556859 0.438727 0.551444 0.464455 0.581227 0.475288 0.571300 0.456330 0.539711 0.439404 0.362816 0.427217 0.348375 0.449560 0.310469 0.468517 0.305957 0.471903 0.241877
0 0.684496 0.292419 0.668246 0.304152 0.660799 0.348375 0.677725 0.361011 0.669601 0.410650 0.668246 0.487365 0.675017 0.498195 0.681787 0.490072 0.686527 0.497292 0.682464 0.555957 0.693297 0.611011 0.675017 0.621841 0.681787 0.630866 0.715640 0.638989 0.704807 0.665162 0.725796 0.671480 0.745430 0.659747 0.742045 0.532491 0.746784 0.499097 0.761679 0.480144 0.762356 0.445848 0.742045 0.367329 0.718348 0.344765 0.708192 0.323105 0.709546 0.309567
0 0.542993 0.353791 0.521327 0.354693 0.515234 0.373646 0.460393 0.378159 0.444144 0.386282 0.442789 0.404332 0.459039 0.543321 0.470548 0.551444 0.475288 0.534296 0.480704 0.534296 0.487475 0.570397 0.497630 0.582130 0.503047 0.578520 0.497630 0.553249 0.498984 0.512635 0.510494 0.442238 0.531483 0.434116 0.536899 0.437726 0.553148 0.425090 0.560596 0.408845 0.560596 0.375451 0.553148 0.361011
0 0.195667 0.377256 0.192959 0.379061 0.190928 0.389892 0.198375 0.414260 0.197021 0.428700 0.194313 0.431408 0.199052 0.433213 0.203791 0.439531 0.212593 0.489170 0.216655 0.494585 0.220041 0.489170 0.220041 0.481949 0.214624 0.455776 0.214624 0.442238 0.216655 0.438628 0.215978 0.435018 0.220041 0.435921 0.221395 0.432310 0.220718 0.418773 0.213270 0.402527 0.210562 0.407040 0.212593 0.414260 0.209208 0.415162 0.208531 0.402527 0.203791 0.396209 0.203114 0.386282 0.199052 0.379061
0 0.622207 0.427798 0.612051 0.430505 0.603927 0.440433 0.596479 0.473827 0.583615 0.483755 0.557888 0.533394 0.554502 0.603791 0.560596 0.614621 0.566689 0.608303 0.570752 0.590253 0.576845 0.595668 0.576845 0.605596 0.567366 0.625451 0.570074 0.629964 0.584292 0.627256 0.595125 0.611913 0.595802 0.597473 0.587001 0.576715 0.607312 0.580325 0.608666 0.552347 0.630332 0.554152 0.639810 0.574910 0.659445 0.556859 0.660122 0.491877 0.650643 0.477437 0.637779 0.469314 0.638456 0.448556
0 0.482735 0.358303 0.481381 0.360108 0.481381 0.361011 0.480704 0.361913 0.480704 0.364621 0.480027 0.365523 0.480027 0.366426 0.480704 0.367329 0.480704 0.375451 0.481381 0.376354 0.482058 0.376354 0.482735 0.377256 0.484089 0.377256 0.484766 0.378159 0.491537 0.378159 0.492891 0.376354 0.492891 0.373646 0.491537 0.370939 0.491537 0.368231 0.490860 0.367329 0.490860 0.362816 0.490183 0.361913 0.490183 0.361011 0.488152 0.358303 0.485443 0.358303 0.484766 0.357401
1 0.055518 0.372744 0.053487 0.370036 0.052810 0.370939 0.049425 0.370939 0.048747 0.371841 0.045362 0.371841 0.044685 0.372744 0.044008 0.372744 0.043331 0.373646 0.042654 0.373646 0.040623 0.376354 0.040623 0.377256 0.041300 0.378159 0.041300 0.379964 0.042654 0.381769 0.053487 0.381769 0.054164 0.380866 0.054164 0.379964 0.055518 0.377256
1 0.448883 0.374549 0.449560 0.375451 0.449560 0.376354 0.450237 0.376354 0.450914 0.377256 0.454299 0.377256 0.454976 0.376354 0.459716 0.376354 0.460393 0.375451 0.461070 0.375451 0.463101 0.372744 0.462424 0.371841 0.462424 0.368231 0.461747 0.367329 0.461747 0.366426 0.461070 0.366426 0.460393 0.365523 0.454299 0.365523 0.453622 0.366426 0.452945 0.366426 0.452268 0.367329 0.451591 0.367329 0.449560 0.370036 0.449560 0.370939 0.448883 0.371841
1 0.145565 0.399819 0.145565 0.405235 0.146242 0.406137 0.146242 0.407040 0.147596 0.408845 0.149628 0.408845 0.150305 0.409747 0.150982 0.409747 0.151659 0.408845 0.153013 0.408845 0.153690 0.407942 0.154367 0.407942 0.154367 0.406137 0.153690 0.405235 0.153690 0.402527 0.153013 0.401625 0.153013 0.400722 0.150982 0.398014 0.147596 0.398014 0.146919 0.398917 0.146242 0.398917
1 0.053487 0.369134 0.052810 0.370036 0.052133 0.370036 0.051456 0.370939 0.050779 0.370939 0.050102 0.371841 0.049425 0.371841 0.048747 0.372744 0.048070 0.372744 0.048070 0.373646 0.047393 0.374549 0.047393 0.377256 0.048070 0.378159 0.048747 0.378159 0.049425 0.379061 0.050102 0.379061 0.050779 0.379964 0.052133 0.379964 0.052810 0.380866 0.054164 0.380866 0.056195 0.378159 0.056195 0.377256 0.056872 0.376354 0.056872 0.375451 0.056195 0.374549 0.056195 0.372744
1 0.192282 0.379061 0.192282 0.381769 0.191605 0.382671 0.191605 0.383574 0.192282 0.384477 0.192282 0.386282 0.193636 0.388087 0.194313 0.388087 0.194990 0.388989 0.201083 0.388989 0.201760 0.389892 0.203114 0.389892 0.203114 0.385379 0.202437 0.384477 0.202437 0.383574 0.200406 0.380866 0.200406 0.379964 0.199729 0.379061 0.199052 0.379061 0.198375 0.378159 0.197698 0.378159 0.197021 0.377256 0.196344 0.377256 0.195667 0.376354 0.194990 0.377256 0.193636 0.377256
1 0.480704 0.361913 0.480704 0.367329 0.481381 0.368231 0.486121 0.368231 0.486798 0.367329 0.490860 0.367329 0.490860 0.362816 0.490183 0.361913 0.490183 0.361011 0.488152 0.358303 0.485443 0.358303 0.484766 0.357401 0.484089 0.357401 0.483412 0.358303 0.482735 0.358303 0.481381 0.360108 0.481381 0.361011
1 0.710900 0.311372 0.698037 0.296029 0.692620 0.292419 0.683819 0.292419 0.670278 0.299639 0.662830 0.320397 0.662830 0.339350 0.660122 0.352888 0.661476 0.354693 0.670278 0.354693 0.682464 0.350181 0.711578 0.314079
1 0.381178 0.241877 0.379824 0.248195 0.383209 0.258123 0.392011 0.268953 0.397427 0.270758 0.403521 0.264440 0.407583 0.265343 0.421124 0.275271 0.427894 0.287004 0.436696 0.285199 0.454976 0.309567 0.467163 0.312274 0.472580 0.273466 0.472580 0.240975 0.467163 0.226534 0.453622 0.209386 0.436019 0.198556 0.419093 0.199458 0.408937 0.205776 0.392688 0.230144
1 0.523358 0.353791 0.519973 0.356498 0.518619 0.365523 0.521327 0.387184 0.532837 0.435018 0.536222 0.440433 0.539607 0.442238 0.540961 0.436823 0.545701 0.430505 0.553825 0.425993 0.557211 0.420578 0.562627 0.400722 0.562627 0.382671 0.557211 0.366426 0.551117 0.358303 0.538253 0.351986
1 0.616114 0.427798 0.609343 0.433213 0.601896 0.444946 0.598511 0.457581 0.597156 0.473827 0.599865 0.481047 0.605958 0.484657 0.621530 0.486462 0.627624 0.483755 0.633040 0.476534 0.638456 0.462996 0.639133 0.452166 0.636425 0.443141 0.631009 0.434116 0.621530 0.427798
3 0.051456 0.459386 0.052810 0.461191 0.052810 0.462094 0.053487 0.462996 0.054841 0.462996 0.055518 0.463899 0.060934 0.463899 0.061611 0.462996 0.062965 0.462996 0.062965 0.458484 0.062288 0.458484 0.061611 0.457581 0.052810 0.457581
3 0.704130 0.665162 0.706838 0.668773 0.714286 0.672383 0.728504 0.671480 0.744076 0.663357 0.745430 0.660650 0.746107 0.655235 0.744076 0.648917 0.736628 0.648917 0.728504 0.642599 0.720379 0.641697 0.717671 0.642599 0.710900 0.651625 0.705484 0.656137 0.704130 0.660650
3 0.073121 0.459386 0.072444 0.459386 0.070413 0.456679 0.069736 0.456679 0.069059 0.455776 0.067705 0.455776 0.067028 0.454874 0.066351 0.455776 0.064997 0.455776 0.062288 0.459386 0.061611 0.459386 0.060934 0.460289 0.060934 0.462094 0.060257 0.462996 0.065674 0.462996 0.066351 0.463899 0.067705 0.463899 0.068382 0.462996 0.072444 0.462996 0.072444 0.462094 0.073121 0.461191
3 0.431957 0.698556 0.431957 0.707581 0.433311 0.713899 0.438727 0.728339 0.448883 0.738267 0.454299 0.740975 0.460393 0.740975 0.469871 0.734657 0.471225 0.731047 0.471225 0.726534 0.469871 0.722022 0.455653 0.703069 0.450237 0.691336 0.448206 0.691336 0.438727 0.698556
3 0.595125 0.599278 0.592417 0.601083 0.589032 0.601083 0.588355 0.601986 0.582261 0.601083 0.581584 0.600181 0.578199 0.601083 0.575491 0.608303 0.569397 0.618231 0.566689 0.626354 0.568720 0.629964 0.570752 0.630866 0.578876 0.630866 0.579553 0.629964 0.581584 0.629964 0.582938 0.628159 0.584970 0.627256 0.593771 0.615523 0.595802 0.611011 0.596479 0.603791
3 0.079892 0.459386 0.079215 0.458484 0.078538 0.458484 0.077861 0.457581 0.073798 0.457581 0.073121 0.458484 0.070413 0.458484 0.069736 0.459386 0.069059 0.459386 0.069059 0.460289 0.068382 0.461191 0.068382 0.462094 0.067705 0.462996 0.070413 0.462996 0.071090 0.463899 0.074475 0.463899 0.075152 0.462996 0.078538 0.462996 0.078538 0.462094 0.079215 0.461191 0.079215 0.460289
3 0.607312 0.622744 0.607312 0.626354 0.607989 0.627256 0.607989 0.629061 0.609343 0.630866 0.613406 0.630866 0.614083 0.631769 0.619499 0.631769 0.620853 0.629964 0.620853 0.629061 0.620176 0.628159 0.620176 0.626354 0.619499 0.625451 0.618822 0.625451 0.618145 0.624549 0.617468 0.624549 0.616114 0.622744 0.616114 0.621841 0.614083 0.621841 0.613406 0.620939 0.608666 0.620939
3 0.453622 0.671480 0.452945 0.685018 0.457007 0.688628 0.467163 0.688628 0.474611 0.685921 0.485443 0.688628 0.495599 0.688628 0.501693 0.686823 0.505078 0.682310 0.505078 0.674188 0.503724 0.672383 0.490860 0.666968 0.477996 0.656137 0.469871 0.663357 0.456330 0.663357
3 0.477319 0.760830 0.473934 0.756318 0.469871 0.754513 0.460393 0.755415 0.452268 0.759025 0.438727 0.753610 0.438727 0.773466 0.437373 0.777978 0.425186 0.796931 0.410968 0.796931 0.411645 0.806859 0.416385 0.812274 0.427894 0.811372 0.446175 0.794224 0.467163 0.787004 0.472580 0.782491 0.477319 0.775271 0.478673 0.770758
3 0.383209 0.846570 0.384563 0.855596 0.389980 0.863718 0.399458 0.870939 0.410968 0.883574 0.417739 0.887184 0.432634 0.888087 0.438727 0.886282 0.444821 0.880866 0.452268 0.869134 0.452945 0.861913 0.451591 0.856498 0.446175 0.847473 0.427894 0.833935 0.411645 0.817690 0.406906 0.820397 0.394042 0.843863
3 0.672986 0.619134 0.673663 0.622744 0.679079 0.630866 0.683142 0.631769 0.685850 0.633574 0.702099 0.635379 0.712932 0.638989 0.716994 0.637184 0.716317 0.631769 0.714963 0.629964 0.707515 0.628159 0.700745 0.624549 0.692620 0.614621 0.677048 0.615523 0.675017 0.616426
