0 0.882671 0.384563 0.879061 0.385240 0.877256 0.387949 0.876354 0.392011 0.877256 0.397427 0.873646 0.398104 0.869134 0.401489 0.864621 0.406229 0.861913 0.410968 0.873646 0.415030 0.883574 0.422478 0.886282 0.426540 0.889892 0.426540 0.892599 0.419093 0.892599 0.409614 0.890794 0.406906 0.891697 0.404198 0.895307 0.401489 0.895307 0.397427 0.893502 0.394042 0.890794 0.392011 0.888087 0.386594
0 0.852888 0.410968 0.824910 0.419093 0.812274 0.446852 0.796029 0.459716 0.839350 0.487475 0.834838 0.507786 0.849278 0.530129 0.848375 0.554502 0.826715 0.565335 0.766245 0.577522 0.758123 0.584292 0.768953 0.592417 0.802347 0.589709 0.803249 0.602573 0.822202 0.616114 0.805957 0.635071 0.807762 0.658768 0.822202 0.672986 0.838448 0.676371 0.855596 0.673663 0.858303 0.509140 0.875451 0.448206 0.887184 0.431957 0.873646 0.415708
0 0.201264 0.513879 0.167870 0.520650 0.155235 0.540961 0.161552 0.570074 0.114621 0.593771 0.105596 0.607989 0.111011 0.631686 0.144404 0.658091 0.133574 0.706838 0.167870 0.750846 0.176895 0.775897 0.162455 0.799594 0.166968 0.806364 0.203971 0.799594 0.226534 0.750169 0.238267 0.752200 0.250903 0.772512 0.277076 0.769127 0.293321 0.755586 0.286101 0.723764 0.297834 0.696005 0.299639 0.660122 0.293321 0.645904 0.268953 0.634394 0.279783 0.616791 0.280686 0.591740 0.264440 0.573460 0.229242 0.563981 0.231047 0.540284
0 0.598375 0.354096 0.593863 0.355450 0.592058 0.360867 0.584838 0.369668 0.587545 0.410291 0.591155 0.416385 0.592960 0.415030 0.594765 0.408260 0.597473 0.410291 0.597473 0.415030 0.601986 0.415030 0.602888 0.400135 0.606498 0.393365 0.602888 0.358158
0 0.263538 0.421124 0.250903 0.422478 0.229242 0.443466 0.228339 0.457684 0.211191 0.475965 0.211191 0.484766 0.220217 0.505755 0.210289 0.515234 0.232852 0.539607 0.235560 0.549086 0.231047 0.560596 0.235560 0.564658 0.240975 0.564658 0.266245 0.549086 0.278881 0.547055 0.287004 0.540961 0.295126 0.522004 0.292419 0.490860 0.305054 0.478673 0.297834 0.459039 0.286101 0.450237 0.276173 0.426540
0 0.720217 0.261341 0.697653 0.275559 0.699458 0.287068 0.678700 0.296547 0.694043 0.306026 0.703069 0.337170 0.685018 0.431957 0.701264 0.450237 0.717509 0.523358 0.709386 0.539607 0.719314 0.549086 0.752708 0.560596 0.746390 0.456330 0.761733 0.429248 0.759025 0.399458 0.769856 0.351388 0.743682 0.297901 0.752708 0.287068 0.751805 0.272173 0.736462 0.262018
0 0.306859 0.283683 0.298736 0.285714 0.291516 0.296547 0.291516 0.318890 0.266245 0.333785 0.257220 0.381178 0.259025 0.416385 0.277978 0.426540 0.287906 0.448883 0.296029 0.455653 0.302347 0.438050 0.307762 0.436019 0.309567 0.473257 0.315884 0.477319 0.325812 0.473934 0.332130 0.480027 0.339350 0.431957 0.338448 0.394719 0.351986 0.384563 0.358303 0.368991 0.348375 0.336493 0.323105 0.317536 0.324910 0.294516 0.315884 0.285714
0 0.671480 0.434665 0.664260 0.456330 0.657942 0.491537 0.647112 0.497630 0.646209 0.501016 0.663357 0.504401 0.675090 0.500338 0.685018 0.473257 0.688628 0.471903 0.691336 0.511171 0.706679 0.520650 0.712996 0.520650 0.712996 0.504401 0.703971 0.480027 0.700361 0.450914 0.685018 0.438050 0.679603 0.440081
0 0.414260 0.282329 0.400722 0.297224 0.415162 0.327014 0.397112 0.340555 0.408845 0.499661 0.401625 0.512525 0.415162 0.518619 0.433213 0.516588 0.438628 0.446175 0.454874 0.522681 0.466606 0.526066 0.474729 0.519973 0.476534 0.487475 0.468412 0.400135 0.480144 0.378470 0.480144 0.354773 0.472022 0.335139 0.441336 0.318890 0.435018 0.288422
0 0.619134 0.375762 0.617329 0.378470 0.615523 0.420447 0.619134 0.421801 0.628159 0.421801 0.630866 0.421124 0.631769 0.419093 0.632671 0.396750 0.629964 0.387271
1 0.595668 0.354096 0.593863 0.355450 0.593863 0.356804 0.592960 0.357481 0.592960 0.360190 0.594765 0.361544 0.598375 0.361544 0.599278 0.360867 0.601083 0.360867 0.602888 0.359513 0.602888 0.355450 0.601986 0.355450 0.600181 0.354096
1 0.887184 0.427894 0.882671 0.421801 0.869134 0.413676 0.857401 0.410968 0.839350 0.411645 0.827617 0.416385 0.816787 0.427894 0.812274 0.442112 0.812274 0.446852 0.819495 0.447529 0.830325 0.443466 0.847473 0.440081 0.865523 0.433988 0.876354 0.433988 0.883574 0.435342 0.887184 0.432634
1 0.636282 0.355450 0.635379 0.354773 0.635379 0.354096 0.631769 0.351388 0.630866 0.351388 0.629964 0.350711 0.629061 0.350711 0.628159 0.351388 0.625451 0.351388 0.622744 0.353419 0.622744 0.354096 0.621841 0.354773 0.621841 0.358158 0.622744 0.358835 0.622744 0.359513 0.625451 0.359513 0.626354 0.360190 0.627256 0.359513 0.632671 0.359513 0.633574 0.358835 0.636282 0.358835
1 0.883574 0.423155 0.870036 0.414353 0.860108 0.411645 0.844765 0.410968 0.831227 0.414353 0.816787 0.427894 0.812274 0.446175 0.796029 0.457007 0.796931 0.462424 0.808664 0.470548 0.822202 0.473257 0.821300 0.464455 0.830325 0.460393 0.845668 0.460393 0.872744 0.463778 0.876354 0.458362 0.875451 0.447529 0.887184 0.432634 0.887184 0.427894
1 0.240072 0.431957 0.238267 0.436696 0.242780 0.440081 0.247292 0.445498 0.247292 0.446852 0.244585 0.448883 0.244585 0.450914 0.250000 0.453622 0.264440 0.454299 0.268051 0.452945 0.280686 0.451591 0.285199 0.449560 0.284296 0.442789 0.277978 0.428571 0.272563 0.423832 0.264440 0.421124 0.254513 0.421124 0.250903 0.422478
1 0.162455 0.526066 0.154332 0.542315 0.157040 0.550440 0.164260 0.542993 0.173285 0.537576 0.184116 0.534868 0.201264 0.534191 0.223827 0.538930 0.227437 0.542993 0.227437 0.549763 0.231047 0.555179 0.232852 0.545701 0.230144 0.536222 0.219314 0.522681 0.207581 0.515234 0.200361 0.513202 0.178700 0.514557 0.170578 0.517942
1 0.299639 0.285037 0.294224 0.289777 0.290614 0.298578 0.290614 0.301286 0.291516 0.301963 0.291516 0.304672 0.293321 0.308734 0.300542 0.310765 0.319495 0.310765 0.323105 0.309411 0.324910 0.308057 0.326715 0.304672 0.326715 0.298578 0.325812 0.297901 0.324910 0.293839 0.321300 0.289777 0.315884 0.285714 0.309567 0.283683 0.303249 0.283683
1 0.955776 0.354096 0.953971 0.355450 0.953971 0.359513 0.954874 0.360190 0.954874 0.360867 0.959386 0.360867 0.959386 0.360190 0.960289 0.359513 0.960289 0.358835 0.959386 0.358158 0.959386 0.356127 0.958484 0.355450 0.958484 0.354773 0.957581 0.354096
1 0.883574 0.436019 0.866426 0.433988 0.848375 0.440081 0.824007 0.445498 0.821300 0.447529 0.808664 0.448883 0.796029 0.456330 0.796029 0.461747 0.807762 0.470548 0.824007 0.474611 0.828520 0.473257 0.823105 0.469871 0.822202 0.465809 0.828520 0.461747 0.835740 0.461070 0.842058 0.463778 0.851083 0.462424 0.872744 0.465132 0.876354 0.460393 0.877256 0.450237 0.881769 0.443466
1 0.697653 0.275559 0.696751 0.278944 0.702166 0.281652 0.705776 0.281652 0.711191 0.285037 0.715704 0.286391 0.723827 0.285037 0.750903 0.290454 0.752708 0.289100 0.753610 0.286391 0.752708 0.273527 0.749097 0.268788 0.744585 0.265403 0.737365 0.262018 0.728339 0.260664 0.717509 0.261341 0.711191 0.264726 0.705776 0.270142 0.701264 0.272173
1 0.401625 0.289777 0.401625 0.291808 0.400722 0.292485 0.400722 0.303995 0.404332 0.308057 0.410650 0.304672 0.415162 0.304672 0.428700 0.301286 0.429603 0.301963 0.436823 0.301963 0.440433 0.300609 0.440433 0.295870 0.436823 0.289777 0.430505 0.284360 0.425090 0.282329 0.411552 0.282329 0.408845 0.283683
1 0.884477 0.385240 0.879964 0.385240 0.878159 0.386594 0.878159 0.397427 0.879061 0.398104 0.879061 0.398781 0.881769 0.398781 0.882671 0.398104 0.883574 0.398104 0.888989 0.394042 0.889892 0.394042 0.889892 0.389303 0.888989 0.388626 0.888989 0.387271 0.888087 0.386594 0.887184 0.386594
1 0.702166 0.281652 0.695848 0.276913 0.688628 0.276236 0.687726 0.276913 0.681408 0.277590 0.678700 0.279621 0.677798 0.279621 0.677798 0.280298 0.674188 0.283006 0.674188 0.284360 0.671480 0.287068 0.670578 0.291131 0.669675 0.291808 0.669675 0.295193 0.668773 0.295870 0.669675 0.298578 0.670578 0.299255 0.673285 0.299255 0.677798 0.297224 0.681408 0.297224 0.687726 0.291808 0.697653 0.289777 0.701264 0.286391
1 0.773466 0.352742 0.771661 0.352742 0.770758 0.353419 0.770758 0.354096 0.769856 0.354773 0.769856 0.358158 0.770758 0.358835 0.770758 0.360190 0.772563 0.361544 0.773466 0.360867 0.774368 0.360867 0.775271 0.360190 0.775271 0.357481 0.776173 0.356804 0.776173 0.355450 0.775271 0.354773 0.775271 0.354096
2 0.472924 0.508463 0.472022 0.508463 0.471119 0.507786 0.468412 0.507786 0.467509 0.507109 0.465704 0.507109 0.464801 0.507786 0.462094 0.507786 0.459386 0.509817 0.459386 0.510494 0.458484 0.511171 0.458484 0.513879 0.457581 0.514557 0.457581 0.516588 0.455776 0.518619 0.455776 0.520650 0.454874 0.521327 0.454874 0.524712 0.456679 0.526066 0.470217 0.526066 0.473827 0.524035 0.473827 0.523358 0.474729 0.522681 0.474729 0.513879 0.473827 0.513202 0.473827 0.509817 0.472924 0.509140
2 0.620939 0.421124 0.621841 0.421801 0.631769 0.421801 0.632671 0.421124 0.631769 0.420447 0.631769 0.419093 0.630866 0.418416 0.622744 0.418416 0.622744 0.419093 0.621841 0.419770 0.621841 0.420447
3 0.588448 0.411645 0.588448 0.415708 0.589350 0.416385 0.589350 0.417739 0.590253 0.418416 0.592058 0.418416 0.592960 0.419093 0.596570 0.419093 0.597473 0.418416 0.600181 0.418416 0.601083 0.417739 0.601986 0.417739 0.601986 0.416385 0.602888 0.415708 0.602888 0.414353 0.600181 0.412322 0.599278 0.412322 0.598375 0.411645 0.597473 0.411645 0.596570 0.410968 0.595668 0.410968 0.594765 0.410291 0.592058 0.410291 0.591155 0.410968 0.589350 0.410968
3 0.699458 0.537576 0.698556 0.539607 0.701264 0.545024 0.703971 0.546378 0.713899 0.547055 0.716606 0.549086 0.716606 0.552471 0.718412 0.554502 0.739170 0.555856 0.744585 0.558565 0.747292 0.562627 0.752708 0.562627 0.758123 0.561273 0.759025 0.559919 0.758123 0.556534 0.751805 0.547055 0.740072 0.547732 0.731047 0.545701 0.724729 0.540961 0.722022 0.536222 0.713899 0.530806 0.709386 0.531483 0.705776 0.535545
3 0.265343 0.551117 0.258123 0.553825 0.257220 0.555179 0.253610 0.556534 0.244585 0.562627 0.241877 0.563304 0.240975 0.563981 0.240975 0.567366 0.242780 0.568720 0.246390 0.569397 0.247292 0.570074 0.253610 0.570074 0.254513 0.569397 0.255415 0.570074 0.259928 0.570074 0.265343 0.572106 0.266245 0.571429 0.268051 0.571429 0.268051 0.569397 0.268953 0.568720 0.268953 0.565335 0.268051 0.564658 0.268051 0.559242 0.267148 0.558565 0.267148 0.555179 0.266245 0.554502 0.266245 0.552471
3 0.713899 0.523358 0.711191 0.522004 0.709386 0.522004 0.708484 0.522681 0.703971 0.522681 0.703069 0.523358 0.701264 0.523358 0.700361 0.524035 0.699458 0.524035 0.699458 0.524712 0.698556 0.525389 0.698556 0.529452 0.699458 0.530129 0.699458 0.532160 0.700361 0.532160 0.701264 0.531483 0.704874 0.531483 0.705776 0.530806 0.709386 0.530806 0.712996 0.528098 0.712996 0.527420 0.713899 0.526743
3 0.216606 0.758294 0.201264 0.758294 0.183213 0.771158 0.162455 0.796886 0.161552 0.802979 0.165162 0.807041 0.176895 0.807041 0.196751 0.804333 0.206679 0.798917 0.211191 0.786053 0.210289 0.779282 0.217509 0.774543 0.220217 0.767095 0.220217 0.761002
3 0.290614 0.742045 0.288809 0.741368 0.287004 0.742722 0.285199 0.748815 0.281588 0.754232 0.276173 0.758294 0.270758 0.761002 0.265343 0.761679 0.262635 0.763033 0.247292 0.764387 0.245487 0.767095 0.246390 0.771158 0.248195 0.772512 0.251805 0.773189 0.262635 0.773189 0.272563 0.771835 0.277978 0.769804 0.283394 0.764387 0.294224 0.756263 0.295126 0.754232 0.293321 0.744753
3 0.273466 0.626269 0.269856 0.628978 0.269856 0.629655 0.268953 0.630332 0.268953 0.631686 0.268051 0.632363 0.268051 0.637102 0.268953 0.637779 0.272563 0.637779 0.273466 0.637102 0.277076 0.637102 0.277978 0.637779 0.282491 0.637779 0.282491 0.637102 0.283394 0.636425 0.283394 0.635748 0.282491 0.635071 0.282491 0.631009 0.281588 0.630332 0.281588 0.628978 0.280686 0.628301 0.280686 0.627624 0.279783 0.626947 0.279783 0.626269 0.278881 0.625592 0.275271 0.625592 0.274368 0.626269
3 0.595668 0.414353 0.595668 0.415708 0.594765 0.416385 0.594765 0.418416 0.595668 0.419093 0.597473 0.419093 0.598375 0.419770 0.602888 0.419770 0.603791 0.419093 0.605596 0.419093 0.606498 0.418416 0.606498 0.415030 0.603791 0.412999 0.598375 0.412999 0.597473 0.413676 0.596570 0.413676
3 0.698556 0.539607 0.699458 0.542315 0.703069 0.545024 0.704874 0.545024 0.705776 0.545701 0.707581 0.545024 0.711191 0.545024 0.719314 0.548409 0.721119 0.548409 0.722022 0.547732 0.727437 0.547732 0.728339 0.546378 0.726534 0.544347 0.726534 0.542993 0.724729 0.540961 0.724729 0.539607 0.722924 0.536899 0.712996 0.530129 0.709386 0.530806 0.708484 0.532837 0.702166 0.537576 0.699458 0.538253
3 0.694946 0.513879 0.694043 0.514557 0.694043 0.515911 0.694946 0.516588 0.697653 0.516588 0.698556 0.517265 0.700361 0.517265 0.702166 0.518619 0.702166 0.522004 0.698556 0.525389 0.698556 0.528775 0.699458 0.529452 0.699458 0.531483 0.703069 0.531483 0.703971 0.530806 0.706679 0.530806 0.707581 0.530129 0.710289 0.530129 0.712094 0.529452 0.715704 0.525389 0.715704 0.524035 0.716606 0.523358 0.716606 0.521327 0.715704 0.520650 0.715704 0.519296 0.712996 0.517265 0.711191 0.517265 0.710289 0.516588 0.708484 0.516588 0.704874 0.515234 0.699458 0.515234 0.696751 0.513879
3 0.728339 0.549086 0.728339 0.551117 0.726534 0.553148 0.728339 0.554502 0.731949 0.555856 0.737365 0.555856 0.739170 0.557211 0.741877 0.557888 0.745487 0.560596 0.745487 0.561950 0.747292 0.563304 0.750903 0.563304 0.751805 0.562627 0.756318 0.562627 0.758123 0.561950 0.759025 0.560596 0.759025 0.557211 0.754513 0.552471 0.754513 0.549763 0.751805 0.547732 0.735560 0.547732 0.734657 0.547055 0.730144 0.547055
3 0.615523 0.417739 0.615523 0.421124 0.616426 0.421801 0.620036 0.421801 0.620939 0.421124 0.621841 0.421124 0.620939 0.420447 0.620939 0.418416 0.620036 0.417739 0.617329 0.417739 0.616426 0.417062
3 0.678700 0.497630 0.677798 0.496953 0.677798 0.495599 0.676895 0.494245 0.675090 0.492891 0.673285 0.492891 0.672383 0.492214 0.667870 0.492214 0.666968 0.491537 0.664260 0.491537 0.660650 0.490183 0.655235 0.494245 0.647112 0.496953 0.645307 0.499661 0.645307 0.501693 0.650722 0.503724 0.656137 0.503724 0.657040 0.504401 0.665162 0.504401 0.666065 0.503724 0.667870 0.503724 0.673285 0.501693 0.675090 0.500338 0.675993 0.500338 0.678700 0.498307
3 0.398917 0.511848 0.399819 0.513879 0.402527 0.515911 0.409747 0.518619 0.412455 0.518619 0.413357 0.519296 0.419675 0.519296 0.420578 0.519973 0.422383 0.519296 0.432310 0.519296 0.434116 0.517265 0.434116 0.512525 0.433213 0.511171 0.429603 0.511171 0.428700 0.511848 0.421480 0.511171 0.413357 0.506432 0.408845 0.506432
