0 0.637184 0.412999 0.613718 0.414353 0.581227 0.442112 0.595668 0.461070 0.565884 0.636425 0.584838 0.651320 0.613718 0.730535 0.611913 0.800948 0.577617 0.826676 0.609206 0.834800 0.597473 0.886933 0.615523 0.895735 0.639892 0.888964 0.650722 0.838863 0.667870 0.828707 0.662455 0.720379 0.697653 0.634394 0.694946 0.615437 0.738267 0.591063 0.773466 0.553148 0.757220 0.528098 0.683213 0.475288 0.683213 0.436019
0 0.405235 0.392011 0.379061 0.405552 0.376354 0.450914 0.289711 0.464455 0.252708 0.442112 0.248195 0.422478 0.220217 0.431280 0.268953 0.488829 0.340253 0.500338 0.330325 0.581584 0.343863 0.591063 0.331227 0.796209 0.341155 0.808395 0.363718 0.796886 0.393502 0.673663 0.390794 0.758971 0.411552 0.782668 0.434116 0.779959 0.425090 0.733243 0.456679 0.599865 0.492780 0.597833 0.489170 0.572783 0.519856 0.542315 0.511733 0.507786 0.434116 0.451591 0.431408 0.406229
0 0.261733 0.352742 0.256318 0.354773 0.254513 0.360867 0.247292 0.366283 0.244585 0.372376 0.244585 0.377793 0.250000 0.382532 0.254513 0.412999 0.256318 0.414353 0.261733 0.412999 0.262635 0.404875 0.265343 0.402167 0.269856 0.413676 0.274368 0.414353 0.276173 0.412999 0.276173 0.408260 0.269856 0.382532 0.272563 0.379824 0.278881 0.381855 0.278881 0.377793 0.267148 0.360190 0.265343 0.354773
0 0.583935 0.404875 0.564079 0.407583 0.552347 0.420447 0.547834 0.436019 0.557762 0.443466 0.566787 0.463778 0.556859 0.469194 0.546029 0.486798 0.526173 0.577522 0.527076 0.590386 0.540614 0.601219 0.560469 0.648612 0.564982 0.647258 0.564982 0.621530 0.579422 0.557211 0.576715 0.508463 0.592960 0.460393 0.579422 0.442112 0.603791 0.422478 0.599278 0.411645
1 0.380866 0.402167 0.374549 0.415030 0.374549 0.420447 0.376354 0.422478 0.388989 0.419770 0.404332 0.419770 0.423285 0.422478 0.431408 0.426540 0.435921 0.426540 0.437726 0.425186 0.437726 0.420447 0.429603 0.402844 0.425090 0.398781 0.415162 0.394042 0.407942 0.392011 0.398917 0.392688 0.387184 0.397427
1 0.579422 0.442789 0.579422 0.446175 0.595668 0.454976 0.600181 0.452268 0.603791 0.441435 0.613718 0.434665 0.626354 0.433988 0.629061 0.431280 0.651625 0.431280 0.668773 0.442112 0.677798 0.461747 0.682310 0.460393 0.688628 0.451591 0.688628 0.442789 0.683213 0.434665 0.666968 0.427217 0.650722 0.415030 0.638087 0.412322 0.611913 0.414353 0.607401 0.418416 0.602888 0.429926 0.584838 0.438050
1 0.602888 0.415708 0.599278 0.411645 0.590253 0.406229 0.583032 0.404875 0.570397 0.405552 0.563177 0.408260 0.557762 0.412322 0.552347 0.420447 0.550542 0.429926 0.546931 0.436019 0.548736 0.437373 0.555957 0.437373 0.561372 0.434665 0.584838 0.429248 0.592058 0.431280 0.596570 0.430603 0.602888 0.426540 0.603791 0.424509
1 0.259025 0.352742 0.256318 0.354773 0.256318 0.355450 0.255415 0.356127 0.255415 0.360867 0.257220 0.362221 0.263538 0.362221 0.264440 0.361544 0.265343 0.361544 0.266245 0.360867 0.266245 0.356127 0.265343 0.355450 0.265343 0.354773 0.264440 0.354096 0.263538 0.354096 0.261733 0.352742
3 0.390794 0.752877 0.389892 0.760325 0.399819 0.769804 0.404332 0.778605 0.409747 0.782668 0.414260 0.784022 0.427798 0.784022 0.434116 0.781313 0.435921 0.778605 0.435921 0.769127 0.432310 0.761002 0.425993 0.753555 0.399819 0.755586 0.397112 0.754909 0.393502 0.752200
3 0.526173 0.719702 0.527076 0.725796 0.529783 0.727827 0.536101 0.729181 0.556859 0.729181 0.562274 0.727827 0.591155 0.728504 0.595668 0.727150 0.598375 0.724441 0.598375 0.720379 0.595668 0.716994 0.594765 0.712932 0.591155 0.708869 0.581227 0.712255 0.566787 0.709546 0.563177 0.705484 0.559567 0.705484 0.548736 0.712255 0.529783 0.716994
3 0.254513 0.410291 0.254513 0.411645 0.253610 0.412322 0.253610 0.415030 0.254513 0.415708 0.260830 0.415708 0.261733 0.415030 0.261733 0.410968 0.256318 0.410968 0.255415 0.410291
3 0.366426 0.771158 0.351083 0.771158 0.338448 0.769127 0.333935 0.779959 0.330325 0.796886 0.331227 0.803656 0.336643 0.807718 0.342058 0.809072 0.351083 0.808395 0.362816 0.799594 0.364621 0.794854 0.364621 0.781991 0.366426 0.776574
3 0.275271 0.410968 0.270758 0.410968 0.269856 0.411645 0.269856 0.413676 0.268953 0.414353 0.269856 0.415030 0.269856 0.416385 0.271661 0.417739 0.272563 0.417739 0.273466 0.417062 0.274368 0.417062 0.276173 0.415708 0.276173 0.415030 0.277076 0.414353 0.277076 0.413676 0.276173 0.412999 0.276173 0.411645
3 0.611011 0.802302 0.608303 0.802302 0.597473 0.812458 0.592058 0.813812 0.583935 0.814489 0.579422 0.817197 0.576715 0.822613 0.576715 0.826676 0.577617 0.828707 0.581227 0.831415 0.599278 0.834800 0.605596 0.834800 0.607401 0.834123 0.614621 0.818551 0.614621 0.812458 0.613718 0.811781 0.612816 0.805010
3 0.611011 0.846987 0.609206 0.849018 0.608303 0.858497 0.603791 0.871361 0.598375 0.880840 0.598375 0.890995 0.601986 0.893703 0.610108 0.895735 0.628159 0.895735 0.636282 0.892349 0.642599 0.886256 0.646209 0.865945 0.646209 0.852404 0.643502 0.851726 0.640794 0.853081 0.631769 0.853081
3 0.668773 0.721733 0.667870 0.723087 0.667870 0.726473 0.668773 0.727150 0.667870 0.727827 0.667870 0.747461 0.668773 0.748138 0.672383 0.748138 0.672383 0.747461 0.675993 0.744753 0.676895 0.744753 0.678700 0.742045 0.678700 0.739336 0.677798 0.738659 0.677798 0.734597 0.676895 0.733920 0.676895 0.732566 0.675993 0.731889 0.675090 0.728504 0.671480 0.723764 0.671480 0.722410 0.669675 0.722410
