0 0.111036 0.410650 0.103588 0.412455 0.100203 0.423285 0.092079 0.428700 0.087339 0.435018 0.081246 0.449458 0.080569 0.459386 0.083277 0.462996 0.085308 0.471119 0.083954 0.499097 0.088016 0.497292 0.090047 0.486462 0.094787 0.479242 0.097495 0.486462 0.096818 0.495487 0.098172 0.497292 0.102234 0.495487 0.104942 0.488267 0.104265 0.464801 0.110359 0.444946 0.114421 0.441336 0.119160 0.441336 0.122546 0.436823 0.122546 0.435018 0.117129 0.433213 0.113067 0.428700 0.115098 0.417870 0.114421 0.414260
0 0.140149 0.411552 0.136764 0.411552 0.133378 0.415162 0.132701 0.427798 0.124577 0.435921 0.121869 0.444946 0.121869 0.461191 0.125254 0.470217 0.123900 0.504513 0.125931 0.507220 0.131347 0.507220 0.133378 0.505415 0.135410 0.508123 0.140826 0.508123 0.142857 0.505415 0.142857 0.480144 0.150982 0.466606 0.150305 0.438628 0.143534 0.427798 0.145565 0.419675 0.144888 0.415162
0 0.688558 0.351986 0.677048 0.358303 0.675017 0.371841 0.677725 0.384477 0.661476 0.405235 0.656060 0.452166 0.656737 0.462996 0.665538 0.469314 0.670278 0.514440 0.670278 0.560469 0.662830 0.571300 0.667569 0.577617 0.683142 0.571300 0.692620 0.576715 0.702776 0.574007 0.696682 0.561372 0.710223 0.406137 0.706161 0.395307 0.693297 0.384477 0.695328 0.363718
0 0.354773 0.410650 0.351388 0.414260 0.352065 0.427798 0.350711 0.431408 0.350711 0.444043 0.352065 0.457581 0.358158 0.471119 0.361544 0.494585 0.362898 0.496390 0.368314 0.496390 0.370345 0.494585 0.371022 0.459386 0.376439 0.449458 0.377793 0.441336 0.373053 0.431408 0.368991 0.425993 0.362898 0.421480 0.362898 0.414260 0.359513 0.410650
0 0.339878 0.503610 0.329722 0.512635 0.324983 0.529783 0.341909 0.582130 0.345972 0.631769 0.352065 0.638087 0.361544 0.638087 0.365606 0.634477 0.379147 0.636282 0.381855 0.628159 0.373053 0.601986 0.377793 0.556859 0.381178 0.553249 0.394719 0.561372 0.404198 0.555957 0.409614 0.547834 0.409614 0.532491 0.396750 0.521661 0.396073 0.510830 0.386594 0.500903 0.354096 0.499097
0 0.515234 0.386282 0.507786 0.399819 0.510494 0.425993 0.497630 0.435921 0.488152 0.466606 0.489506 0.528881 0.497630 0.538809 0.498307 0.632671 0.511171 0.629061 0.518619 0.549639 0.532837 0.627256 0.547732 0.633574 0.539607 0.527076 0.548409 0.518953 0.550440 0.475632 0.542993 0.440433 0.528098 0.425090 0.528775 0.397112
0 0.444821 0.379964 0.431957 0.389892 0.433988 0.422383 0.417062 0.435921 0.410968 0.446751 0.406906 0.480144 0.410968 0.546029 0.414353 0.550542 0.422478 0.546029 0.430603 0.576715 0.419770 0.648014 0.424509 0.657040 0.446175 0.636282 0.459039 0.543321 0.458362 0.464801 0.450914 0.437726 0.456330 0.397112 0.453622 0.387184
0 0.570752 0.460289 0.566689 0.460289 0.563981 0.462094 0.562627 0.469314 0.560596 0.472022 0.556534 0.481047 0.556534 0.483755 0.554502 0.491877 0.555179 0.492780 0.555179 0.497292 0.557888 0.500000 0.574137 0.500000 0.578199 0.497292 0.581584 0.489170 0.580907 0.484657 0.574814 0.472924 0.573460 0.462996
0 0.251185 0.416065 0.249154 0.417870 0.248477 0.420578 0.248477 0.432310 0.246445 0.444946 0.246445 0.460289 0.247800 0.462996 0.247800 0.488267 0.249831 0.491877 0.265403 0.491877 0.265403 0.486462 0.263372 0.480144 0.262695 0.438628 0.257955 0.419675 0.254570 0.416065
1 0.693297 0.355596 0.691266 0.352888 0.689912 0.351986 0.686527 0.351986 0.685850 0.351083 0.685173 0.351986 0.682464 0.351986 0.681110 0.352888 0.679079 0.355596 0.678402 0.355596 0.676371 0.361011 0.675017 0.362816 0.675017 0.370939 0.676371 0.370036 0.680433 0.370036 0.681110 0.369134 0.687204 0.369134 0.687881 0.368231 0.695328 0.368231 0.696005 0.367329 0.696005 0.364621 0.695328 0.363718 0.695328 0.361913 0.694651 0.361011 0.694651 0.359206
1 0.407583 0.527978 0.401489 0.524368 0.398781 0.524368 0.398104 0.523466 0.392688 0.524368 0.389303 0.527978 0.387271 0.533394 0.387271 0.544224 0.386594 0.545126 0.386594 0.548736 0.387271 0.549639 0.387271 0.555054 0.389980 0.560469 0.392011 0.561372 0.396073 0.561372 0.404198 0.555957 0.408937 0.550542 0.408937 0.546029 0.409614 0.545126 0.409614 0.532491
1 0.508463 0.395307 0.507786 0.402527 0.507109 0.403430 0.507109 0.405235 0.508463 0.407942 0.510494 0.406137 0.512525 0.406137 0.513202 0.405235 0.526066 0.405235 0.526743 0.406137 0.529452 0.406137 0.530129 0.404332 0.530129 0.400722 0.529452 0.399819 0.529452 0.398014 0.526066 0.391697 0.526066 0.390794 0.523358 0.388087 0.520650 0.387184 0.519973 0.386282 0.514557 0.386282 0.511171 0.389892 0.511171 0.390794
1 0.102234 0.414260 0.102234 0.416968 0.101557 0.417870 0.102234 0.418773 0.102234 0.419675 0.103588 0.419675 0.104265 0.420578 0.108328 0.420578 0.109005 0.421480 0.110359 0.421480 0.111036 0.422383 0.113744 0.422383 0.115098 0.420578 0.115098 0.416968 0.114421 0.416065 0.114421 0.414260 0.112390 0.411552 0.111713 0.411552 0.111036 0.410650 0.109682 0.410650 0.109005 0.409747 0.108328 0.410650 0.105619 0.410650 0.104942 0.411552 0.104265 0.411552
1 0.132701 0.415162 0.132701 0.421480 0.133378 0.422383 0.133378 0.423285 0.134733 0.423285 0.135410 0.424188 0.142180 0.424188 0.142857 0.423285 0.143534 0.423285 0.145565 0.420578 0.145565 0.415162 0.144211 0.413357 0.143534 0.413357 0.142857 0.412455 0.141503 0.412455 0.140826 0.411552 0.136764 0.411552 0.136087 0.412455 0.134733 0.412455
1 0.725796 0.441336 0.725118 0.442238 0.725118 0.444043 0.724441 0.444946 0.724441 0.445848 0.725118 0.446751 0.725118 0.448556 0.725796 0.449458 0.726473 0.449458 0.727150 0.450361 0.730535 0.450361 0.731212 0.449458 0.731212 0.448556 0.731889 0.447653 0.731889 0.444043 0.731212 0.443141 0.731212 0.442238 0.730535 0.441336 0.727827 0.441336 0.727150 0.440433 0.726473 0.441336
1 0.362221 0.413357 0.360190 0.410650 0.358835 0.410650 0.358158 0.409747 0.356127 0.409747 0.355450 0.410650 0.354096 0.410650 0.353419 0.411552 0.352742 0.411552 0.351388 0.413357 0.351388 0.415162 0.350711 0.416065 0.350711 0.418773 0.352065 0.420578 0.352742 0.420578 0.353419 0.419675 0.354773 0.419675 0.355450 0.418773 0.356804 0.418773 0.357481 0.419675 0.359513 0.419675 0.360190 0.418773 0.361544 0.418773 0.362221 0.417870
1 0.431957 0.389892 0.431957 0.392599 0.430603 0.396209 0.430603 0.400722 0.433988 0.404332 0.438727 0.404332 0.441435 0.402527 0.447529 0.402527 0.448206 0.403430 0.450914 0.403430 0.451591 0.404332 0.456330 0.405235 0.456330 0.395307 0.455653 0.394404 0.455653 0.392599 0.452945 0.385379 0.450914 0.382671 0.448206 0.380866 0.446852 0.380866 0.446175 0.379964 0.441435 0.379964 0.440758 0.380866 0.438727 0.380866 0.436696 0.382671
1 0.563304 0.463899 0.563304 0.468412 0.563981 0.469314 0.572783 0.469314 0.574137 0.467509 0.574137 0.465704 0.573460 0.464801 0.573460 0.462996 0.572106 0.461191 0.571429 0.461191 0.570752 0.460289 0.566689 0.460289 0.566012 0.461191 0.564658 0.461191 0.563981 0.462094 0.563981 0.462996
1 0.248477 0.418773 0.248477 0.420578 0.247800 0.421480 0.247800 0.422383 0.248477 0.423285 0.248477 0.425090 0.249154 0.425090 0.249831 0.425993 0.251185 0.425993 0.251862 0.426895 0.252539 0.425993 0.255924 0.425993 0.256601 0.425090 0.257278 0.425090 0.257278 0.424188 0.257955 0.423285 0.257955 0.420578 0.257278 0.419675 0.257278 0.418773 0.255247 0.416065 0.250508 0.416065
1 0.199052 0.490072 0.199052 0.494585 0.199729 0.494585 0.200406 0.495487 0.201083 0.495487 0.203114 0.497292 0.206500 0.497292 0.207177 0.496390 0.209885 0.496390 0.210562 0.495487 0.211916 0.495487 0.213270 0.493682 0.213270 0.491877 0.213947 0.490975 0.213270 0.490072 0.213270 0.489170 0.210562 0.485560 0.209885 0.485560 0.209208 0.484657 0.205146 0.484657 0.204469 0.485560 0.203114 0.485560 0.202437 0.486462 0.201760 0.486462
2 0.446852 0.611913 0.445498 0.611913 0.444821 0.612816 0.444144 0.612816 0.442789 0.615523 0.442789 0.619134 0.442112 0.620036 0.442112 0.621841 0.440081 0.625451 0.440081 0.630866 0.439404 0.631769 0.439404 0.633574 0.438727 0.634477 0.438727 0.638989 0.438050 0.639892 0.438727 0.640794 0.438727 0.641697 0.439404 0.640794 0.443466 0.640794 0.444144 0.639892 0.446175 0.638989 0.447529 0.637184 0.447529 0.631769 0.448206 0.630866 0.448206 0.612816 0.447529 0.612816
2 0.437373 0.622744 0.427894 0.621841 0.427217 0.620939 0.423832 0.620939 0.422478 0.622744 0.421801 0.625451 0.421801 0.631769 0.421124 0.632671 0.421124 0.640794 0.418416 0.649819 0.418416 0.654332 0.420447 0.657942 0.423155 0.659747 0.425186 0.659747 0.429248 0.652527 0.433988 0.648014 0.439404 0.639892 0.438050 0.638087 0.438050 0.634477 0.438727 0.633574 0.438727 0.630866 0.440758 0.626354
2 0.685850 0.567690 0.685850 0.573105 0.687881 0.575812 0.688558 0.575812 0.689235 0.576715 0.691943 0.576715 0.692620 0.577617 0.698037 0.577617 0.698714 0.576715 0.702099 0.576715 0.704130 0.574910 0.704130 0.572202 0.703453 0.571300 0.703453 0.570397 0.702776 0.569495 0.702099 0.569495 0.698714 0.564982 0.698037 0.564982 0.697360 0.564079 0.694651 0.564079 0.693974 0.564982 0.691943 0.564982 0.691266 0.565884 0.688558 0.565884 0.687881 0.566787 0.686527 0.566787
2 0.360190 0.617329 0.357481 0.621841 0.357481 0.623646 0.358158 0.624549 0.358158 0.625451 0.358835 0.625451 0.360190 0.627256 0.360190 0.628159 0.364929 0.634477 0.366283 0.634477 0.366960 0.635379 0.372376 0.635379 0.373053 0.634477 0.373053 0.631769 0.372376 0.630866 0.372376 0.629061 0.371699 0.628159 0.371699 0.626354 0.371022 0.625451 0.371022 0.623646 0.370345 0.622744 0.369668 0.620036 0.366283 0.617329 0.364252 0.617329 0.363575 0.616426 0.361544 0.616426 0.360867 0.617329
2 0.134056 0.505415 0.134056 0.508123 0.134733 0.508123 0.135410 0.509025 0.139472 0.509025 0.140149 0.509928 0.140826 0.509025 0.142857 0.509025 0.144211 0.507220 0.144211 0.504513 0.143534 0.503610 0.136087 0.503610 0.135410 0.504513 0.134733 0.504513
2 0.082600 0.499097 0.082600 0.501805 0.083277 0.501805 0.083954 0.502708 0.085985 0.502708 0.086662 0.503610 0.087339 0.503610 0.088016 0.504513 0.092079 0.504513 0.092756 0.503610 0.093433 0.503610 0.093433 0.502708 0.094110 0.501805 0.094110 0.499097 0.093433 0.498195 0.091401 0.498195 0.090724 0.497292 0.089370 0.497292 0.088693 0.496390 0.086662 0.496390 0.085985 0.497292 0.083954 0.497292
3 0.501016 0.616426 0.499661 0.618231 0.499661 0.619134 0.498984 0.620036 0.498984 0.621841 0.498307 0.622744 0.498307 0.623646 0.497630 0.624549 0.497630 0.626354 0.496953 0.627256 0.496953 0.633574 0.497630 0.634477 0.499661 0.634477 0.500338 0.635379 0.507786 0.635379 0.508463 0.634477 0.509817 0.634477 0.511171 0.632671 0.511171 0.631769 0.511848 0.630866 0.511848 0.629061 0.511171 0.628159 0.511171 0.624549 0.510494 0.623646 0.510494 0.620036 0.509817 0.619134 0.509817 0.618231 0.509140 0.617329 0.506432 0.617329 0.505755 0.616426
3 0.122546 0.504513 0.122546 0.508123 0.123223 0.508123 0.123900 0.509025 0.127285 0.509025 0.127962 0.509928 0.141503 0.509928 0.142180 0.509025 0.144211 0.508123 0.144211 0.504513 0.143534 0.504513 0.142857 0.503610 0.131347 0.503610 0.130670 0.504513 0.129316 0.504513 0.128639 0.503610 0.123900 0.503610 0.123223 0.504513
3 0.345295 0.626354 0.345295 0.631769 0.345972 0.632671 0.345972 0.633574 0.348003 0.636282 0.348680 0.636282 0.350711 0.638087 0.352065 0.638087 0.352742 0.638989 0.361544 0.638989 0.362221 0.638087 0.363575 0.638087 0.364929 0.636282 0.364929 0.633574 0.360867 0.628159 0.360867 0.627256 0.358835 0.624549 0.358158 0.624549 0.357481 0.623646 0.348680 0.623646 0.348003 0.624549 0.346649 0.624549
3 0.662153 0.574007 0.664184 0.576715 0.664861 0.576715 0.665538 0.577617 0.671632 0.577617 0.672309 0.576715 0.673663 0.576715 0.674340 0.575812 0.675694 0.575812 0.676371 0.574910 0.677725 0.574910 0.678402 0.574007 0.680433 0.574007 0.682464 0.571300 0.682464 0.570397 0.680433 0.567690 0.679756 0.567690 0.679079 0.566787 0.677725 0.566787 0.676371 0.564982 0.675694 0.564982 0.675017 0.564079 0.673663 0.564079 0.671632 0.562274 0.670278 0.562274 0.669601 0.563177 0.666892 0.563177 0.664184 0.566787 0.664184 0.567690 0.662830 0.569495 0.662830 0.570397 0.662153 0.571300
3 0.123900 0.508123 0.124577 0.508123 0.125254 0.509025 0.127962 0.509025 0.128639 0.509928 0.133378 0.509928 0.134056 0.509025 0.135410 0.509025 0.136087 0.508123 0.136764 0.508123 0.136087 0.508123 0.133378 0.504513 0.126608 0.504513 0.125931 0.505415 0.125254 0.505415 0.124577 0.506318 0.124577 0.507220
3 0.121192 0.508123 0.123223 0.510830 0.127285 0.510830 0.127962 0.511733 0.129993 0.511733 0.130670 0.510830 0.131347 0.510830 0.132701 0.509025 0.132701 0.508123 0.131347 0.506318 0.130670 0.506318 0.129993 0.505415 0.123223 0.505415
3 0.532160 0.620036 0.532160 0.621841 0.531483 0.622744 0.531483 0.626354 0.534868 0.631769 0.535545 0.631769 0.537576 0.633574 0.538930 0.633574 0.539607 0.634477 0.547732 0.634477 0.548409 0.633574 0.549763 0.633574 0.549763 0.630866 0.550440 0.629964 0.549763 0.629061 0.549763 0.627256 0.549086 0.626354 0.548409 0.623646 0.545701 0.620036 0.545024 0.620036 0.544347 0.619134 0.540961 0.619134 0.540284 0.620036 0.537576 0.620036 0.536899 0.619134 0.532837 0.619134
