0 0.667569 0.396209 0.658768 0.407942 0.660122 0.435018 0.649289 0.448556 0.647258 0.477437 0.656060 0.549639 0.654028 0.601083 0.659445 0.647112 0.675017 0.649819 0.688558 0.643502 0.679756 0.630866 0.678402 0.617329 0.686527 0.570397 0.686527 0.522563 0.689912 0.519856 0.695328 0.539711 0.698037 0.524368 0.691943 0.467509 0.679756 0.438628 0.685850 0.413357 0.678402 0.398014
0 0.712932 0.398014 0.706838 0.404332 0.706161 0.414260 0.716994 0.429603 0.733920 0.511733 0.732566 0.536101 0.736628 0.564982 0.730535 0.578520 0.743399 0.579422 0.748138 0.574007 0.748138 0.506318 0.765741 0.556859 0.759648 0.574910 0.769804 0.577617 0.775897 0.567690 0.775220 0.541516 0.766418 0.508123 0.763710 0.472924 0.771158 0.458484 0.773189 0.430505 0.752200 0.408845 0.733243 0.410650 0.722410 0.398014
0 0.479350 0.416065 0.470548 0.425090 0.471225 0.445848 0.458362 0.462094 0.463778 0.515343 0.459039 0.566787 0.459716 0.628159 0.452945 0.647112 0.461070 0.648917 0.470548 0.639892 0.475288 0.582130 0.480704 0.574007 0.483412 0.644404 0.490860 0.652527 0.494922 0.644404 0.499661 0.557762 0.505078 0.541516 0.495599 0.470217 0.488829 0.455776 0.503047 0.431408 0.486798 0.416065
0 0.863913 0.379061 0.849695 0.389892 0.851049 0.417870 0.832092 0.434116 0.825322 0.470217 0.825999 0.525271 0.832092 0.528881 0.838185 0.506318 0.842925 0.557762 0.853758 0.609206 0.853758 0.622744 0.849018 0.629061 0.853081 0.635379 0.864590 0.632671 0.876777 0.616426 0.878131 0.589350 0.893703 0.560469 0.889641 0.500903 0.899797 0.526173 0.905213 0.518051 0.895058 0.444043 0.886933 0.425993 0.873392 0.418773 0.874746 0.389892
0 0.585647 0.425090 0.580907 0.426895 0.572783 0.440433 0.566689 0.442238 0.566689 0.453971 0.559919 0.466606 0.551794 0.493682 0.550440 0.526173 0.556534 0.563177 0.553825 0.579422 0.557211 0.596570 0.561950 0.598375 0.572106 0.594765 0.568043 0.584838 0.572783 0.574910 0.580230 0.487365 0.584970 0.461191 0.593094 0.453069 0.595802 0.445848 0.595802 0.434116
0 0.621530 0.514440 0.616114 0.520758 0.616114 0.536101 0.614760 0.540614 0.616114 0.543321 0.619499 0.543321 0.622207 0.546029 0.622884 0.565884 0.626269 0.578520 0.633717 0.585740 0.650643 0.587545 0.653351 0.581227 0.655383 0.557762 0.654705 0.541516 0.651320 0.531588 0.644550 0.524368 0.637102 0.522563 0.629655 0.515343
0 0.421801 0.416065 0.421124 0.459386 0.415030 0.459386 0.411645 0.426895 0.409614 0.447653 0.394719 0.459386 0.392688 0.535199 0.385240 0.567690 0.383209 0.624549 0.394042 0.616426 0.407583 0.568592 0.409614 0.604693 0.422478 0.596570 0.424509 0.581227 0.416385 0.580325 0.414353 0.585740 0.410968 0.564982 0.419093 0.528881 0.416385 0.487365 0.420447 0.481949 0.423832 0.485560 0.425186 0.540614 0.440081 0.493682 0.431957 0.453069 0.426540 0.453069 0.428571 0.424188
1 0.872715 0.384477 0.865945 0.379061 0.859174 0.379061 0.854435 0.382671 0.850372 0.388087 0.848341 0.394404 0.847664 0.405235 0.848341 0.406137 0.848341 0.408845 0.852404 0.416065 0.863913 0.414260 0.866622 0.412455 0.872715 0.412455 0.875423 0.407040 0.876100 0.398014 0.875423 0.397112 0.875423 0.391697
1 0.566012 0.442238 0.570074 0.448556 0.574137 0.449458 0.578876 0.453069 0.580907 0.453069 0.584970 0.455776 0.589709 0.455776 0.592417 0.453971 0.592417 0.449458 0.591740 0.448556 0.589709 0.447653 0.589032 0.445848 0.588355 0.445848 0.584292 0.440433 0.579553 0.437726 0.578199 0.435921 0.572106 0.440433 0.570074 0.440433 0.569397 0.441336 0.567366 0.441336
1 0.469194 0.432310 0.469871 0.436823 0.472580 0.439531 0.474611 0.439531 0.479350 0.435921 0.481381 0.435921 0.484766 0.434116 0.493568 0.434116 0.498307 0.437726 0.498984 0.436823 0.501693 0.436823 0.503724 0.435018 0.503724 0.431408 0.502370 0.429603 0.496953 0.427798 0.490183 0.417870 0.488829 0.417870 0.487475 0.416065 0.478673 0.416065 0.475965 0.417870 0.471225 0.423285
1 0.614760 0.541516 0.615437 0.542419 0.619499 0.542419 0.620176 0.543321 0.625592 0.543321 0.626269 0.542419 0.627624 0.542419 0.642519 0.528881 0.642519 0.525271 0.640487 0.523466 0.637779 0.523466 0.636425 0.522563 0.633040 0.518051 0.631009 0.517148 0.629655 0.515343 0.628301 0.515343 0.627624 0.514440 0.622207 0.514440 0.618145 0.517148 0.616114 0.520758 0.616114 0.536101 0.614760 0.538809
1 0.419770 0.416065 0.418416 0.417870 0.418416 0.422383 0.419093 0.423285 0.419093 0.431408 0.419770 0.432310 0.419770 0.435018 0.421124 0.436823 0.421801 0.436823 0.422478 0.437726 0.425186 0.437726 0.425863 0.436823 0.428571 0.436823 0.429926 0.434116 0.429926 0.427798 0.429248 0.426895 0.429248 0.425090 0.428571 0.424188 0.427894 0.421480 0.424509 0.416968 0.423832 0.416968 0.423155 0.416065
1 0.997292 0.558664 0.996615 0.559567 0.995938 0.559567 0.995261 0.560469 0.994584 0.560469 0.994584 0.561372 0.993907 0.562274 0.993907 0.563177 0.993230 0.564079 0.993230 0.567690 0.993907 0.568592 0.993907 0.569495 0.995938 0.569495 0.996615 0.570397 0.999323 0.570397 0.999323 0.558664
1 0.658091 0.410650 0.658091 0.417870 0.658768 0.419675 0.660122 0.420578 0.670278 0.420578 0.670955 0.419675 0.672986 0.419675 0.676371 0.417870 0.685173 0.417870 0.685850 0.416968 0.685850 0.413357 0.681110 0.400722 0.679079 0.398014 0.675694 0.396209 0.673663 0.396209 0.672986 0.395307 0.666892 0.396209 0.664184 0.398014 0.659445 0.405235 0.659445 0.407040
1 0.421801 0.437726 0.421801 0.444946 0.422478 0.445848 0.422478 0.447653 0.421801 0.448556 0.421801 0.453069 0.422478 0.453971 0.422478 0.455776 0.423155 0.455776 0.423832 0.456679 0.430603 0.456679 0.431280 0.457581 0.431957 0.457581 0.435342 0.453069 0.435342 0.443141 0.433988 0.440433 0.433988 0.438628 0.431957 0.436823 0.427894 0.436823 0.427217 0.437726 0.425863 0.437726 0.425186 0.438628 0.422478 0.438628
1 0.566012 0.442238 0.570074 0.447653 0.571429 0.447653 0.573460 0.449458 0.575491 0.449458 0.578876 0.452166 0.584970 0.454874 0.591740 0.454874 0.593771 0.452166 0.593771 0.449458 0.595802 0.445848 0.596479 0.443141 0.596479 0.435921 0.591063 0.427798 0.586324 0.425090 0.584292 0.425090 0.580230 0.427798 0.577522 0.431408 0.576168 0.435921 0.573460 0.439531
1 0.721733 0.397112 0.713609 0.397112 0.709546 0.399819 0.705484 0.407040 0.705484 0.412455 0.706161 0.413357 0.706161 0.415162 0.707515 0.418773 0.708869 0.420578 0.709546 0.423285 0.712255 0.425993 0.715640 0.425993 0.717671 0.423285 0.718348 0.420578 0.720379 0.417870 0.722410 0.411552 0.725118 0.407040 0.725118 0.400722
1 0.553825 0.574007 0.553825 0.581227 0.554502 0.582130 0.554502 0.586643 0.555179 0.587545 0.555179 0.591155 0.555856 0.592058 0.555856 0.593863 0.557211 0.596570 0.559919 0.598375 0.561950 0.598375 0.562627 0.599278 0.567366 0.599278 0.568720 0.597473 0.570752 0.597473 0.573460 0.594765 0.572783 0.592058 0.571429 0.591155 0.568720 0.587545 0.567366 0.583032 0.561950 0.583032 0.559242 0.580325 0.558565 0.578520 0.558565 0.574007 0.557888 0.572202 0.555856 0.572202
1 0.471903 0.601083 0.464455 0.601083 0.459716 0.603791 0.459716 0.608303 0.459039 0.609206 0.459039 0.615523 0.459716 0.616426 0.459039 0.632671 0.457684 0.636282 0.452945 0.642599 0.452945 0.646209 0.452268 0.647112 0.452945 0.648014 0.457684 0.649819 0.462424 0.648917 0.471225 0.638989 0.471903 0.636282 0.472580 0.610108 0.473257 0.609206 0.473257 0.601986
2 0.745430 0.540614 0.735951 0.541516 0.734597 0.542419 0.734597 0.546931 0.736628 0.554152 0.736628 0.564982 0.730535 0.572202 0.729181 0.575812 0.729181 0.578520 0.730535 0.580325 0.742045 0.579422 0.742722 0.578520 0.744753 0.578520 0.747461 0.575812 0.748138 0.573105 0.746784 0.567690 0.746784 0.542419
2 0.494922 0.608303 0.484089 0.609206 0.484089 0.637184 0.483412 0.638087 0.483412 0.646209 0.485443 0.650722 0.490860 0.653430 0.494245 0.651625 0.494922 0.648917 0.494922 0.642599 0.494245 0.641697
2 0.773189 0.537906 0.771158 0.537906 0.767772 0.540614 0.764387 0.541516 0.763033 0.543321 0.763033 0.546029 0.765064 0.554152 0.765064 0.561372 0.762356 0.568592 0.760325 0.570397 0.758971 0.573105 0.759648 0.577617 0.761679 0.578520 0.769127 0.578520 0.771835 0.576715 0.775897 0.570397 0.776574 0.562274 0.775897 0.561372 0.775897 0.553249 0.775220 0.552347 0.775220 0.540614
2 0.557888 0.596570 0.557888 0.601986 0.559919 0.604693 0.573460 0.604693 0.574137 0.603791 0.574814 0.603791 0.576168 0.601986 0.574814 0.600181 0.574814 0.599278 0.573460 0.597473 0.573460 0.596570 0.572783 0.596570 0.570752 0.593863 0.566689 0.593863 0.566012 0.594765 0.561273 0.594765 0.560596 0.595668 0.558565 0.595668
2 0.559919 0.584838 0.559919 0.586643 0.561273 0.588448 0.560596 0.589350 0.560596 0.591155 0.559919 0.592058 0.559919 0.593863 0.559242 0.594765 0.559919 0.594765 0.560596 0.595668 0.564658 0.595668 0.565335 0.596570 0.572106 0.596570 0.572783 0.595668 0.574137 0.595668 0.574814 0.594765 0.574137 0.593863 0.574137 0.592058 0.573460 0.591155 0.571429 0.590253 0.569397 0.587545 0.568720 0.584838 0.567366 0.583032 0.564658 0.583032 0.563981 0.583935 0.561273 0.583935 0.560596 0.584838
2 0.392688 0.619134 0.392011 0.619134 0.391334 0.618231 0.389303 0.618231 0.388626 0.619134 0.381855 0.619134 0.381178 0.620036 0.380501 0.620036 0.380501 0.620939 0.379824 0.621841 0.379824 0.622744 0.380501 0.623646 0.380501 0.624549 0.381178 0.625451 0.381178 0.626354 0.381855 0.626354 0.382532 0.627256 0.383886 0.627256 0.384563 0.628159 0.389980 0.628159 0.390657 0.627256 0.390657 0.625451 0.391334 0.624549 0.391334 0.622744 0.392011 0.621841 0.392011 0.620036
2 0.463101 0.625451 0.460393 0.625451 0.459716 0.626354 0.459716 0.629061 0.459039 0.629964 0.459039 0.632671 0.458362 0.634477 0.452945 0.641697 0.452268 0.643502 0.452268 0.647112 0.453622 0.648917 0.454976 0.648917 0.455653 0.649819 0.459039 0.649819 0.459716 0.650722 0.460393 0.649819 0.461747 0.649819 0.464455 0.647112 0.465132 0.647112 0.467840 0.643502 0.467840 0.642599 0.470548 0.639892 0.471225 0.638087 0.471225 0.635379 0.470548 0.633574 0.467840 0.630866 0.467163 0.630866 0.465809 0.629061 0.465132 0.629061
2 0.872038 0.625451 0.871361 0.624549 0.871361 0.622744 0.869330 0.620939 0.861205 0.620939 0.860528 0.621841 0.854435 0.621841 0.853081 0.623646 0.852404 0.623646 0.848341 0.629061 0.848341 0.633574 0.851726 0.636282 0.858497 0.636282 0.859174 0.635379 0.861205 0.635379 0.861882 0.634477 0.863236 0.634477 0.863913 0.633574 0.867299 0.631769 0.868653 0.629964 0.870007 0.629964 0.871361 0.628159
2 0.556534 0.571300 0.555856 0.572202 0.555179 0.572202 0.553148 0.574007 0.553148 0.579422 0.553825 0.580325 0.553825 0.583032 0.554502 0.583935 0.554502 0.585740 0.555179 0.586643 0.555179 0.588448 0.555856 0.589350 0.555856 0.592058 0.556534 0.592960 0.556534 0.593863 0.557211 0.594765 0.557888 0.594765 0.557888 0.593863 0.558565 0.592960 0.558565 0.590253 0.559242 0.589350 0.559242 0.587545 0.559919 0.586643 0.559919 0.585740 0.560596 0.584838 0.561273 0.584838 0.559919 0.583032 0.559919 0.582130 0.559242 0.581227 0.559242 0.577617 0.558565 0.576715 0.558565 0.574007 0.557888 0.573105 0.557888 0.572202 0.557211 0.572202
2 0.658768 0.624549 0.658091 0.624549 0.656737 0.626354 0.656737 0.627256 0.656060 0.628159 0.656060 0.630866 0.655383 0.631769 0.655383 0.638989 0.657414 0.641697 0.659445 0.638989 0.659445 0.638087 0.660122 0.637184 0.660122 0.635379 0.660799 0.634477 0.660799 0.631769 0.661476 0.630866 0.661476 0.627256 0.660799 0.626354 0.660799 0.625451 0.659445 0.625451
2 0.877454 0.592960 0.875423 0.592960 0.873392 0.595668 0.873392 0.596570 0.872038 0.598375 0.872038 0.599278 0.868653 0.607401 0.868653 0.612816 0.869330 0.613718 0.869330 0.615523 0.871361 0.618231 0.877454 0.618231 0.879485 0.615523 0.879485 0.614621 0.880162 0.613718 0.880162 0.611913 0.880840 0.611011 0.880840 0.608303 0.880162 0.607401 0.880162 0.599278 0.878808 0.596570 0.878808 0.594765
3 0.689235 0.641697 0.688558 0.639892 0.679079 0.630866 0.676371 0.630866 0.675694 0.631769 0.668246 0.631769 0.667569 0.632671 0.664184 0.632671 0.663507 0.633574 0.662153 0.633574 0.660122 0.636282 0.658091 0.640794 0.658091 0.645307 0.658768 0.647112 0.660799 0.648917 0.664184 0.648917 0.664861 0.649819 0.672986 0.649819 0.673663 0.650722 0.675694 0.650722 0.676371 0.649819 0.683142 0.649819 0.683819 0.648917 0.688558 0.648014 0.689235 0.647112
3 0.484089 0.638087 0.484089 0.638989 0.483412 0.639892 0.483412 0.648014 0.484089 0.648917 0.484089 0.649819 0.484766 0.650722 0.485443 0.650722 0.487475 0.652527 0.488829 0.652527 0.489506 0.653430 0.492214 0.653430 0.492891 0.652527 0.494245 0.652527 0.494245 0.651625 0.494922 0.650722 0.494922 0.644404 0.494245 0.643502 0.494245 0.641697 0.493568 0.640794 0.493568 0.639892 0.491537 0.637184 0.489506 0.637184 0.488829 0.638087
3 0.748138 0.570397 0.747461 0.569495 0.746784 0.566787 0.745430 0.564982 0.738659 0.564982 0.737982 0.564079 0.735951 0.566787 0.735274 0.566787 0.733243 0.569495 0.732566 0.569495 0.729181 0.573105 0.727827 0.578520 0.728504 0.579422 0.728504 0.580325 0.729181 0.580325 0.729858 0.581227 0.735274 0.581227 0.735951 0.580325 0.739336 0.580325 0.740014 0.579422 0.742045 0.579422 0.742722 0.578520 0.744753 0.578520 0.745430 0.577617 0.746784 0.577617 0.748138 0.575812
3 0.752877 0.577617 0.748138 0.574007 0.745430 0.575812 0.744076 0.575812 0.743399 0.576715 0.729858 0.576715 0.727150 0.578520 0.725118 0.583032 0.725118 0.585740 0.726473 0.588448 0.727827 0.589350 0.731212 0.589350 0.731889 0.590253 0.735274 0.590253 0.735951 0.589350 0.739336 0.589350 0.740014 0.588448 0.745430 0.588448 0.746107 0.587545 0.748138 0.587545 0.748815 0.586643 0.748815 0.585740 0.750169 0.583935 0.750846 0.579422
3 0.775897 0.566787 0.773866 0.564982 0.771158 0.564982 0.769127 0.563177 0.765064 0.563177 0.763033 0.565884 0.761002 0.566787 0.758294 0.570397 0.757617 0.570397 0.756940 0.571300 0.756940 0.572202 0.756263 0.573105 0.756940 0.577617 0.757617 0.578520 0.758971 0.578520 0.759648 0.579422 0.768450 0.579422 0.769127 0.578520 0.770481 0.578520 0.771158 0.577617 0.771835 0.577617 0.774543 0.574007 0.774543 0.573105 0.775897 0.570397
