0 0.616791 0.288809 0.601219 0.292419 0.591740 0.316787 0.597833 0.347473 0.577522 0.481047 0.580907 0.489170 0.584292 0.480144 0.591740 0.578520 0.573460 0.594765 0.576168 0.603791 0.601896 0.605596 0.609343 0.510830 0.617468 0.532491 0.617468 0.569495 0.622884 0.586643 0.631009 0.555957 0.626269 0.493682 0.635071 0.374549 0.624915 0.341155 0.626947 0.306859
0 0.555179 0.266245 0.546378 0.268051 0.526066 0.299639 0.531483 0.316787 0.513202 0.458484 0.518619 0.480144 0.526743 0.471119 0.536222 0.570397 0.534868 0.601083 0.522004 0.612816 0.540961 0.624549 0.549086 0.623646 0.553148 0.611913 0.574137 0.612816 0.570074 0.507220 0.589709 0.391697 0.589032 0.344765 0.575491 0.323105 0.569397 0.278881
0 0.293162 0.270758 0.280975 0.275271 0.274204 0.290614 0.278944 0.339350 0.270819 0.366426 0.272850 0.422383 0.267434 0.438628 0.268788 0.448556 0.279621 0.457581 0.286391 0.489170 0.285714 0.546029 0.289777 0.555054 0.294516 0.549639 0.298578 0.518051 0.297901 0.476534 0.284360 0.396209 0.284360 0.375451 0.293162 0.357401 0.293162 0.342058 0.286391 0.332130 0.293839 0.322202 0.297224 0.290614 0.306026 0.280686
0 0.306703 0.281588 0.287745 0.333032 0.293839 0.358303 0.285037 0.376354 0.299255 0.483755 0.292485 0.556859 0.302640 0.605596 0.301963 0.657040 0.310088 0.666065 0.317536 0.655235 0.319567 0.579422 0.331754 0.527978 0.355450 0.661552 0.374408 0.654332 0.366283 0.638087 0.358835 0.555054 0.363575 0.494585 0.356127 0.456679 0.364252 0.425090 0.354096 0.373646 0.330399 0.349278 0.345295 0.326715 0.335139 0.318592 0.328368 0.292419
0 0.394719 0.282491 0.380501 0.289711 0.381855 0.324910 0.364929 0.338448 0.357481 0.368231 0.368314 0.445848 0.362898 0.534296 0.366283 0.557762 0.377116 0.554152 0.389980 0.472022 0.395396 0.484657 0.398781 0.546931 0.423155 0.547834 0.413676 0.527076 0.413676 0.503610 0.398781 0.485560 0.403521 0.413357 0.414353 0.349278 0.402167 0.327617 0.404875 0.296931
0 0.802979 0.344765 0.799594 0.351083 0.798240 0.364621 0.794854 0.370036 0.790792 0.372744 0.789438 0.378159 0.790115 0.385379 0.792823 0.389892 0.789438 0.400722 0.794177 0.407040 0.798240 0.408845 0.802979 0.416968 0.821259 0.416065 0.823968 0.407942 0.823968 0.399819 0.821259 0.393502 0.823290 0.387184 0.822613 0.379061 0.821259 0.374549 0.815843 0.370939 0.813135 0.366426 0.811781 0.347473 0.809749 0.344765
0 0.446175 0.273466 0.433988 0.277076 0.423155 0.302347 0.428571 0.335740 0.410291 0.370036 0.404875 0.467509 0.414353 0.473827 0.404198 0.487365 0.417739 0.497292 0.426540 0.539711 0.431957 0.615523 0.425186 0.629964 0.438727 0.642599 0.446852 0.629964 0.446175 0.513538 0.463101 0.591155 0.454299 0.630866 0.474611 0.632671 0.473257 0.500000 0.486798 0.407942 0.482735 0.367329 0.457007 0.331227 0.457684 0.291516
0 0.622884 0.283394 0.618822 0.289711 0.628301 0.309567 0.626269 0.345668 0.635748 0.375451 0.626947 0.502708 0.631686 0.533394 0.628301 0.578520 0.632363 0.580325 0.645904 0.574910 0.645227 0.518051 0.635748 0.465704 0.647258 0.422383 0.641842 0.342058 0.643873 0.299639 0.637102 0.287906
0 0.471225 0.266245 0.463101 0.275271 0.460393 0.288809 0.466486 0.310469 0.456330 0.327617 0.476642 0.352888 0.485443 0.373646 0.487475 0.415162 0.482058 0.452166 0.482735 0.529783 0.498307 0.536101 0.504401 0.527076 0.493568 0.512635 0.496953 0.490975 0.495599 0.442238 0.501693 0.428700 0.505078 0.404332 0.502370 0.359206 0.496953 0.324910 0.482058 0.312274 0.484766 0.278881 0.480704 0.268953
1 0.306703 0.278881 0.300609 0.273466 0.293162 0.270758 0.285714 0.271661 0.280975 0.275271 0.274882 0.286101 0.274204 0.289711 0.273527 0.304152 0.274882 0.310469 0.276236 0.312274 0.280298 0.313177 0.293162 0.308664 0.295193 0.303249 0.295193 0.299639 0.297224 0.291516 0.302640 0.284296 0.304672 0.283394
1 0.293162 0.308664 0.291808 0.309567 0.289777 0.309567 0.287068 0.311372 0.285037 0.311372 0.282329 0.313177 0.277590 0.313177 0.276236 0.314982 0.275559 0.316787 0.275559 0.325812 0.276236 0.327617 0.279621 0.332130 0.279621 0.333032 0.281652 0.333032 0.282329 0.333935 0.283006 0.333032 0.284360 0.333032 0.285714 0.332130 0.288422 0.327617 0.292485 0.324910 0.294516 0.322202 0.294516 0.318592 0.293839 0.317690 0.293839 0.310469
1 0.379824 0.290614 0.379147 0.302347 0.378470 0.303249 0.379147 0.307762 0.379824 0.308664 0.382532 0.305957 0.383886 0.305957 0.385917 0.304152 0.390657 0.304152 0.391334 0.303249 0.400812 0.303249 0.401489 0.304152 0.404875 0.305054 0.406229 0.303249 0.406229 0.300542 0.403521 0.292419 0.402167 0.290614 0.401489 0.287906 0.397427 0.283394 0.392011 0.282491 0.391334 0.281588 0.386594 0.282491 0.381855 0.286101 0.381178 0.288809
1 0.779282 0.348375 0.777251 0.345668 0.773866 0.345668 0.773189 0.344765 0.771835 0.344765 0.771158 0.345668 0.768450 0.345668 0.767772 0.346570 0.767095 0.346570 0.765741 0.348375 0.765741 0.350181 0.765064 0.351083 0.765064 0.361011 0.765741 0.361913 0.771158 0.361913 0.771835 0.362816 0.775220 0.362816 0.775897 0.361913 0.777928 0.361011 0.778605 0.360108 0.778605 0.358303 0.779282 0.357401
1 0.461070 0.283394 0.461070 0.287906 0.463101 0.291516 0.464455 0.289711 0.467163 0.287906 0.469194 0.287906 0.469871 0.287004 0.473257 0.287004 0.473934 0.286101 0.480704 0.286101 0.481381 0.287004 0.484766 0.287906 0.486121 0.286101 0.485443 0.280686 0.480704 0.268953 0.476642 0.266245 0.470548 0.266245 0.466486 0.268953 0.464455 0.271661 0.462424 0.277076 0.461747 0.282491
1 0.604604 0.286101 0.599865 0.279783 0.596479 0.277978 0.589709 0.277978 0.589032 0.278881 0.587001 0.278881 0.580907 0.286101 0.578876 0.291516 0.578876 0.294224 0.577522 0.296931 0.577522 0.302347 0.576845 0.303249 0.580230 0.305957 0.584292 0.305957 0.587678 0.304152 0.591740 0.304152 0.595802 0.299639 0.596479 0.296931 0.601896 0.289711 0.602573 0.289711
1 0.294516 0.303249 0.295193 0.305957 0.294516 0.318592 0.296547 0.323105 0.310088 0.322202 0.333108 0.315884 0.336493 0.311372 0.336493 0.306859 0.332431 0.301444 0.329045 0.293321 0.325660 0.288809 0.317536 0.282491 0.311442 0.280686 0.306703 0.280686 0.303995 0.282491 0.298578 0.289711
1 0.591063 0.319495 0.592417 0.322202 0.595125 0.322202 0.599188 0.318592 0.605281 0.316787 0.612051 0.316787 0.612728 0.315884 0.621530 0.316787 0.622207 0.317690 0.626269 0.316787 0.627624 0.314079 0.627624 0.307762 0.626269 0.301444 0.624238 0.296029 0.620176 0.290614 0.617468 0.288809 0.605281 0.288809 0.601896 0.290614 0.595802 0.299639 0.594448 0.303249 0.593771 0.310469 0.591063 0.316787
1 0.801625 0.346570 0.801625 0.347473 0.800948 0.348375 0.800948 0.351083 0.800271 0.351986 0.800271 0.352888 0.800948 0.353791 0.800948 0.355596 0.801625 0.355596 0.802302 0.356498 0.810427 0.356498 0.811104 0.355596 0.811104 0.353791 0.811781 0.352888 0.811781 0.350181 0.811104 0.349278 0.811104 0.346570 0.810427 0.345668 0.809749 0.345668 0.809072 0.344765 0.803656 0.344765 0.802979 0.345668 0.802302 0.345668
1 0.422478 0.303249 0.425186 0.308664 0.436019 0.307762 0.446175 0.310469 0.456330 0.310469 0.460393 0.305957 0.460393 0.303249 0.458362 0.298736 0.457007 0.288809 0.454299 0.282491 0.448206 0.274368 0.444144 0.272563 0.438727 0.273466 0.432634 0.277978 0.429926 0.281588 0.426540 0.288809 0.424509 0.298736
1 0.532160 0.294224 0.532837 0.297834 0.549763 0.304152 0.560596 0.305957 0.571429 0.305957 0.572106 0.304152 0.571429 0.287004 0.568720 0.276173 0.561950 0.268051 0.555179 0.265343 0.549086 0.265343 0.546378 0.267148 0.538930 0.277978
1 0.619499 0.285199 0.618145 0.289711 0.620176 0.290614 0.624915 0.296931 0.626269 0.301444 0.626269 0.304152 0.627624 0.306859 0.628301 0.312274 0.629655 0.314079 0.635071 0.314982 0.635748 0.315884 0.641842 0.315884 0.643196 0.314079 0.643196 0.312274 0.643873 0.311372 0.643873 0.299639 0.640487 0.291516 0.633717 0.285199 0.632363 0.285199 0.629655 0.283394 0.622884 0.283394
1 0.346649 0.327617 0.344617 0.324007 0.340555 0.322202 0.333108 0.315884 0.328368 0.315884 0.315504 0.321300 0.295870 0.324007 0.290454 0.327617 0.287068 0.334838 0.291131 0.338448 0.333108 0.340253 0.342586 0.334838
1 0.322952 0.688628 0.322952 0.689531 0.322275 0.690433 0.322275 0.694043 0.322952 0.694946 0.323629 0.697653 0.327691 0.703069 0.329045 0.703069 0.329722 0.703971 0.331754 0.703971 0.332431 0.704874 0.339201 0.704874 0.341232 0.703069 0.340555 0.702166 0.340555 0.700361 0.339878 0.699458 0.339878 0.697653 0.339201 0.696751 0.339201 0.694946 0.338524 0.694043 0.338524 0.692238 0.339201 0.691336 0.339201 0.688628 0.338524 0.688628 0.337847 0.687726 0.335816 0.687726 0.335139 0.686823 0.326337 0.686823 0.325660 0.687726 0.324306 0.687726 0.323629 0.688628
1 0.780636 0.437726 0.779282 0.439531 0.779282 0.441336 0.778605 0.442238 0.778605 0.444946 0.779282 0.445848 0.779282 0.446751 0.779959 0.446751 0.780636 0.447653 0.785376 0.447653 0.786730 0.445848 0.786730 0.441336 0.786053 0.440433 0.786053 0.438628 0.785376 0.437726 0.784022 0.437726 0.783345 0.436823 0.782668 0.436823 0.781991 0.437726
3 0.327691 0.555957 0.325660 0.562274 0.324306 0.564079 0.324306 0.565884 0.323629 0.566787 0.323629 0.569495 0.322952 0.570397 0.324306 0.572202 0.327014 0.572202 0.327691 0.573105 0.329045 0.573105 0.332431 0.575812 0.339878 0.575812 0.340555 0.574910 0.341232 0.574910 0.341232 0.567690 0.340555 0.566787 0.340555 0.565884 0.337847 0.562274 0.335139 0.562274 0.334462 0.561372 0.333108 0.561372 0.331077 0.557762
3 0.574137 0.589350 0.572783 0.599278 0.574137 0.603791 0.576168 0.605596 0.580907 0.605596 0.581584 0.606498 0.589709 0.607401 0.590386 0.608303 0.599865 0.608303 0.602573 0.605596 0.602573 0.594765 0.601896 0.593863 0.593771 0.593863 0.591063 0.591155 0.589032 0.586643 0.584292 0.586643 0.583615 0.587545 0.579553 0.587545 0.578876 0.588448 0.575491 0.588448
3 0.607989 0.530686 0.606635 0.532491 0.606635 0.533394 0.605958 0.534296 0.605958 0.549639 0.606635 0.550542 0.606635 0.551444 0.607312 0.551444 0.607989 0.552347 0.612051 0.552347 0.612728 0.551444 0.613406 0.552347 0.616114 0.552347 0.616114 0.551444 0.616791 0.550542 0.616791 0.532491 0.615437 0.530686
3 0.572783 0.524368 0.572106 0.525271 0.572106 0.528881 0.572783 0.529783 0.572783 0.532491 0.573460 0.533394 0.573460 0.535199 0.574137 0.536101 0.574137 0.537906 0.574814 0.538809 0.578876 0.538809 0.579553 0.537906 0.580907 0.537906 0.582261 0.536101 0.582261 0.535199 0.581584 0.534296 0.581584 0.532491 0.580907 0.531588 0.580907 0.530686 0.580230 0.529783 0.580230 0.528881 0.579553 0.527978 0.578876 0.527978 0.577522 0.526173 0.576845 0.526173 0.575491 0.524368 0.574814 0.524368 0.574137 0.523466 0.573460 0.524368
3 0.531483 0.522563 0.530806 0.523466 0.529452 0.523466 0.528775 0.524368 0.528775 0.527076 0.528098 0.527978 0.528098 0.529783 0.528775 0.530686 0.528775 0.532491 0.529452 0.533394 0.529452 0.535199 0.530129 0.536101 0.530806 0.536101 0.532160 0.537906 0.534191 0.537906 0.535545 0.536101 0.535545 0.535199 0.536222 0.534296 0.536222 0.531588 0.535545 0.530686 0.535545 0.528881 0.534868 0.527978 0.534868 0.527076 0.534191 0.526173 0.534191 0.525271 0.532160 0.522563
3 0.452945 0.534296 0.452268 0.534296 0.451591 0.535199 0.446175 0.535199 0.446175 0.536101 0.445498 0.537004 0.445498 0.544224 0.446175 0.545126 0.446852 0.544224 0.450914 0.544224 0.451591 0.545126 0.454976 0.545126 0.455653 0.544224 0.455653 0.542419 0.454976 0.541516 0.454976 0.540614 0.454299 0.539711 0.454299 0.537906 0.453622 0.537004 0.453622 0.536101 0.452945 0.535199
3 0.379824 0.654332 0.375085 0.647112 0.369668 0.641697 0.368314 0.641697 0.364252 0.644404 0.354096 0.643502 0.352742 0.646209 0.350711 0.655235 0.348680 0.659747 0.348680 0.663357 0.351388 0.665162 0.353419 0.665162 0.354096 0.664260 0.356127 0.664260 0.358158 0.662455 0.365606 0.660650 0.368314 0.658845 0.376439 0.657942 0.379147 0.656137
3 0.629655 0.565884 0.629655 0.567690 0.628978 0.568592 0.628978 0.570397 0.628301 0.571300 0.628301 0.580325 0.628978 0.581227 0.631009 0.581227 0.631686 0.580325 0.637779 0.580325 0.638456 0.579422 0.643196 0.579422 0.645227 0.577617 0.645227 0.576715 0.646581 0.574007 0.646581 0.570397 0.645904 0.569495 0.645904 0.567690 0.644550 0.565884 0.642519 0.565884 0.641842 0.566787 0.637102 0.566787 0.633717 0.564079 0.631009 0.564079
3 0.522004 0.611011 0.522004 0.613718 0.525389 0.620939 0.528775 0.622744 0.536222 0.624549 0.536899 0.625451 0.548409 0.625451 0.549086 0.624549 0.550440 0.624549 0.551794 0.620036 0.551117 0.612816 0.549086 0.607401 0.547055 0.607401 0.546378 0.606498 0.542993 0.608303 0.539607 0.608303 0.536899 0.604693 0.536222 0.601986 0.533514 0.602888 0.527420 0.607401 0.525389 0.607401 0.522681 0.609206
3 0.303318 0.646209 0.301286 0.650722 0.301286 0.657942 0.301963 0.658845 0.301963 0.664260 0.302640 0.665162 0.302640 0.666065 0.303995 0.667870 0.309411 0.667870 0.310088 0.666968 0.312119 0.666968 0.312796 0.666065 0.314827 0.665162 0.314827 0.664260 0.316859 0.660650 0.316859 0.658845 0.317536 0.657942 0.317536 0.654332 0.318213 0.653430 0.318213 0.649819 0.317536 0.648917 0.317536 0.647112 0.305349 0.647112 0.304672 0.646209
3 0.320244 0.596570 0.319567 0.597473 0.319567 0.598375 0.318890 0.599278 0.318890 0.601083 0.318213 0.601986 0.318213 0.611011 0.318890 0.611011 0.319567 0.611913 0.321598 0.611913 0.322275 0.611011 0.324983 0.611011 0.327014 0.608303 0.327014 0.607401 0.327691 0.606498 0.327691 0.601986 0.324983 0.598375 0.324306 0.598375 0.323629 0.597473 0.322275 0.597473 0.321598 0.596570
3 0.431957 0.616426 0.426540 0.620036 0.424509 0.622744 0.424509 0.624549 0.423832 0.625451 0.423832 0.629964 0.424509 0.630866 0.424509 0.632671 0.431957 0.641697 0.436019 0.644404 0.438050 0.644404 0.438727 0.645307 0.442112 0.642599 0.446852 0.634477 0.446852 0.631769 0.447529 0.629964 0.446852 0.629061 0.446175 0.622744 0.443466 0.620939 0.438050 0.620939
3 0.425186 0.546029 0.424509 0.545126 0.424509 0.543321 0.421801 0.538809 0.419770 0.537906 0.418416 0.536101 0.415708 0.536101 0.415030 0.535199 0.406906 0.540614 0.399458 0.540614 0.398104 0.542419 0.398104 0.546931 0.400135 0.548736 0.405552 0.548736 0.406229 0.549639 0.408260 0.549639 0.408937 0.550542 0.412999 0.551444 0.413676 0.552347 0.419093 0.552347 0.419770 0.551444 0.421801 0.551444 0.424509 0.548736
3 0.530806 0.522563 0.530129 0.523466 0.529452 0.523466 0.528775 0.524368 0.528775 0.525271 0.528098 0.526173 0.528098 0.532491 0.529452 0.534296 0.529452 0.535199 0.530129 0.535199 0.530806 0.536101 0.531483 0.536101 0.532160 0.537004 0.533514 0.535199 0.533514 0.534296 0.534191 0.533394 0.534191 0.526173 0.533514 0.525271 0.533514 0.524368 0.532837 0.523466 0.532837 0.522563
3 0.316859 0.615523 0.316859 0.619134 0.316181 0.620036 0.316181 0.626354 0.316859 0.627256 0.316859 0.629061 0.317536 0.629964 0.328368 0.629964 0.329045 0.629061 0.330399 0.629061 0.331077 0.628159 0.334462 0.626354 0.336493 0.622744 0.336493 0.620036 0.335139 0.617329 0.333785 0.617329 0.333108 0.616426 0.331077 0.616426 0.330399 0.615523 0.328368 0.615523 0.322952 0.611011 0.320244 0.611011 0.318890 0.612816 0.318213 0.612816
3 0.322952 0.571300 0.320921 0.575812 0.320921 0.578520 0.320244 0.579422 0.320244 0.592058 0.336493 0.592960 0.337170 0.592058 0.339878 0.592058 0.341909 0.590253 0.341909 0.588448 0.342586 0.587545 0.342586 0.584838 0.341909 0.583935 0.341909 0.576715 0.339201 0.570397 0.338524 0.566787 0.337170 0.566787 0.334462 0.572202 0.333785 0.571300 0.332431 0.571300 0.330399 0.568592 0.327691 0.566787 0.326337 0.568592 0.324983 0.568592
3 0.798240 0.423285 0.798240 0.424188 0.797563 0.425090 0.797563 0.428700 0.798240 0.429603 0.798240 0.430505 0.799594 0.432310 0.800271 0.432310 0.800948 0.433213 0.806364 0.433213 0.807041 0.432310 0.808395 0.432310 0.809072 0.431408 0.809072 0.429603 0.809749 0.428700 0.809749 0.427798 0.809072 0.426895 0.809072 0.424188 0.808395 0.423285 0.808395 0.421480 0.807041 0.421480 0.806364 0.420578 0.801625 0.420578 0.800948 0.421480 0.799594 0.421480
3 0.573460 0.524368 0.572783 0.525271 0.572783 0.529783 0.573460 0.530686 0.573460 0.533394 0.574137 0.534296 0.574137 0.537004 0.574814 0.538809 0.578876 0.541516 0.581584 0.546029 0.582261 0.548736 0.584292 0.551444 0.589032 0.551444 0.590386 0.549639 0.590386 0.545126 0.589709 0.544224 0.589709 0.542419 0.586324 0.537906 0.586324 0.537004 0.583615 0.535199 0.583615 0.534296 0.581584 0.530686 0.580907 0.530686 0.576168 0.525271 0.574814 0.524368
3 0.809072 0.431408 0.811104 0.434116 0.812458 0.434116 0.813135 0.435018 0.821259 0.435018 0.821259 0.434116 0.821936 0.433213 0.821936 0.425993 0.820582 0.424188 0.815843 0.424188 0.815166 0.425090 0.814489 0.425090 0.813812 0.425993 0.812458 0.425993 0.811781 0.426895 0.811104 0.426895 0.809749 0.428700 0.809749 0.430505
3 0.603250 0.592960 0.603250 0.594765 0.604604 0.596570 0.605281 0.596570 0.607312 0.598375 0.608666 0.598375 0.609343 0.599278 0.614083 0.599278 0.614760 0.600181 0.618822 0.600181 0.619499 0.599278 0.619499 0.597473 0.618822 0.596570 0.618822 0.595668 0.618145 0.594765 0.618145 0.592960 0.617468 0.592058 0.617468 0.589350 0.616791 0.588448 0.616791 0.585740 0.613406 0.583032 0.611374 0.583032 0.610697 0.583935 0.610020 0.583935 0.607989 0.586643 0.605958 0.587545
3 0.463101 0.608303 0.459716 0.611913 0.459716 0.613718 0.456330 0.619134 0.454976 0.622744 0.454976 0.624549 0.453622 0.627256 0.453622 0.630866 0.454976 0.632671 0.454976 0.633574 0.457684 0.635379 0.463101 0.636282 0.463778 0.637184 0.471903 0.637184 0.475288 0.633574 0.475288 0.620939 0.474611 0.620036 0.474611 0.614621 0.473257 0.612816 0.469194 0.611913 0.465809 0.609206
3 0.550440 0.601986 0.549763 0.607401 0.551117 0.611011 0.553148 0.612816 0.557211 0.613718 0.557888 0.614621 0.561950 0.615523 0.562627 0.616426 0.572106 0.616426 0.573460 0.615523 0.574814 0.612816 0.573460 0.601083 0.571429 0.597473 0.569397 0.597473 0.568720 0.598375 0.563981 0.598375 0.563304 0.597473 0.561950 0.597473 0.559919 0.594765 0.559242 0.594765 0.558565 0.595668 0.556534 0.595668 0.552471 0.598375
3 0.482735 0.524368 0.482735 0.527978 0.482058 0.528881 0.484089 0.533394 0.490183 0.534296 0.490860 0.535199 0.492891 0.535199 0.493568 0.536101 0.500338 0.536101 0.502370 0.534296 0.502370 0.533394 0.505078 0.528881 0.505078 0.525271 0.501693 0.520758 0.494922 0.516245 0.492891 0.516245 0.492214 0.515343 0.490860 0.515343 0.489506 0.517148 0.486121 0.518953 0.483412 0.522563
3 0.364252 0.543321 0.364252 0.544224 0.362898 0.546931 0.362898 0.548736 0.362221 0.549639 0.362221 0.553249 0.362898 0.554152 0.363575 0.556859 0.364252 0.556859 0.364929 0.557762 0.366960 0.557762 0.367637 0.558664 0.370345 0.558664 0.371022 0.557762 0.374408 0.557762 0.375085 0.556859 0.376439 0.556859 0.377116 0.555957 0.377116 0.555054 0.377793 0.554152 0.377793 0.549639 0.377116 0.548736 0.377116 0.545126 0.375762 0.543321 0.375085 0.543321 0.374408 0.542419 0.373053 0.542419 0.372376 0.541516 0.366283 0.541516
