0 0.507786 0.338448 0.501016 0.353791 0.498984 0.407942 0.490860 0.435018 0.478673 0.438628 0.483412 0.450361 0.501693 0.446751 0.512525 0.407942 0.529452 0.393502 0.534191 0.397112 0.534191 0.409747 0.542315 0.394404 0.546378 0.396209 0.565335 0.428700 0.573460 0.456679 0.582938 0.456679 0.583615 0.438628 0.565335 0.401625 0.556534 0.354693 0.544347 0.340253 0.532160 0.333935
0 0.730535 0.336643 0.716994 0.338448 0.710900 0.351986 0.716994 0.373646 0.706161 0.509928 0.721056 0.503610 0.719702 0.496390 0.729858 0.444043 0.737305 0.428700 0.742045 0.430505 0.742722 0.443141 0.734597 0.491877 0.738659 0.496390 0.750846 0.487365 0.758971 0.436823 0.774543 0.389892 0.771158 0.371841 0.761002 0.354693 0.740691 0.351083
0 0.243060 0.261733 0.230196 0.273466 0.223426 0.303249 0.240352 0.351986 0.224103 0.379964 0.212593 0.504513 0.236290 0.500903 0.241706 0.442238 0.238321 0.500000 0.249831 0.611913 0.266080 0.673285 0.292485 0.657942 0.280975 0.592960 0.285714 0.547834 0.312796 0.643502 0.335139 0.632671 0.309411 0.454874 0.329045 0.416065 0.312796 0.355596 0.279621 0.320397 0.270819 0.275271
0 0.603250 0.257220 0.588355 0.261733 0.578199 0.284296 0.584292 0.303249 0.597156 0.315884 0.596479 0.359206 0.563981 0.359206 0.591740 0.377256 0.591740 0.389892 0.600542 0.397112 0.584970 0.444946 0.585647 0.498195 0.570752 0.507220 0.582261 0.516245 0.595125 0.515343 0.601896 0.477437 0.628301 0.496390 0.640487 0.498195 0.645227 0.492780 0.642519 0.483755 0.612051 0.455776 0.617468 0.436823 0.629655 0.420578 0.633040 0.391697 0.622884 0.325812 0.609343 0.301444 0.612728 0.273466
0 0.421801 0.210289 0.409614 0.212996 0.405552 0.244585 0.391334 0.251805 0.383886 0.274368 0.385240 0.287004 0.398781 0.289711 0.391334 0.296931 0.375085 0.430505 0.377793 0.459386 0.385240 0.456679 0.404198 0.367329 0.413676 0.397112 0.412999 0.450361 0.420447 0.456679 0.435342 0.453069 0.425186 0.441336 0.425186 0.341155 0.431280 0.288809 0.452945 0.294224 0.454976 0.261733 0.448206 0.258123 0.439404 0.269856 0.433311 0.268051 0.425863 0.252708 0.433988 0.233755
1 0.737305 0.342960 0.730535 0.335740 0.727827 0.335740 0.727150 0.334838 0.721733 0.335740 0.716994 0.338448 0.712932 0.344765 0.710900 0.351083 0.710900 0.361011 0.712932 0.364621 0.714286 0.363718 0.717671 0.357401 0.718348 0.354693 0.723087 0.348375 0.724441 0.348375 0.727150 0.345668 0.728504 0.345668 0.730535 0.343863 0.731889 0.346570 0.737305 0.347473 0.737982 0.346570
1 0.278267 0.292419 0.277590 0.288809 0.274204 0.284296 0.269465 0.272563 0.262018 0.265343 0.251862 0.260830 0.241706 0.261733 0.234936 0.265343 0.230873 0.271661 0.226134 0.285199 0.223426 0.307762 0.230196 0.307762 0.245768 0.296931 0.253216 0.296931 0.266080 0.300542 0.276913 0.296029
1 0.611374 0.267148 0.608666 0.261733 0.603927 0.257220 0.598511 0.256318 0.592417 0.258123 0.586324 0.264440 0.582261 0.277978 0.578199 0.282491 0.578199 0.287004 0.582261 0.287906 0.583615 0.286101 0.583615 0.283394 0.586324 0.280686 0.591740 0.280686 0.596479 0.278881 0.603250 0.278881 0.603927 0.279783 0.612728 0.281588 0.613406 0.276173
1 0.408260 0.215704 0.406906 0.220217 0.406906 0.222924 0.406229 0.223827 0.406229 0.231047 0.407583 0.231949 0.416385 0.231949 0.417062 0.232852 0.419093 0.232852 0.419770 0.233755 0.421801 0.233755 0.422478 0.234657 0.424509 0.234657 0.427894 0.236462 0.431280 0.236462 0.431957 0.235560 0.433311 0.235560 0.434665 0.233755 0.429926 0.227437 0.429926 0.223827 0.429248 0.222924 0.428571 0.218412 0.425186 0.212094 0.422478 0.210289 0.417062 0.209386 0.416385 0.210289 0.413676 0.210289 0.410291 0.212094
3 0.706161 0.488267 0.706161 0.490072 0.704130 0.494585 0.704130 0.497292 0.703453 0.498195 0.703453 0.500903 0.704130 0.501805 0.704130 0.507220 0.705484 0.511733 0.712255 0.511733 0.720379 0.506318 0.724441 0.506318 0.726473 0.504513 0.725796 0.500903 0.727150 0.498195 0.721056 0.488267 0.716317 0.488267 0.709546 0.483755
3 0.584292 0.447653 0.582938 0.445848 0.580230 0.445848 0.579553 0.446751 0.576845 0.446751 0.576168 0.447653 0.573460 0.447653 0.572106 0.450361 0.572106 0.452166 0.571429 0.453069 0.571429 0.455776 0.573460 0.458484 0.574814 0.458484 0.575491 0.459386 0.578199 0.459386 0.578876 0.458484 0.581584 0.458484 0.582261 0.457581 0.582938 0.457581 0.583615 0.456679 0.584292 0.456679 0.584292 0.453971 0.584970 0.453069 0.584970 0.451264 0.584292 0.450361
3 0.704130 0.509025 0.704807 0.509928 0.704807 0.511733 0.705484 0.511733 0.706161 0.512635 0.710900 0.512635 0.711578 0.511733 0.713609 0.511733 0.714286 0.510830 0.714963 0.510830 0.715640 0.509928 0.717671 0.509025 0.720379 0.505415 0.721056 0.505415 0.721056 0.504513 0.719702 0.504513 0.719025 0.503610 0.717671 0.503610 0.716994 0.502708 0.715640 0.502708 0.714963 0.501805 0.713609 0.501805 0.712932 0.500903 0.708869 0.500903 0.708192 0.500000 0.706161 0.499097 0.704130 0.503610
3 0.530129 0.428700 0.528775 0.426895 0.528098 0.426895 0.525389 0.423285 0.524035 0.423285 0.523358 0.422383 0.522004 0.422383 0.521327 0.423285 0.520650 0.423285 0.519973 0.424188 0.517942 0.425090 0.517942 0.425993 0.517265 0.426895 0.517265 0.428700 0.515911 0.430505 0.515911 0.431408 0.515234 0.432310 0.514557 0.435018 0.515911 0.436823 0.516588 0.436823 0.517265 0.437726 0.520650 0.437726 0.521327 0.436823 0.523358 0.436823 0.524035 0.435921 0.525389 0.435921 0.526066 0.435018 0.528098 0.435018 0.530129 0.433213
3 0.748138 0.501805 0.744076 0.501805 0.742045 0.503610 0.739336 0.503610 0.738659 0.504513 0.733920 0.504513 0.733920 0.505415 0.731889 0.508123 0.731212 0.508123 0.730535 0.509025 0.730535 0.509928 0.729858 0.510830 0.729858 0.512635 0.729181 0.513538 0.729181 0.515343 0.729858 0.516245 0.731889 0.517148 0.733243 0.518953 0.736628 0.518953 0.737305 0.519856 0.737982 0.519856 0.738659 0.518953 0.744753 0.518953 0.747461 0.515343 0.748138 0.515343 0.748815 0.514440 0.748815 0.512635 0.749492 0.511733 0.748815 0.510830 0.748815 0.506318 0.748138 0.505415
3 0.335139 0.667870 0.327014 0.667870 0.326337 0.668773 0.321598 0.669675 0.317536 0.673285 0.314150 0.675090 0.308734 0.680505 0.306026 0.681408 0.304672 0.685018 0.308057 0.686823 0.310088 0.686823 0.313473 0.690433 0.327691 0.689531 0.331754 0.686823 0.333108 0.685018 0.333108 0.677798 0.330399 0.671480 0.331754 0.669675 0.334462 0.669675
3 0.737305 0.504513 0.737305 0.505415 0.737982 0.506318 0.737982 0.507220 0.739336 0.509025 0.740014 0.509025 0.740691 0.509928 0.741368 0.509928 0.742045 0.510830 0.742722 0.510830 0.743399 0.511733 0.748815 0.511733 0.748815 0.501805 0.748138 0.500903 0.744076 0.500903 0.743399 0.501805 0.742722 0.501805 0.742045 0.502708 0.741368 0.502708 0.740691 0.503610 0.739336 0.503610 0.738659 0.504513
3 0.289100 0.706679 0.283683 0.700361 0.268111 0.702166 0.264049 0.704874 0.261341 0.709386 0.261341 0.715704 0.263372 0.720217 0.264049 0.725632 0.266080 0.728339 0.272173 0.731047 0.272850 0.730144 0.287068 0.728339 0.289777 0.724729 0.290454 0.722022 0.290454 0.717509 0.289777 0.716606 0.289777 0.713899 0.290454 0.712996 0.289777 0.712094
3 0.376439 0.438628 0.375085 0.440433 0.375085 0.441336 0.374408 0.442238 0.374408 0.457581 0.375085 0.458484 0.375085 0.459386 0.375762 0.459386 0.376439 0.460289 0.379147 0.460289 0.379824 0.461191 0.381855 0.461191 0.382532 0.460289 0.384563 0.460289 0.385240 0.459386 0.385917 0.459386 0.385917 0.458484 0.386594 0.457581 0.386594 0.445848 0.385917 0.444946 0.385917 0.444043 0.384563 0.442238 0.383209 0.442238 0.382532 0.441336 0.381178 0.441336 0.380501 0.440433 0.379147 0.440433 0.378470 0.439531 0.377116 0.439531
3 0.741368 0.513538 0.740691 0.512635 0.740691 0.511733 0.737982 0.508123 0.735951 0.508123 0.735274 0.509025 0.731889 0.509025 0.731212 0.509928 0.729858 0.509928 0.725796 0.515343 0.727827 0.518051 0.728504 0.518051 0.729181 0.518953 0.731889 0.518953 0.732566 0.519856 0.738659 0.519856 0.740691 0.518051 0.740691 0.517148 0.741368 0.516245
3 0.559919 0.424188 0.559242 0.424188 0.558565 0.425090 0.557211 0.425090 0.555856 0.426895 0.555856 0.427798 0.553825 0.430505 0.553148 0.430505 0.553148 0.431408 0.552471 0.432310 0.553148 0.433213 0.553148 0.439531 0.553825 0.440433 0.553825 0.441336 0.555179 0.443141 0.556534 0.443141 0.557211 0.444043 0.558565 0.444043 0.559242 0.443141 0.561950 0.443141 0.564658 0.439531 0.564658 0.435921 0.561273 0.431408 0.561273 0.429603 0.560596 0.428700 0.560596 0.425090
3 0.570074 0.507220 0.570074 0.510830 0.571429 0.512635 0.572106 0.512635 0.574814 0.515343 0.576845 0.515343 0.577522 0.516245 0.580230 0.516245 0.580907 0.517148 0.593771 0.517148 0.595802 0.515343 0.595802 0.510830 0.595125 0.509025 0.591740 0.509025 0.591063 0.508123 0.589709 0.508123 0.588355 0.507220 0.584292 0.501805 0.579553 0.501805 0.578876 0.502708 0.576168 0.502708 0.575491 0.503610 0.573460 0.503610 0.570752 0.505415
3 0.477996 0.437726 0.477996 0.442238 0.479350 0.445848 0.480704 0.447653 0.480704 0.448556 0.483412 0.452166 0.484766 0.453069 0.491537 0.453069 0.492214 0.452166 0.496953 0.451264 0.497630 0.450361 0.498984 0.450361 0.500338 0.449458 0.502370 0.446751 0.502370 0.444946 0.501693 0.444043 0.497630 0.444043 0.490860 0.435921 0.480704 0.435921
3 0.651320 0.483755 0.650643 0.482852 0.645904 0.482852 0.645227 0.483755 0.639810 0.483755 0.637102 0.491877 0.633717 0.496390 0.633717 0.498195 0.634394 0.498195 0.636425 0.500000 0.639133 0.500000 0.639810 0.500903 0.644550 0.501805 0.645227 0.502708 0.646581 0.502708 0.647258 0.503610 0.647935 0.503610 0.648612 0.502708 0.649966 0.502708 0.650643 0.501805 0.650643 0.500000 0.651320 0.499097 0.651320 0.489170 0.651997 0.488267 0.651997 0.485560 0.651320 0.484657
3 0.644550 0.485560 0.643873 0.484657 0.642519 0.484657 0.641842 0.483755 0.639810 0.483755 0.639133 0.484657 0.639133 0.485560 0.637779 0.487365 0.637779 0.489170 0.633040 0.495487 0.633040 0.496390 0.632363 0.497292 0.633040 0.498195 0.633717 0.498195 0.634394 0.499097 0.635748 0.499097 0.636425 0.500000 0.639810 0.500000 0.640487 0.499097 0.641842 0.499097 0.642519 0.498195 0.642519 0.497292 0.643196 0.496390 0.643196 0.494585 0.644550 0.491877 0.644550 0.489170 0.645227 0.488267 0.645227 0.487365 0.644550 0.486462
3 0.412322 0.449458 0.412999 0.450361 0.412999 0.452166 0.415030 0.454874 0.416385 0.455776 0.417739 0.455776 0.418416 0.456679 0.421801 0.456679 0.422478 0.457581 0.429248 0.457581 0.429926 0.456679 0.433988 0.456679 0.434665 0.455776 0.436019 0.455776 0.437373 0.453069 0.436696 0.451264 0.436696 0.449458 0.436019 0.449458 0.434665 0.447653 0.433311 0.447653 0.431957 0.445848 0.428571 0.444946 0.425186 0.442238 0.420447 0.442238 0.419093 0.444043 0.414353 0.444043
