0 0.546378 0.382671 0.545701 0.383574 0.543670 0.384477 0.542315 0.387184 0.542315 0.391697 0.542993 0.392599 0.542993 0.394404 0.542315 0.395307 0.542315 0.398014 0.541638 0.398917 0.541638 0.407942 0.542315 0.408845 0.542315 0.410650 0.542993 0.411552 0.543670 0.411552 0.544347 0.410650 0.546378 0.410650 0.546378 0.409747 0.547732 0.407942 0.547732 0.407040 0.549086 0.405235 0.549763 0.405235 0.553148 0.400722 0.553825 0.400722 0.554502 0.399819 0.554502 0.398014 0.555179 0.397112 0.551794 0.392599 0.551794 0.391697 0.550440 0.388989 0.549763 0.384477 0.549086 0.384477 0.548409 0.383574 0.547055 0.383574
0 0.425186 0.375451 0.421124 0.379964 0.420447 0.385379 0.415030 0.395307 0.412322 0.406137 0.412322 0.445848 0.410968 0.463899 0.413676 0.467509 0.415708 0.467509 0.417739 0.464801 0.418416 0.445848 0.419770 0.441336 0.421801 0.438628 0.425186 0.440433 0.427894 0.439531 0.427217 0.414260 0.430603 0.401625 0.430603 0.379964 0.428571 0.376354
0 0.505755 0.383574 0.501016 0.381769 0.497630 0.383574 0.495599 0.386282 0.491537 0.388989 0.489506 0.388989 0.486798 0.390794 0.482058 0.398014 0.482058 0.399819 0.480704 0.403430 0.480704 0.407942 0.484089 0.412455 0.489506 0.409747 0.497630 0.408845 0.501016 0.407040 0.503047 0.403430 0.504401 0.398917 0.507786 0.393502 0.507786 0.388087
0 0.175355 0.370939 0.174001 0.372744 0.174678 0.382671 0.176710 0.388989 0.178741 0.392599 0.179418 0.398917 0.182126 0.410650 0.184157 0.415162 0.192282 0.418773 0.192959 0.417870 0.192959 0.389892 0.183480 0.379061 0.182126 0.373646 0.179418 0.370939
0 0.953961 0.421480 0.943805 0.423285 0.938389 0.436823 0.938389 0.448556 0.942451 0.453069 0.943128 0.459386 0.938389 0.491877 0.934326 0.505415 0.935003 0.518953 0.932295 0.529783 0.934326 0.537004 0.928910 0.563177 0.932295 0.565884 0.949221 0.564982 0.958023 0.537004 0.964794 0.526173 0.972918 0.522563 0.972241 0.466606 0.960054 0.449458 0.960731 0.429603
0 0.354773 0.380866 0.352065 0.384477 0.353419 0.427798 0.351388 0.443141 0.352742 0.444946 0.362898 0.444946 0.365606 0.432310 0.366283 0.404332 0.362221 0.394404 0.360190 0.383574 0.357481 0.380866
0 0.200406 0.370939 0.197698 0.374549 0.198375 0.385379 0.196344 0.388989 0.194313 0.389892 0.192959 0.393502 0.192959 0.404332 0.193636 0.405235 0.192959 0.417870 0.199052 0.425993 0.207177 0.426895 0.208531 0.424188 0.207177 0.418773 0.206500 0.400722 0.204469 0.393502 0.204469 0.389892 0.208531 0.382671 0.208531 0.377256 0.206500 0.371841
0 0.177387 0.451264 0.176032 0.453971 0.177387 0.477437 0.181449 0.490072 0.184834 0.494585 0.185511 0.500000 0.188219 0.497292 0.188896 0.494585 0.187542 0.490975 0.192282 0.487365 0.193636 0.490072 0.194313 0.509025 0.192282 0.513538 0.186865 0.518051 0.189573 0.518953 0.191605 0.516245 0.202437 0.517148 0.215301 0.509928 0.220041 0.499097 0.220041 0.494585 0.209885 0.475632 0.191605 0.459386 0.187542 0.453069
0 0.559242 0.399819 0.553825 0.400722 0.543670 0.416968 0.544347 0.443141 0.528098 0.460289 0.523358 0.527076 0.535545 0.597473 0.528775 0.664260 0.534191 0.696751 0.547732 0.701264 0.563981 0.696751 0.551794 0.682310 0.551117 0.662455 0.560596 0.621841 0.562627 0.588448 0.574137 0.582130 0.576168 0.574007 0.570752 0.469314 0.561273 0.452166 0.571429 0.418773 0.568043 0.407040
1 0.542315 0.386282 0.542315 0.389892 0.542993 0.390794 0.543670 0.390794 0.544347 0.391697 0.549086 0.391697 0.549763 0.390794 0.550440 0.390794 0.550440 0.386282 0.548409 0.383574 0.547055 0.383574 0.546378 0.382671 0.545701 0.383574 0.545024 0.383574 0.544347 0.384477 0.543670 0.384477
1 0.960731 0.429603 0.959377 0.425993 0.957346 0.423285 0.954638 0.421480 0.953284 0.421480 0.952607 0.420578 0.951930 0.421480 0.945836 0.421480 0.943128 0.423285 0.941774 0.425090 0.940420 0.428700 0.940420 0.431408 0.938389 0.436823 0.938389 0.439531 0.939066 0.440433 0.946513 0.440433 0.947190 0.439531 0.958700 0.439531 0.960731 0.437726
1 0.144888 0.461191 0.142857 0.461191 0.142180 0.462094 0.140826 0.462094 0.139472 0.463899 0.139472 0.464801 0.138795 0.465704 0.138795 0.476534 0.139472 0.477437 0.139472 0.478339 0.140149 0.479242 0.140149 0.480144 0.144211 0.480144 0.144888 0.479242 0.145565 0.479242 0.146919 0.477437 0.146919 0.476534 0.147596 0.475632 0.147596 0.473827 0.148274 0.472924 0.148274 0.471119 0.148951 0.470217 0.148951 0.465704 0.147596 0.462996 0.146919 0.462996
1 0.501016 0.381769 0.500338 0.382671 0.499661 0.382671 0.497630 0.385379 0.497630 0.387184 0.499661 0.389892 0.499661 0.390794 0.501016 0.392599 0.501016 0.393502 0.501693 0.394404 0.502370 0.394404 0.503724 0.396209 0.504401 0.396209 0.505078 0.397112 0.505755 0.396209 0.506432 0.396209 0.508463 0.393502 0.508463 0.389892 0.507786 0.388989 0.507786 0.387184 0.507109 0.386282 0.507109 0.385379 0.505078 0.382671 0.503047 0.382671 0.502370 0.381769
1 0.174678 0.370939 0.174678 0.371841 0.174001 0.372744 0.174001 0.379964 0.174678 0.380866 0.176710 0.380866 0.177387 0.379964 0.181449 0.379964 0.182126 0.379061 0.182126 0.377256 0.182803 0.376354 0.182126 0.375451 0.182126 0.373646 0.180772 0.371841 0.180095 0.371841 0.179418 0.370939
1 0.197698 0.373646 0.197698 0.377256 0.199729 0.379964 0.203114 0.379964 0.203791 0.380866 0.205146 0.380866 0.205823 0.381769 0.207854 0.381769 0.209208 0.379964 0.208531 0.379061 0.208531 0.375451 0.207854 0.374549 0.207854 0.373646 0.206500 0.371841 0.205823 0.371841 0.205146 0.370939 0.199729 0.370939
1 0.421124 0.379964 0.421124 0.383574 0.422478 0.383574 0.423155 0.384477 0.429926 0.384477 0.431280 0.382671 0.430603 0.381769 0.430603 0.379061 0.429926 0.378159 0.429926 0.377256 0.429248 0.376354 0.427894 0.376354 0.427217 0.375451 0.425186 0.375451 0.424509 0.376354 0.423155 0.376354 0.421801 0.378159 0.421801 0.379061
1 0.188896 0.453971 0.188219 0.453971 0.184834 0.451264 0.182126 0.451264 0.181449 0.450361 0.178064 0.450361 0.177387 0.451264 0.176710 0.451264 0.176710 0.452166 0.176032 0.453069 0.176032 0.466606 0.176710 0.467509 0.176710 0.470217 0.177387 0.470217 0.178064 0.471119 0.179418 0.471119 0.180095 0.470217 0.180772 0.470217 0.182126 0.468412 0.182803 0.468412 0.184157 0.466606 0.184834 0.466606 0.186865 0.463899 0.188896 0.462996 0.190928 0.460289 0.190928 0.458484
1 0.352742 0.382671 0.352742 0.383574 0.352065 0.384477 0.352065 0.389892 0.360190 0.389892 0.360867 0.388989 0.360867 0.385379 0.360190 0.384477 0.360190 0.383574 0.358835 0.381769 0.358158 0.381769 0.357481 0.380866 0.354773 0.380866 0.354096 0.381769 0.353419 0.381769
1 0.545701 0.411552 0.543670 0.417870 0.543670 0.424188 0.546378 0.428700 0.552471 0.429603 0.553148 0.430505 0.567366 0.429603 0.571429 0.422383 0.571429 0.416968 0.569397 0.412455 0.569397 0.410650 0.568043 0.407040 0.564658 0.402527 0.560596 0.399819 0.556534 0.399819 0.553148 0.401625 0.549763 0.405235
3 0.410291 0.466606 0.410968 0.467509 0.410968 0.468412 0.411645 0.468412 0.412322 0.469314 0.417062 0.469314 0.419093 0.466606 0.418416 0.465704 0.418416 0.464801 0.417062 0.462996 0.411645 0.462996 0.410968 0.463899 0.410968 0.465704
3 0.486798 0.476534 0.486798 0.477437 0.487475 0.478339 0.488829 0.478339 0.489506 0.479242 0.495599 0.479242 0.496276 0.480144 0.498307 0.480144 0.499661 0.478339 0.499661 0.475632 0.498984 0.474729 0.498984 0.473827 0.497630 0.472022 0.496953 0.472022 0.496276 0.471119 0.495599 0.471119 0.494922 0.470217 0.490860 0.470217 0.490183 0.471119 0.489506 0.471119 0.488829 0.472022 0.488152 0.472022 0.487475 0.472924 0.487475 0.475632
3 0.219364 0.518051 0.218687 0.517148 0.218687 0.513538 0.218009 0.512635 0.218009 0.511733 0.217332 0.510830 0.217332 0.509928 0.216655 0.509025 0.216655 0.508123 0.215978 0.508123 0.215301 0.509025 0.213270 0.509025 0.212593 0.509928 0.211916 0.509928 0.211239 0.510830 0.209885 0.510830 0.209208 0.511733 0.207854 0.511733 0.207177 0.512635 0.206500 0.512635 0.205823 0.513538 0.205146 0.513538 0.203791 0.515343 0.203791 0.516245 0.204469 0.517148 0.204469 0.518051 0.207177 0.518051 0.207854 0.518953 0.214624 0.518953 0.215301 0.519856 0.218009 0.519856
3 0.564658 0.694946 0.563981 0.694043 0.563981 0.692238 0.563304 0.692238 0.559919 0.687726 0.554502 0.685018 0.549763 0.685018 0.547732 0.687726 0.546378 0.687726 0.544347 0.689531 0.540284 0.689531 0.539607 0.688628 0.538253 0.688628 0.536899 0.686823 0.534868 0.686823 0.533514 0.690433 0.533514 0.698556 0.535545 0.700361 0.540284 0.700361 0.540961 0.701264 0.549086 0.701264 0.549763 0.702166 0.560596 0.701264 0.561273 0.700361 0.563304 0.700361 0.564658 0.698556
3 0.467163 0.473827 0.467163 0.477437 0.467840 0.478339 0.468517 0.478339 0.469194 0.479242 0.469871 0.479242 0.470548 0.480144 0.473257 0.480144 0.473934 0.481047 0.474611 0.481047 0.475288 0.480144 0.477319 0.480144 0.477319 0.478339 0.477996 0.477437 0.477996 0.476534 0.477319 0.475632 0.477319 0.474729 0.473934 0.470217 0.469871 0.470217 0.469194 0.471119 0.468517 0.471119 0.468517 0.472022
