0 0.518619 0.425090 0.518619 0.429603 0.528098 0.442238 0.529452 0.450361 0.533514 0.457581 0.538253 0.461191 0.544347 0.462094 0.546378 0.461191 0.551117 0.455776 0.553148 0.449458 0.553148 0.442238 0.547732 0.434116 0.542993 0.430505 0.535545 0.421480 0.525389 0.422383 0.524712 0.427798 0.522004 0.430505 0.519973 0.428700 0.519973 0.426895
0 0.886256 0.435018 0.872715 0.436823 0.851726 0.466606 0.851726 0.470217 0.859174 0.472022 0.863236 0.481047 0.855112 0.491877 0.851049 0.506318 0.851049 0.540614 0.841571 0.555054 0.839540 0.591155 0.829384 0.598375 0.830061 0.605596 0.836154 0.611011 0.852404 0.612816 0.859174 0.605596 0.851049 0.594765 0.853081 0.591155 0.894381 0.584838 0.903182 0.575812 0.914692 0.573105 0.921462 0.561372 0.921462 0.553249 0.914015 0.543321 0.911307 0.497292 0.907244 0.486462 0.899120 0.479242 0.893703 0.464801 0.895058 0.444946
0 0.497630 0.405235 0.494922 0.407040 0.491537 0.411552 0.491537 0.413357 0.490183 0.416968 0.490183 0.425993 0.494245 0.433213 0.498307 0.435921 0.501016 0.435921 0.502370 0.433213 0.502370 0.429603 0.503047 0.428700 0.503047 0.426895 0.504401 0.425090 0.506432 0.419675 0.506432 0.415162 0.504401 0.411552 0.504401 0.410650 0.502370 0.407942
0 0.471903 0.368231 0.466486 0.370939 0.456330 0.407040 0.457007 0.420578 0.460393 0.432310 0.461747 0.445848 0.460393 0.473827 0.467840 0.472022 0.470548 0.455776 0.473934 0.456679 0.476642 0.470217 0.480704 0.472022 0.486798 0.470217 0.482735 0.465704 0.480027 0.438628 0.484089 0.423285 0.479350 0.381769 0.475965 0.372744
0 0.810427 0.409747 0.806364 0.409747 0.801625 0.414260 0.799594 0.419675 0.798917 0.430505 0.792823 0.438628 0.788761 0.447653 0.786730 0.457581 0.786730 0.465704 0.789438 0.473827 0.797563 0.477437 0.802302 0.476534 0.803656 0.473827 0.797563 0.462996 0.800271 0.459386 0.807041 0.456679 0.812458 0.448556 0.811104 0.435921 0.814489 0.429603 0.816520 0.417870 0.815166 0.414260
0 0.618145 0.444946 0.613406 0.444946 0.608666 0.448556 0.597833 0.462996 0.593094 0.478339 0.592417 0.498195 0.599865 0.509025 0.599865 0.516245 0.601896 0.519856 0.622884 0.519856 0.629655 0.511733 0.631009 0.505415 0.634394 0.500000 0.635748 0.492780 0.634394 0.480144 0.626269 0.460289 0.624238 0.449458
0 0.995938 0.421480 0.989167 0.427798 0.987136 0.442238 0.981043 0.448556 0.979012 0.459386 0.968856 0.470217 0.968856 0.473827 0.975626 0.475632 0.975626 0.506318 0.966825 0.516245 0.956669 0.519856 0.955992 0.524368 0.961408 0.536101 0.967502 0.540614 0.989844 0.549639 0.999323 0.550542 0.999323 0.543321 0.997292 0.542419 0.997292 0.538809 0.999323 0.537906 0.999323 0.421480
0 0.825322 0.445848 0.819228 0.445848 0.807041 0.456679 0.798240 0.460289 0.798240 0.465704 0.803656 0.472924 0.804333 0.479242 0.796886 0.490072 0.792823 0.501805 0.792823 0.514440 0.796886 0.532491 0.794854 0.546931 0.800271 0.545126 0.803656 0.551444 0.803656 0.556859 0.813135 0.562274 0.837508 0.558664 0.850372 0.539711 0.846987 0.513538 0.849018 0.497292 0.845633 0.489170 0.835477 0.477437 0.834800 0.456679
0 0.668923 0.462996 0.661476 0.463899 0.655383 0.471119 0.648612 0.491877 0.631686 0.507220 0.618145 0.535199 0.617468 0.557762 0.624915 0.578520 0.640487 0.589350 0.645227 0.589350 0.648612 0.581227 0.648612 0.574007 0.641842 0.564079 0.654028 0.561372 0.660799 0.555054 0.664861 0.557762 0.666215 0.576715 0.674340 0.575812 0.673663 0.564079 0.681787 0.527978 0.712255 0.561372 0.716994 0.562274 0.720379 0.557762 0.712932 0.544224 0.678402 0.505415 0.677048 0.500000 0.681787 0.488267 0.675694 0.469314
0 0.507109 0.420578 0.503724 0.428700 0.505078 0.442238 0.502370 0.456679 0.503047 0.466606 0.505078 0.471119 0.508463 0.474729 0.522004 0.476534 0.524712 0.478339 0.534191 0.477437 0.536222 0.472924 0.534191 0.463899 0.528098 0.450361 0.526743 0.442238 0.516588 0.429603 0.515911 0.425090 0.513202 0.421480 0.509817 0.419675
1 0.524035 0.420578 0.521327 0.420578 0.520650 0.421480 0.519973 0.421480 0.519296 0.422383 0.518619 0.422383 0.516588 0.425090 0.516588 0.429603 0.519296 0.433213 0.520650 0.433213 0.521327 0.434116 0.522681 0.434116 0.523358 0.433213 0.523358 0.432310 0.526743 0.427798 0.526743 0.426895 0.527420 0.425993 0.527420 0.423285 0.526066 0.421480 0.524712 0.421480
1 0.851049 0.466606 0.851049 0.469314 0.853081 0.471119 0.857143 0.471119 0.862559 0.473827 0.869330 0.472022 0.883548 0.471119 0.889641 0.480144 0.893703 0.482852 0.897766 0.481949 0.899120 0.480144 0.897089 0.472022 0.893703 0.467509 0.890995 0.461191 0.886933 0.457581 0.880840 0.456679 0.873392 0.453069 0.869330 0.452166 0.862559 0.453069 0.856466 0.462094
1 0.800271 0.416968 0.800271 0.418773 0.799594 0.419675 0.799594 0.422383 0.800271 0.423285 0.800271 0.424188 0.811104 0.424188 0.811781 0.425090 0.814489 0.425090 0.815843 0.423285 0.815843 0.422383 0.816520 0.421480 0.816520 0.416968 0.815843 0.416065 0.815843 0.414260 0.813812 0.411552 0.813135 0.411552 0.811104 0.409747 0.806364 0.409747 0.805687 0.410650 0.803656 0.411552 0.801625 0.414260 0.801625 0.415162
1 0.861882 0.452166 0.862559 0.453971 0.874746 0.453971 0.880162 0.456679 0.885579 0.457581 0.893026 0.462094 0.894381 0.462094 0.896412 0.459386 0.896412 0.454874 0.897089 0.453971 0.895058 0.444043 0.890318 0.437726 0.883548 0.433213 0.875423 0.434116 0.873392 0.435921
1 0.221395 0.418773 0.220718 0.419675 0.219364 0.419675 0.218009 0.421480 0.217332 0.421480 0.217332 0.422383 0.215978 0.425090 0.215978 0.426895 0.215301 0.427798 0.215301 0.430505 0.215978 0.431408 0.215978 0.435018 0.216655 0.435921 0.216655 0.438628 0.220041 0.443141 0.220718 0.443141 0.221395 0.444043 0.225457 0.444043 0.226811 0.442238 0.226811 0.441336 0.227488 0.440433 0.227488 0.426895 0.226811 0.425993 0.226134 0.421480 0.224780 0.419675 0.224103 0.419675 0.223426 0.418773
1 0.515911 0.425090 0.511848 0.419675 0.509817 0.419675 0.509140 0.418773 0.507786 0.418773 0.505755 0.421480 0.505755 0.422383 0.505078 0.423285 0.505078 0.424188 0.503724 0.426895 0.503724 0.429603 0.503047 0.430505 0.503047 0.432310 0.504401 0.434116 0.506432 0.434116 0.507109 0.433213 0.509817 0.433213 0.510494 0.432310 0.511848 0.432310 0.512525 0.431408 0.513879 0.431408 0.514557 0.430505 0.515234 0.430505 0.516588 0.427798 0.515911 0.426895
1 0.212593 0.412455 0.208531 0.416968 0.205823 0.424188 0.205823 0.439531 0.206500 0.442238 0.209208 0.444946 0.214624 0.444043 0.216655 0.445848 0.217332 0.444946 0.224780 0.444946 0.226134 0.444043 0.227488 0.438628 0.227488 0.426895 0.224780 0.417870 0.224103 0.412455 0.223426 0.411552 0.222072 0.412455 0.218687 0.412455 0.218009 0.411552
1 0.612051 0.445848 0.610697 0.447653 0.610020 0.447653 0.607312 0.452166 0.607312 0.457581 0.611374 0.468412 0.611374 0.470217 0.613406 0.472924 0.613406 0.473827 0.614760 0.474729 0.621530 0.474729 0.622207 0.473827 0.623561 0.473827 0.625592 0.471119 0.626269 0.467509 0.626947 0.466606 0.626269 0.456679 0.625592 0.455776 0.625592 0.453971 0.624915 0.453069 0.624238 0.449458 0.622884 0.447653 0.618145 0.444946 0.613406 0.444946
1 0.465132 0.374549 0.465132 0.379061 0.465809 0.379964 0.475288 0.379964 0.475965 0.379061 0.476642 0.379061 0.476642 0.374549 0.475965 0.373646 0.475965 0.372744 0.475288 0.371841 0.475288 0.370939 0.473934 0.369134 0.473257 0.369134 0.472580 0.368231 0.471225 0.368231 0.470548 0.367329 0.469871 0.367329 0.469194 0.368231 0.468517 0.368231 0.466486 0.370939 0.466486 0.371841 0.465809 0.372744 0.465809 0.373646
1 0.999323 0.420578 0.997292 0.420578 0.996615 0.421480 0.994584 0.421480 0.993907 0.422383 0.993230 0.422383 0.991198 0.425090 0.990521 0.425090 0.990521 0.425993 0.988490 0.428700 0.988490 0.429603 0.987813 0.430505 0.987813 0.432310 0.987136 0.433213 0.987136 0.436823 0.987813 0.437726 0.987813 0.439531 0.992552 0.439531 0.994584 0.437726 0.999323 0.437726
1 0.807041 0.456679 0.807041 0.458484 0.806364 0.459386 0.811104 0.459386 0.811781 0.460289 0.815843 0.461191 0.817197 0.462996 0.819905 0.464801 0.821259 0.464801 0.822613 0.466606 0.824645 0.467509 0.832092 0.474729 0.834800 0.474729 0.835477 0.472924 0.835477 0.469314 0.836154 0.468412 0.835477 0.458484 0.833446 0.453971 0.828707 0.447653 0.825999 0.445848 0.819228 0.445848 0.818551 0.446751 0.817197 0.446751 0.814489 0.448556 0.811104 0.453069
1 0.652674 0.476534 0.651997 0.490072 0.653351 0.490975 0.663507 0.490975 0.664184 0.490072 0.664861 0.490975 0.668246 0.490975 0.671632 0.492780 0.679079 0.492780 0.681787 0.490975 0.681787 0.487365 0.679756 0.483755 0.678402 0.475632 0.675017 0.467509 0.671632 0.463899 0.669601 0.462996 0.662830 0.462996 0.658091 0.466606
1 0.622884 0.568592 0.622884 0.571300 0.623561 0.572202 0.623561 0.574910 0.624238 0.575812 0.624238 0.577617 0.624915 0.578520 0.624915 0.579422 0.626269 0.582130 0.627624 0.582130 0.628301 0.583032 0.630332 0.583032 0.631009 0.583935 0.634394 0.583935 0.636425 0.582130 0.636425 0.579422 0.635748 0.578520 0.635748 0.575812 0.635071 0.574910 0.635071 0.569495 0.634394 0.569495 0.633717 0.568592 0.632363 0.568592 0.631686 0.569495 0.628978 0.569495 0.628301 0.568592
2 0.610020 0.511733 0.610020 0.518051 0.612051 0.520758 0.612728 0.520758 0.613406 0.521661 0.620853 0.521661 0.622207 0.519856 0.622207 0.518953 0.622884 0.518051 0.622207 0.517148 0.622207 0.515343 0.621530 0.514440 0.621530 0.513538 0.620853 0.512635 0.620853 0.511733 0.620176 0.511733 0.619499 0.510830 0.615437 0.510830 0.614760 0.509928 0.612728 0.509928 0.612051 0.510830 0.611374 0.510830 0.610697 0.511733
2 0.494245 0.467509 0.493568 0.468412 0.491537 0.468412 0.490860 0.469314 0.490860 0.481047 0.491537 0.481949 0.492891 0.481949 0.493568 0.482852 0.494922 0.482852 0.495599 0.481949 0.496276 0.481949 0.496953 0.481047 0.496953 0.478339 0.497630 0.477437 0.497630 0.474729 0.496953 0.473827 0.496953 0.470217 0.495599 0.468412 0.494922 0.468412
2 0.772512 0.546931 0.772512 0.551444 0.776574 0.556859 0.777251 0.556859 0.779282 0.558664 0.780636 0.558664 0.781313 0.559567 0.784022 0.559567 0.784699 0.560469 0.788761 0.560469 0.789438 0.559567 0.794177 0.556859 0.794177 0.553249 0.793500 0.552347 0.784699 0.546931 0.782668 0.544224 0.782668 0.543321 0.777928 0.543321 0.775220 0.546029 0.773189 0.546029
2 0.489506 0.468412 0.488152 0.466606 0.487475 0.466606 0.486798 0.465704 0.484766 0.465704 0.484089 0.464801 0.483412 0.465704 0.481381 0.465704 0.480704 0.466606 0.478673 0.466606 0.477996 0.467509 0.477319 0.467509 0.476642 0.468412 0.476642 0.471119 0.477319 0.472022 0.477996 0.472022 0.478673 0.472924 0.480027 0.472924 0.480704 0.473827 0.487475 0.473827 0.488829 0.472022 0.488829 0.471119 0.489506 0.470217
2 0.599865 0.510830 0.599865 0.512635 0.599188 0.513538 0.599188 0.516245 0.599865 0.517148 0.599865 0.518051 0.601896 0.520758 0.602573 0.520758 0.603250 0.521661 0.607312 0.521661 0.607989 0.520758 0.609343 0.520758 0.610697 0.518953 0.610697 0.516245 0.611374 0.515343 0.611374 0.514440 0.610697 0.513538 0.610697 0.511733 0.610020 0.511733 0.609343 0.510830 0.605958 0.510830 0.605281 0.509928 0.603250 0.509928 0.602573 0.509025 0.601219 0.509025
3 0.828030 0.601986 0.828707 0.602888 0.828707 0.604693 0.831415 0.608303 0.838185 0.612816 0.840894 0.612816 0.841571 0.613718 0.851726 0.613718 0.852404 0.612816 0.854435 0.612816 0.855789 0.611913 0.859174 0.606498 0.859174 0.603791 0.858497 0.601986 0.856466 0.600181 0.855112 0.600181 0.851726 0.597473 0.850372 0.597473 0.849018 0.595668 0.844279 0.594765 0.843602 0.593863 0.833446 0.593863 0.832769 0.594765 0.831415 0.594765 0.828707 0.598375 0.828707 0.601083
3 0.394042 0.425090 0.392011 0.425090 0.390657 0.426895 0.390657 0.427798 0.389980 0.428700 0.389303 0.431408 0.386594 0.435018 0.386594 0.435921 0.385917 0.436823 0.385917 0.442238 0.386594 0.443141 0.392688 0.443141 0.393365 0.442238 0.398781 0.442238 0.400135 0.440433 0.400135 0.437726 0.398104 0.435018 0.398104 0.434116 0.395396 0.429603 0.395396 0.427798
3 0.881517 0.577617 0.880840 0.576715 0.880840 0.575812 0.878131 0.572202 0.877454 0.572202 0.876777 0.571300 0.874069 0.571300 0.873392 0.570397 0.871361 0.570397 0.870684 0.571300 0.868653 0.571300 0.867976 0.572202 0.866622 0.572202 0.863913 0.574910 0.863913 0.575812 0.861882 0.579422 0.861882 0.586643 0.864590 0.589350 0.874069 0.589350 0.874746 0.588448 0.876777 0.588448 0.878131 0.586643 0.878808 0.586643 0.880162 0.584838 0.880840 0.584838 0.880840 0.583935 0.882194 0.581227 0.882194 0.580325 0.881517 0.579422
3 0.622884 0.567690 0.623561 0.573105 0.626269 0.581227 0.635748 0.584838 0.640487 0.590253 0.644550 0.591155 0.646581 0.589350 0.647935 0.585740 0.651997 0.581227 0.650643 0.574910 0.645904 0.568592 0.642519 0.565884 0.639810 0.564982 0.639133 0.565884 0.635748 0.566787 0.632363 0.569495 0.625592 0.569495
3 0.664184 0.565884 0.664184 0.566787 0.663507 0.567690 0.663507 0.569495 0.662830 0.570397 0.663507 0.571300 0.663507 0.574007 0.664184 0.574910 0.664184 0.578520 0.664861 0.579422 0.666215 0.579422 0.666892 0.580325 0.668246 0.580325 0.668923 0.579422 0.671632 0.579422 0.672309 0.578520 0.673663 0.578520 0.675694 0.576715 0.675694 0.572202 0.675017 0.571300 0.675017 0.570397 0.674340 0.569495 0.674340 0.568592 0.672986 0.566787 0.671632 0.566787 0.670955 0.565884 0.669601 0.565884 0.668923 0.564982 0.664861 0.564982
3 0.550440 0.467509 0.549763 0.468412 0.549763 0.473827 0.549086 0.474729 0.549086 0.477437 0.549763 0.478339 0.549763 0.481047 0.550440 0.481949 0.551117 0.481949 0.551794 0.482852 0.554502 0.482852 0.555856 0.481047 0.555856 0.470217 0.555179 0.469314 0.555179 0.468412 0.554502 0.467509
3 0.458362 0.470217 0.459039 0.471119 0.459039 0.473827 0.459716 0.474729 0.466486 0.474729 0.467163 0.473827 0.467163 0.470217 0.466486 0.469314 0.459039 0.469314
3 0.807718 0.546931 0.807718 0.548736 0.807041 0.549639 0.807718 0.550542 0.807718 0.553249 0.808395 0.554152 0.808395 0.555957 0.809072 0.556859 0.809072 0.557762 0.811104 0.560469 0.811781 0.560469 0.812458 0.561372 0.814489 0.561372 0.815166 0.562274 0.818551 0.562274 0.819228 0.561372 0.821936 0.561372 0.822613 0.560469 0.823968 0.560469 0.824645 0.559567 0.825322 0.559567 0.825322 0.557762 0.825999 0.556859 0.824645 0.554152 0.824645 0.550542 0.823968 0.549639 0.821936 0.549639 0.821259 0.550542 0.820582 0.549639 0.819228 0.549639 0.818551 0.548736 0.816520 0.547834 0.815166 0.546029 0.814489 0.543321 0.812458 0.543321 0.811781 0.544224 0.810427 0.544224
3 0.622884 0.509928 0.622207 0.510830 0.619499 0.510830 0.618822 0.511733 0.617468 0.511733 0.617468 0.518051 0.618145 0.518953 0.618145 0.519856 0.619499 0.521661 0.621530 0.521661 0.622207 0.522563 0.622884 0.522563 0.623561 0.521661 0.624915 0.521661 0.625592 0.520758 0.626269 0.520758 0.627624 0.518953 0.627624 0.518051 0.628301 0.517148 0.628301 0.513538 0.627624 0.513538 0.626947 0.512635 0.626269 0.512635 0.625592 0.511733 0.624915 0.511733 0.624238 0.510830 0.623561 0.510830
3 0.999323 0.551444 0.999323 0.543321 0.997969 0.543321 0.995938 0.541516 0.990521 0.541516 0.989844 0.542419 0.982397 0.542419 0.981720 0.543321 0.973595 0.543321 0.973595 0.545126 0.976303 0.546931 0.979012 0.546931 0.979689 0.547834 0.981720 0.547834 0.982397 0.548736 0.985105 0.548736 0.985782 0.549639 0.987813 0.549639 0.988490 0.550542 0.991875 0.550542 0.992552 0.551444
3 0.643196 0.566787 0.643196 0.567690 0.643873 0.568592 0.643873 0.569495 0.645227 0.572202 0.645227 0.574007 0.645904 0.574910 0.645904 0.577617 0.646581 0.578520 0.646581 0.580325 0.647258 0.581227 0.647258 0.583935 0.651997 0.583935 0.652674 0.583032 0.653351 0.583032 0.654705 0.581227 0.654705 0.578520 0.654028 0.577617 0.654028 0.575812 0.653351 0.574910 0.653351 0.571300 0.652674 0.570397 0.651997 0.567690 0.651320 0.566787 0.649966 0.566787 0.649289 0.565884 0.645227 0.565884 0.644550 0.566787
3 0.663507 0.566787 0.663507 0.568592 0.662830 0.569495 0.662830 0.571300 0.663507 0.572202 0.663507 0.575812 0.662830 0.576715 0.662830 0.579422 0.662153 0.580325 0.662153 0.582130 0.663507 0.583935 0.664861 0.583935 0.666892 0.585740 0.668923 0.585740 0.669601 0.586643 0.674340 0.586643 0.675017 0.587545 0.675694 0.586643 0.682464 0.586643 0.684496 0.584838 0.684496 0.581227 0.683819 0.579422 0.681787 0.578520 0.680433 0.576715 0.679079 0.576715 0.676371 0.573105 0.674340 0.567690 0.672986 0.566787 0.670955 0.566787 0.668246 0.564982 0.664861 0.564982
3 0.522681 0.477437 0.522681 0.481949 0.523358 0.482852 0.523358 0.484657 0.524035 0.485560 0.526743 0.485560 0.527420 0.484657 0.527420 0.483755 0.528098 0.482852 0.528098 0.478339 0.526743 0.476534 0.524035 0.476534 0.523358 0.477437
3 0.484089 0.431408 0.482735 0.433213 0.482058 0.433213 0.480704 0.435018 0.480704 0.435921 0.480027 0.436823 0.480027 0.442238 0.480704 0.443141 0.480704 0.444043 0.481381 0.444043 0.482058 0.443141 0.482735 0.443141 0.483412 0.442238 0.484089 0.442238 0.484089 0.439531 0.484766 0.438628 0.484766 0.434116 0.484089 0.433213
3 0.801625 0.559567 0.800271 0.557762 0.798917 0.557762 0.798240 0.558664 0.796209 0.558664 0.795532 0.559567 0.794177 0.559567 0.792823 0.561372 0.791469 0.561372 0.789438 0.564079 0.789438 0.567690 0.790115 0.567690 0.790792 0.568592 0.791469 0.568592 0.793500 0.570397 0.795532 0.570397 0.796209 0.571300 0.799594 0.571300 0.800271 0.570397 0.800948 0.570397 0.802302 0.568592 0.802302 0.562274 0.801625 0.561372
3 0.561273 0.465704 0.560596 0.466606 0.559919 0.466606 0.559919 0.467509 0.559242 0.468412 0.559242 0.469314 0.558565 0.470217 0.558565 0.476534 0.559242 0.477437 0.559242 0.478339 0.560596 0.480144 0.561273 0.480144 0.561950 0.481047 0.563304 0.481047 0.563981 0.481949 0.564658 0.481047 0.565335 0.481047 0.566012 0.480144 0.566012 0.477437 0.566689 0.476534 0.566689 0.470217 0.566012 0.469314 0.566012 0.467509 0.564658 0.465704
3 0.786053 0.549639 0.784699 0.547834 0.784699 0.546029 0.784022 0.545126 0.784022 0.544224 0.783345 0.543321 0.783345 0.542419 0.782668 0.541516 0.782668 0.540614 0.781991 0.541516 0.777928 0.541516 0.777251 0.542419 0.775220 0.542419 0.774543 0.543321 0.773866 0.543321 0.773189 0.544224 0.772512 0.544224 0.772512 0.545126 0.771835 0.546029 0.771835 0.550542 0.772512 0.551444 0.772512 0.552347 0.774543 0.554152 0.777928 0.554152 0.779282 0.552347 0.779959 0.552347 0.780636 0.551444 0.781313 0.551444 0.782668 0.548736 0.783345 0.549639
3 0.492214 0.427798 0.492214 0.430505 0.492891 0.431408 0.492891 0.433213 0.494922 0.435921 0.495599 0.435921 0.496276 0.436823 0.500338 0.436823 0.501693 0.435018 0.501693 0.428700 0.500338 0.428700 0.499661 0.427798 0.495599 0.427798 0.494922 0.426895 0.493568 0.426895 0.492891 0.427798
