0 0.750398 0.154023 0.711630 0.216092 0.721721 0.227586 0.727031 0.320690 0.741901 0.331034 0.714286 0.477012 0.712692 0.833333 0.727562 0.910345 0.724376 0.994253 0.796601 0.996552 0.804036 0.908046 0.792884 0.754023 0.814657 0.614943 0.809878 0.560920 0.817844 0.419540 0.807754 0.358621 0.779607 0.280460 0.781200 0.189655 0.769517 0.163218
0 0.410515 0.262069 0.389803 0.285057 0.389272 0.355172 0.370154 0.432184 0.380244 0.637931 0.386086 0.650575 0.381306 0.759770 0.383431 0.852874 0.389272 0.867816 0.402549 0.862069 0.411046 0.775862 0.420605 0.835632 0.450345 0.834483 0.434944 0.778161 0.442379 0.683908 0.441317 0.568965 0.446628 0.608046 0.457249 0.587356 0.437069 0.400000 0.422730 0.370115 0.426447 0.339080 0.434413 0.327586 0.427509 0.289655
0 0.165162 0.281609 0.144450 0.311494 0.135953 0.367816 0.149761 0.425287 0.167286 0.432184 0.157196 0.510345 0.157196 0.728736 0.168879 0.782759 0.175783 0.874713 0.189591 0.913793 0.186405 0.994253 0.251195 0.996552 0.245884 0.825287 0.253850 0.813793 0.230483 0.554023 0.242167 0.528736 0.225173 0.390805 0.242698 0.355172 0.244822 0.329885 0.211896 0.317241 0.184811 0.279310
0 0.296336 0.224138 0.276686 0.251724 0.272438 0.278161 0.282528 0.325287 0.253319 0.420690 0.263409 0.578161 0.275624 0.647126 0.268189 0.910345 0.277748 0.955172 0.294742 0.942529 0.289432 0.878161 0.303771 0.718391 0.309081 0.875862 0.358471 0.865517 0.331917 0.835632 0.327138 0.789655 0.334041 0.667816 0.343601 0.632184 0.329262 0.468966 0.310674 0.359770 0.329262 0.294253 0.314923 0.240230
0 0.539033 0.305747 0.523101 0.325287 0.522039 0.390805 0.506638 0.413793 0.497079 0.485057 0.500797 0.589655 0.510356 0.628736 0.502921 0.782759 0.508232 0.805747 0.516198 0.800000 0.516198 0.749425 0.532661 0.625287 0.542751 0.785057 0.567711 0.781609 0.553372 0.755172 0.559745 0.611494 0.573022 0.595402 0.576208 0.481609 0.566649 0.411494 0.552310 0.389655 0.552310 0.335632
0 0.687201 0.226437 0.671800 0.233333 0.656930 0.279310 0.663303 0.287356 0.668083 0.340230 0.653744 0.382759 0.632501 0.552874 0.633563 0.590805 0.649495 0.610345 0.665428 0.777012 0.664896 0.814943 0.642592 0.848276 0.669676 0.864368 0.665959 0.885057 0.675518 0.893103 0.703664 0.887356 0.711099 0.852874 0.698354 0.674713 0.704195 0.560920 0.721190 0.412644 0.701540 0.302299 0.703133 0.255172
1 0.272438 0.272414 0.273500 0.282759 0.282528 0.302299 0.286245 0.300000 0.307488 0.309195 0.319172 0.309195 0.329793 0.298851 0.329262 0.293103 0.322889 0.279310 0.317578 0.245977 0.310674 0.233333 0.301115 0.225287 0.290494 0.225287 0.282528 0.235632 0.277748 0.247126 0.275624 0.265517
1 0.229952 0.317241 0.228359 0.313793 0.212427 0.317241 0.195433 0.288506 0.185874 0.279310 0.167817 0.279310 0.155072 0.290805 0.146044 0.305747 0.140202 0.326437 0.135422 0.370115 0.148168 0.409195 0.149230 0.425287 0.155603 0.427586 0.165693 0.418391 0.191184 0.379310 0.197557 0.374713 0.228890 0.324138
1 0.710037 0.216092 0.712692 0.220690 0.737122 0.228736 0.740839 0.220690 0.751460 0.221839 0.767392 0.245977 0.778014 0.252874 0.782793 0.252874 0.784918 0.241379 0.784387 0.205747 0.780138 0.183908 0.770048 0.163218 0.759426 0.154023 0.746150 0.154023 0.739246 0.159770 0.730749 0.173563 0.714286 0.211494
1 0.922464 0.293103 0.921933 0.291954 0.919278 0.291954 0.918747 0.293103 0.918216 0.293103 0.915029 0.300000 0.915029 0.301149 0.914498 0.302299 0.914498 0.303448 0.915029 0.303448 0.915560 0.304598 0.921402 0.304598 0.922464 0.302299 0.922464 0.301149 0.922995 0.300000 0.922995 0.295402 0.922464 0.294253
1 0.387148 0.301149 0.386617 0.324138 0.389803 0.345977 0.394052 0.347126 0.403611 0.334483 0.419012 0.333333 0.425385 0.335632 0.432289 0.333333 0.434944 0.327586 0.429103 0.313793 0.429634 0.300000 0.428571 0.289655 0.421136 0.278161 0.417419 0.268966 0.412639 0.263218 0.404142 0.260920 0.399363 0.264368 0.390335 0.282759
1 0.553372 0.341379 0.550186 0.325287 0.546468 0.316092 0.540096 0.305747 0.535316 0.304598 0.532661 0.305747 0.529474 0.310345 0.523101 0.324138 0.520977 0.334483 0.519915 0.352874 0.522570 0.355172 0.524695 0.352874 0.532130 0.350575 0.550186 0.351724 0.553372 0.348276
1 0.656399 0.279310 0.657462 0.282759 0.663834 0.283908 0.681891 0.281609 0.699416 0.286207 0.701540 0.288506 0.705789 0.287356 0.703133 0.252874 0.693574 0.231034 0.688794 0.226437 0.677111 0.227586 0.670738 0.234483 0.665959 0.247126 0.659055 0.274713
3 0.642061 0.842529 0.642061 0.848276 0.643654 0.854023 0.650027 0.862069 0.664896 0.860920 0.670207 0.864368 0.674987 0.862069 0.679235 0.856322 0.682422 0.845977 0.681360 0.835632 0.679235 0.833333 0.676049 0.835632 0.671800 0.834483 0.665959 0.822989 0.661710 0.819540 0.657462 0.828736 0.652682 0.833333 0.645778 0.836782
3 0.706851 0.864368 0.697823 0.862069 0.695698 0.859770 0.689326 0.845977 0.685608 0.844828 0.675518 0.863218 0.668614 0.871264 0.666490 0.875862 0.665428 0.885057 0.667552 0.889655 0.676580 0.894253 0.682953 0.894253 0.701009 0.889655 0.704195 0.887356 0.706320 0.882759
3 0.268189 0.908046 0.268189 0.916092 0.270844 0.944828 0.272438 0.950575 0.274562 0.954023 0.277748 0.956322 0.285183 0.956322 0.291025 0.952874 0.294211 0.947126 0.294742 0.935632 0.291025 0.920690 0.288901 0.900000 0.280404 0.898851
3 0.383962 0.837931 0.383431 0.840230 0.383431 0.854023 0.383962 0.855172 0.384493 0.860920 0.387148 0.866667 0.389803 0.868966 0.396707 0.867816 0.397238 0.866667 0.400425 0.865517 0.403080 0.860920 0.403611 0.858621 0.403611 0.851724 0.402018 0.844828 0.401487 0.837931 0.399363 0.834483 0.389803 0.834483 0.389272 0.835632 0.386617 0.835632
3 0.359002 0.860920 0.356346 0.856322 0.346256 0.855172 0.337759 0.842529 0.332979 0.841379 0.325013 0.858621 0.318109 0.864368 0.313861 0.865517 0.310674 0.863218 0.308550 0.865517 0.308019 0.871264 0.309612 0.877011 0.316516 0.880460 0.340945 0.880460 0.353160 0.875862 0.359002 0.866667
3 0.542220 0.772414 0.542220 0.781609 0.543282 0.787356 0.545406 0.790805 0.551248 0.790805 0.551779 0.789655 0.560276 0.788506 0.560807 0.787356 0.562931 0.787356 0.563463 0.786207 0.566649 0.785057 0.568773 0.781609 0.568773 0.779310 0.567180 0.775862 0.565587 0.774713 0.563994 0.771264 0.562931 0.771264 0.558152 0.763218 0.553903 0.759770 0.551779 0.760920 0.546468 0.767816 0.544875 0.767816
3 0.506638 0.770115 0.505576 0.771264 0.503983 0.775862 0.503452 0.782759 0.502921 0.783908 0.502390 0.796552 0.505045 0.802299 0.505576 0.802299 0.508232 0.806897 0.513011 0.806897 0.515135 0.803448 0.515666 0.803448 0.516198 0.801149 0.516198 0.789655 0.515666 0.788506 0.515666 0.777012 0.515135 0.775862 0.515135 0.773563 0.513011 0.770115
3 0.450876 0.829885 0.448752 0.824138 0.443972 0.817241 0.441848 0.812644 0.440255 0.811494 0.436537 0.812644 0.427509 0.822989 0.421668 0.824138 0.419012 0.827586 0.419012 0.832184 0.421668 0.836782 0.423261 0.837931 0.428571 0.837931 0.433351 0.841379 0.441848 0.841379 0.442379 0.840230 0.446628 0.839080 0.449814 0.835632 0.450876 0.833333
