0 0.605958 0.370036 0.586324 0.394404 0.607312 0.435018 0.595802 0.501805 0.598511 0.549639 0.605958 0.575812 0.605281 0.602888 0.620176 0.657942 0.608666 0.671480 0.605958 0.685921 0.619499 0.694946 0.639133 0.685018 0.643196 0.667870 0.637102 0.578520 0.620176 0.559567 0.637102 0.562274 0.645904 0.530686 0.639133 0.462094 0.627624 0.416065 0.628301 0.388989 0.619499 0.372744
0 0.503047 0.465704 0.497630 0.470217 0.492891 0.489170 0.504401 0.506318 0.498984 0.538809 0.493568 0.545126 0.492891 0.550542 0.497630 0.551444 0.501016 0.562274 0.525389 0.578520 0.527420 0.581227 0.526066 0.587545 0.528775 0.587545 0.539607 0.579422 0.558565 0.556859 0.557888 0.537906 0.546378 0.512635 0.519296 0.482852 0.513879 0.468412
0 0.378470 0.339350 0.367637 0.353791 0.370345 0.383574 0.356127 0.435018 0.360190 0.544224 0.377116 0.702166 0.387271 0.703971 0.393365 0.692238 0.395396 0.599278 0.412322 0.645307 0.418416 0.697653 0.442789 0.699458 0.454299 0.691336 0.436019 0.665162 0.430603 0.583935 0.392011 0.413357 0.405552 0.369134 0.395396 0.343863
1 0.451591 0.419675 0.450237 0.423285 0.450237 0.425993 0.450914 0.426895 0.450914 0.428700 0.452945 0.431408 0.461070 0.436823 0.468517 0.436823 0.470548 0.435018 0.470548 0.423285 0.469871 0.421480 0.467163 0.417870 0.465809 0.416968 0.458362 0.416968 0.457684 0.417870 0.454299 0.417870
1 0.369668 0.347473 0.366960 0.356498 0.366960 0.366426 0.369668 0.369134 0.373053 0.370939 0.383886 0.370939 0.389980 0.372744 0.404198 0.372744 0.405552 0.370939 0.405552 0.368231 0.402167 0.361011 0.400812 0.352888 0.398781 0.348375 0.394042 0.342058 0.389980 0.339350 0.379824 0.338448 0.375762 0.340253
1 0.585647 0.389892 0.585647 0.394404 0.587001 0.397112 0.591740 0.399819 0.595125 0.390794 0.603927 0.389892 0.608666 0.391697 0.615437 0.391697 0.619499 0.394404 0.625592 0.402527 0.629655 0.401625 0.628978 0.392599 0.626269 0.380866 0.618822 0.371841 0.612728 0.369134 0.608666 0.369134 0.601896 0.371841 0.593094 0.383574 0.588355 0.386282
1 0.515234 0.470217 0.512525 0.466606 0.511171 0.466606 0.508463 0.464801 0.507109 0.464801 0.506432 0.465704 0.503047 0.465704 0.498984 0.468412 0.496276 0.473827 0.496276 0.475632 0.494245 0.481949 0.493568 0.489170 0.492891 0.490072 0.493568 0.493682 0.496953 0.495487 0.499661 0.495487 0.503724 0.492780 0.505078 0.492780 0.510494 0.488267 0.515234 0.487365 0.517942 0.483755 0.517942 0.481047 0.518619 0.480144 0.517942 0.479242 0.517942 0.476534
3 0.605281 0.688628 0.612728 0.695848 0.614760 0.696751 0.618145 0.696751 0.621530 0.694043 0.625592 0.693141 0.630332 0.690433 0.637102 0.689531 0.641165 0.685018 0.643196 0.679603 0.643196 0.672383 0.643873 0.671480 0.640487 0.671480 0.637779 0.674188 0.633040 0.675993 0.628978 0.675993 0.624915 0.673285 0.622884 0.669675 0.618822 0.668773 0.612051 0.678700 0.605281 0.684116
3 0.544347 0.571300 0.542993 0.569495 0.538930 0.569495 0.538253 0.570397 0.536899 0.570397 0.536222 0.571300 0.535545 0.571300 0.531483 0.575812 0.530806 0.575812 0.529452 0.577617 0.527420 0.578520 0.526743 0.579422 0.526066 0.582130 0.523358 0.585740 0.522681 0.588448 0.523358 0.588448 0.524035 0.589350 0.527420 0.589350 0.528098 0.588448 0.530129 0.588448 0.534191 0.583935 0.537576 0.582130 0.538930 0.580325 0.539607 0.580325 0.540961 0.578520 0.541638 0.578520 0.543670 0.574910 0.543670 0.572202
3 0.393365 0.685921 0.391334 0.685921 0.390657 0.686823 0.387949 0.686823 0.387271 0.687726 0.383886 0.687726 0.383209 0.688628 0.379147 0.688628 0.377116 0.692238 0.377116 0.697653 0.376439 0.698556 0.376439 0.703069 0.377116 0.703971 0.377116 0.704874 0.377793 0.705776 0.385240 0.705776 0.385917 0.704874 0.387271 0.704874 0.387949 0.703971 0.388626 0.703971 0.389303 0.703069 0.389303 0.702166 0.391334 0.699458 0.391334 0.698556 0.393365 0.694043 0.393365 0.692238 0.394042 0.691336 0.394042 0.687726 0.393365 0.686823
3 0.454976 0.690433 0.452268 0.685018 0.445498 0.680505 0.442112 0.680505 0.440081 0.683213 0.434665 0.685921 0.428571 0.685921 0.425863 0.684116 0.422478 0.684116 0.421801 0.683213 0.420447 0.685018 0.418416 0.692238 0.418416 0.699458 0.423155 0.702166 0.434665 0.702166 0.435342 0.701264 0.442789 0.700361 0.453622 0.694946 0.454976 0.692238
3 0.619499 0.662455 0.618822 0.662455 0.618145 0.663357 0.615437 0.663357 0.614760 0.664260 0.610020 0.666968 0.606635 0.671480 0.606635 0.672383 0.604604 0.675090 0.604604 0.678700 0.603927 0.679603 0.603927 0.682310 0.605958 0.685921 0.607312 0.684116 0.608666 0.684116 0.610020 0.682310 0.613406 0.680505 0.614760 0.678700 0.614760 0.677798 0.620176 0.670578 0.620176 0.664260 0.619499 0.663357
