0 0.960289 0.467840 0.955776 0.468517 0.951264 0.473934 0.945848 0.474611 0.942238 0.476642 0.939531 0.496276 0.942238 0.510494 0.945848 0.510494 0.946751 0.498307 0.949458 0.492214 0.953971 0.498307 0.952166 0.505078 0.953069 0.509817 0.956679 0.501693 0.956679 0.497630 0.962996 0.487475 0.962094 0.469194
0 0.276173 0.437373 0.266245 0.439404 0.245487 0.460393 0.253610 0.475965 0.250000 0.526066 0.253610 0.536899 0.259928 0.539607 0.255415 0.551794 0.261733 0.577522 0.280686 0.574137 0.287906 0.559919 0.291516 0.537576 0.302347 0.534191 0.296029 0.510494 0.265343 0.536899 0.259928 0.536222 0.287004 0.511171 0.297834 0.490860 0.296931 0.479350 0.284296 0.467840 0.289711 0.452268 0.296931 0.449560 0.296931 0.445498
0 0.805054 0.461747 0.801444 0.463101 0.801444 0.467840 0.802347 0.468517 0.803249 0.475288 0.808664 0.480027 0.808664 0.488152 0.806859 0.491537 0.806859 0.495599 0.816787 0.494922 0.818592 0.492214 0.819495 0.473257 0.814982 0.466486 0.809567 0.462424
0 0.772563 0.462424 0.770758 0.464455 0.769856 0.468517 0.767148 0.472580 0.767148 0.475288 0.768051 0.475965 0.768051 0.479350 0.767148 0.480027 0.767148 0.484089 0.768051 0.484766 0.768051 0.494245 0.769856 0.496276 0.776173 0.496276 0.778881 0.493568 0.778881 0.490860 0.779783 0.490183 0.779783 0.474611 0.780686 0.473257 0.779783 0.472580 0.779783 0.466486 0.778881 0.465809 0.778881 0.463778 0.776173 0.462424
0 0.540614 0.477319 0.520758 0.484766 0.508123 0.530806 0.483755 0.570074 0.487365 0.578199 0.499097 0.570752 0.528881 0.529452 0.538809 0.547732 0.519856 0.594448 0.521661 0.631009 0.512635 0.645227 0.490975 0.650643 0.499097 0.659445 0.536101 0.656737 0.550542 0.593094 0.546029 0.640487 0.556859 0.646581 0.564079 0.642519 0.586643 0.569397 0.603791 0.563981 0.606498 0.534191 0.599278 0.514557 0.571300 0.494245 0.554152 0.490860
0 0.454874 0.452268 0.448556 0.456330 0.448556 0.465809 0.455776 0.475965 0.458484 0.484766 0.475632 0.509817 0.481949 0.517265 0.485560 0.517942 0.487365 0.517265 0.487365 0.496953 0.483755 0.484089 0.474729 0.475288 0.473827 0.470548 0.470217 0.465132 0.470217 0.459716 0.468412 0.456330 0.461191 0.452268
1 0.809567 0.463101 0.806859 0.461070 0.805957 0.461747 0.803249 0.461747 0.801444 0.463101 0.801444 0.465809 0.802347 0.466486 0.806859 0.466486 0.807762 0.465809 0.807762 0.465132 0.808664 0.464455 0.808664 0.463778
1 0.770758 0.457684 0.769856 0.457684 0.768953 0.457007 0.768051 0.457684 0.766245 0.457684 0.763538 0.459716 0.764440 0.460393 0.764440 0.463101 0.765343 0.463778 0.766245 0.463778 0.767148 0.463101 0.771661 0.463101 0.772563 0.462424 0.772563 0.459039
1 0.960289 0.467163 0.959386 0.467163 0.958484 0.467840 0.956679 0.467840 0.954874 0.469194 0.954874 0.472580 0.956679 0.473934 0.960289 0.473934 0.961191 0.473257 0.961191 0.471903 0.962094 0.471225 0.962094 0.469194 0.961191 0.468517 0.961191 0.467840
1 0.472924 0.466486 0.472924 0.469871 0.473827 0.470548 0.473827 0.471225 0.474729 0.471903 0.475632 0.471903 0.476534 0.472580 0.477437 0.472580 0.478339 0.471903 0.478339 0.471225 0.479242 0.470548 0.479242 0.467163 0.478339 0.466486 0.477437 0.466486 0.476534 0.465809 0.475632 0.466486
1 0.278881 0.438727 0.278881 0.440758 0.279783 0.441435 0.279783 0.443466 0.280686 0.444144 0.280686 0.445498 0.282491 0.446852 0.286101 0.446852 0.289711 0.449560 0.290614 0.449560 0.291516 0.450237 0.296029 0.450237 0.298736 0.448883 0.298736 0.445498 0.295126 0.442789 0.295126 0.442112 0.292419 0.440081 0.291516 0.440081 0.288809 0.438727 0.283394 0.438727 0.282491 0.438050 0.281588 0.438050 0.280686 0.438727
1 0.259928 0.445498 0.259928 0.448206 0.260830 0.449560 0.263538 0.449560 0.264440 0.448883 0.268953 0.448206 0.271661 0.450914 0.276173 0.449560 0.278881 0.449560 0.281588 0.447529 0.287004 0.447529 0.291516 0.450237 0.295126 0.450237 0.297834 0.448883 0.297834 0.445498 0.293321 0.440758 0.289711 0.439404 0.281588 0.438727 0.277978 0.437373 0.271661 0.437373 0.267148 0.438727 0.262635 0.442112 0.261733 0.442112
1 0.448556 0.456330 0.448556 0.457007 0.447653 0.457684 0.447653 0.463101 0.448556 0.463778 0.449458 0.465809 0.453971 0.465809 0.454874 0.465132 0.468412 0.465132 0.470217 0.463778 0.470217 0.458362 0.469314 0.457684 0.468412 0.455653 0.465704 0.453622 0.464801 0.453622 0.463899 0.452945 0.462094 0.452945 0.461191 0.452268 0.454874 0.452268 0.453971 0.452945 0.453069 0.452945
1 0.773466 0.462424 0.772563 0.463101 0.772563 0.466486 0.773466 0.467163 0.778881 0.467163 0.778881 0.463101 0.777978 0.463101 0.777076 0.462424
1 0.547834 0.480704 0.542419 0.477319 0.540614 0.477319 0.539711 0.476642 0.532491 0.476642 0.531588 0.477319 0.528881 0.477319 0.525271 0.479350 0.521661 0.482735 0.519856 0.486121 0.519856 0.488152 0.518953 0.488829 0.518953 0.496276 0.519856 0.497630 0.522563 0.498984 0.526173 0.495599 0.527978 0.491537 0.531588 0.488829 0.531588 0.488152 0.534296 0.486798 0.541516 0.486121 0.545126 0.488152 0.549639 0.489506 0.551444 0.487475 0.550542 0.486798 0.550542 0.484089
1 0.545126 0.636425 0.545126 0.637102 0.543321 0.639133 0.543321 0.643196 0.545126 0.645227 0.546029 0.645227 0.550542 0.647258 0.552347 0.647258 0.553249 0.647935 0.558664 0.647935 0.559567 0.647258 0.561372 0.647258 0.562274 0.646581 0.562274 0.645904 0.564079 0.644550 0.564079 0.642519 0.562274 0.642519 0.561372 0.641842 0.560469 0.641842 0.559567 0.642519 0.555957 0.642519 0.555054 0.641842 0.552347 0.641165 0.549639 0.639133 0.549639 0.638456 0.546029 0.635748
1 0.490072 0.650643 0.490072 0.656737 0.493682 0.658768 0.500000 0.659445 0.500903 0.660122 0.513538 0.660122 0.514440 0.659445 0.527076 0.659445 0.527978 0.658768 0.533394 0.658768 0.537004 0.656737 0.537906 0.653351 0.536101 0.651997 0.527978 0.651997 0.521661 0.649966 0.515343 0.645904 0.512635 0.645904 0.511733 0.645227 0.508123 0.646581 0.496390 0.647258 0.493682 0.647935
