0 0.148014 0.263372 0.140794 0.270819 0.124549 0.272850 0.138989 0.298578 0.148917 0.338524 0.149819 0.358835 0.160650 0.369668 0.171480 0.373053 0.185921 0.385917 0.207581 0.386594 0.210289 0.350711 0.200361 0.337170 0.209386 0.333785 0.209386 0.329045 0.202166 0.324306 0.183213 0.333785 0.172383 0.329045 0.156137 0.303995 0.161552 0.287745 0.168773 0.283006 0.155235 0.266757
0 0.041516 0.153690 0.026173 0.164523 0.021661 0.208531 0.000000 0.229519 0.000000 0.266080 0.015343 0.287745 0.035199 0.293839 0.037004 0.320244 0.075812 0.382532 0.092960 0.431957 0.115523 0.463778 0.125451 0.464455 0.111913 0.378470 0.143502 0.446852 0.157942 0.446175 0.173285 0.431280 0.158845 0.415708 0.138087 0.301963 0.121841 0.272850 0.144404 0.266080 0.146209 0.252539 0.112816 0.217332 0.083032 0.202437 0.085740 0.181449 0.070397 0.161814
0 0.656137 0.000000 0.650722 0.022343 0.673285 0.044008 0.655235 0.087339 0.634477 0.105619 0.649819 0.110359 0.652527 0.123223 0.674188 0.106974 0.698556 0.106974 0.719314 0.129993 0.702166 0.132701 0.692238 0.143534 0.703971 0.150982 0.751805 0.159106 0.760830 0.167231 0.753610 0.188896 0.769856 0.194313 0.766245 0.142180 0.777076 0.104942 0.773466 0.079892 0.721119 0.011510 0.703069 0.000000
1 0.027978 0.161137 0.025271 0.166554 0.024368 0.178741 0.027076 0.183480 0.032491 0.188219 0.069495 0.188219 0.077617 0.182126 0.081227 0.184157 0.088448 0.185511 0.083935 0.176710 0.079422 0.172647 0.074007 0.164523 0.070397 0.161137 0.060469 0.155721 0.047834 0.153013 0.040614 0.153690 0.032491 0.157075
1 0.123646 0.272173 0.126354 0.280298 0.129061 0.284360 0.131769 0.286391 0.142599 0.286391 0.149819 0.285037 0.165162 0.285714 0.167870 0.285037 0.168773 0.282329 0.162455 0.278267 0.157040 0.268788 0.150722 0.263372 0.147112 0.263372 0.145307 0.266757 0.138989 0.271496 0.130866 0.272173 0.125451 0.270819
1 0.686823 0.000000 0.655235 0.000000 0.654332 0.002031 0.654332 0.008125 0.653430 0.008802 0.653430 0.014218 0.649819 0.021666 0.650722 0.024374 0.652527 0.025728 0.658845 0.025728 0.657942 0.024374 0.657942 0.020311 0.658845 0.019634 0.659747 0.014895 0.663357 0.008802 0.668773 0.004739 0.675090 0.002031 0.686823 0.001354
3 0.108303 0.446175 0.107401 0.447529 0.107401 0.449560 0.109206 0.450914 0.111011 0.453622 0.111011 0.454976 0.111913 0.455653 0.111913 0.457007 0.112816 0.457684 0.113718 0.461747 0.114621 0.462424 0.115523 0.465132 0.116426 0.465809 0.122744 0.465809 0.123646 0.465132 0.128159 0.464455 0.130866 0.462424 0.130866 0.457684 0.129964 0.457007 0.129061 0.448883 0.128159 0.448206 0.127256 0.445498 0.126354 0.444821 0.115523 0.444821 0.114621 0.445498 0.111011 0.445498 0.110108 0.446175
3 0.167870 0.418416 0.166065 0.417739 0.161552 0.417739 0.159747 0.419770 0.160650 0.427894 0.156137 0.431957 0.143502 0.431957 0.141697 0.433988 0.141697 0.445498 0.143502 0.447529 0.146209 0.448206 0.154332 0.448206 0.157942 0.446852 0.165162 0.438727 0.173285 0.432634 0.174188 0.430603 0.173285 0.424509
3 0.754513 0.242383 0.754513 0.245768 0.753610 0.246445 0.753610 0.254570 0.754513 0.255247 0.759928 0.255247 0.760830 0.254570 0.762635 0.254570 0.763538 0.253893 0.766245 0.253893 0.767148 0.253216 0.768953 0.253216 0.773466 0.251185 0.773466 0.246445 0.772563 0.245768 0.772563 0.243737 0.771661 0.243060 0.771661 0.242383 0.770758 0.242383 0.769856 0.241706 0.755415 0.241706
3 0.692238 0.138795 0.691336 0.141503 0.692238 0.146242 0.699458 0.150982 0.717509 0.154367 0.727437 0.155044 0.750903 0.160460 0.755415 0.157752 0.757220 0.155044 0.757220 0.150305 0.754513 0.146242 0.750903 0.143534 0.724729 0.132701 0.718412 0.131347 0.706679 0.131347 0.695848 0.134733
