0 0.000000 0.336460 0.000000 0.407386 0.060417 0.404455 0.060417 0.399766 0.050000 0.366354 0.039583 0.358734 0.015625 0.353458 0.011458 0.339977 0.007292 0.337046
0 0.818750 0.353458 0.788542 0.358148 0.768750 0.383939 0.778125 0.440211 0.730208 0.486518 0.744792 0.522274 0.735417 0.566823 0.748958 0.578546 0.762500 0.570926 0.777083 0.623095 0.805208 0.665885 0.802083 0.688746 0.754167 0.695780 0.751042 0.703400 0.851042 0.714537 0.852083 0.698710 0.886458 0.699883 0.860417 0.595545 0.866667 0.565651 0.887500 0.554513 0.870833 0.512896 0.908333 0.463072 0.866667 0.397421 0.863542 0.365768
0 0.286458 0.314771 0.251042 0.323564 0.253125 0.352286 0.194792 0.396249 0.158333 0.453107 0.157292 0.494725 0.177083 0.497069 0.207292 0.434936 0.208333 0.524619 0.237500 0.622509 0.266667 0.651817 0.291667 0.647128 0.286458 0.628370 0.330208 0.619578 0.287500 0.606682 0.301042 0.539273 0.275000 0.545721 0.265625 0.532825 0.297917 0.420868 0.321875 0.385698 0.317708 0.366354 0.339583 0.348769 0.332292 0.334701
0 0.591667 0.300703 0.572917 0.320047 0.581250 0.351700 0.542708 0.365768 0.533333 0.396835 0.568750 0.522274 0.567708 0.567995 0.544792 0.585580 0.568750 0.589097 0.605208 0.578546 0.608333 0.502345 0.628125 0.576788 0.643750 0.589097 0.666667 0.590270 0.657292 0.504689 0.681250 0.437866 0.675000 0.380422 0.665625 0.364009 0.627083 0.350528 0.627083 0.307151
0 0.423958 0.302462 0.373958 0.341149 0.395833 0.369871 0.312500 0.400938 0.270833 0.534584 0.282292 0.545135 0.334375 0.486518 0.351042 0.727433 0.388542 0.723916 0.417708 0.583822 0.453125 0.630715 0.466667 0.733294 0.490625 0.738570 0.553125 0.710434 0.514583 0.688746 0.494792 0.500586 0.536458 0.565064 0.561458 0.498242 0.526042 0.408558 0.458333 0.376319 0.491667 0.338218 0.453125 0.304807
0 0.767708 0.390973 0.754167 0.395076 0.744792 0.407386 0.731250 0.457796 0.730208 0.479484 0.741667 0.470692 0.747917 0.461313 0.776042 0.442556 0.779167 0.427315 0.770833 0.421454 0.766667 0.413834 0.766667 0.406213 0.771875 0.398007
1 0.820833 0.332356 0.813542 0.328839 0.801042 0.326495 0.790625 0.327667 0.781250 0.330598 0.773958 0.335287 0.764583 0.345252 0.763542 0.352872 0.756250 0.359320 0.755208 0.362837 0.765625 0.362837 0.767708 0.360492 0.780208 0.355217 0.786458 0.355217 0.798958 0.352872 0.831250 0.352286 0.833333 0.349355 0.832292 0.345252
1 0.383333 0.351114 0.380208 0.352872 0.380208 0.353458 0.379167 0.354045 0.379167 0.356389 0.378125 0.356975 0.378125 0.359906 0.379167 0.360492 0.379167 0.361665 0.384375 0.364596 0.385417 0.364596 0.386458 0.365182 0.391667 0.365182 0.392708 0.364596 0.393750 0.364596 0.395833 0.362837 0.395833 0.361665 0.394792 0.361079 0.394792 0.359320 0.393750 0.358734 0.393750 0.358148 0.392708 0.357562 0.392708 0.356975 0.391667 0.356389 0.391667 0.355803 0.390625 0.355217 0.389583 0.353458 0.386458 0.351700 0.384375 0.351700
1 0.866667 0.368699 0.862500 0.364009 0.852083 0.358148 0.841667 0.355217 0.822917 0.352872 0.794792 0.355217 0.783333 0.361665 0.770833 0.380422 0.756250 0.390387 0.775000 0.390387 0.782292 0.388628 0.826042 0.386870 0.868750 0.388042 0.871875 0.383353
1 0.093750 0.389801 0.090625 0.393318 0.090625 0.397421 0.097917 0.406800 0.102083 0.409144 0.112500 0.410317 0.122917 0.410317 0.123958 0.409730 0.131250 0.409730 0.134375 0.408558 0.137500 0.400352 0.143750 0.390973 0.144792 0.388042 0.143750 0.385698 0.133333 0.383353 0.113542 0.383353 0.101042 0.386284
1 0.165625 0.341735 0.162500 0.341735 0.160417 0.340563 0.159375 0.340563 0.158333 0.339977 0.156250 0.339977 0.155208 0.339390 0.151042 0.339390 0.147917 0.341149 0.146875 0.342907 0.143750 0.344666 0.142708 0.344666 0.141667 0.345252 0.135417 0.345252 0.135417 0.349355 0.143750 0.353458 0.143750 0.352872 0.158333 0.344080 0.159375 0.344080 0.161458 0.342907 0.162500 0.342907 0.164583 0.341735
1 0.253125 0.321219 0.246875 0.328253 0.244792 0.334701 0.244792 0.344666 0.247917 0.347011 0.251042 0.347011 0.268750 0.337632 0.284375 0.334701 0.296875 0.334115 0.307292 0.335873 0.316667 0.341149 0.320833 0.349941 0.321875 0.359906 0.325000 0.360492 0.331250 0.357562 0.340625 0.348183 0.338542 0.338218 0.327083 0.332356 0.318750 0.331184 0.314583 0.327667 0.314583 0.324736 0.300000 0.316530 0.277083 0.314185 0.261458 0.317116
1 0.372917 0.339977 0.375000 0.345252 0.383333 0.350528 0.386458 0.349941 0.393750 0.352872 0.411458 0.355217 0.450000 0.355217 0.469792 0.352872 0.483333 0.349355 0.493750 0.342907 0.491667 0.337046 0.479167 0.330598 0.473958 0.318288 0.467708 0.312427 0.450000 0.303634 0.427083 0.302462 0.418750 0.303048 0.400000 0.310668 0.390625 0.318875 0.385417 0.331770
1 0.590625 0.300703 0.584375 0.303048 0.575000 0.312427 0.571875 0.322978 0.571875 0.328253 0.575000 0.332943 0.585417 0.337046 0.601042 0.338218 0.612500 0.337632 0.625000 0.335287 0.630208 0.332356 0.635417 0.324736 0.630208 0.310082 0.627083 0.306565 0.618750 0.301876 0.613542 0.300703
1 0.748958 0.698710 0.750000 0.703400 0.758333 0.707503 0.786458 0.712192 0.852083 0.715123 0.857292 0.711020 0.855208 0.705158 0.848958 0.701055 0.844792 0.703400 0.836458 0.703400 0.818750 0.701055 0.804167 0.694021 0.800000 0.689918 0.791667 0.690504 0.782292 0.693435 0.772917 0.694607 0.755208 0.695193
3 0.508333 0.579719 0.507292 0.589683 0.508333 0.590270 0.508333 0.594959 0.510417 0.596717 0.516667 0.597304 0.517708 0.597890 0.525000 0.597890 0.526042 0.597304 0.533333 0.596717 0.538542 0.594959 0.540625 0.594959 0.542708 0.593787 0.542708 0.592614 0.543750 0.592028 0.542708 0.587925 0.538542 0.586753 0.528125 0.581477 0.522917 0.580305 0.517708 0.580305 0.511458 0.577960
3 0.605208 0.575029 0.597917 0.570340 0.594792 0.569754 0.588542 0.566823 0.572917 0.566237 0.569792 0.566823 0.552083 0.576788 0.545833 0.579132 0.543750 0.581477 0.543750 0.585580 0.546875 0.587925 0.553125 0.589097 0.559375 0.589097 0.560417 0.589683 0.570833 0.589097 0.580208 0.586753 0.588542 0.583236 0.603125 0.580305 0.606250 0.577960
3 0.307292 0.536928 0.301042 0.543962 0.301042 0.546307 0.300000 0.546893 0.300000 0.549238 0.298958 0.549824 0.300000 0.551583 0.302083 0.552755 0.304167 0.552755 0.305208 0.553341 0.307292 0.553341 0.308333 0.552755 0.316667 0.552755 0.317708 0.552169 0.323958 0.552169 0.325000 0.551583 0.328125 0.551583 0.329167 0.550996 0.329167 0.549238 0.330208 0.548652 0.330208 0.543962 0.329167 0.543376 0.328125 0.541032 0.321875 0.541032 0.320833 0.540446 0.310417 0.540446 0.307292 0.538101
3 0.851042 0.689332 0.851042 0.690504 0.850000 0.691090 0.850000 0.694607 0.851042 0.695193 0.851042 0.696952 0.854167 0.699297 0.866667 0.702814 0.882292 0.702814 0.886458 0.701055 0.887500 0.699883 0.887500 0.694021 0.886458 0.693435 0.886458 0.692263 0.882292 0.689918 0.880208 0.689918 0.876042 0.691676 0.868750 0.691676 0.867708 0.691090 0.860417 0.691090 0.852083 0.688746
3 0.735417 0.555686 0.733333 0.555686 0.732292 0.556272 0.731250 0.556272 0.730208 0.556858 0.730208 0.557444 0.728125 0.558617 0.728125 0.559203 0.726042 0.560375 0.727083 0.560961 0.727083 0.563892 0.729167 0.565064 0.729167 0.565651 0.730208 0.566237 0.730208 0.566823 0.731250 0.567409 0.732292 0.567409 0.733333 0.567995 0.734375 0.567995 0.735417 0.567409 0.735417 0.559203 0.736458 0.558617 0.736458 0.556272
3 0.279167 0.625440 0.271875 0.626612 0.269792 0.627784 0.261458 0.629543 0.255208 0.631887 0.247917 0.636577 0.247917 0.641266 0.252083 0.647714 0.258333 0.650645 0.266667 0.651817 0.285417 0.650645 0.289583 0.649472 0.292708 0.647128 0.291667 0.640680 0.283333 0.633646 0.282292 0.627198
3 0.344792 0.699297 0.340625 0.703986 0.339583 0.711020 0.352083 0.729191 0.359375 0.732122 0.375000 0.732122 0.383333 0.730363 0.386458 0.728605 0.388542 0.725674 0.389583 0.720985 0.388542 0.715709 0.384375 0.715709 0.375000 0.718054 0.367708 0.718054 0.356250 0.715709 0.347917 0.710434 0.346875 0.701641
3 0.631250 0.567409 0.627083 0.570926 0.626042 0.575029 0.628125 0.577960 0.635417 0.582649 0.639583 0.587925 0.650000 0.590270 0.657292 0.590270 0.658333 0.590856 0.668750 0.590270 0.671875 0.588511 0.673958 0.584994 0.672917 0.580305 0.670833 0.577960 0.663542 0.573271 0.657292 0.565651 0.644792 0.565651 0.643750 0.566237 0.638542 0.566237
3 0.418750 0.584994 0.416667 0.584994 0.415625 0.585580 0.415625 0.586753 0.414583 0.587339 0.414583 0.590270 0.413542 0.590856 0.413542 0.593200 0.412500 0.593787 0.412500 0.595545 0.411458 0.596131 0.411458 0.606096 0.414583 0.607268 0.415625 0.606682 0.418750 0.606682 0.420833 0.605510 0.421875 0.605510 0.422917 0.603751 0.425000 0.602579 0.425000 0.601407 0.427083 0.599062 0.427083 0.593787 0.426042 0.593200 0.426042 0.592028 0.421875 0.587339 0.418750 0.585580
3 0.331250 0.616061 0.328125 0.614302 0.322917 0.614302 0.318750 0.615475 0.313542 0.615475 0.312500 0.616061 0.308333 0.616061 0.307292 0.615475 0.295833 0.615475 0.291667 0.617819 0.285417 0.619578 0.282292 0.622509 0.282292 0.624267 0.284375 0.627198 0.292708 0.627784 0.293750 0.628370 0.308333 0.628370 0.309375 0.627784 0.318750 0.627198 0.325000 0.625440 0.329167 0.623095 0.329167 0.621923 0.331250 0.620164
3 0.775000 0.617233 0.772917 0.618406 0.772917 0.618992 0.771875 0.619578 0.771875 0.623681 0.775000 0.625440 0.776042 0.625440 0.777083 0.626026 0.779167 0.626026 0.778125 0.625440 0.778125 0.622509 0.777083 0.621923 0.777083 0.620750 0.776042 0.620164 0.776042 0.618992 0.775000 0.618406
3 0.552083 0.706331 0.542708 0.702227 0.520833 0.702227 0.510417 0.713365 0.500000 0.718640 0.489583 0.720985 0.472917 0.720399 0.469792 0.722157 0.465625 0.729777 0.467708 0.735639 0.476042 0.738570 0.494792 0.738570 0.501042 0.737397 0.518750 0.729777 0.537500 0.725674 0.545833 0.721571 0.552083 0.715709
3 0.768750 0.604924 0.766667 0.604924 0.765625 0.604338 0.764583 0.604924 0.761458 0.604924 0.760417 0.605510 0.753125 0.606096 0.752083 0.606682 0.748958 0.607268 0.746875 0.608441 0.746875 0.613716 0.751042 0.616061 0.753125 0.616061 0.756250 0.617233 0.763542 0.617233 0.764583 0.617819 0.765625 0.617819 0.766667 0.617233 0.769792 0.617233 0.770833 0.617819 0.771875 0.617819 0.773958 0.616061 0.772917 0.615475 0.772917 0.611958 0.771875 0.611372 0.771875 0.610199 0.770833 0.609613 0.770833 0.607855 0.768750 0.606096
3 0.362500 0.381008 0.362500 0.393318 0.388542 0.432591 0.353125 0.467761 0.339583 0.474209 0.337500 0.484174 0.442708 0.488863 0.492708 0.504103 0.495833 0.494725 0.443750 0.475967 0.411458 0.437280 0.436458 0.417937 0.492708 0.390387 0.478125 0.386870 0.446875 0.406213 0.402083 0.420281 0.376042 0.383939
3 0.850000 0.386870 0.839583 0.386284 0.833333 0.388042 0.829167 0.392145 0.809375 0.403283 0.806250 0.403283 0.803125 0.400352 0.803125 0.389215 0.798958 0.388628 0.795833 0.390387 0.798958 0.396249 0.800000 0.405627 0.779167 0.422040 0.779167 0.424971 0.783333 0.427902 0.786458 0.427902 0.801042 0.419109 0.809375 0.409144
