0 0.721733 0.403430 0.699391 0.402527 0.671632 0.449458 0.696005 0.511733 0.629655 0.531588 0.550440 0.524368 0.655383 0.595668 0.631009 0.801444 0.638456 0.961191 0.625592 0.999097 0.670955 0.995487 0.681787 0.946751 0.702776 0.994585 0.714963 0.994585 0.729181 0.966606 0.717671 0.790614 0.737982 0.750000 0.733243 0.652527 0.766418 0.531588 0.741368 0.487365 0.752200 0.456679 0.748138 0.425090
0 0.475965 0.412455 0.471225 0.418773 0.472580 0.435018 0.471225 0.439531 0.471225 0.460289 0.469194 0.464801 0.472580 0.472022 0.471903 0.526173 0.480704 0.535199 0.484089 0.530686 0.488829 0.462094 0.482735 0.432310 0.482735 0.416065 0.480704 0.413357
0 0.348680 0.497292 0.345972 0.525271 0.347326 0.553249 0.341909 0.565884 0.343263 0.567690 0.356804 0.566787 0.358158 0.564982 0.358158 0.546931 0.361544 0.543321 0.366283 0.543321 0.373731 0.547834 0.377793 0.553249 0.378470 0.561372 0.381855 0.563177 0.385240 0.561372 0.388626 0.553249 0.388626 0.544224 0.369668 0.526173 0.371022 0.503610 0.360190 0.495487
0 0.109005 0.293321 0.178064 0.339350 0.204469 0.379061 0.174678 0.399819 0.169262 0.438628 0.197698 0.480144 0.180095 0.539711 0.211239 0.638989 0.196344 0.687726 0.213270 0.792419 0.201760 0.950361 0.215301 0.952166 0.215301 0.999097 0.257955 0.999097 0.291131 0.825812 0.291808 0.687726 0.270819 0.538809 0.345295 0.490975 0.376439 0.497292 0.377116 0.484657 0.343263 0.474729 0.263372 0.488267 0.262018 0.415162 0.229519 0.358303 0.154367 0.282491
0 0.313473 0.524368 0.293162 0.524368 0.275559 0.532491 0.272173 0.539711 0.286391 0.633574 0.289777 0.626354 0.290454 0.541516 0.292485 0.537906 0.298578 0.537906 0.312119 0.543321 0.313473 0.549639 0.307380 0.556859 0.310765 0.563177 0.316859 0.564079 0.324306 0.553249 0.324306 0.547834 0.321598 0.542419 0.320921 0.532491
0 0.292485 0.400722 0.287745 0.408845 0.279621 0.413357 0.278267 0.416968 0.278944 0.427798 0.283683 0.438628 0.279621 0.463899 0.292485 0.468412 0.295870 0.475632 0.295870 0.478339 0.293162 0.480144 0.308057 0.478339 0.310088 0.476534 0.310765 0.459386 0.307380 0.433213 0.301963 0.420578 0.300609 0.403430 0.297224 0.400722
0 0.496953 0.371841 0.484766 0.406137 0.490183 0.472924 0.480704 0.602888 0.467840 0.647112 0.486798 0.640794 0.505078 0.570397 0.520650 0.648014 0.539607 0.662455 0.542993 0.653430 0.532160 0.636282 0.525389 0.491877 0.533514 0.465704 0.519973 0.450361 0.526066 0.423285 0.519296 0.408845 0.504401 0.417870 0.501693 0.446751 0.494922 0.438628 0.494922 0.395307 0.508463 0.376354
0 0.616114 0.368231 0.605281 0.379061 0.596479 0.427798 0.596479 0.442238 0.606635 0.457581 0.586324 0.461191 0.582938 0.470217 0.584970 0.473827 0.610697 0.472022 0.620853 0.479242 0.612728 0.522563 0.614760 0.527978 0.656737 0.525271 0.662153 0.518051 0.672986 0.476534 0.672309 0.462996 0.659445 0.453069 0.667569 0.427798 0.666892 0.409747 0.654028 0.396209 0.642519 0.400722 0.633040 0.416968 0.634394 0.445848 0.616791 0.444043 0.608666 0.433213 0.609343 0.411552 0.618145 0.378159
1 0.536222 0.424188 0.534868 0.425993 0.534868 0.429603 0.536222 0.431408 0.540284 0.431408 0.541638 0.429603 0.541638 0.426895 0.540961 0.425993 0.540961 0.425090 0.540284 0.425090 0.539607 0.424188
1 0.632363 0.417870 0.635748 0.419675 0.639810 0.417870 0.653351 0.418773 0.658768 0.422383 0.664184 0.429603 0.666892 0.427798 0.668246 0.425090 0.668246 0.419675 0.668923 0.418773 0.668246 0.413357 0.665538 0.405235 0.661476 0.399819 0.654028 0.396209 0.647258 0.397112 0.643196 0.399819 0.635748 0.412455 0.633040 0.415162
1 0.329722 0.419675 0.328368 0.421480 0.328368 0.422383 0.327691 0.423285 0.327691 0.428700 0.329045 0.430505 0.329722 0.430505 0.330399 0.431408 0.336493 0.431408 0.337170 0.430505 0.337847 0.430505 0.339201 0.428700 0.339201 0.425090 0.339878 0.424188 0.339878 0.421480 0.337847 0.418773 0.337170 0.418773 0.336493 0.417870 0.332431 0.417870 0.331754 0.418773 0.331077 0.418773 0.330399 0.419675
1 0.371699 0.442238 0.371699 0.444946 0.372376 0.445848 0.372376 0.447653 0.373731 0.449458 0.375762 0.449458 0.376439 0.450361 0.377116 0.449458 0.379147 0.449458 0.379824 0.448556 0.381855 0.448556 0.382532 0.447653 0.383209 0.447653 0.383886 0.446751 0.383886 0.441336 0.383209 0.441336 0.381178 0.438628 0.380501 0.438628 0.379824 0.437726 0.375085 0.437726 0.374408 0.438628 0.373731 0.438628 0.372376 0.440433 0.372376 0.441336
1 0.346649 0.421480 0.345972 0.425993 0.344617 0.428700 0.344617 0.430505 0.345295 0.431408 0.345295 0.432310 0.345972 0.432310 0.348003 0.434116 0.348680 0.434116 0.350711 0.432310 0.354096 0.432310 0.354773 0.431408 0.356127 0.431408 0.356804 0.432310 0.358835 0.432310 0.359513 0.433213 0.361544 0.433213 0.362221 0.434116 0.362898 0.433213 0.362898 0.425090 0.362221 0.424188 0.361544 0.421480 0.360190 0.419675 0.359513 0.419675 0.357481 0.417870 0.351388 0.417870 0.350711 0.418773 0.349357 0.418773 0.348680 0.419675 0.348003 0.419675
1 0.669601 0.452166 0.702776 0.454874 0.723087 0.458484 0.728504 0.462094 0.748815 0.460289 0.752877 0.457581 0.750846 0.434116 0.746107 0.417870 0.733920 0.407040 0.714963 0.401625 0.698714 0.403430 0.692620 0.413357 0.684496 0.421480 0.681110 0.428700 0.677725 0.444043 0.670955 0.448556
1 0.503724 0.418773 0.503724 0.420578 0.503047 0.421480 0.503047 0.425993 0.504401 0.426895 0.515234 0.426895 0.515911 0.427798 0.519296 0.427798 0.525389 0.431408 0.526743 0.427798 0.526743 0.425090 0.526066 0.424188 0.525389 0.417870 0.524035 0.416065 0.523358 0.413357 0.519973 0.408845 0.517265 0.407942 0.516588 0.407040 0.512525 0.407942 0.509140 0.410650 0.504401 0.416968
1 0.465809 0.403430 0.466486 0.404332 0.466486 0.405235 0.469194 0.408845 0.473934 0.408845 0.474611 0.407942 0.477319 0.407942 0.480027 0.404332 0.477319 0.400722 0.476642 0.400722 0.475288 0.398917 0.474611 0.398917 0.473934 0.398014 0.472580 0.398014 0.471903 0.397112 0.469871 0.397112 0.468517 0.398917 0.467840 0.398917 0.467163 0.399819 0.466486 0.399819 0.466486 0.402527
1 0.907921 0.449458 0.906567 0.449458 0.905213 0.450361 0.901151 0.455776 0.899797 0.461191 0.897089 0.464801 0.896412 0.466606 0.896412 0.468412 0.895735 0.469314 0.896412 0.473827 0.897766 0.475632 0.898443 0.475632 0.899797 0.477437 0.901151 0.477437 0.901828 0.478339 0.903859 0.478339 0.904536 0.479242 0.905213 0.478339 0.909276 0.478339 0.909953 0.477437 0.911307 0.477437 0.912661 0.473827 0.912661 0.459386 0.911984 0.458484 0.911984 0.456679 0.910630 0.453069
1 0.278944 0.413357 0.278944 0.414260 0.278267 0.415162 0.278267 0.417870 0.277590 0.418773 0.277590 0.421480 0.278267 0.422383 0.278944 0.425090 0.287745 0.425090 0.288422 0.425993 0.289777 0.425993 0.290454 0.425090 0.291131 0.425090 0.292485 0.423285 0.292485 0.414260 0.291808 0.413357 0.291808 0.412455 0.289777 0.409747 0.284360 0.409747 0.283683 0.410650 0.282329 0.410650
1 0.263372 0.431408 0.263372 0.444043 0.264049 0.444946 0.264049 0.447653 0.265403 0.450361 0.268788 0.444946 0.270142 0.444043 0.272173 0.444043 0.272850 0.443141 0.275559 0.443141 0.278267 0.440433 0.280298 0.440433 0.282329 0.442238 0.282329 0.444946 0.283006 0.443141 0.283006 0.437726 0.282329 0.435921 0.278944 0.432310 0.274882 0.431408 0.274204 0.430505 0.271496 0.430505 0.270819 0.429603 0.268111 0.429603 0.267434 0.428700 0.264726 0.428700
1 0.300609 0.404332 0.296547 0.400722 0.293162 0.400722 0.287068 0.407942 0.280298 0.412455 0.278944 0.414260 0.278944 0.416065 0.278267 0.416968 0.278267 0.422383 0.279621 0.425090 0.285714 0.425090 0.286391 0.424188 0.289777 0.424188 0.291808 0.426895 0.293162 0.427798 0.295193 0.427798 0.295870 0.428700 0.299255 0.426895 0.302640 0.426895 0.303318 0.425993 0.303318 0.423285 0.300609 0.414260
1 0.204469 0.383574 0.200406 0.382671 0.186188 0.388087 0.178064 0.394404 0.174001 0.399819 0.170616 0.418773 0.170616 0.435018 0.167908 0.438628 0.169262 0.442238 0.182126 0.444043 0.185511 0.450361 0.194313 0.450361 0.210562 0.445848 0.224103 0.435921 0.224103 0.430505 0.215301 0.414260 0.213270 0.406137 0.207177 0.394404
1 0.909276 0.449458 0.908598 0.449458 0.907921 0.448556 0.906567 0.448556 0.905890 0.449458 0.905213 0.449458 0.903182 0.452166 0.903182 0.453069 0.901828 0.454874 0.901828 0.455776 0.901151 0.456679 0.901151 0.458484 0.901828 0.459386 0.905890 0.459386 0.906567 0.460289 0.908598 0.460289 0.909276 0.459386 0.911307 0.459386 0.911307 0.453971 0.910630 0.453069 0.910630 0.452166 0.909276 0.450361
1 0.471225 0.418773 0.471225 0.422383 0.472580 0.425090 0.473934 0.425090 0.474611 0.424188 0.474611 0.423285 0.475965 0.420578 0.478673 0.420578 0.480027 0.422383 0.482735 0.422383 0.483412 0.421480 0.483412 0.419675 0.482735 0.418773 0.482735 0.416968 0.482058 0.416065 0.482058 0.415162 0.481381 0.414260 0.480027 0.414260 0.479350 0.413357 0.475965 0.413357 0.475288 0.414260 0.474611 0.414260 0.473934 0.415162 0.473257 0.415162 0.471903 0.416968 0.471903 0.417870
1 0.465809 0.463899 0.465132 0.464801 0.464455 0.464801 0.463101 0.466606 0.463101 0.467509 0.461747 0.470217 0.461747 0.473827 0.462424 0.474729 0.462424 0.476534 0.463778 0.479242 0.464455 0.479242 0.465132 0.480144 0.468517 0.480144 0.469194 0.479242 0.470548 0.479242 0.472580 0.476534 0.472580 0.471119 0.471903 0.470217 0.471903 0.469314 0.468517 0.464801 0.467840 0.464801 0.467163 0.463899
1 0.264726 0.428700 0.263372 0.431408 0.263372 0.450361 0.264049 0.451264 0.264049 0.454874 0.264726 0.455776 0.264726 0.460289 0.265403 0.462094 0.266757 0.462094 0.268111 0.463899 0.272850 0.462996 0.275559 0.464801 0.276913 0.463899 0.278944 0.460289 0.278944 0.458484 0.280298 0.455776 0.280298 0.453069 0.280975 0.452166 0.280975 0.448556 0.283006 0.445848 0.283006 0.444043 0.283683 0.443141 0.283683 0.438628 0.282329 0.435018 0.278944 0.432310 0.272173 0.430505 0.271496 0.429603 0.268788 0.429603 0.268111 0.428700
1 0.483412 0.527978 0.481381 0.527978 0.480704 0.527076 0.480027 0.527978 0.478673 0.527978 0.477996 0.528881 0.477319 0.528881 0.477319 0.530686 0.476642 0.531588 0.476642 0.533394 0.477319 0.534296 0.477319 0.536101 0.477996 0.537004 0.479350 0.537004 0.480027 0.537906 0.481381 0.537906 0.482058 0.537004 0.483412 0.537004 0.484089 0.536101 0.484089 0.534296 0.484766 0.533394 0.484766 0.531588 0.484089 0.530686 0.484089 0.528881
1 0.692620 0.965704 0.692620 0.970217 0.693297 0.971119 0.693974 0.979242 0.694651 0.980144 0.695328 0.984657 0.700068 0.991877 0.700745 0.991877 0.702776 0.994585 0.706161 0.996390 0.714286 0.996390 0.716317 0.994585 0.716317 0.991877 0.716994 0.990975 0.716317 0.989170 0.710223 0.988267 0.705484 0.984657 0.700068 0.977437 0.696682 0.968412 0.695328 0.966606
1 0.386594 0.543321 0.385240 0.545126 0.384563 0.547834 0.381855 0.551444 0.381855 0.552347 0.380501 0.554152 0.380501 0.555054 0.379147 0.556859 0.379147 0.557762 0.377793 0.560469 0.378470 0.561372 0.378470 0.562274 0.379824 0.564079 0.383209 0.564079 0.383886 0.563177 0.384563 0.563177 0.387271 0.559567 0.387271 0.558664 0.387949 0.557762 0.387949 0.555957 0.389303 0.553249 0.389303 0.548736 0.388626 0.547834 0.388626 0.546029
3 0.487475 0.636282 0.486121 0.636282 0.485443 0.635379 0.482735 0.635379 0.480704 0.633574 0.478673 0.633574 0.477996 0.632671 0.475965 0.632671 0.475288 0.633574 0.474611 0.633574 0.470548 0.638989 0.469871 0.638989 0.469194 0.639892 0.469194 0.640794 0.467163 0.644404 0.467163 0.648014 0.467840 0.648014 0.468517 0.648917 0.473257 0.648917 0.473934 0.648014 0.475965 0.648014 0.476642 0.647112 0.478673 0.647112 0.479350 0.646209 0.480704 0.646209 0.482735 0.644404 0.484089 0.644404 0.487475 0.639892
3 0.340555 0.564982 0.340555 0.567690 0.341232 0.567690 0.341909 0.568592 0.352065 0.568592 0.352742 0.567690 0.357481 0.567690 0.358158 0.566787 0.358835 0.566787 0.358835 0.563177 0.358158 0.562274 0.358158 0.561372 0.356127 0.559567 0.344617 0.559567 0.343940 0.560469 0.343263 0.560469 0.341232 0.563177 0.341232 0.564079
3 0.682464 0.894404 0.681110 0.897112 0.681110 0.908845 0.681787 0.909747 0.681110 0.912455 0.681110 0.916968 0.681787 0.917870 0.681110 0.918773 0.681110 0.932310 0.680433 0.933213 0.681110 0.945848 0.683819 0.953971 0.688558 0.958484 0.689912 0.958484 0.689912 0.944043 0.691943 0.937726 0.692620 0.928700 0.691943 0.927798 0.691943 0.923285 0.690589 0.920578 0.687204 0.906137 0.685850 0.895307
3 0.478673 0.526173 0.477996 0.525271 0.477996 0.524368 0.476642 0.522563 0.474611 0.522563 0.473934 0.521661 0.471903 0.524368 0.471225 0.524368 0.469194 0.527076 0.469194 0.527978 0.468517 0.528881 0.469194 0.529783 0.469871 0.529783 0.470548 0.530686 0.471903 0.530686 0.472580 0.531588 0.474611 0.531588 0.475288 0.530686 0.476642 0.530686 0.477996 0.528881 0.477996 0.527978 0.478673 0.527076
3 0.199729 0.949458 0.199729 0.953069 0.200406 0.953971 0.200406 0.955776 0.202437 0.958484 0.204469 0.958484 0.205146 0.959386 0.207177 0.959386 0.207854 0.958484 0.209208 0.958484 0.209885 0.957581 0.211239 0.957581 0.211916 0.956679 0.212593 0.956679 0.214624 0.953971 0.215978 0.948556 0.215301 0.947653 0.215301 0.945848 0.213270 0.944043 0.212593 0.944043 0.211916 0.944946 0.209208 0.944946 0.208531 0.944043 0.206500 0.944043 0.205823 0.943141 0.203114 0.943141 0.201083 0.945848 0.201083 0.946751
3 0.588355 0.690433 0.589032 0.697653 0.591063 0.700361 0.598511 0.703069 0.620853 0.703069 0.624238 0.698556 0.624238 0.688628 0.622884 0.684116 0.620853 0.686823 0.616114 0.687726 0.611374 0.685018 0.605958 0.677798 0.601896 0.678700 0.597833 0.684116 0.593094 0.687726 0.589032 0.688628
3 0.324306 0.546029 0.323629 0.545126 0.322275 0.545126 0.321598 0.544224 0.320921 0.544224 0.317536 0.546931 0.315504 0.546931 0.314827 0.547834 0.314150 0.547834 0.313473 0.548736 0.313473 0.549639 0.310765 0.553249 0.309411 0.553249 0.308734 0.554152 0.306703 0.555054 0.306703 0.559567 0.307380 0.560469 0.307380 0.561372 0.308057 0.561372 0.310088 0.564079 0.311442 0.564079 0.313473 0.565884 0.320921 0.565884 0.320921 0.564982 0.322275 0.562274 0.322275 0.560469 0.324306 0.556859 0.324306 0.555054 0.324983 0.554152 0.324983 0.547834 0.324306 0.546931
3 0.520650 0.647112 0.521327 0.648917 0.521327 0.650722 0.522004 0.651625 0.522681 0.651625 0.524712 0.654332 0.526743 0.655235 0.531483 0.660650 0.534191 0.662455 0.540284 0.662455 0.542993 0.660650 0.542993 0.658845 0.543670 0.657942 0.543670 0.654332 0.542315 0.650722 0.532837 0.638989 0.529452 0.639892 0.526743 0.642599 0.525389 0.642599 0.524712 0.643502 0.522681 0.643502
3 0.576168 0.983755 0.576845 0.991877 0.578876 0.999097 0.618145 0.999097 0.617468 0.994585 0.607312 0.990072 0.603927 0.987365 0.601896 0.983755 0.588355 0.972924 0.582938 0.972924 0.580230 0.974729 0.578199 0.977437
3 0.640487 0.709386 0.637779 0.712094 0.637779 0.712996 0.636425 0.715704 0.635748 0.720217 0.631009 0.731949 0.631009 0.737365 0.633040 0.740072 0.633717 0.740072 0.634394 0.740975 0.637779 0.740975 0.639810 0.737365 0.639810 0.734657 0.640487 0.733755 0.640487 0.728339 0.641165 0.727437 0.641165 0.718412 0.641842 0.717509 0.641842 0.712094
3 0.268788 0.997292 0.268788 0.999097 0.303318 0.999097 0.303995 0.996390 0.303995 0.985560 0.302640 0.983755 0.300609 0.982852 0.283683 0.981047 0.280975 0.982852 0.276913 0.983755 0.272850 0.988267 0.270142 0.995487
