0 0.524035 0.392599 0.515234 0.392599 0.510494 0.398014 0.507786 0.414260 0.511848 0.435018 0.497630 0.450361 0.492891 0.500000 0.494245 0.524368 0.501016 0.533394 0.501693 0.550542 0.509140 0.570397 0.511171 0.609206 0.505755 0.623646 0.509140 0.629964 0.524035 0.620036 0.522004 0.554152 0.526743 0.553249 0.536222 0.580325 0.539607 0.569495 0.540284 0.531588 0.551117 0.485560 0.543670 0.444946 0.529452 0.432310 0.530129 0.406137
0 0.407583 0.404332 0.394719 0.411552 0.394719 0.442238 0.381855 0.455776 0.376439 0.474729 0.380501 0.552347 0.385240 0.564079 0.381855 0.647112 0.386594 0.657942 0.395396 0.652527 0.400812 0.588448 0.407583 0.567690 0.412322 0.572202 0.424509 0.629964 0.450914 0.629964 0.433311 0.611011 0.429926 0.552347 0.435342 0.539711 0.430603 0.481949 0.425186 0.460289 0.414353 0.446751 0.416385 0.417870
0 0.678402 0.395307 0.665538 0.418773 0.678402 0.456679 0.672309 0.472022 0.670278 0.517148 0.656737 0.567690 0.658768 0.574910 0.668923 0.576715 0.670278 0.616426 0.677048 0.638989 0.671632 0.665162 0.653351 0.671480 0.662153 0.685921 0.685850 0.698556 0.670955 0.716606 0.670955 0.723827 0.693297 0.734657 0.706838 0.716606 0.706161 0.612816 0.716317 0.560469 0.717671 0.495487 0.714286 0.464801 0.699391 0.444043 0.700068 0.404332
0 0.243737 0.420578 0.213947 0.444946 0.215978 0.476534 0.224780 0.487365 0.216655 0.556859 0.225457 0.567690 0.232227 0.630866 0.262018 0.726534 0.257955 0.851986 0.272850 0.853791 0.279621 0.909747 0.293162 0.916065 0.327014 0.904332 0.342586 0.885379 0.339201 0.873646 0.312796 0.865523 0.308057 0.827617 0.317536 0.759025 0.315504 0.671480 0.320244 0.638087 0.328368 0.635379 0.334462 0.614621 0.278944 0.526173 0.276236 0.507220 0.300609 0.474729 0.301963 0.456679 0.278944 0.452166
0 0.306026 0.423285 0.301963 0.428700 0.303995 0.438628 0.301963 0.449458 0.305349 0.459386 0.303995 0.479242 0.308734 0.484657 0.310088 0.490072 0.310088 0.495487 0.312796 0.503610 0.312119 0.518051 0.313473 0.519856 0.318890 0.519856 0.321598 0.516245 0.320921 0.480144 0.324306 0.471119 0.324306 0.461191 0.320921 0.445848 0.313473 0.436823 0.312119 0.425993
0 0.612728 0.400722 0.590386 0.398917 0.574137 0.417870 0.566012 0.451264 0.586324 0.503610 0.549763 0.528881 0.533514 0.604693 0.552471 0.695848 0.531483 0.868231 0.518619 0.889892 0.526066 0.945848 0.518619 0.961191 0.552471 0.952166 0.566012 0.836643 0.591740 0.763538 0.612051 0.955776 0.634394 0.930505 0.642519 0.698556 0.632363 0.646209 0.661476 0.531588 0.620853 0.490975 0.628978 0.434116
1 0.664184 0.421480 0.666215 0.422383 0.687881 0.422383 0.688558 0.423285 0.698037 0.423285 0.699391 0.424188 0.703453 0.421480 0.703453 0.415162 0.700745 0.405235 0.696005 0.398917 0.687204 0.395307 0.677725 0.395307 0.675017 0.397112 0.671632 0.402527 0.666892 0.416065
1 0.301963 0.427798 0.301963 0.431408 0.302640 0.432310 0.302640 0.433213 0.303318 0.433213 0.303995 0.434116 0.304672 0.433213 0.308734 0.433213 0.309411 0.434116 0.310765 0.434116 0.311442 0.433213 0.312796 0.433213 0.313473 0.432310 0.313473 0.431408 0.312796 0.430505 0.312796 0.427798 0.312119 0.426895 0.312119 0.425993 0.310765 0.424188 0.309411 0.424188 0.308734 0.423285 0.306026 0.423285 0.305349 0.424188 0.304672 0.424188
1 0.344617 0.415162 0.342586 0.417870 0.342586 0.422383 0.343263 0.423285 0.343940 0.423285 0.344617 0.424188 0.349357 0.424188 0.350711 0.422383 0.350711 0.419675 0.350034 0.418773 0.350034 0.416968 0.349357 0.416065 0.348680 0.416065 0.348003 0.415162
1 0.279621 0.453069 0.272173 0.447653 0.266757 0.437726 0.257278 0.426895 0.248477 0.420578 0.242383 0.420578 0.224780 0.428700 0.215301 0.439531 0.213270 0.446751 0.213270 0.462996 0.215301 0.468412 0.215301 0.476534 0.224103 0.477437 0.246445 0.467509 0.262695 0.457581
1 0.267434 0.427798 0.267434 0.430505 0.268788 0.432310 0.270819 0.432310 0.271496 0.431408 0.272850 0.431408 0.273527 0.432310 0.276236 0.432310 0.276913 0.433213 0.283683 0.433213 0.284360 0.432310 0.284360 0.426895 0.283683 0.425993 0.283006 0.423285 0.281652 0.421480 0.280975 0.421480 0.280298 0.420578 0.276913 0.420578 0.276236 0.419675 0.274882 0.419675 0.274204 0.420578 0.271496 0.420578 0.270819 0.421480 0.270142 0.421480 0.270142 0.422383 0.268111 0.425090 0.268111 0.426895
1 0.564658 0.451264 0.566012 0.453971 0.571429 0.455776 0.573460 0.451264 0.573460 0.445848 0.577522 0.442238 0.595125 0.450361 0.619499 0.448556 0.621530 0.444043 0.629655 0.439531 0.629655 0.434116 0.622884 0.415162 0.615437 0.401625 0.591063 0.398014 0.587678 0.399819 0.573460 0.417870
1 0.392688 0.416065 0.392688 0.421480 0.394042 0.423285 0.394719 0.422383 0.397427 0.422383 0.398104 0.421480 0.404198 0.421480 0.404875 0.422383 0.411645 0.422383 0.412322 0.423285 0.415030 0.424188 0.417062 0.421480 0.417062 0.419675 0.416385 0.418773 0.416385 0.415162 0.415030 0.411552 0.411645 0.406137 0.409614 0.405235 0.408260 0.403430 0.403521 0.403430 0.402844 0.404332 0.400812 0.404332 0.398104 0.406137 0.395396 0.409747
1 0.528098 0.396209 0.526066 0.393502 0.523358 0.392599 0.522681 0.391697 0.517942 0.391697 0.517265 0.392599 0.513202 0.393502 0.510494 0.397112 0.510494 0.398917 0.509817 0.399819 0.509817 0.404332 0.507786 0.409747 0.507786 0.414260 0.508463 0.415162 0.513879 0.415162 0.514557 0.414260 0.526066 0.414260 0.526743 0.413357 0.528775 0.413357 0.530129 0.411552 0.530129 0.404332 0.529452 0.403430 0.529452 0.400722 0.528775 0.399819
3 0.522004 0.611011 0.520650 0.611011 0.519973 0.610108 0.517942 0.610108 0.517265 0.609206 0.511848 0.609206 0.511171 0.610108 0.509817 0.614621 0.508463 0.616426 0.507786 0.619134 0.505755 0.622744 0.505755 0.627256 0.506432 0.628159 0.506432 0.629061 0.507109 0.629061 0.507786 0.629964 0.513879 0.629964 0.517265 0.627256 0.518619 0.627256 0.519296 0.626354 0.519973 0.626354 0.522004 0.623646 0.522681 0.623646 0.524712 0.620036 0.524712 0.616426 0.524035 0.615523 0.524035 0.614621 0.522004 0.611913
3 0.670278 0.718412 0.670278 0.722924 0.674340 0.729242 0.682464 0.734657 0.686527 0.734657 0.687204 0.735560 0.691943 0.735560 0.700068 0.731047 0.702776 0.727437 0.702776 0.724729 0.703453 0.723827 0.700745 0.722022 0.698714 0.722022 0.685173 0.707581 0.675017 0.714801 0.671632 0.715704
3 0.387271 0.636282 0.386594 0.637184 0.385240 0.637184 0.383209 0.638989 0.383209 0.640794 0.382532 0.641697 0.382532 0.643502 0.381855 0.644404 0.381855 0.651625 0.382532 0.652527 0.382532 0.654332 0.383886 0.657040 0.384563 0.657040 0.385240 0.657942 0.387271 0.657942 0.387949 0.658845 0.390657 0.658845 0.391334 0.657942 0.393365 0.657040 0.394719 0.655235 0.394719 0.654332 0.395396 0.653430 0.395396 0.643502 0.394719 0.642599 0.394719 0.639892 0.394042 0.638989 0.394042 0.637184 0.392688 0.637184 0.392011 0.636282
3 0.553825 0.944946 0.547055 0.952166 0.545024 0.953069 0.538930 0.952166 0.528098 0.945848 0.523358 0.954874 0.513879 0.962996 0.514557 0.963899 0.519296 0.962996 0.520650 0.961191 0.526066 0.959386 0.526743 0.956679 0.528775 0.953971 0.532160 0.953971 0.539607 0.962996 0.542993 0.964801 0.547732 0.964801 0.551117 0.960289 0.553825 0.950361
3 0.303995 0.526173 0.299932 0.526173 0.297224 0.531588 0.297224 0.535199 0.296547 0.536101 0.296547 0.539711 0.297224 0.540614 0.297224 0.543321 0.299255 0.546029 0.300609 0.546029 0.301286 0.545126 0.301963 0.545126 0.303995 0.542419 0.303995 0.541516 0.305349 0.539711 0.305349 0.528881
3 0.320921 0.511733 0.320244 0.511733 0.319567 0.512635 0.316859 0.512635 0.316181 0.513538 0.314150 0.513538 0.312119 0.516245 0.312119 0.518953 0.313473 0.520758 0.318213 0.520758 0.318890 0.519856 0.320244 0.519856 0.321598 0.518051 0.321598 0.513538 0.320921 0.512635
3 0.423155 0.629061 0.423155 0.629964 0.425186 0.631769 0.430603 0.632671 0.431280 0.633574 0.447529 0.633574 0.448206 0.632671 0.450237 0.632671 0.451591 0.630866 0.451591 0.627256 0.449560 0.623646 0.446852 0.622744 0.446175 0.621841 0.440758 0.620939 0.438050 0.619134 0.435342 0.619134 0.428571 0.624549 0.425186 0.625451 0.423832 0.626354 0.423832 0.628159
3 0.257278 0.855596 0.257955 0.856498 0.257955 0.859206 0.258632 0.860108 0.259309 0.860108 0.259986 0.861011 0.260664 0.861011 0.261341 0.861913 0.265403 0.861913 0.266757 0.860108 0.267434 0.860108 0.269465 0.857401 0.269465 0.856498 0.270142 0.855596 0.269465 0.854693 0.259986 0.854693 0.259309 0.853791 0.258632 0.853791
3 0.342586 0.877256 0.339201 0.872744 0.335816 0.871841 0.320244 0.872744 0.317536 0.874549 0.316181 0.881769 0.312119 0.890794 0.301963 0.903430 0.291808 0.909747 0.280298 0.910650 0.280298 0.914260 0.282329 0.916968 0.295870 0.916065 0.306703 0.911552 0.316859 0.909747 0.328368 0.904332 0.334462 0.899819 0.341232 0.890794 0.343263 0.884477
3 0.651997 0.667870 0.652674 0.668773 0.652674 0.672383 0.655383 0.678700 0.661476 0.685921 0.681787 0.694946 0.685173 0.694946 0.686527 0.692238 0.686527 0.688628 0.685850 0.687726 0.683819 0.687726 0.679079 0.685018 0.672986 0.678700 0.671632 0.675090 0.671632 0.669675 0.670278 0.666968 0.668246 0.666065 0.654705 0.666065
