0 0.542993 0.388989 0.532837 0.395307 0.531483 0.426895 0.519296 0.435921 0.509817 0.464801 0.511848 0.474729 0.521327 0.473827 0.513879 0.539711 0.517265 0.562274 0.511848 0.603791 0.505755 0.618231 0.507786 0.622744 0.523358 0.614621 0.528098 0.571300 0.535545 0.545126 0.542993 0.595668 0.555179 0.532491 0.557211 0.482852 0.567366 0.470217 0.563981 0.441336 0.551794 0.425993 0.551117 0.399819
0 0.009479 0.393502 0.006770 0.396209 0.006093 0.406137 0.000000 0.411552 0.000000 0.449458 0.003385 0.453069 0.004062 0.463899 0.006770 0.468412 0.006093 0.481047 0.007448 0.487365 0.019634 0.487365 0.022343 0.489170 0.025051 0.487365 0.022343 0.463899 0.022343 0.448556 0.025051 0.444946 0.026405 0.438628 0.025051 0.432310 0.026405 0.417870 0.018957 0.396209 0.016249 0.393502
0 0.694651 0.399819 0.685850 0.403430 0.673663 0.421480 0.676371 0.446751 0.683142 0.457581 0.675694 0.474729 0.670278 0.522563 0.674340 0.593863 0.670278 0.620036 0.676371 0.633574 0.668246 0.668773 0.651997 0.671480 0.660799 0.684116 0.684496 0.695848 0.681787 0.707581 0.668246 0.715704 0.682464 0.732852 0.696005 0.729242 0.704130 0.712996 0.708869 0.666968 0.705484 0.618231 0.721733 0.515343 0.720379 0.473827 0.706161 0.449458 0.711578 0.413357
0 0.192282 0.399819 0.186865 0.413357 0.192282 0.429603 0.188219 0.456679 0.178064 0.461191 0.176710 0.467509 0.186188 0.472924 0.186188 0.484657 0.192282 0.493682 0.193636 0.513538 0.199729 0.531588 0.199052 0.541516 0.188219 0.551444 0.191605 0.555054 0.201760 0.555054 0.211239 0.550542 0.209885 0.530686 0.211916 0.527978 0.220041 0.531588 0.217332 0.542419 0.220041 0.547834 0.229519 0.538809 0.232227 0.527076 0.212593 0.512635 0.209885 0.507220 0.210562 0.494585 0.216655 0.478339 0.215978 0.436823 0.207177 0.425090 0.205823 0.404332 0.201083 0.399819
0 0.628978 0.399819 0.595125 0.414260 0.587678 0.439531 0.599865 0.492780 0.563981 0.518051 0.545701 0.603791 0.563981 0.639892 0.538930 0.852888 0.522681 0.872744 0.531483 0.927798 0.524035 0.939531 0.555856 0.933213 0.573460 0.822202 0.598511 0.753610 0.610697 0.796029 0.614083 0.934116 0.626947 0.935018 0.636425 0.914260 0.647935 0.670578 0.670278 0.599278 0.670955 0.538809 0.664861 0.519856 0.634394 0.500903 0.650643 0.446751
0 0.411645 0.392599 0.400812 0.404332 0.400812 0.434116 0.387271 0.449458 0.382532 0.475632 0.388626 0.548736 0.383886 0.638989 0.389980 0.645307 0.396750 0.639892 0.402844 0.580325 0.410968 0.556859 0.415708 0.562274 0.425186 0.619134 0.436696 0.623646 0.451591 0.619134 0.435342 0.602888 0.432634 0.543321 0.438050 0.533394 0.436696 0.476534 0.431957 0.453971 0.419770 0.434116 0.421801 0.404332
0 0.271496 0.402527 0.247800 0.423285 0.246445 0.447653 0.255924 0.460289 0.237644 0.524368 0.248477 0.547834 0.262695 0.680505 0.278267 0.714801 0.268788 0.833935 0.281652 0.832130 0.289100 0.886282 0.300609 0.889892 0.335139 0.879964 0.350711 0.861011 0.348003 0.851083 0.321598 0.841155 0.318890 0.788809 0.327014 0.748195 0.326337 0.648917 0.333785 0.627256 0.345295 0.621841 0.349357 0.590253 0.323629 0.561372 0.319567 0.540614 0.295193 0.505415 0.303995 0.476534 0.320244 0.465704 0.327014 0.445848 0.302640 0.438628 0.292485 0.417870
1 0.529452 0.407040 0.530129 0.408845 0.531483 0.409747 0.534191 0.409747 0.534868 0.408845 0.537576 0.408845 0.538253 0.407942 0.547055 0.407942 0.547732 0.408845 0.550440 0.409747 0.551794 0.407942 0.551794 0.403430 0.551117 0.402527 0.551117 0.399819 0.549086 0.394404 0.546378 0.390794 0.545024 0.390794 0.542993 0.388989 0.538930 0.388989 0.538253 0.389892 0.536899 0.389892 0.534868 0.392599 0.534191 0.392599 0.534191 0.393502 0.530806 0.399819 0.530806 0.402527 0.530129 0.403430 0.530129 0.406137
1 0.186865 0.408845 0.186865 0.411552 0.188219 0.413357 0.192959 0.413357 0.193636 0.414260 0.194990 0.414260 0.195667 0.415162 0.199729 0.415162 0.200406 0.416065 0.203791 0.416065 0.204469 0.415162 0.206500 0.415162 0.207177 0.414260 0.207177 0.412455 0.207854 0.411552 0.207854 0.410650 0.207177 0.409747 0.207177 0.407040 0.206500 0.406137 0.205823 0.403430 0.203114 0.400722 0.202437 0.400722 0.201760 0.399819 0.199729 0.399819 0.199052 0.398917 0.194313 0.398917 0.193636 0.399819 0.192282 0.399819 0.191605 0.400722 0.190928 0.400722 0.188896 0.403430 0.188896 0.404332
1 0.672986 0.421480 0.674340 0.424188 0.689235 0.424188 0.692620 0.425993 0.696682 0.425993 0.704807 0.429603 0.709546 0.430505 0.710900 0.429603 0.712255 0.425090 0.712255 0.414260 0.710223 0.408845 0.706838 0.405235 0.698714 0.400722 0.690589 0.399819 0.686527 0.402527 0.681110 0.409747 0.678402 0.416968
1 0.288422 0.410650 0.289100 0.411552 0.289100 0.412455 0.289777 0.413357 0.289777 0.414260 0.290454 0.414260 0.291808 0.416065 0.292485 0.416065 0.293162 0.416968 0.293839 0.416968 0.294516 0.417870 0.295193 0.417870 0.295870 0.418773 0.297224 0.418773 0.297901 0.417870 0.298578 0.417870 0.299255 0.416968 0.299255 0.415162 0.299932 0.414260 0.299255 0.413357 0.299255 0.412455 0.296547 0.408845 0.296547 0.407942 0.295870 0.407942 0.295193 0.407040 0.291808 0.407040 0.291131 0.407942 0.290454 0.407942
1 0.013541 0.432310 0.013541 0.433213 0.012187 0.435921 0.012187 0.442238 0.014218 0.444946 0.023020 0.444946 0.023697 0.444043 0.024374 0.444043 0.025728 0.442238 0.025728 0.436823 0.025051 0.435921 0.025051 0.435018 0.022343 0.431408 0.020988 0.431408 0.020311 0.430505 0.016249 0.430505 0.015572 0.431408 0.014218 0.431408
1 0.245768 0.402527 0.244414 0.404332 0.244414 0.409747 0.245091 0.410650 0.246445 0.410650 0.247123 0.411552 0.251185 0.411552 0.253216 0.408845 0.253216 0.404332 0.251862 0.402527 0.249831 0.402527 0.249154 0.401625 0.247800 0.401625 0.247123 0.402527
1 0.339878 0.402527 0.339201 0.403430 0.339201 0.407942 0.339878 0.408845 0.339878 0.409747 0.340555 0.410650 0.345295 0.410650 0.345295 0.409747 0.345972 0.408845 0.345972 0.407040 0.345295 0.406137 0.345295 0.404332 0.344617 0.403430 0.343940 0.403430 0.343263 0.402527 0.342586 0.402527 0.341909 0.401625 0.341232 0.402527
1 0.019634 0.394404 0.018280 0.392599 0.016926 0.392599 0.016249 0.391697 0.013541 0.391697 0.012864 0.392599 0.008125 0.392599 0.006093 0.395307 0.006093 0.401625 0.008125 0.404332 0.009479 0.404332 0.010156 0.403430 0.012187 0.403430 0.012864 0.402527 0.015572 0.402527 0.016249 0.401625 0.017603 0.401625 0.018280 0.400722 0.019634 0.400722 0.020311 0.399819 0.020311 0.396209 0.019634 0.395307
1 0.301286 0.432310 0.295193 0.420578 0.280298 0.403430 0.276913 0.401625 0.269465 0.402527 0.258632 0.407040 0.250508 0.414260 0.247123 0.421480 0.245768 0.449458 0.247800 0.451264 0.252539 0.451264 0.257278 0.444946 0.264726 0.440433 0.298578 0.437726 0.301286 0.435018
1 0.587001 0.437726 0.587001 0.442238 0.592417 0.445848 0.595802 0.453069 0.620176 0.453069 0.631009 0.447653 0.639810 0.446751 0.651997 0.449458 0.651997 0.445848 0.648612 0.442238 0.644550 0.419675 0.635071 0.404332 0.630332 0.399819 0.612728 0.399819 0.600542 0.406137 0.594448 0.415162
1 0.400135 0.405235 0.400135 0.412455 0.400812 0.413357 0.402167 0.412455 0.404198 0.412455 0.404875 0.411552 0.420447 0.411552 0.421801 0.412455 0.423155 0.409747 0.423155 0.407040 0.421801 0.403430 0.419770 0.400722 0.419770 0.399819 0.415708 0.394404 0.412999 0.392599 0.409614 0.392599 0.408937 0.393502 0.407583 0.393502 0.402167 0.400722 0.402167 0.401625
1 0.327691 0.445848 0.322952 0.441336 0.299932 0.435921 0.293162 0.439531 0.267434 0.440433 0.257278 0.444946 0.253893 0.449458 0.255247 0.460289 0.250508 0.481949 0.241029 0.499097 0.236967 0.512635 0.237644 0.525271 0.240352 0.528881 0.249831 0.526173 0.267434 0.509928 0.283683 0.501805 0.284360 0.497292 0.272850 0.487365 0.276236 0.482852 0.299932 0.466606 0.306026 0.473827 0.314827 0.470217 0.325660 0.458484
1 0.386594 0.624549 0.384563 0.626354 0.384563 0.627256 0.383886 0.628159 0.383886 0.629964 0.383209 0.630866 0.383209 0.636282 0.383886 0.637184 0.383886 0.639892 0.384563 0.640794 0.385240 0.643502 0.385917 0.643502 0.387949 0.645307 0.393365 0.645307 0.394042 0.644404 0.394719 0.644404 0.396073 0.642599 0.396073 0.641697 0.396750 0.640794 0.396750 0.638087 0.397427 0.637184 0.397427 0.636282 0.396750 0.635379 0.396750 0.629964 0.396073 0.629061 0.396073 0.626354 0.394042 0.623646 0.389980 0.623646 0.389303 0.624549
2 0.667569 0.716606 0.668246 0.721119 0.671632 0.725632 0.677725 0.731047 0.679079 0.731047 0.683142 0.733755 0.689235 0.733755 0.691266 0.731949 0.692620 0.731949 0.696682 0.729242 0.699391 0.724729 0.699391 0.722924 0.697360 0.720217 0.694651 0.719314 0.685173 0.707581 0.682464 0.707581 0.681787 0.708484 0.672309 0.710289 0.669601 0.712094
2 0.230196 0.523466 0.229519 0.523466 0.228842 0.522563 0.226134 0.522563 0.225457 0.523466 0.223426 0.524368 0.223426 0.525271 0.221395 0.527978 0.221395 0.528881 0.220718 0.529783 0.220718 0.533394 0.220041 0.534296 0.220041 0.536101 0.219364 0.537004 0.218687 0.539711 0.216655 0.543321 0.216655 0.546029 0.217332 0.546931 0.218009 0.546931 0.218687 0.547834 0.221395 0.547834 0.222072 0.546931 0.224103 0.546029 0.226134 0.543321 0.226811 0.543321 0.230196 0.538809 0.230196 0.537906 0.231550 0.536101 0.231550 0.534296 0.232227 0.533394 0.232227 0.526173
2 0.536899 0.855596 0.532160 0.855596 0.527420 0.858303 0.524712 0.861913 0.522681 0.868231 0.522004 0.883574 0.522681 0.884477 0.522681 0.888989 0.524712 0.895307 0.524712 0.900722 0.525389 0.901625 0.526066 0.907942 0.527420 0.905235 0.527420 0.899819 0.526743 0.898917 0.526743 0.887184 0.527420 0.886282 0.527420 0.883574 0.530129 0.878159 0.537576 0.867329 0.538253 0.858303
2 0.522681 0.605596 0.522004 0.605596 0.521327 0.604693 0.518619 0.604693 0.515234 0.601986 0.511848 0.602888 0.511848 0.603791 0.510494 0.605596 0.510494 0.607401 0.509140 0.609206 0.509140 0.610108 0.507786 0.611913 0.507786 0.612816 0.505755 0.616426 0.505755 0.620036 0.506432 0.620939 0.506432 0.621841 0.507109 0.622744 0.509817 0.622744 0.510494 0.623646 0.511848 0.623646 0.512525 0.622744 0.515234 0.622744 0.516588 0.620939 0.517265 0.620939 0.517942 0.620036 0.519296 0.620036 0.520650 0.618231 0.521327 0.618231 0.523358 0.615523 0.523358 0.607401 0.522681 0.606498
2 0.211916 0.546029 0.210562 0.542419 0.209208 0.540614 0.207177 0.540614 0.206500 0.539711 0.202437 0.539711 0.201760 0.540614 0.200406 0.540614 0.199052 0.541516 0.196344 0.545126 0.192282 0.547834 0.190251 0.547834 0.189573 0.548736 0.188219 0.548736 0.187542 0.549639 0.187542 0.551444 0.188896 0.554152 0.190251 0.555054 0.191605 0.555054 0.192282 0.555957 0.197021 0.555957 0.197698 0.555054 0.206500 0.554152 0.207177 0.553249 0.209885 0.553249 0.211916 0.550542
2 0.611374 0.918773 0.610020 0.921480 0.610697 0.922383 0.610697 0.929603 0.611374 0.930505 0.612728 0.937726 0.614760 0.939531 0.619499 0.939531 0.620176 0.940433 0.624915 0.941336 0.626269 0.943141 0.626947 0.943141 0.628978 0.940433 0.630332 0.935921 0.631686 0.934116 0.632363 0.934116 0.633040 0.932310 0.633040 0.925993 0.631686 0.924188 0.629655 0.924188 0.623561 0.920578 0.616114 0.920578 0.613406 0.918773
2 0.424509 0.616426 0.424509 0.619134 0.427894 0.621841 0.433311 0.622744 0.433988 0.623646 0.446175 0.624549 0.446852 0.623646 0.449560 0.623646 0.451591 0.621841 0.451591 0.616426 0.450914 0.614621 0.450237 0.614621 0.448883 0.612816 0.444821 0.611913 0.444144 0.611011 0.442789 0.611011 0.440081 0.609206 0.435342 0.609206 0.430603 0.613718 0.427894 0.614621 0.427217 0.615523 0.425186 0.615523
2 0.265403 0.829422 0.265403 0.833032 0.266080 0.833935 0.266080 0.834838 0.266757 0.834838 0.268111 0.836643 0.269465 0.836643 0.270142 0.837545 0.272850 0.837545 0.273527 0.836643 0.274204 0.836643 0.274882 0.835740 0.275559 0.835740 0.276913 0.833935 0.276913 0.833032 0.278267 0.831227 0.278944 0.831227 0.278944 0.830325 0.270819 0.830325 0.270142 0.829422
3 0.542993 0.611913 0.542993 0.612816 0.542315 0.613718 0.542315 0.623646 0.542993 0.624549 0.542993 0.627256 0.543670 0.628159 0.546378 0.628159 0.547055 0.629061 0.551117 0.629061 0.551794 0.629964 0.553825 0.629964 0.554502 0.629061 0.554502 0.626354 0.553148 0.624549 0.553148 0.623646 0.549763 0.619134 0.549763 0.618231 0.547732 0.615523 0.547732 0.614621 0.546378 0.612816 0.545024 0.612816 0.544347 0.611913
3 0.350711 0.855596 0.348680 0.851083 0.343940 0.848375 0.327014 0.848375 0.322952 0.861913 0.318890 0.869134 0.310765 0.878159 0.298578 0.883574 0.289777 0.883574 0.289100 0.888087 0.291808 0.890794 0.299255 0.890794 0.315504 0.887184 0.335816 0.879964 0.347326 0.870036 0.350711 0.862816
3 0.650643 0.667870 0.649966 0.669675 0.650643 0.675090 0.651320 0.675090 0.653351 0.678700 0.660799 0.685018 0.664184 0.686823 0.666215 0.686823 0.669601 0.689531 0.676371 0.692238 0.679079 0.692238 0.679756 0.693141 0.683819 0.692238 0.684496 0.687726 0.679756 0.685018 0.677725 0.685018 0.671632 0.679603 0.668923 0.675090 0.668923 0.672383 0.667569 0.667870 0.662830 0.667870 0.662153 0.666968 0.651997 0.666968
