0 0.348380 0.226437 0.339352 0.248276 0.339883 0.264368 0.345194 0.277011 0.334041 0.296552 0.337228 0.441379 0.344663 0.459770 0.349973 0.458621 0.350505 0.445977 0.359002 0.437931 0.366968 0.448276 0.370685 0.483908 0.366437 0.518391 0.345194 0.520690 0.344663 0.526437 0.363250 0.563218 0.360595 0.602299 0.371216 0.614943 0.383431 0.591954 0.387679 0.549425 0.380775 0.536782 0.380244 0.340230 0.374403 0.310345 0.361126 0.282759 0.363250 0.254023 0.360064 0.236782
0 0.782793 0.233333 0.779607 0.233333 0.777483 0.236782 0.776952 0.243678 0.773765 0.252874 0.771641 0.263218 0.771641 0.268966 0.770048 0.278161 0.770048 0.300000 0.767924 0.314943 0.767924 0.320690 0.768986 0.324138 0.778545 0.322989 0.779607 0.320690 0.785449 0.290805 0.786511 0.280460 0.789697 0.267816 0.789697 0.259770 0.784918 0.244828 0.784387 0.237931
0 0.524164 0.254023 0.522039 0.259770 0.522039 0.267816 0.519915 0.278161 0.518853 0.318391 0.522039 0.333333 0.525757 0.365517 0.525757 0.377012 0.529474 0.377012 0.534254 0.372414 0.534785 0.368966 0.533723 0.331034 0.536378 0.301149 0.533723 0.275862 0.530005 0.268966 0.528943 0.258621 0.526819 0.254023
0 0.567180 0.180460 0.553903 0.195402 0.549655 0.236782 0.574615 0.295402 0.571429 0.337931 0.544344 0.344828 0.538502 0.359770 0.569835 0.411494 0.571960 0.519540 0.552310 0.656322 0.538502 0.667816 0.557090 0.706897 0.569304 0.709195 0.570898 0.668966 0.583112 0.629885 0.596920 0.731034 0.582581 0.763218 0.605948 0.775862 0.627722 0.750575 0.619756 0.717241 0.612321 0.591954 0.625597 0.500000 0.630377 0.300000 0.623473 0.265517 0.612321 0.265517 0.594796 0.239080 0.589485 0.198851
0 0.856612 0.241379 0.855019 0.241379 0.852363 0.245977 0.847053 0.265517 0.847053 0.270115 0.846521 0.271264 0.846521 0.303448 0.848115 0.305747 0.852894 0.305747 0.854488 0.303448 0.854488 0.301149 0.855550 0.297701 0.856081 0.281609 0.858736 0.272414 0.858736 0.265517 0.859798 0.258621 0.858736 0.243678
1 0.909719 0.237931 0.909719 0.239080 0.909187 0.240230 0.910250 0.242529 0.910781 0.242529 0.912905 0.247126 0.913967 0.247126 0.914498 0.248276 0.915029 0.247126 0.916622 0.247126 0.918747 0.242529 0.918747 0.239080 0.917153 0.235632 0.916091 0.235632 0.915560 0.234483 0.912905 0.234483 0.912374 0.235632 0.911312 0.235632 0.910781 0.236782 0.910250 0.236782
1 0.632501 0.283908 0.632501 0.287356 0.633563 0.289655 0.637812 0.289655 0.638343 0.288506 0.638343 0.287356 0.638874 0.286207 0.638343 0.285057 0.638343 0.282759 0.637812 0.282759 0.636750 0.280460 0.633563 0.280460 0.633032 0.281609 0.633032 0.282759
1 0.574084 0.294253 0.569835 0.294253 0.568242 0.296552 0.567180 0.296552 0.566118 0.298851 0.565587 0.298851 0.565056 0.300000 0.563994 0.300000 0.563994 0.301149 0.563463 0.302299 0.562931 0.302299 0.561869 0.304598 0.561869 0.305747 0.561338 0.306897 0.561338 0.313793 0.562931 0.317241 0.563994 0.317241 0.564525 0.318391 0.570898 0.318391 0.571960 0.316092 0.571960 0.314943 0.572491 0.313793 0.572491 0.311494 0.573022 0.310345 0.573022 0.309195 0.573553 0.308046 0.573553 0.305747 0.574084 0.304598 0.574084 0.301149 0.574615 0.300000 0.574615 0.296552 0.574084 0.295402
1 0.339352 0.244828 0.339352 0.247126 0.340945 0.249425 0.343601 0.249425 0.344132 0.248276 0.351036 0.249425 0.351567 0.250575 0.356877 0.252874 0.357939 0.255172 0.360064 0.256322 0.362188 0.259770 0.362719 0.259770 0.363781 0.256322 0.362188 0.244828 0.360064 0.235632 0.355815 0.227586 0.352629 0.225287 0.347318 0.226437 0.345725 0.228736 0.343601 0.229885 0.342007 0.233333
1 0.343070 0.231034 0.339352 0.244828 0.339352 0.264368 0.340945 0.267816 0.349973 0.273563 0.353160 0.273563 0.356346 0.275862 0.359533 0.275862 0.361126 0.273563 0.363781 0.265517 0.363781 0.256322 0.362188 0.244828 0.359533 0.234483 0.357408 0.229885 0.352098 0.225287 0.347849 0.226437
1 0.523101 0.254023 0.522570 0.255172 0.522570 0.256322 0.521508 0.258621 0.521508 0.262069 0.520977 0.263218 0.520977 0.264368 0.521508 0.265517 0.521508 0.267816 0.522039 0.268966 0.522570 0.268966 0.523101 0.270115 0.526288 0.270115 0.526819 0.268966 0.528412 0.268966 0.529474 0.266667 0.529474 0.259770 0.528943 0.258621 0.528943 0.257471 0.528412 0.256322 0.528412 0.255172 0.527881 0.254023 0.527350 0.254023 0.526819 0.252874 0.524164 0.252874 0.523633 0.254023
1 0.921933 0.257471 0.921933 0.260920 0.922464 0.260920 0.922995 0.262069 0.925651 0.262069 0.926182 0.260920 0.926713 0.260920 0.926713 0.259770 0.927244 0.258621 0.926713 0.257471 0.926713 0.256322 0.925651 0.254023 0.924057 0.254023 0.923526 0.255172 0.922995 0.255172
1 0.559745 0.302299 0.559214 0.303448 0.558683 0.303448 0.558152 0.304598 0.557621 0.304598 0.557090 0.305747 0.557090 0.313793 0.557621 0.314943 0.558152 0.314943 0.558683 0.316092 0.559214 0.316092 0.559745 0.317241 0.561338 0.317241 0.562400 0.314943 0.562400 0.308046 0.562931 0.306897 0.562931 0.304598 0.561869 0.302299
1 0.629315 0.270115 0.628784 0.271264 0.628253 0.271264 0.626660 0.274713 0.626660 0.281609 0.628253 0.285057 0.628784 0.285057 0.629315 0.286207 0.630377 0.286207 0.630908 0.285057 0.630908 0.283908 0.631439 0.282759 0.631439 0.281609 0.632501 0.279310 0.632501 0.278161 0.631970 0.277011 0.631970 0.275862 0.631439 0.274713 0.631439 0.273563 0.629846 0.270115
1 0.899628 0.231034 0.898566 0.228736 0.898035 0.228736 0.897504 0.227586 0.896973 0.227586 0.896442 0.228736 0.894318 0.228736 0.893786 0.229885 0.893786 0.236782 0.894318 0.237931 0.898035 0.237931 0.898566 0.236782 0.899097 0.236782 0.899628 0.235632
1 0.776952 0.239080 0.776952 0.243678 0.777483 0.244828 0.778545 0.244828 0.779076 0.245977 0.782793 0.245977 0.783324 0.244828 0.784387 0.244828 0.784387 0.236782 0.782793 0.233333 0.779076 0.233333 0.777483 0.236782 0.777483 0.237931
1 0.917153 0.237931 0.917153 0.240230 0.917685 0.241379 0.918216 0.241379 0.919809 0.244828 0.920340 0.244828 0.920871 0.245977 0.922995 0.245977 0.923526 0.244828 0.924057 0.244828 0.925651 0.241379 0.925651 0.237931 0.925120 0.236782 0.925120 0.235632 0.924588 0.234483 0.924057 0.234483 0.923526 0.233333 0.920340 0.233333 0.919809 0.234483 0.919278 0.234483 0.918747 0.235632 0.918216 0.235632
1 0.589485 0.198851 0.582050 0.186207 0.575146 0.180460 0.565587 0.180460 0.557090 0.188506 0.552841 0.197701 0.549655 0.216092 0.549124 0.237931 0.549655 0.244828 0.553903 0.258621 0.557090 0.257471 0.566649 0.235632 0.571429 0.228736 0.574615 0.226437 0.584705 0.226437 0.588954 0.222989 0.588954 0.209195 0.590016 0.204598
1 0.689857 0.247126 0.689857 0.248276 0.689326 0.249425 0.689326 0.256322 0.689857 0.257471 0.693043 0.257471 0.693574 0.256322 0.694105 0.256322 0.694636 0.255172 0.694636 0.250575 0.694105 0.249425 0.694105 0.248276 0.693043 0.245977 0.690919 0.245977 0.690388 0.247126
1 0.852363 0.247126 0.853425 0.249425 0.854488 0.249425 0.855019 0.250575 0.856612 0.250575 0.857143 0.249425 0.858736 0.249425 0.859267 0.248276 0.859267 0.245977 0.858736 0.244828 0.858736 0.243678 0.858205 0.242529 0.857674 0.242529 0.857143 0.241379 0.854488 0.241379 0.853956 0.242529 0.853425 0.242529 0.852894 0.243678 0.852894 0.245977
1 0.628253 0.747126 0.626660 0.739080 0.624004 0.735632 0.622942 0.729885 0.619756 0.726437 0.616038 0.742529 0.610728 0.750575 0.603293 0.748276 0.601168 0.745977 0.597451 0.736782 0.595327 0.735632 0.590547 0.743678 0.584705 0.748276 0.582581 0.754023 0.582581 0.763218 0.584705 0.768966 0.590547 0.774713 0.595327 0.777012 0.605417 0.777012 0.619756 0.763218 0.625597 0.759770
3 0.359533 0.596552 0.359533 0.602299 0.360595 0.604598 0.360595 0.605747 0.362719 0.610345 0.363250 0.610345 0.364843 0.613793 0.365374 0.613793 0.366968 0.616092 0.372809 0.616092 0.374934 0.611494 0.374934 0.609195 0.375465 0.608046 0.375465 0.603448 0.375996 0.602299 0.374934 0.598851 0.374934 0.596552 0.373340 0.594253 0.371747 0.594253 0.371216 0.595402 0.363781 0.595402 0.363250 0.594253 0.361657 0.594253 0.361126 0.595402 0.360064 0.595402
3 0.380775 0.539080 0.379182 0.539080 0.376527 0.543678 0.376527 0.547126 0.374934 0.554023 0.374934 0.559770 0.373871 0.568965 0.374403 0.570115 0.374403 0.580460 0.374934 0.581609 0.374403 0.600000 0.375465 0.603448 0.380244 0.601149 0.383431 0.594253 0.386086 0.582759 0.386086 0.580460 0.388210 0.573563 0.387679 0.555172 0.388741 0.549425 0.386617 0.543678
3 0.538502 0.660920 0.537971 0.667816 0.539033 0.674713 0.544875 0.686207 0.548062 0.689655 0.557090 0.708046 0.560276 0.711494 0.568242 0.711494 0.570898 0.706897 0.569304 0.696552 0.568773 0.685057 0.567711 0.682759 0.559214 0.683908 0.556559 0.681609 0.552310 0.670115 0.551248 0.665517 0.551248 0.659770 0.550186 0.657471 0.544875 0.655172 0.542220 0.656322
