0 0.930941 0.316787 0.909953 0.323105 0.900474 0.342960 0.901151 0.382671 0.936357 0.407040 0.913338 0.497292 0.870684 0.535199 0.846987 0.537004 0.842248 0.553249 0.852404 0.560469 0.907244 0.537906 0.893703 0.605596 0.906567 0.695848 0.889641 0.707581 0.902505 0.726534 0.882194 0.732852 0.880840 0.743682 0.916723 0.756318 0.925525 0.747292 0.931618 0.753610 0.939066 0.626354 0.950575 0.582130 0.970210 0.548736 0.987813 0.457581 0.981720 0.394404 0.957346 0.369134 0.961408 0.359206 0.947867 0.328520
0 0.049425 0.310469 0.036561 0.324007 0.038592 0.380866 0.018957 0.414260 0.014218 0.447653 0.018957 0.478339 0.029790 0.497292 0.034529 0.543321 0.044008 0.554152 0.050779 0.577617 0.051456 0.649819 0.058903 0.692238 0.070413 0.697653 0.062965 0.462996
0 0.897089 0.347473 0.880162 0.342960 0.860528 0.359206 0.862559 0.404332 0.839540 0.418773 0.816520 0.494585 0.802979 0.502708 0.800948 0.509025 0.818551 0.509928 0.838863 0.483755 0.846310 0.501805 0.867299 0.500903 0.874746 0.527978 0.909276 0.500000 0.913338 0.433213 0.903182 0.414260 0.885579 0.401625 0.901828 0.366426
0 0.372376 0.082130 0.339878 0.101083 0.307380 0.213899 0.311442 0.231047 0.324306 0.229242 0.327014 0.191336 0.335139 0.174188 0.327014 0.302347 0.348003 0.335740 0.366283 0.302347 0.370345 0.352888 0.392011 0.370939 0.388626 0.400722 0.400812 0.415162 0.395396 0.327617 0.405552 0.271661 0.428571 0.314982 0.442789 0.313177 0.421801 0.280686 0.418416 0.144404 0.394719 0.111011 0.392011 0.093863
1 0.944482 0.323105 0.935003 0.316787 0.921462 0.316787 0.910630 0.322202 0.905890 0.327617 0.901151 0.339350 0.899797 0.348375 0.903182 0.365523 0.900474 0.376354 0.901151 0.384477 0.905890 0.387184 0.927556 0.384477 0.953284 0.370036 0.960731 0.362816 0.960731 0.357401 0.954638 0.352888 0.955315 0.341155
1 0.363575 0.088448 0.363575 0.091155 0.364929 0.092960 0.373053 0.096570 0.381178 0.101986 0.384563 0.102888 0.393365 0.110108 0.394719 0.109206 0.395396 0.101986 0.394042 0.096570 0.392011 0.092058 0.386594 0.085740 0.377793 0.081227 0.371699 0.081227 0.367637 0.083032 0.364929 0.085740
1 0.051456 0.310469 0.050102 0.309567 0.048747 0.310469 0.046039 0.310469 0.039946 0.315884 0.037915 0.319495 0.035207 0.327617 0.035207 0.334838 0.034529 0.335740 0.034529 0.345668 0.035884 0.348375 0.037915 0.349278 0.048747 0.348375 0.053487 0.344765 0.053487 0.341155 0.054164 0.340253 0.054164 0.335740 0.053487 0.334838 0.053487 0.317690 0.052810 0.316787 0.052810 0.313177
1 0.859851 0.359206 0.862559 0.364621 0.882194 0.370939 0.892349 0.381769 0.894381 0.381769 0.897766 0.379061 0.902505 0.365523 0.899797 0.358303 0.898443 0.349278 0.894381 0.344765 0.889641 0.342058 0.882194 0.342058 0.872715 0.346570 0.866622 0.354693 0.862559 0.356498
1 0.880840 0.734657 0.879485 0.742780 0.880840 0.745487 0.891672 0.750903 0.908598 0.754513 0.917400 0.758123 0.921462 0.758123 0.922817 0.755415 0.923494 0.748195 0.921462 0.744585 0.918754 0.746390 0.916723 0.745487 0.911307 0.739170 0.907244 0.736462 0.902505 0.730144 0.889641 0.730144 0.882871 0.731949
3 0.060934 0.678700 0.058903 0.683213 0.058903 0.685018 0.058226 0.685921 0.058226 0.687726 0.057549 0.688628 0.058226 0.693141 0.059580 0.694946 0.060934 0.694946 0.061611 0.695848 0.063643 0.695848 0.064320 0.696751 0.065674 0.696751 0.066351 0.697653 0.067028 0.697653 0.069059 0.699458 0.070413 0.699458 0.071090 0.700361 0.072444 0.698556 0.072444 0.684116 0.071767 0.683213 0.071767 0.678700 0.070413 0.676895 0.067705 0.676895 0.067028 0.677798 0.062965 0.677798 0.062288 0.678700
3 0.393365 0.432310 0.393365 0.435018 0.394042 0.435921 0.402844 0.435921 0.403521 0.435018 0.406229 0.435018 0.406229 0.432310 0.404875 0.430505 0.404198 0.430505 0.401489 0.426895 0.400812 0.426895 0.400135 0.425993 0.399458 0.425993 0.398781 0.425090 0.396750 0.425090 0.396073 0.425993 0.396073 0.426895 0.395396 0.427798 0.395396 0.428700 0.394042 0.430505 0.394042 0.431408
3 0.890318 0.702166 0.888964 0.704874 0.888964 0.708484 0.888287 0.709386 0.888964 0.710289 0.888964 0.712996 0.890995 0.715704 0.891672 0.715704 0.892349 0.716606 0.893703 0.716606 0.895735 0.718412 0.897089 0.718412 0.900474 0.721119 0.903859 0.721119 0.904536 0.720217 0.903859 0.719314 0.903859 0.717509 0.903182 0.716606 0.903182 0.709386 0.903859 0.708484 0.903859 0.702166 0.902505 0.702166 0.901828 0.701264 0.896412 0.701264 0.895735 0.702166
3 0.037915 0.688628 0.039946 0.693141 0.041977 0.693141 0.042654 0.694043 0.049425 0.694946 0.050102 0.695848 0.061611 0.695848 0.070413 0.700361 0.072444 0.699458 0.072444 0.682310 0.071090 0.677798 0.069059 0.676895 0.066351 0.676895 0.065674 0.677798 0.060257 0.677798 0.056872 0.675993 0.056195 0.676895 0.050779 0.676895 0.043331 0.681408 0.041300 0.684116 0.039269 0.685018
3 0.886933 0.405235 0.874746 0.444946 0.868653 0.452166 0.859851 0.453971 0.854435 0.442238 0.862559 0.407040 0.853081 0.410650 0.846310 0.428700 0.844956 0.491877 0.848341 0.500903 0.859851 0.498195 0.861205 0.483755 0.872715 0.465704 0.876100 0.465704 0.878808 0.487365 0.864590 0.497292 0.870007 0.500000 0.873392 0.494585 0.882194 0.492780 0.886933 0.509025 0.874069 0.518051 0.875423 0.525271 0.884902 0.522563 0.890318 0.515343 0.887610 0.508123 0.890995 0.505415 0.887610 0.490975 0.889641 0.480144 0.882871 0.442238 0.886256 0.427798 0.896412 0.410650
