0 0.657414 0.305054 0.656060 0.306859 0.654705 0.312274 0.647258 0.321300 0.643873 0.334838 0.645227 0.340253 0.649289 0.344765 0.660122 0.350181 0.663507 0.350181 0.665538 0.348375 0.665538 0.341155 0.662153 0.332130 0.662153 0.328520 0.661476 0.327617 0.662830 0.322202 0.662153 0.310469 0.661476 0.309567 0.661476 0.305957
0 0.046039 0.292419 0.044685 0.293321 0.043331 0.296029 0.043331 0.300542 0.042654 0.302347 0.039946 0.305054 0.037915 0.308664 0.037238 0.316787 0.037915 0.317690 0.037915 0.321300 0.041300 0.326715 0.042654 0.330325 0.042654 0.332130 0.044008 0.333935 0.048747 0.334838 0.049425 0.333935 0.051456 0.333935 0.053487 0.329422 0.053487 0.323105 0.054164 0.322202 0.054164 0.306859 0.051456 0.302347 0.050102 0.294224
0 0.814489 0.280686 0.808395 0.282491 0.804333 0.305957 0.807718 0.311372 0.802979 0.360108 0.805010 0.397112 0.799594 0.438628 0.800271 0.450361 0.803656 0.455776 0.810427 0.453069 0.813135 0.436823 0.817197 0.343863 0.821936 0.310469 0.819228 0.307762 0.817874 0.299639 0.819228 0.286101
0 0.007448 0.301444 0.006770 0.303249 0.006093 0.311372 0.004739 0.313177 0.004739 0.315884 0.004062 0.316787 0.004062 0.322202 0.004739 0.323105 0.005416 0.329422 0.006770 0.333032 0.010156 0.336643 0.023020 0.336643 0.023697 0.334838 0.023697 0.324007 0.023020 0.323105 0.022343 0.317690 0.020988 0.315884 0.018957 0.309567 0.016926 0.308664 0.014895 0.305957 0.014895 0.304152 0.012187 0.300542 0.008802 0.300542
0 0.331077 0.277076 0.325660 0.286101 0.327691 0.304152 0.320921 0.319495 0.320921 0.334838 0.330399 0.385379 0.329722 0.412455 0.333785 0.439531 0.355450 0.443141 0.356804 0.438628 0.350034 0.430505 0.350034 0.419675 0.352742 0.404332 0.352065 0.373646 0.357481 0.366426 0.341232 0.303249 0.342586 0.287906 0.337847 0.278881
0 0.418416 0.320397 0.410968 0.325812 0.404198 0.335740 0.402844 0.349278 0.404875 0.353791 0.410291 0.357401 0.413676 0.362816 0.413676 0.390794 0.415030 0.400722 0.417062 0.403430 0.421801 0.404332 0.423832 0.401625 0.423155 0.392599 0.425863 0.370036 0.427894 0.361011 0.432634 0.351986 0.433311 0.339350 0.431957 0.326715 0.429926 0.324007 0.423155 0.320397
0 0.894381 0.274368 0.883548 0.276173 0.874746 0.293321 0.859851 0.307762 0.853758 0.320397 0.846310 0.361913 0.840894 0.375451 0.840217 0.414260 0.828707 0.456679 0.832092 0.473827 0.844956 0.474729 0.862559 0.483755 0.860528 0.476534 0.871361 0.428700 0.870684 0.414260 0.882194 0.377256 0.882194 0.342058 0.886256 0.312274 0.897766 0.299639 0.900474 0.291516 0.899120 0.278881
0 0.096141 0.294224 0.093433 0.296931 0.092079 0.301444 0.089370 0.306859 0.088693 0.314079 0.088016 0.314982 0.087339 0.319495 0.083954 0.327617 0.087339 0.332130 0.091401 0.334838 0.098849 0.334838 0.099526 0.333935 0.101557 0.333935 0.101557 0.326715 0.100203 0.322202 0.100203 0.312274 0.100880 0.311372 0.100203 0.299639 0.098849 0.296029
0 0.915369 0.268051 0.901828 0.276173 0.902505 0.303249 0.888287 0.326715 0.884225 0.383574 0.885579 0.430505 0.879485 0.456679 0.879485 0.487365 0.890318 0.488267 0.894381 0.497292 0.902505 0.499097 0.913338 0.494585 0.909276 0.483755 0.911307 0.463899 0.919431 0.439531 0.922817 0.410650 0.928910 0.404332 0.932295 0.390794 0.927556 0.333032 0.920108 0.310469 0.924848 0.279783
0 0.230196 0.334838 0.226811 0.338448 0.226811 0.341155 0.226134 0.342058 0.226134 0.350181 0.224103 0.355596 0.224103 0.366426 0.224780 0.367329 0.225457 0.375451 0.226811 0.377256 0.232905 0.377256 0.236967 0.379061 0.241706 0.378159 0.243737 0.376354 0.245091 0.373646 0.245091 0.359206 0.238321 0.348375 0.238321 0.346570 0.235613 0.342058 0.234936 0.338448 0.233582 0.336643
0 0.213270 0.333935 0.209885 0.334838 0.207854 0.337545 0.207177 0.341155 0.204469 0.344765 0.202437 0.345668 0.194990 0.355596 0.192959 0.361913 0.192959 0.363718 0.194313 0.366426 0.195667 0.367329 0.205146 0.367329 0.207854 0.368231 0.209885 0.372744 0.209885 0.369134 0.210562 0.368231 0.220718 0.365523 0.221395 0.362816 0.218009 0.357401 0.215301 0.350181 0.215301 0.348375 0.217332 0.344765 0.217332 0.340253 0.216655 0.337545
0 0.164523 0.293321 0.156398 0.297834 0.153013 0.301444 0.149628 0.310469 0.148951 0.325812 0.149628 0.326715 0.149628 0.351986 0.150305 0.354693 0.157075 0.352888 0.161814 0.346570 0.161814 0.339350 0.158429 0.330325 0.158429 0.326715 0.161814 0.317690 0.162492 0.309567 0.166554 0.300542 0.166554 0.296029
0 0.306703 0.291516 0.304672 0.295126 0.303318 0.306859 0.299932 0.314982 0.298578 0.322202 0.297901 0.349278 0.299932 0.355596 0.303995 0.356498 0.308734 0.360108 0.314150 0.359206 0.316859 0.354693 0.317536 0.345668 0.320244 0.339350 0.319567 0.335740 0.320244 0.320397 0.314827 0.307762 0.314150 0.293321 0.311442 0.290614
0 0.243737 0.291516 0.241706 0.294224 0.241706 0.301444 0.246445 0.309567 0.245091 0.327617 0.246445 0.331227 0.247123 0.344765 0.248477 0.347473 0.249831 0.359206 0.249831 0.369134 0.251185 0.373646 0.259309 0.374549 0.260664 0.372744 0.261341 0.330325 0.259986 0.324910 0.259986 0.314982 0.258632 0.308664 0.253893 0.302347 0.250508 0.293321 0.248477 0.291516
0 0.952607 0.306859 0.947867 0.306859 0.945836 0.310469 0.945159 0.317690 0.943805 0.319495 0.939066 0.320397 0.937035 0.324007 0.939066 0.334838 0.939066 0.347473 0.934326 0.370939 0.935680 0.376354 0.939066 0.374549 0.941774 0.369134 0.945159 0.366426 0.947190 0.369134 0.948544 0.376354 0.949898 0.376354 0.952607 0.371841 0.953284 0.347473 0.958023 0.333032 0.956669 0.324007 0.953961 0.317690 0.953961 0.309567
0 0.546378 0.340253 0.543670 0.345668 0.542993 0.351083 0.538930 0.357401 0.538930 0.359206 0.536222 0.364621 0.535545 0.367329 0.535545 0.375451 0.536222 0.376354 0.539607 0.375451 0.542993 0.370939 0.546378 0.375451 0.549763 0.377256 0.557888 0.377256 0.560596 0.375451 0.562627 0.370036 0.561950 0.365523 0.557211 0.353791 0.553148 0.348375 0.551794 0.341155 0.550440 0.340253
0 0.596479 0.344765 0.589709 0.347473 0.584970 0.353791 0.580907 0.365523 0.578199 0.380866 0.578199 0.394404 0.579553 0.398014 0.584970 0.405235 0.590386 0.407942 0.600542 0.407040 0.603250 0.404332 0.602573 0.387184 0.596479 0.379061 0.593771 0.370036 0.599188 0.362816 0.601219 0.356498 0.600542 0.348375
0 0.443466 0.285199 0.438050 0.296931 0.442789 0.313177 0.439404 0.355596 0.443466 0.368231 0.442789 0.377256 0.446852 0.392599 0.445498 0.400722 0.447529 0.412455 0.431957 0.417870 0.436696 0.421480 0.452945 0.421480 0.456330 0.418773 0.457007 0.398917 0.452945 0.386282 0.454976 0.383574 0.454299 0.375451 0.458362 0.341155 0.457684 0.319495 0.451591 0.306859 0.450237 0.289711
0 0.180772 0.298736 0.180772 0.299639 0.180095 0.300542 0.180095 0.308664 0.179418 0.309567 0.179418 0.313177 0.180772 0.314982 0.184834 0.314982 0.185511 0.314079 0.187542 0.314079 0.190928 0.311372 0.192282 0.311372 0.192959 0.310469 0.193636 0.310469 0.192959 0.307762 0.192282 0.306859 0.191605 0.306859 0.189573 0.304152 0.189573 0.303249 0.188219 0.301444 0.187542 0.298736 0.186188 0.296931 0.182126 0.296931
0 0.431280 0.356498 0.429248 0.362816 0.431957 0.370939 0.437373 0.375451 0.437373 0.380866 0.433988 0.388087 0.434665 0.393502 0.442112 0.400722 0.444821 0.400722 0.445498 0.396209 0.449560 0.390794 0.452945 0.390794 0.456330 0.399819 0.459716 0.398014 0.459716 0.381769 0.457007 0.372744 0.454976 0.371841 0.452945 0.374549 0.452268 0.379964 0.448883 0.385379 0.444821 0.380866 0.444144 0.370036 0.442789 0.365523 0.439404 0.361913 0.438727 0.356498 0.436696 0.354693
0 0.466486 0.310469 0.461070 0.314079 0.458362 0.320397 0.458362 0.354693 0.457007 0.366426 0.457684 0.370939 0.459716 0.374549 0.462424 0.372744 0.463101 0.370939 0.465132 0.373646 0.469871 0.372744 0.470548 0.361011 0.474611 0.340253 0.473934 0.326715 0.471903 0.314079 0.470548 0.311372
0 0.800948 0.272563 0.796886 0.275271 0.792823 0.296029 0.790115 0.291516 0.789438 0.300542 0.782668 0.314079 0.779959 0.349278 0.782668 0.392599 0.779282 0.438628 0.783345 0.437726 0.785376 0.429603 0.788761 0.370939 0.792823 0.375451 0.790792 0.380866 0.792823 0.388087 0.797563 0.369134 0.798917 0.317690 0.803656 0.284296
0 0.849018 0.285199 0.842248 0.286101 0.837508 0.292419 0.830738 0.403430 0.830738 0.444043 0.832092 0.435018 0.834800 0.433213 0.840894 0.404332 0.840217 0.376354 0.845633 0.362816 0.846987 0.343863 0.851726 0.322202 0.857820 0.309567 0.859174 0.301444 0.855112 0.288809
1 0.880840 0.278881 0.879485 0.282491 0.880162 0.283394 0.882871 0.283394 0.883548 0.284296 0.884902 0.284296 0.886256 0.286101 0.891672 0.289711 0.893703 0.292419 0.895058 0.296931 0.897089 0.299639 0.899120 0.298736 0.900474 0.296931 0.900474 0.293321 0.901151 0.292419 0.901151 0.285199 0.900474 0.284296 0.899797 0.278881 0.897766 0.276173 0.893703 0.273466 0.886933 0.273466 0.884225 0.275271 0.881517 0.278881
1 0.657414 0.305054 0.656060 0.306859 0.656060 0.308664 0.655383 0.309567 0.655383 0.314079 0.656060 0.314982 0.660799 0.314982 0.661476 0.314079 0.661476 0.313177 0.662153 0.312274 0.662153 0.308664 0.661476 0.307762 0.661476 0.305957 0.660799 0.305054
1 0.436019 0.353791 0.435342 0.353791 0.434665 0.354693 0.433311 0.354693 0.432634 0.355596 0.431957 0.355596 0.429926 0.358303 0.429926 0.361011 0.429248 0.361913 0.429248 0.365523 0.430603 0.367329 0.430603 0.368231 0.431280 0.369134 0.431280 0.370036 0.431957 0.370939 0.433311 0.370939 0.433988 0.371841 0.436019 0.371841 0.436696 0.370939 0.436696 0.370036 0.437373 0.369134 0.437373 0.368231 0.438727 0.365523 0.438727 0.363718 0.439404 0.362816 0.439404 0.359206 0.438727 0.358303 0.438727 0.355596 0.438050 0.354693 0.436696 0.354693
1 0.075829 0.319495 0.074475 0.321300 0.074475 0.322202 0.073798 0.323105 0.073798 0.324007 0.075152 0.325812 0.075829 0.325812 0.076506 0.326715 0.077183 0.326715 0.077861 0.327617 0.079892 0.327617 0.080569 0.328520 0.081246 0.328520 0.081923 0.327617 0.081923 0.324007 0.082600 0.323105 0.082600 0.320397 0.081923 0.319495 0.081246 0.319495 0.080569 0.318592 0.077183 0.318592 0.076506 0.319495
1 0.044685 0.293321 0.044008 0.294224 0.044008 0.295126 0.043331 0.296029 0.043331 0.299639 0.044685 0.301444 0.046039 0.301444 0.046716 0.302347 0.048070 0.302347 0.048747 0.301444 0.050102 0.301444 0.050779 0.300542 0.050779 0.296029 0.050102 0.295126 0.050102 0.294224 0.049425 0.294224 0.048747 0.293321 0.047393 0.293321 0.046716 0.292419 0.046039 0.292419 0.045362 0.293321
1 0.452268 0.302347 0.452268 0.303249 0.450914 0.305054 0.450914 0.305957 0.450237 0.306859 0.450237 0.311372 0.450914 0.311372 0.451591 0.312274 0.452945 0.312274 0.453622 0.313177 0.455653 0.313177 0.456330 0.314079 0.457007 0.313177 0.457007 0.309567 0.456330 0.308664 0.456330 0.306859 0.455653 0.305957 0.455653 0.305054 0.454976 0.304152 0.454299 0.304152 0.452945 0.302347
1 0.810427 0.279783 0.808395 0.282491 0.808395 0.285199 0.807718 0.286101 0.807718 0.290614 0.808395 0.291516 0.808395 0.293321 0.809072 0.293321 0.810427 0.295126 0.817874 0.295126 0.819228 0.293321 0.819228 0.292419 0.819905 0.291516 0.819905 0.286101 0.819228 0.285199 0.819228 0.284296 0.818551 0.283394 0.818551 0.282491 0.816520 0.280686 0.814489 0.280686 0.813812 0.279783
1 0.146919 0.288809 0.146242 0.289711 0.146242 0.290614 0.145565 0.291516 0.145565 0.293321 0.146242 0.294224 0.146242 0.295126 0.148274 0.297834 0.151659 0.297834 0.153013 0.296029 0.153013 0.293321 0.152336 0.292419 0.152336 0.291516 0.150982 0.289711 0.149628 0.289711 0.148951 0.288809
1 0.008125 0.300542 0.007448 0.301444 0.007448 0.302347 0.006770 0.303249 0.006770 0.306859 0.008125 0.308664 0.012187 0.308664 0.013541 0.306859 0.013541 0.302347 0.012187 0.300542
1 0.105619 0.308664 0.104942 0.308664 0.104265 0.309567 0.102234 0.309567 0.100880 0.311372 0.100880 0.312274 0.100203 0.313177 0.100203 0.315884 0.101557 0.317690 0.106297 0.317690 0.106974 0.316787 0.106974 0.315884 0.107651 0.314982 0.107651 0.314079 0.106974 0.313177 0.106974 0.311372 0.106297 0.310469 0.106297 0.309567
1 0.394719 0.318592 0.390657 0.313177 0.387271 0.313177 0.386594 0.314079 0.385917 0.314079 0.380501 0.321300 0.380501 0.323105 0.379824 0.324007 0.380501 0.324910 0.380501 0.326715 0.381178 0.327617 0.393365 0.327617 0.394719 0.325812 0.394719 0.323105 0.395396 0.322202 0.395396 0.321300 0.394719 0.320397
1 0.379824 0.294224 0.379147 0.295126 0.377793 0.295126 0.376439 0.296931 0.376439 0.303249 0.377116 0.304152 0.377793 0.304152 0.378470 0.305054 0.380501 0.305054 0.381178 0.304152 0.381855 0.304152 0.382532 0.303249 0.382532 0.302347 0.383209 0.301444 0.383209 0.300542 0.382532 0.299639 0.382532 0.297834 0.381855 0.296931 0.381855 0.296029 0.381178 0.296029
1 0.094787 0.294224 0.093433 0.296029 0.093433 0.298736 0.092756 0.299639 0.093433 0.300542 0.094110 0.300542 0.094787 0.301444 0.096141 0.301444 0.096818 0.302347 0.097495 0.302347 0.098172 0.303249 0.098849 0.303249 0.100203 0.301444 0.100203 0.298736 0.099526 0.297834 0.099526 0.296931 0.098849 0.296029 0.098849 0.295126 0.097495 0.295126 0.096818 0.294224
1 0.186188 0.296931 0.185511 0.296931 0.184834 0.296029 0.184157 0.296931 0.182126 0.296931 0.180772 0.298736 0.180772 0.300542 0.180095 0.301444 0.180095 0.303249 0.180772 0.304152 0.181449 0.304152 0.182126 0.305054 0.182803 0.305054 0.183480 0.304152 0.186865 0.304152 0.187542 0.303249 0.188219 0.303249 0.188219 0.302347 0.187542 0.301444 0.187542 0.299639 0.186188 0.297834
1 0.234259 0.336643 0.233582 0.336643 0.232905 0.335740 0.231550 0.335740 0.230873 0.334838 0.230196 0.334838 0.229519 0.335740 0.228842 0.335740 0.228165 0.336643 0.227488 0.336643 0.226811 0.337545 0.226811 0.338448 0.226134 0.339350 0.226134 0.340253 0.225457 0.341155 0.225457 0.343863 0.226134 0.344765 0.226134 0.345668 0.226811 0.346570 0.227488 0.346570 0.228165 0.345668 0.229519 0.345668 0.230196 0.344765 0.230873 0.344765 0.232227 0.342960 0.232905 0.342960 0.233582 0.342058 0.234259 0.342058 0.234936 0.341155 0.234936 0.338448 0.234259 0.337545
1 0.870007 0.297834 0.869330 0.296931 0.868653 0.296931 0.867976 0.296029 0.861882 0.296029 0.859174 0.299639 0.859174 0.301444 0.858497 0.302347 0.858497 0.304152 0.859174 0.305054 0.859174 0.307762 0.859851 0.307762 0.860528 0.306859 0.863236 0.306859 0.864590 0.305054 0.865267 0.305054 0.865945 0.304152 0.866622 0.304152 0.868653 0.301444 0.869330 0.301444 0.870007 0.300542
1 0.274882 0.324007 0.272173 0.327617 0.272173 0.329422 0.272850 0.330325 0.272850 0.331227 0.275559 0.334838 0.275559 0.335740 0.278944 0.335740 0.278944 0.334838 0.279621 0.333935 0.279621 0.333032 0.280298 0.332130 0.280298 0.327617 0.279621 0.326715 0.279621 0.325812 0.278944 0.324910 0.278267 0.324910 0.277590 0.324007
1 0.212593 0.333935 0.211916 0.334838 0.209885 0.334838 0.207854 0.337545 0.207854 0.340253 0.207177 0.341155 0.207177 0.342058 0.209208 0.344765 0.209885 0.344765 0.210562 0.345668 0.211239 0.345668 0.211916 0.346570 0.212593 0.346570 0.213270 0.347473 0.213947 0.346570 0.215301 0.346570 0.215978 0.345668 0.216655 0.345668 0.216655 0.344765 0.217332 0.343863 0.217332 0.340253 0.216655 0.339350 0.216655 0.337545 0.214624 0.334838 0.213947 0.334838 0.213270 0.333935
1 0.303995 0.296029 0.303995 0.299639 0.304672 0.300542 0.314150 0.300542 0.314150 0.299639 0.314827 0.298736 0.314827 0.295126 0.314150 0.294224 0.314150 0.292419 0.313473 0.291516 0.312796 0.291516 0.312119 0.290614 0.308057 0.290614 0.307380 0.291516 0.306703 0.291516 0.304672 0.294224 0.304672 0.295126
1 0.463101 0.314079 0.463778 0.314982 0.463778 0.315884 0.464455 0.316787 0.465809 0.316787 0.466486 0.317690 0.469194 0.317690 0.469871 0.318592 0.470548 0.318592 0.471225 0.317690 0.471903 0.317690 0.471903 0.312274 0.470548 0.310469 0.469194 0.310469 0.468517 0.309567 0.466486 0.309567 0.465809 0.310469 0.465132 0.310469 0.463778 0.312274 0.463778 0.313177
1 0.249154 0.291516 0.247123 0.291516 0.246445 0.290614 0.244414 0.290614 0.243060 0.292419 0.242383 0.292419 0.241706 0.293321 0.241706 0.294224 0.241029 0.295126 0.241029 0.301444 0.241706 0.302347 0.241706 0.303249 0.242383 0.303249 0.243060 0.304152 0.243737 0.304152 0.244414 0.305054 0.247123 0.301444 0.247800 0.301444 0.248477 0.300542 0.249154 0.300542 0.249831 0.299639 0.250508 0.299639 0.251185 0.298736 0.251185 0.297834 0.251862 0.296931 0.251862 0.296029 0.251185 0.295126 0.251185 0.294224
1 0.325660 0.284296 0.325660 0.290614 0.327014 0.292419 0.330399 0.292419 0.331077 0.291516 0.342586 0.291516 0.343940 0.289711 0.343940 0.288809 0.341232 0.284296 0.340555 0.281588 0.337847 0.277978 0.336493 0.277978 0.335816 0.277076 0.329722 0.277076 0.329045 0.277978 0.328368 0.277978 0.327691 0.278881 0.327691 0.279783 0.326337 0.281588 0.326337 0.283394
1 0.164523 0.291516 0.163846 0.292419 0.163169 0.292419 0.162492 0.293321 0.161137 0.293321 0.159783 0.295126 0.159783 0.296029 0.159106 0.296931 0.159783 0.297834 0.159783 0.299639 0.160460 0.300542 0.161137 0.300542 0.161814 0.301444 0.162492 0.301444 0.163169 0.302347 0.165200 0.302347 0.167231 0.299639 0.167231 0.296931 0.167908 0.296029 0.167231 0.295126 0.167231 0.294224 0.165877 0.292419 0.165200 0.292419
1 0.080569 0.320397 0.079892 0.320397 0.079215 0.319495 0.078538 0.319495 0.077861 0.318592 0.077183 0.319495 0.075829 0.319495 0.075152 0.320397 0.073798 0.320397 0.073121 0.321300 0.072444 0.321300 0.071767 0.322202 0.071090 0.322202 0.070413 0.323105 0.070413 0.324007 0.069736 0.324910 0.069736 0.325812 0.068382 0.327617 0.067705 0.327617 0.079892 0.327617 0.079892 0.324007 0.080569 0.323105
1 0.543670 0.344765 0.543670 0.347473 0.544347 0.348375 0.545024 0.348375 0.545701 0.349278 0.547055 0.349278 0.547732 0.348375 0.550440 0.348375 0.551117 0.347473 0.551794 0.347473 0.551794 0.346570 0.552471 0.345668 0.552471 0.342058 0.550440 0.339350 0.547055 0.339350 0.545701 0.341155 0.545024 0.341155 0.545024 0.342058 0.544347 0.342960 0.544347 0.343863
1 0.925525 0.280686 0.923494 0.276173 0.919431 0.269856 0.916723 0.268051 0.911307 0.268051 0.910630 0.268953 0.907244 0.269856 0.901828 0.275271 0.901828 0.277076 0.900474 0.279783 0.900474 0.288809 0.901151 0.290614 0.907921 0.290614 0.908598 0.289711 0.913338 0.289711 0.914015 0.288809 0.918077 0.287906 0.920108 0.286101 0.921462 0.286101 0.922139 0.285199 0.924848 0.284296 0.925525 0.283394
1 0.837508 0.292419 0.836831 0.304152 0.838185 0.306859 0.839540 0.305957 0.842248 0.305957 0.842925 0.305054 0.844956 0.305054 0.845633 0.304152 0.848341 0.304152 0.849018 0.303249 0.856466 0.302347 0.858497 0.300542 0.858497 0.296029 0.857143 0.294224 0.855789 0.289711 0.852404 0.286101 0.849695 0.286101 0.849018 0.285199 0.844956 0.285199 0.844279 0.286101 0.840894 0.287004 0.838185 0.290614
1 0.591740 0.345668 0.590386 0.347473 0.590386 0.348375 0.589709 0.349278 0.589709 0.351986 0.591740 0.354693 0.591740 0.355596 0.592417 0.355596 0.593771 0.357401 0.593771 0.358303 0.595802 0.361011 0.596479 0.361011 0.598511 0.362816 0.600542 0.360108 0.600542 0.358303 0.601896 0.355596 0.601896 0.351986 0.601219 0.351083 0.601219 0.348375 0.599865 0.346570 0.599188 0.346570 0.597156 0.344765 0.593771 0.344765 0.593094 0.345668
1 0.121192 0.314079 0.121192 0.314982 0.120515 0.315884 0.120515 0.318592 0.121192 0.319495 0.121192 0.320397 0.121869 0.320397 0.122546 0.321300 0.123223 0.321300 0.123900 0.320397 0.125254 0.320397 0.125931 0.319495 0.126608 0.319495 0.126608 0.318592 0.127285 0.317690 0.127285 0.316787 0.126608 0.315884 0.126608 0.314982 0.125931 0.314079 0.124577 0.314079 0.123900 0.313177 0.122546 0.313177 0.121869 0.314079
1 0.418416 0.320397 0.415030 0.324910 0.415030 0.325812 0.414353 0.326715 0.414353 0.336643 0.416385 0.339350 0.417062 0.339350 0.417739 0.340253 0.420447 0.340253 0.421124 0.341155 0.421801 0.341155 0.422478 0.340253 0.423832 0.340253 0.425863 0.338448 0.425863 0.336643 0.426540 0.335740 0.426540 0.332130 0.427217 0.331227 0.427217 0.329422 0.426540 0.328520 0.426540 0.324007 0.424509 0.321300 0.423832 0.321300 0.423155 0.320397
1 0.441435 0.286101 0.441435 0.287004 0.440081 0.289711 0.440081 0.291516 0.439404 0.292419 0.439404 0.293321 0.438050 0.296029 0.438050 0.299639 0.439404 0.301444 0.440081 0.300542 0.444144 0.300542 0.444821 0.299639 0.449560 0.299639 0.450237 0.298736 0.450914 0.298736 0.452268 0.296931 0.452268 0.295126 0.451591 0.294224 0.451591 0.292419 0.448883 0.287004 0.448206 0.287004 0.446175 0.285199 0.442789 0.285199 0.442112 0.286101
1 0.798917 0.272563 0.796886 0.275271 0.796886 0.277076 0.796209 0.277978 0.796209 0.287004 0.797563 0.288809 0.798917 0.288809 0.799594 0.289711 0.800271 0.289711 0.800948 0.288809 0.802302 0.288809 0.802302 0.287906 0.802979 0.287004 0.802979 0.286101 0.803656 0.285199 0.803656 0.276173 0.802979 0.275271 0.802979 0.274368 0.802302 0.273466 0.801625 0.273466 0.800948 0.272563
1 0.953961 0.307762 0.952607 0.305957 0.950575 0.305957 0.949898 0.305054 0.949221 0.305054 0.948544 0.305957 0.947867 0.305957 0.947190 0.306859 0.947190 0.307762 0.945836 0.309567 0.945836 0.314982 0.946513 0.314982 0.947190 0.314079 0.947867 0.314079 0.948544 0.313177 0.950575 0.313177 0.951253 0.314079 0.953284 0.314079 0.953961 0.313177 0.953961 0.312274 0.954638 0.311372 0.954638 0.309567 0.953961 0.308664
2 0.869330 0.460289 0.868653 0.460289 0.867976 0.461191 0.865945 0.461191 0.865945 0.462094 0.865267 0.462996 0.865267 0.463899 0.864590 0.464801 0.864590 0.465704 0.863236 0.467509 0.863236 0.468412 0.861882 0.470217 0.861882 0.472924 0.862559 0.473827 0.869330 0.473827 0.872038 0.470217 0.872038 0.465704 0.871361 0.464801 0.871361 0.463899 0.870684 0.462996 0.870684 0.462094
2 0.454976 0.417870 0.453622 0.416065 0.452945 0.416065 0.452268 0.415162 0.451591 0.415162 0.450914 0.414260 0.450237 0.414260 0.449560 0.413357 0.448206 0.413357 0.447529 0.414260 0.446175 0.414260 0.444144 0.416968 0.444144 0.417870 0.442112 0.420578 0.441435 0.420578 0.441435 0.421480 0.442112 0.421480 0.442789 0.422383 0.452268 0.422383 0.452945 0.421480 0.454299 0.421480 0.454976 0.420578
3 0.570752 0.400722 0.570752 0.402527 0.570074 0.403430 0.570074 0.404332 0.570752 0.405235 0.570752 0.408845 0.571429 0.409747 0.571429 0.411552 0.572106 0.412455 0.572106 0.413357 0.574137 0.416065 0.575491 0.416065 0.576168 0.416968 0.576845 0.416968 0.577522 0.417870 0.578876 0.416065 0.578876 0.415162 0.579553 0.414260 0.579553 0.410650 0.578876 0.409747 0.578876 0.408845 0.578199 0.407942 0.578199 0.407040 0.576845 0.405235 0.576168 0.405235 0.574137 0.402527 0.572783 0.402527 0.571429 0.400722
3 0.602573 0.403430 0.601896 0.402527 0.600542 0.402527 0.599865 0.403430 0.597156 0.403430 0.596479 0.404332 0.595125 0.404332 0.594448 0.405235 0.594448 0.407942 0.595125 0.408845 0.595125 0.409747 0.599188 0.409747 0.599865 0.410650 0.601896 0.410650 0.601896 0.407942 0.602573 0.407040
3 0.877454 0.483755 0.877454 0.487365 0.878808 0.489170 0.879485 0.489170 0.880162 0.490072 0.882194 0.490072 0.882871 0.490975 0.891672 0.490975 0.892349 0.490072 0.892349 0.488267 0.893026 0.487365 0.891672 0.485560 0.891672 0.484657 0.890318 0.482852 0.889641 0.482852 0.888964 0.483755 0.882871 0.483755 0.881517 0.481949 0.880840 0.481949 0.880162 0.481047 0.880162 0.480144 0.879485 0.480144 0.878131 0.481949 0.878131 0.482852
3 0.467163 0.368231 0.466486 0.369134 0.466486 0.370036 0.465809 0.370939 0.465809 0.371841 0.465132 0.372744 0.465132 0.373646 0.466486 0.375451 0.469871 0.375451 0.469871 0.373646 0.470548 0.372744 0.470548 0.371841 0.469871 0.370939 0.469871 0.368231
3 0.845633 0.475632 0.846310 0.478339 0.847664 0.480144 0.848341 0.480144 0.851726 0.482852 0.853081 0.482852 0.853758 0.483755 0.855112 0.483755 0.855789 0.484657 0.861205 0.484657 0.861882 0.485560 0.863913 0.485560 0.865945 0.483755 0.865267 0.483755 0.863236 0.481047 0.863236 0.480144 0.862559 0.479242 0.861882 0.479242 0.859174 0.475632 0.857820 0.475632 0.857143 0.476534 0.851726 0.476534 0.851049 0.475632
3 0.480704 0.348375 0.480027 0.349278 0.479350 0.349278 0.479350 0.350181 0.478673 0.351083 0.477996 0.351083 0.477319 0.351986 0.477319 0.352888 0.476642 0.353791 0.476642 0.354693 0.475965 0.355596 0.475965 0.356498 0.476642 0.357401 0.476642 0.359206 0.477319 0.360108 0.478673 0.360108 0.479350 0.361011 0.484089 0.361011 0.485443 0.359206 0.485443 0.352888 0.484766 0.351986 0.484766 0.351083 0.483412 0.349278 0.482058 0.349278 0.481381 0.348375
3 0.916046 0.494585 0.912661 0.490072 0.911984 0.490072 0.911307 0.489170 0.911307 0.488267 0.910630 0.488267 0.907921 0.485560 0.907244 0.485560 0.905213 0.487365 0.903859 0.487365 0.902505 0.489170 0.901151 0.489170 0.900474 0.490072 0.893703 0.490072 0.892349 0.492780 0.892349 0.494585 0.893026 0.495487 0.893703 0.498195 0.895735 0.498195 0.896412 0.499097 0.903182 0.499097 0.903859 0.500000 0.907921 0.500000 0.908598 0.499097 0.911984 0.499097 0.912661 0.498195 0.914015 0.498195
3 0.800271 0.449458 0.800271 0.453069 0.800948 0.453971 0.800948 0.454874 0.801625 0.455776 0.802979 0.455776 0.803656 0.456679 0.808395 0.456679 0.809072 0.455776 0.809749 0.455776 0.810427 0.454874 0.810427 0.453971 0.811104 0.453069 0.811104 0.451264 0.810427 0.450361 0.810427 0.449458 0.809749 0.449458 0.809072 0.448556 0.800948 0.448556
3 0.776574 0.438628 0.776574 0.439531 0.777928 0.441336 0.782668 0.441336 0.784022 0.439531 0.784022 0.435018 0.783345 0.434116 0.779282 0.434116 0.777251 0.436823 0.777251 0.437726
3 0.454299 0.417870 0.453622 0.416968 0.451591 0.416065 0.449560 0.413357 0.448206 0.413357 0.447529 0.412455 0.442789 0.412455 0.442112 0.413357 0.437373 0.413357 0.436696 0.414260 0.431957 0.416968 0.431280 0.417870 0.431280 0.421480 0.433311 0.421480 0.433988 0.422383 0.449560 0.422383 0.450237 0.421480 0.453622 0.421480 0.453622 0.420578 0.454299 0.419675
3 0.583615 0.401625 0.583615 0.404332 0.584970 0.406137 0.585647 0.406137 0.586324 0.407040 0.587001 0.407040 0.587678 0.407942 0.589032 0.407942 0.589709 0.408845 0.592417 0.408845 0.593094 0.407942 0.593771 0.407942 0.593771 0.407040 0.593094 0.406137 0.593094 0.405235 0.591740 0.403430 0.591063 0.403430 0.590386 0.402527 0.589709 0.402527 0.589032 0.401625 0.587678 0.401625 0.587001 0.400722 0.584292 0.400722
3 0.457007 0.371841 0.457007 0.373646 0.459039 0.376354 0.463778 0.376354 0.465132 0.374549 0.465809 0.374549 0.466486 0.373646 0.467163 0.373646 0.467840 0.372744 0.467163 0.372744 0.466486 0.371841 0.465132 0.371841 0.464455 0.370939 0.463101 0.370939 0.462424 0.370036 0.461747 0.370036 0.461070 0.369134 0.460393 0.369134 0.459716 0.368231
3 0.415030 0.395307 0.415030 0.396209 0.414353 0.397112 0.414353 0.398917 0.415030 0.399819 0.415030 0.401625 0.416385 0.403430 0.417739 0.403430 0.418416 0.404332 0.423155 0.404332 0.423832 0.403430 0.423832 0.398917 0.423155 0.398014 0.423155 0.396209 0.421801 0.394404 0.415708 0.394404
3 0.338524 0.437726 0.339201 0.440433 0.339878 0.440433 0.341232 0.442238 0.348003 0.442238 0.348680 0.443141 0.354773 0.443141 0.355450 0.444043 0.357481 0.442238 0.357481 0.439531 0.354096 0.435018 0.353419 0.435018 0.351388 0.432310 0.350711 0.432310 0.348680 0.430505 0.348003 0.430505 0.347326 0.431408 0.343940 0.431408 0.343263 0.432310 0.341232 0.433213 0.339201 0.435921 0.339201 0.436823
3 0.446175 0.414260 0.445498 0.413357 0.444144 0.413357 0.443466 0.412455 0.440758 0.412455 0.440081 0.411552 0.436696 0.411552 0.436019 0.412455 0.434665 0.412455 0.431957 0.416065 0.431280 0.416065 0.430603 0.416968 0.430603 0.419675 0.429926 0.420578 0.429926 0.421480 0.431280 0.421480 0.431957 0.422383 0.437373 0.422383 0.438050 0.421480 0.440081 0.421480 0.442789 0.417870 0.442789 0.416968 0.444144 0.415162 0.444821 0.415162 0.445498 0.414260
3 0.249831 0.371841 0.249831 0.372744 0.251185 0.374549 0.254570 0.374549 0.255247 0.375451 0.259309 0.375451 0.259986 0.374549 0.260664 0.374549 0.261341 0.373646 0.261341 0.372744 0.259986 0.370939 0.259309 0.370939 0.258632 0.370036 0.255924 0.370036 0.255247 0.370939 0.254570 0.370939 0.253893 0.370036 0.252539 0.370036 0.251862 0.369134 0.251185 0.369134 0.251185 0.370036
3 0.479350 0.379964 0.480704 0.381769 0.482735 0.381769 0.483412 0.382671 0.488829 0.382671 0.490183 0.380866 0.490183 0.379061 0.489506 0.378159 0.486798 0.378159 0.486121 0.377256 0.483412 0.377256 0.482735 0.378159 0.482058 0.378159 0.481381 0.379061 0.480027 0.379061
3 0.333785 0.430505 0.332431 0.432310 0.332431 0.435018 0.331754 0.435921 0.331754 0.438628 0.332431 0.439531 0.332431 0.440433 0.333785 0.442238 0.335816 0.442238 0.336493 0.441336 0.337170 0.441336 0.338524 0.439531 0.338524 0.438628 0.339201 0.437726 0.339201 0.434116 0.339878 0.433213 0.339878 0.432310 0.339201 0.431408 0.337170 0.431408 0.336493 0.430505
3 0.934326 0.371841 0.934326 0.374549 0.933649 0.375451 0.933649 0.376354 0.934326 0.377256 0.939066 0.377256 0.939743 0.376354 0.940420 0.376354 0.940420 0.372744 0.939743 0.371841 0.939066 0.371841 0.938389 0.370939 0.935680 0.370939 0.935003 0.371841
3 0.828030 0.466606 0.828707 0.467509 0.828707 0.472022 0.829384 0.472924 0.829384 0.473827 0.831415 0.475632 0.832769 0.475632 0.833446 0.476534 0.836154 0.476534 0.836831 0.477437 0.839540 0.477437 0.840217 0.478339 0.844956 0.478339 0.846987 0.476534 0.846310 0.475632 0.846310 0.473827 0.842925 0.469314 0.842925 0.468412 0.841571 0.466606 0.840894 0.466606 0.840217 0.465704 0.836831 0.465704 0.836154 0.466606 0.832769 0.466606 0.832092 0.465704 0.829384 0.465704 0.828707 0.466606
3 0.907921 0.481047 0.906567 0.482852 0.906567 0.483755 0.905890 0.484657 0.905890 0.487365 0.906567 0.487365 0.907244 0.488267 0.908598 0.488267 0.909276 0.487365 0.909953 0.487365 0.909953 0.483755
