0 0.871841 0.399458 0.870036 0.402844 0.870036 0.413676 0.869134 0.414353 0.870939 0.415030 0.875451 0.415030 0.876354 0.414353 0.877256 0.415030 0.891697 0.415030 0.892599 0.414353 0.896209 0.414353 0.897112 0.413676 0.899819 0.415030 0.904332 0.415030 0.904332 0.410968 0.902527 0.409614 0.899819 0.405552 0.898917 0.400135 0.898014 0.399458 0.892599 0.398781 0.886282 0.396750 0.878159 0.396750 0.877256 0.397427 0.875451 0.397427
0 0.037906 0.396073 0.035199 0.396750 0.032491 0.399458 0.031588 0.404875 0.025271 0.412999 0.025271 0.418416 0.028881 0.427217 0.032491 0.431957 0.038809 0.431280 0.043321 0.436019 0.045126 0.442112 0.046931 0.443466 0.050542 0.443466 0.053249 0.438727 0.054152 0.429926 0.057762 0.423832 0.057762 0.416385 0.054152 0.410291 0.047834 0.404875 0.044224 0.397427
0 0.008123 0.379824 0.000000 0.380501 0.000000 0.452268 0.008123 0.451591 0.009928 0.448206 0.009928 0.417739 0.011733 0.415708 0.022563 0.417739 0.022563 0.414353 0.013538 0.406229 0.009025 0.399458 0.009025 0.394042 0.015343 0.389980 0.015343 0.385240 0.012635 0.381855
0 0.133574 0.379824 0.129964 0.379824 0.129061 0.380501 0.129061 0.381178 0.127256 0.382532 0.127256 0.383886 0.125451 0.385240 0.125451 0.385917 0.122744 0.388626 0.122744 0.398104 0.123646 0.398781 0.124549 0.400812 0.125451 0.400812 0.126354 0.401489 0.129964 0.401489 0.130866 0.400812 0.133574 0.400812 0.136282 0.398781 0.136282 0.398104 0.137184 0.397427 0.137184 0.394719 0.138087 0.394042 0.138087 0.393365 0.137184 0.392688 0.137184 0.387949 0.136282 0.387271 0.136282 0.383886 0.135379 0.383209 0.135379 0.381178
0 0.972924 0.389980 0.967509 0.394042 0.966606 0.398781 0.961191 0.403521 0.959386 0.407583 0.959386 0.417062 0.962996 0.425186 0.962094 0.429926 0.962996 0.431957 0.969314 0.435342 0.971119 0.435342 0.976534 0.430603 0.980144 0.430603 0.983755 0.436019 0.990975 0.436696 0.992780 0.435342 0.992780 0.424509 0.984657 0.406229 0.981047 0.402167 0.981949 0.394042 0.976534 0.389980
0 0.233755 0.376439 0.233755 0.377116 0.229242 0.383209 0.229242 0.388626 0.230144 0.389303 0.230144 0.392688 0.231047 0.393365 0.231047 0.395396 0.231949 0.396073 0.231949 0.396750 0.237365 0.400135 0.240072 0.398104 0.240072 0.396750 0.240975 0.396073 0.240975 0.393365 0.241877 0.392688 0.241877 0.384563 0.240975 0.383886 0.240975 0.379824 0.240072 0.379147 0.240072 0.377793 0.239170 0.377116 0.239170 0.376439
0 0.074910 0.376439 0.070397 0.379824 0.066787 0.389980 0.069495 0.397427 0.074007 0.400135 0.077617 0.405552 0.076715 0.409614 0.072202 0.415030 0.072202 0.417739 0.074007 0.419093 0.079422 0.419093 0.094765 0.415708 0.111011 0.415030 0.111011 0.408260 0.101083 0.397427 0.100181 0.390657 0.098375 0.387949 0.092960 0.384563 0.088448 0.378470 0.083032 0.376439
0 0.152527 0.373731 0.147112 0.373731 0.146209 0.377116 0.139892 0.382532 0.138087 0.387271 0.138989 0.396750 0.142599 0.400812 0.142599 0.411645 0.145307 0.412999 0.154332 0.410968 0.154332 0.392688 0.156137 0.389980 0.158845 0.388626 0.165162 0.388626 0.166968 0.387271 0.163357 0.385917 0.160650 0.385917 0.156137 0.383209 0.155235 0.376439
0 0.712996 0.375762 0.704874 0.378470 0.701264 0.386594 0.686823 0.400812 0.685018 0.410968 0.690433 0.417739 0.688628 0.436019 0.672383 0.471903 0.661552 0.475965 0.676895 0.480704 0.685018 0.480027 0.696751 0.454299 0.705776 0.446852 0.703971 0.481381 0.709386 0.484089 0.716606 0.478673 0.723827 0.434665 0.731949 0.429248 0.731949 0.419770 0.738267 0.414353 0.738267 0.408937 0.730144 0.393365 0.721119 0.386594 0.720217 0.379824
0 0.520758 0.378470 0.518953 0.379147 0.518953 0.381855 0.518051 0.382532 0.518051 0.386594 0.517148 0.387271 0.517148 0.396073 0.521661 0.403521 0.522563 0.408937 0.523466 0.410291 0.526173 0.411645 0.527978 0.410291 0.527978 0.408937 0.528881 0.408260 0.528881 0.404198 0.529783 0.403521 0.529783 0.399458 0.530686 0.398781 0.530686 0.387271 0.529783 0.386594 0.529783 0.384563 0.524368 0.379147
0 0.751805 0.399458 0.749097 0.404198 0.745487 0.407583 0.745487 0.408937 0.741877 0.414353 0.741877 0.417739 0.744585 0.419770 0.748195 0.421124 0.756318 0.421124 0.760830 0.422478 0.762635 0.422478 0.763538 0.421801 0.772563 0.422478 0.775271 0.419770 0.775271 0.417062 0.776173 0.416385 0.776173 0.412322 0.775271 0.411645 0.774368 0.407583 0.769856 0.405552 0.766245 0.402167 0.763538 0.401489 0.759928 0.398781 0.756318 0.398781 0.755415 0.398104
1 0.588448 0.397427 0.587545 0.397427 0.586643 0.398104 0.586643 0.398781 0.584838 0.400135 0.584838 0.402167 0.585740 0.402844 0.586643 0.402844 0.587545 0.403521 0.591155 0.400812 0.592058 0.400812 0.591155 0.400135 0.591155 0.399458
1 0.523466 0.377793 0.520758 0.377793 0.519856 0.378470 0.518953 0.378470 0.518953 0.379147 0.518051 0.379824 0.518051 0.381855 0.518953 0.382532 0.518953 0.383209 0.520758 0.383209 0.521661 0.382532 0.522563 0.382532 0.525271 0.380501 0.525271 0.379824 0.524368 0.379147 0.524368 0.378470
1 0.491877 0.376439 0.491877 0.379824 0.493682 0.381178 0.498195 0.381178 0.500000 0.379824 0.500000 0.379147 0.499097 0.378470 0.499097 0.377793 0.498195 0.377116 0.498195 0.376439 0.497292 0.376439 0.496390 0.375762 0.493682 0.375762 0.492780 0.376439
1 0.761733 0.394719 0.759928 0.396073 0.759928 0.396750 0.759025 0.397427 0.759928 0.398104 0.759928 0.400812 0.760830 0.401489 0.767148 0.401489 0.768051 0.400812 0.768051 0.396750 0.766245 0.395396 0.765343 0.395396 0.764440 0.394719
1 0.733755 0.387949 0.732852 0.388626 0.731949 0.388626 0.731047 0.389303 0.730144 0.389303 0.730144 0.389980 0.729242 0.390657 0.730144 0.391334 0.730144 0.393365 0.733755 0.396073 0.734657 0.396073 0.735560 0.395396 0.737365 0.395396 0.739170 0.394042 0.739170 0.390657 0.736462 0.388626 0.735560 0.388626 0.734657 0.387949
1 0.000000 0.380501 0.000000 0.385240 0.001805 0.385240 0.002708 0.385917 0.003610 0.385917 0.006318 0.387949 0.007220 0.387949 0.008123 0.388626 0.008123 0.389303 0.009025 0.389303 0.010830 0.390657 0.013538 0.390657 0.014440 0.389980 0.015343 0.389980 0.015343 0.385240 0.014440 0.384563 0.014440 0.383886 0.013538 0.383209 0.013538 0.382532 0.011733 0.381178 0.010830 0.381178 0.009025 0.379824 0.002708 0.379824 0.001805 0.380501
1 0.032491 0.398781 0.032491 0.400135 0.031588 0.400812 0.031588 0.402167 0.032491 0.402844 0.032491 0.404875 0.045126 0.404875 0.046029 0.405552 0.046931 0.404875 0.046931 0.402167 0.046029 0.401489 0.046029 0.399458 0.045126 0.398781 0.045126 0.398104 0.044224 0.397427 0.043321 0.397427 0.042419 0.396750 0.041516 0.396750 0.040614 0.396073 0.036101 0.396073
1 0.720217 0.379147 0.716606 0.376439 0.714801 0.376439 0.713899 0.375762 0.709386 0.375762 0.708484 0.376439 0.705776 0.377116 0.703069 0.379147 0.703069 0.379824 0.702166 0.380501 0.702166 0.382532 0.701264 0.383209 0.701264 0.386594 0.705776 0.386594 0.708484 0.384563 0.709386 0.384563 0.710289 0.383886 0.716606 0.383886 0.717509 0.384563 0.720217 0.384563
1 0.233755 0.376439 0.233755 0.380501 0.234657 0.381178 0.240072 0.381178 0.240975 0.380501 0.240975 0.379147 0.240072 0.378470 0.240072 0.377116 0.239170 0.376439
1 0.129964 0.379824 0.128159 0.381178 0.128159 0.381855 0.127256 0.382532 0.127256 0.383886 0.128159 0.384563 0.128159 0.385240 0.129061 0.385240 0.129964 0.385917 0.134477 0.385917 0.135379 0.385240 0.135379 0.381178 0.133574 0.379824
1 0.966606 0.396073 0.966606 0.398104 0.967509 0.398104 0.968412 0.398781 0.977437 0.398781 0.978339 0.398104 0.979242 0.398104 0.980144 0.397427 0.981047 0.397427 0.981047 0.396750 0.981949 0.396073 0.981949 0.393365 0.978339 0.390657 0.977437 0.390657 0.976534 0.389980 0.972924 0.389980 0.972022 0.390657 0.971119 0.390657 0.968412 0.392688 0.968412 0.393365 0.967509 0.394042 0.967509 0.395396
1 0.099278 0.387949 0.096570 0.385917 0.095668 0.385917 0.094765 0.385240 0.093863 0.385917 0.092960 0.385917 0.092058 0.386594 0.092058 0.388626 0.091155 0.389303 0.091155 0.392011 0.089350 0.393365 0.088448 0.393365 0.097473 0.393365 0.098375 0.394042 0.100181 0.392688 0.100181 0.389303 0.099278 0.388626
1 0.892599 0.398781 0.892599 0.399458 0.891697 0.400135 0.891697 0.400812 0.892599 0.401489 0.892599 0.402167 0.894404 0.403521 0.895307 0.403521 0.897112 0.404875 0.898014 0.404198 0.898917 0.404198 0.899819 0.403521 0.899819 0.400135 0.898014 0.398781
1 0.521661 0.379824 0.521661 0.381178 0.522563 0.381855 0.522563 0.382532 0.523466 0.383209 0.523466 0.383886 0.524368 0.384563 0.525271 0.384563 0.526173 0.385240 0.527978 0.385240 0.528881 0.385917 0.528881 0.385240 0.529783 0.384563 0.529783 0.380501 0.528881 0.379824 0.528881 0.379147 0.527978 0.379147 0.527076 0.378470 0.525271 0.378470 0.524368 0.379147 0.523466 0.379147 0.522563 0.379824
1 0.088448 0.377793 0.087545 0.377793 0.085740 0.376439 0.082130 0.376439 0.081227 0.375762 0.075812 0.375762 0.074910 0.376439 0.073105 0.376439 0.069495 0.379147 0.068592 0.380501 0.068592 0.382532 0.067690 0.383209 0.067690 0.388626 0.066787 0.389303 0.067690 0.390657 0.067690 0.393365 0.069495 0.394042 0.074007 0.394042 0.074910 0.393365 0.078520 0.393365 0.082130 0.391334 0.083032 0.391334 0.083935 0.389980 0.087545 0.388626 0.092058 0.385240 0.092960 0.383886 0.090253 0.379147
1 0.100181 0.389980 0.099278 0.389303 0.099278 0.388626 0.094765 0.385240 0.093863 0.385240 0.092058 0.383886 0.091155 0.383886 0.091155 0.384563 0.085740 0.388626 0.084838 0.388626 0.083935 0.389303 0.082130 0.389303 0.074007 0.394042 0.074910 0.394042 0.075812 0.394719 0.077617 0.394719 0.078520 0.395396 0.090253 0.395396 0.091155 0.394719 0.094765 0.394719 0.095668 0.394042 0.098375 0.394042 0.099278 0.393365 0.099278 0.392011 0.100181 0.391334
1 0.684116 0.359513 0.682310 0.360867 0.682310 0.364252 0.684116 0.365606 0.686823 0.365606 0.687726 0.366283 0.688628 0.366283 0.689531 0.365606 0.690433 0.365606 0.690433 0.364929 0.691336 0.364252 0.691336 0.362221 0.690433 0.361544 0.690433 0.360867 0.689531 0.360190 0.687726 0.360190 0.686823 0.359513
1 0.147112 0.373053 0.147112 0.374408 0.146209 0.375085 0.146209 0.375762 0.145307 0.376439 0.146209 0.377116 0.146209 0.378470 0.147112 0.378470 0.148014 0.379147 0.153430 0.379147 0.154332 0.378470 0.154332 0.377793 0.155235 0.377116 0.155235 0.376439 0.154332 0.375762 0.154332 0.375085 0.152527 0.373731 0.151625 0.373731 0.150722 0.373053
1 0.493682 0.377116 0.492780 0.377793 0.492780 0.379147 0.491877 0.379824 0.491877 0.381178 0.492780 0.381855 0.492780 0.383886 0.493682 0.384563 0.499097 0.384563 0.500903 0.383209 0.500000 0.382532 0.500000 0.379824 0.499097 0.379147 0.499097 0.378470 0.498195 0.377793 0.497292 0.377793 0.496390 0.377116
1 0.775271 0.398781 0.774368 0.399458 0.774368 0.400135 0.773466 0.400812 0.773466 0.403521 0.774368 0.404198 0.774368 0.404875 0.775271 0.404875 0.776173 0.405552 0.777076 0.404875 0.780686 0.404875 0.781588 0.404198 0.781588 0.400812 0.778881 0.398781
1 0.759928 0.400135 0.758123 0.398781 0.756318 0.398781 0.755415 0.398104 0.754513 0.398104 0.753610 0.398781 0.752708 0.398781 0.750903 0.400135 0.750903 0.400812 0.750000 0.401489 0.750000 0.404198 0.750903 0.404875 0.757220 0.404875 0.758123 0.404198 0.759025 0.404198 0.759025 0.402844 0.759928 0.402167
3 0.657040 0.475965 0.657040 0.476642 0.657942 0.477319 0.661552 0.477319 0.662455 0.477996 0.665162 0.477996 0.666065 0.478673 0.669675 0.478673 0.670578 0.477996 0.671480 0.477996 0.672383 0.477319 0.672383 0.473934 0.671480 0.473257 0.671480 0.472580 0.664260 0.472580 0.663357 0.473257 0.661552 0.473257 0.660650 0.473934 0.657942 0.473934 0.657942 0.475288
3 0.702166 0.480704 0.703069 0.481381 0.703069 0.482735 0.703971 0.483412 0.703971 0.484089 0.704874 0.484089 0.705776 0.484766 0.712094 0.484766 0.712996 0.484089 0.713899 0.484089 0.713899 0.483412 0.714801 0.482735 0.714801 0.482058 0.715704 0.481381 0.715704 0.480704 0.714801 0.480027 0.712996 0.480027 0.712094 0.480704 0.707581 0.480704 0.706679 0.480027 0.703069 0.480027
3 0.669675 0.477319 0.670578 0.477996 0.670578 0.479350 0.671480 0.480027 0.671480 0.480704 0.674188 0.480704 0.675090 0.481381 0.676895 0.481381 0.677798 0.482058 0.685018 0.482058 0.685921 0.481381 0.685921 0.479350 0.685018 0.478673 0.676895 0.478673 0.675993 0.477996 0.675090 0.477996 0.674188 0.477319 0.673285 0.477319 0.672383 0.476642 0.670578 0.476642
