0 0.535847 0.258621 0.534254 0.260920 0.533192 0.265517 0.532661 0.273563 0.532130 0.274713 0.532130 0.280460 0.532661 0.281609 0.532661 0.287356 0.533192 0.288506 0.532661 0.289655 0.532661 0.313793 0.535316 0.316092 0.537440 0.316092 0.540096 0.313793 0.540096 0.294253 0.540627 0.293103 0.540096 0.291954 0.540096 0.283908 0.540627 0.282759 0.540627 0.275862 0.539565 0.270115 0.539565 0.266667 0.540096 0.265517 0.539565 0.259770 0.538502 0.258621
0 0.230483 0.220690 0.227297 0.220690 0.225173 0.224138 0.220924 0.245977 0.220924 0.266667 0.222517 0.280460 0.221986 0.306897 0.223048 0.314943 0.224642 0.317241 0.229421 0.317241 0.232608 0.313793 0.234201 0.310345 0.235263 0.303448 0.234201 0.283908 0.234201 0.262069 0.237387 0.254023 0.234201 0.243678 0.233670 0.226437
0 0.494424 0.258621 0.493893 0.262069 0.492831 0.264368 0.491768 0.268966 0.491768 0.281609 0.492300 0.282759 0.492300 0.306897 0.493362 0.308046 0.496548 0.308046 0.498141 0.305747 0.498141 0.303448 0.498672 0.302299 0.498672 0.268966 0.499203 0.267816 0.499203 0.265517 0.498672 0.264368 0.498672 0.260920 0.497610 0.258621
0 0.774296 0.256322 0.762082 0.259770 0.740308 0.313793 0.744025 0.326437 0.734466 0.367816 0.730749 0.406897 0.738184 0.467816 0.710037 0.497701 0.720127 0.531034 0.723845 0.509195 0.733935 0.511494 0.726500 0.552874 0.730749 0.563218 0.748805 0.563218 0.741370 0.544828 0.755178 0.504598 0.756240 0.460920 0.760489 0.448276 0.758895 0.435632 0.768986 0.405747 0.772172 0.356322 0.767392 0.327586 0.781200 0.293103 0.779607 0.267816
0 0.039830 0.198851 0.036113 0.208046 0.036644 0.227586 0.030802 0.247126 0.030271 0.258621 0.035582 0.270115 0.036113 0.289655 0.041423 0.301149 0.049920 0.351724 0.053107 0.356322 0.057355 0.356322 0.060542 0.351724 0.067977 0.352874 0.070632 0.343678 0.070632 0.336782 0.065321 0.317241 0.065321 0.288506 0.063197 0.274713 0.060542 0.229885 0.053107 0.216092 0.053107 0.210345 0.050982 0.204598 0.046203 0.204598
0 0.265003 0.273563 0.258630 0.285057 0.258630 0.287356 0.258099 0.288506 0.258099 0.291954 0.258630 0.293103 0.258630 0.313793 0.262347 0.317241 0.267127 0.317241 0.267658 0.318391 0.268720 0.318391 0.269251 0.317241 0.270313 0.317241 0.270844 0.313793 0.274031 0.306897 0.275093 0.303448 0.275093 0.297701 0.272969 0.287356 0.271375 0.283908 0.269251 0.281609 0.266596 0.274713
0 0.394583 0.226437 0.389272 0.226437 0.382900 0.242529 0.378120 0.272414 0.377589 0.308046 0.378651 0.325287 0.381837 0.336782 0.382900 0.349425 0.380244 0.365517 0.383431 0.382759 0.383431 0.402299 0.387148 0.402299 0.388741 0.398851 0.388741 0.371264 0.398301 0.362069 0.400956 0.356322 0.399363 0.325287 0.400956 0.312644 0.397770 0.293103 0.395645 0.262069 0.398832 0.240230 0.397238 0.231034
0 0.515135 0.258621 0.514073 0.259770 0.512480 0.264368 0.512480 0.271264 0.511949 0.272414 0.511949 0.277011 0.511418 0.278161 0.511418 0.282759 0.511949 0.283908 0.511949 0.310345 0.514073 0.312644 0.515666 0.312644 0.516729 0.309195 0.516729 0.296552 0.517260 0.295402 0.517260 0.289655 0.517791 0.288506 0.517791 0.285057 0.518853 0.281609 0.518853 0.277011 0.518322 0.275862 0.518322 0.272414 0.517791 0.271264 0.517791 0.265517 0.516729 0.260920
0 0.831121 0.289655 0.825279 0.300000 0.823155 0.309195 0.823155 0.331034 0.798725 0.398851 0.799788 0.406897 0.801381 0.406897 0.807754 0.390805 0.811471 0.389655 0.813064 0.393103 0.807754 0.421839 0.808816 0.441379 0.813595 0.466667 0.819968 0.472414 0.822623 0.470115 0.825279 0.450575 0.824217 0.424138 0.838556 0.396552 0.844397 0.356322 0.844397 0.347126 0.839618 0.325287 0.842273 0.301149 0.839618 0.293103
0 0.452469 0.235632 0.446097 0.248276 0.444503 0.271264 0.436006 0.288506 0.436006 0.418391 0.423792 0.460920 0.431227 0.462069 0.443441 0.436782 0.449283 0.409195 0.454594 0.437931 0.458311 0.498851 0.462560 0.508046 0.466808 0.508046 0.468933 0.501149 0.463622 0.483908 0.463622 0.301149 0.459904 0.289655 0.461498 0.272414 0.465215 0.264368 0.460967 0.242529
0 0.271907 0.226437 0.270844 0.232184 0.276686 0.247126 0.277217 0.272414 0.279341 0.283908 0.279873 0.306897 0.281466 0.310345 0.285714 0.310345 0.284652 0.302299 0.286245 0.297701 0.288370 0.303448 0.286776 0.310345 0.293149 0.311494 0.294211 0.309195 0.294211 0.304598 0.287839 0.287356 0.287839 0.263218 0.283590 0.234483 0.276686 0.225287
0 0.476899 0.259770 0.476368 0.260920 0.475305 0.260920 0.474243 0.264368 0.474243 0.267816 0.473712 0.268966 0.473712 0.271264 0.472650 0.275862 0.472650 0.283908 0.473181 0.285057 0.473181 0.290805 0.473712 0.291954 0.473712 0.300000 0.474243 0.300000 0.475836 0.303448 0.477430 0.304598 0.479023 0.298851 0.479023 0.295402 0.479554 0.294253 0.479554 0.287356 0.480085 0.286207 0.480085 0.281609 0.480616 0.280460 0.480616 0.273563 0.479554 0.268966 0.479554 0.265517 0.479023 0.264368 0.479023 0.262069
0 0.347318 0.278161 0.344663 0.285057 0.344132 0.300000 0.341476 0.333333 0.346256 0.333333 0.348380 0.325287 0.348380 0.312644 0.349973 0.308046 0.352098 0.305747 0.356346 0.319540 0.357408 0.333333 0.359002 0.335632 0.362188 0.334483 0.362188 0.320690 0.359002 0.303448 0.359002 0.294253 0.357408 0.286207 0.352629 0.277011
0 0.340945 0.252874 0.338821 0.256322 0.338821 0.257471 0.337759 0.260920 0.337759 0.263218 0.337228 0.264368 0.337228 0.275862 0.336697 0.277011 0.336697 0.281609 0.337228 0.282759 0.337228 0.285057 0.337759 0.285057 0.338290 0.286207 0.340945 0.286207 0.341476 0.287356 0.342007 0.287356 0.342539 0.286207 0.343601 0.286207 0.344132 0.285057 0.344663 0.285057 0.346787 0.279310 0.346787 0.277011 0.347318 0.275862 0.347318 0.267816 0.346787 0.266667 0.346787 0.262069 0.345194 0.257471 0.345194 0.256322 0.344132 0.254023 0.343070 0.254023 0.342539 0.252874
0 0.687201 0.274713 0.685608 0.278161 0.685608 0.287356 0.688794 0.304598 0.689326 0.335632 0.688263 0.351724 0.689326 0.363218 0.696760 0.374713 0.701540 0.393103 0.700478 0.400000 0.703133 0.401149 0.706851 0.394253 0.706851 0.390805 0.699947 0.356322 0.701009 0.308046 0.696760 0.294253 0.696229 0.286207 0.691981 0.274713
1 0.685608 0.277011 0.685608 0.278161 0.685077 0.279310 0.685077 0.282759 0.685608 0.283908 0.685608 0.285057 0.686139 0.286207 0.687201 0.286207 0.687732 0.287356 0.690388 0.287356 0.690919 0.286207 0.691981 0.286207 0.693574 0.282759 0.693574 0.279310 0.693043 0.278161 0.693043 0.277011 0.691981 0.274713 0.690388 0.274713 0.689857 0.273563 0.688263 0.273563 0.687732 0.274713 0.686670 0.274713
1 0.225704 0.222989 0.225704 0.225287 0.225173 0.226437 0.225173 0.228736 0.225704 0.229885 0.225704 0.232184 0.226235 0.233333 0.226766 0.233333 0.227297 0.234483 0.227828 0.234483 0.228359 0.235632 0.229952 0.235632 0.230483 0.236782 0.231014 0.236782 0.231545 0.235632 0.232608 0.235632 0.233670 0.233333 0.233670 0.227586 0.233139 0.226437 0.233139 0.225287 0.231545 0.221839 0.231014 0.221839 0.230483 0.220690 0.227297 0.220690 0.226766 0.221839 0.226235 0.221839
1 0.250664 0.118391 0.250664 0.119540 0.251195 0.120690 0.252257 0.120690 0.252788 0.121839 0.253850 0.121839 0.254381 0.122989 0.257568 0.122989 0.258099 0.121839 0.258630 0.121839 0.259692 0.119540 0.258630 0.117241 0.258630 0.116092 0.257037 0.112644 0.256506 0.112644 0.255975 0.111494 0.252788 0.111494 0.252257 0.112644 0.251726 0.112644 0.251726 0.113793 0.251195 0.114943 0.251195 0.117241
1 0.036113 0.202299 0.036113 0.221839 0.038768 0.227586 0.046203 0.232184 0.047796 0.236782 0.049920 0.239080 0.054700 0.239080 0.055231 0.240230 0.060542 0.239080 0.061073 0.236782 0.060542 0.227586 0.058417 0.221839 0.057355 0.216092 0.055231 0.212644 0.055231 0.206897 0.053107 0.202299 0.048327 0.198851 0.038237 0.198851
1 0.339883 0.254023 0.339352 0.255172 0.339352 0.256322 0.338821 0.257471 0.338821 0.259770 0.338290 0.260920 0.338290 0.265517 0.338821 0.265517 0.339352 0.266667 0.340945 0.266667 0.341476 0.267816 0.345194 0.267816 0.345725 0.266667 0.345725 0.265517 0.346256 0.264368 0.346256 0.260920 0.345725 0.259770 0.345725 0.258621 0.344663 0.256322 0.344663 0.255172 0.344132 0.255172 0.343601 0.254023 0.343070 0.254023 0.342539 0.252874 0.340945 0.252874 0.340414 0.254023
1 0.514073 0.259770 0.513011 0.262069 0.513011 0.263218 0.512480 0.264368 0.512480 0.265517 0.513011 0.266667 0.513011 0.267816 0.513542 0.267816 0.514073 0.268966 0.516729 0.268966 0.517791 0.266667 0.517791 0.264368 0.517260 0.263218 0.517260 0.262069 0.516198 0.259770
1 0.494955 0.256322 0.493893 0.258621 0.493893 0.260920 0.493362 0.262069 0.493362 0.264368 0.492831 0.265517 0.493893 0.267816 0.497610 0.267816 0.498141 0.266667 0.498672 0.266667 0.499203 0.265517 0.499203 0.264368 0.499734 0.263218 0.499734 0.260920 0.499203 0.259770 0.499203 0.258621 0.498141 0.256322
1 0.278279 0.227586 0.277217 0.225287 0.276686 0.225287 0.276155 0.224138 0.274562 0.224138 0.274031 0.225287 0.272438 0.225287 0.271907 0.226437 0.271375 0.226437 0.270844 0.227586 0.270844 0.228736 0.270313 0.229885 0.270313 0.233333 0.270844 0.234483 0.270844 0.235632 0.271375 0.236782 0.271907 0.236782 0.272438 0.237931 0.272969 0.236782 0.274562 0.236782 0.275093 0.235632 0.276155 0.235632 0.278279 0.231034
1 0.035050 0.202299 0.035050 0.217241 0.035582 0.218391 0.035582 0.220690 0.038768 0.226437 0.044079 0.226437 0.045672 0.222989 0.045672 0.219540 0.047265 0.216092 0.050982 0.216092 0.053107 0.212644 0.052576 0.205747 0.050982 0.202299 0.049920 0.201149 0.046734 0.201149 0.045672 0.198851 0.044610 0.198851 0.044079 0.197701 0.037175 0.197701 0.036113 0.198851
1 0.244291 0.358621 0.244291 0.364368 0.244822 0.365517 0.244822 0.366667 0.245353 0.366667 0.245884 0.367816 0.246946 0.367816 0.247477 0.368966 0.248540 0.368966 0.249071 0.367816 0.250664 0.367816 0.251195 0.366667 0.252257 0.366667 0.252788 0.365517 0.253319 0.365517 0.254381 0.363218 0.254381 0.362069 0.253850 0.360920 0.253850 0.359770 0.251726 0.355172 0.251195 0.355172 0.250664 0.354023 0.249602 0.354023 0.249071 0.352874 0.247477 0.352874 0.246946 0.354023 0.245884 0.354023 0.245353 0.355172 0.244822 0.355172 0.244822 0.357471
1 0.474774 0.260920 0.474774 0.263218 0.474243 0.264368 0.474243 0.265517 0.474774 0.265517 0.475305 0.266667 0.478492 0.266667 0.479023 0.265517 0.479023 0.260920 0.478492 0.260920 0.477961 0.259770 0.476368 0.259770 0.475836 0.260920
1 0.459904 0.239080 0.457780 0.237931 0.456187 0.235632 0.451938 0.235632 0.449814 0.237931 0.446628 0.244828 0.445035 0.254023 0.445035 0.271264 0.446097 0.273563 0.448752 0.277011 0.451938 0.277011 0.455656 0.272414 0.456718 0.272414 0.458842 0.268966 0.463622 0.267816 0.465746 0.264368 0.463622 0.255172 0.463091 0.248276
1 0.754647 0.281609 0.755709 0.285057 0.758895 0.288506 0.767392 0.293103 0.774827 0.294253 0.775358 0.295402 0.779607 0.295402 0.781200 0.293103 0.781200 0.288506 0.780138 0.282759 0.780138 0.272414 0.779076 0.264368 0.777483 0.259770 0.773234 0.255172 0.765268 0.256322 0.761020 0.260920 0.758364 0.266667 0.757302 0.273563
1 0.386086 0.233333 0.386086 0.239080 0.387148 0.241379 0.388210 0.241379 0.388741 0.242529 0.390335 0.242529 0.390866 0.243678 0.391928 0.243678 0.392459 0.244828 0.392990 0.244828 0.394583 0.247126 0.395645 0.247126 0.396176 0.248276 0.397770 0.248276 0.398832 0.245977 0.398832 0.237931 0.398301 0.236782 0.398301 0.234483 0.397770 0.233333 0.397770 0.232184 0.395114 0.226437 0.394052 0.226437 0.393521 0.225287 0.390335 0.225287 0.389803 0.226437 0.389272 0.226437
1 0.822623 0.310345 0.823686 0.311494 0.826341 0.311494 0.826872 0.310345 0.830058 0.309195 0.830589 0.308046 0.836431 0.308046 0.838024 0.310345 0.841211 0.310345 0.841742 0.311494 0.841742 0.310345 0.842804 0.308046 0.842804 0.302299 0.841742 0.297701 0.839087 0.291954 0.838024 0.290805 0.836431 0.290805 0.835900 0.289655 0.830589 0.289655 0.829527 0.291954 0.827934 0.293103 0.825279 0.298851
1 0.533723 0.263218 0.533723 0.266667 0.534254 0.267816 0.534785 0.267816 0.535316 0.268966 0.537971 0.268966 0.538502 0.267816 0.539565 0.267816 0.539565 0.263218 0.540096 0.262069 0.539565 0.260920 0.539565 0.259770 0.539033 0.259770 0.538502 0.258621 0.535847 0.258621 0.535316 0.259770 0.534785 0.259770 0.534254 0.260920 0.534254 0.262069
1 0.263409 0.272414 0.263409 0.273563 0.262878 0.274713 0.262878 0.279310 0.263409 0.280460 0.264472 0.280460 0.265003 0.281609 0.268189 0.281609 0.268720 0.280460 0.268720 0.274713 0.267658 0.272414 0.267127 0.272414 0.266596 0.271264 0.266065 0.271264 0.265534 0.270115 0.265003 0.271264 0.264472 0.271264 0.263941 0.272414
1 0.295274 0.306897 0.294742 0.306897 0.294211 0.305747 0.293680 0.305747 0.293149 0.304598 0.292618 0.304598 0.292087 0.305747 0.290494 0.305747 0.289432 0.308046 0.288901 0.308046 0.287839 0.310345 0.287839 0.313793 0.289432 0.313793 0.289963 0.314943 0.290494 0.313793 0.294211 0.313793 0.295274 0.311494
3 0.727031 0.548276 0.727031 0.550575 0.726500 0.551724 0.726500 0.558621 0.729156 0.563218 0.730218 0.563218 0.730749 0.564368 0.732873 0.564368 0.733404 0.565517 0.734997 0.565517 0.735528 0.566667 0.738184 0.566667 0.738715 0.567816 0.748805 0.567816 0.749336 0.566667 0.749336 0.563218 0.748805 0.560920 0.747743 0.559770 0.744557 0.552874 0.741370 0.549425 0.739777 0.549425 0.739246 0.550575 0.733935 0.550575 0.733404 0.549425 0.732342 0.549425 0.731280 0.547126 0.727562 0.547126
3 0.422199 0.464368 0.421136 0.464368 0.420605 0.465517 0.420605 0.466667 0.420074 0.467816 0.420074 0.470115 0.419012 0.472414 0.418481 0.472414 0.415826 0.478161 0.415826 0.482759 0.416357 0.483908 0.417419 0.483908 0.417950 0.485057 0.421668 0.485057 0.422730 0.482759 0.422730 0.473563 0.422199 0.472414
3 0.383431 0.391954 0.383431 0.395402 0.382900 0.396552 0.382900 0.403448 0.383431 0.404598 0.387679 0.404598 0.389272 0.401149 0.389272 0.394253 0.388741 0.393103 0.388210 0.393103 0.387679 0.391954
3 0.459904 0.488506 0.459373 0.489655 0.459373 0.490805 0.458311 0.493103 0.458311 0.498851 0.458842 0.500000 0.458842 0.501149 0.462029 0.508046 0.462560 0.508046 0.463091 0.509195 0.466808 0.509195 0.467339 0.508046 0.468401 0.508046 0.469464 0.504598 0.469464 0.501149 0.468933 0.500000 0.468933 0.497701 0.467870 0.495402 0.467870 0.494253 0.466277 0.490805 0.465746 0.490805 0.464684 0.488506 0.464153 0.488506 0.463622 0.487356 0.461498 0.487356 0.460967 0.488506
3 0.279341 0.309195 0.279341 0.310345 0.280935 0.313793 0.281466 0.313793 0.281997 0.314943 0.286776 0.314943 0.287308 0.313793 0.288901 0.313793 0.288901 0.310345 0.288370 0.309195 0.286245 0.309195 0.285714 0.308046 0.284652 0.308046 0.284121 0.306897 0.283059 0.306897 0.282528 0.305747 0.281997 0.306897 0.280404 0.306897
3 0.711099 0.494253 0.710037 0.496552 0.709506 0.501149 0.711630 0.508046 0.711630 0.510345 0.713224 0.516092 0.713224 0.518391 0.714286 0.520690 0.715348 0.525287 0.717472 0.529885 0.719596 0.532184 0.721190 0.532184 0.722783 0.529885 0.722783 0.524138 0.723314 0.522988 0.723314 0.511494 0.722252 0.509195 0.722252 0.508046 0.721721 0.508046 0.720659 0.505747 0.719596 0.498851 0.718534 0.496552 0.718534 0.495402 0.716410 0.491954 0.715879 0.493103 0.712692 0.493103 0.712161 0.494253
3 0.379713 0.357471 0.379713 0.359770 0.379182 0.360920 0.379182 0.364368 0.379713 0.365517 0.379713 0.366667 0.380244 0.367816 0.381306 0.367816 0.381837 0.368966 0.382369 0.368966 0.383431 0.371264 0.384493 0.368966 0.384493 0.358621 0.383962 0.357471 0.383962 0.356322 0.381837 0.356322 0.381306 0.357471
3 0.748805 0.559770 0.748805 0.564368 0.749336 0.565517 0.749336 0.566667 0.749867 0.566667 0.750398 0.567816 0.751460 0.567816 0.751992 0.568965 0.756771 0.568965 0.757302 0.570115 0.762613 0.570115 0.763144 0.568965 0.766330 0.568965 0.766861 0.567816 0.767392 0.567816 0.767392 0.565517 0.766330 0.563218 0.765799 0.563218 0.765268 0.562069 0.764206 0.562069 0.763675 0.560920 0.762613 0.560920 0.762082 0.559770 0.761020 0.559770 0.760489 0.558621 0.759426 0.558621 0.758895 0.557471 0.756771 0.557471 0.756240 0.556322 0.751460 0.556322 0.750929 0.557471 0.749867 0.557471
3 0.706851 0.394253 0.706320 0.393103 0.705789 0.394253 0.703133 0.394253 0.702602 0.395402 0.702071 0.395402 0.701540 0.396552 0.701009 0.396552 0.701009 0.397701 0.699416 0.401149 0.699416 0.403448 0.702602 0.403448 0.703133 0.402299 0.703664 0.402299 0.704195 0.401149 0.704727 0.401149 0.706851 0.396552
3 0.382900 0.356322 0.382369 0.357471 0.380775 0.357471 0.379713 0.358621 0.379182 0.364368 0.382900 0.374713 0.382900 0.380460 0.383431 0.381609 0.383431 0.395402 0.382900 0.396552 0.382900 0.402299 0.383431 0.403448 0.385555 0.403448 0.386617 0.404598 0.388741 0.401149 0.388741 0.397701 0.389272 0.395402 0.388741 0.394253 0.388741 0.390805 0.387679 0.387356 0.387148 0.379310 0.385555 0.375862 0.385555 0.367816 0.384493 0.363218 0.384493 0.358621 0.383431 0.356322
