0 0.860108 0.643196 0.779783 0.638456 0.730144 0.688558 0.669675 0.695328 0.694946 0.749492 0.740975 0.771158 0.776173 0.810427 0.709386 0.863236 0.692238 0.834123 0.694043 0.783345 0.661552 0.769127 0.640794 0.901828 0.590253 0.903182 0.570397 0.922139 0.561372 0.999323 0.999097 0.996615 0.999097 0.902505 0.977437 0.834800 0.907040 0.769804 0.895307 0.677725
0 0.400722 0.639133 0.397112 0.639133 0.393502 0.642519 0.389892 0.651997 0.386282 0.656737 0.376354 0.692620 0.370939 0.702099 0.374549 0.704807 0.387184 0.704807 0.391697 0.702776 0.389892 0.692620 0.391697 0.683819 0.398917 0.671632 0.405235 0.656060 0.409747 0.650643 0.407942 0.643196
0 0.226534 0.316181 0.204874 0.330399 0.203971 0.353419 0.177798 0.367637 0.153430 0.407583 0.155235 0.459716 0.149819 0.474611 0.168773 0.474611 0.174188 0.508463 0.164260 0.535545 0.190433 0.538253 0.203069 0.530129 0.209386 0.538930 0.239170 0.543670 0.243682 0.507786 0.229242 0.376439 0.245487 0.357481 0.258123 0.354096 0.259928 0.334462 0.248195 0.320244
0 0.400722 0.292485 0.375451 0.299255 0.361913 0.322952 0.333032 0.322952 0.286101 0.354773 0.309567 0.376439 0.297834 0.438050 0.315884 0.490183 0.312274 0.545024 0.302347 0.566012 0.315884 0.580907 0.334838 0.580907 0.343863 0.534191 0.365523 0.496953 0.365523 0.454299 0.340253 0.445498 0.361011 0.439404 0.369134 0.428571 0.371841 0.375762 0.389892 0.372376 0.391697 0.345295 0.414260 0.331754 0.421480 0.318890 0.418773 0.303318
1 0.778881 0.638456 0.753610 0.653351 0.731949 0.687204 0.670578 0.693297 0.666968 0.708869 0.678700 0.732566 0.780686 0.802302 0.823105 0.867299 0.886282 0.905213 0.947653 0.916723 0.978339 0.883548 0.981047 0.846987 0.957581 0.809749 0.915162 0.782668 0.906137 0.767772 0.907942 0.752200 0.890794 0.737305 0.899819 0.727150 0.892599 0.671632 0.880866 0.656060 0.849278 0.639133 0.827617 0.634394
1 0.724729 0.692620 0.731949 0.701422 0.767148 0.721056 0.808664 0.731889 0.866426 0.735951 0.895307 0.732566 0.901625 0.727150 0.898014 0.683819 0.888087 0.663507 0.867329 0.645904 0.839350 0.636425 0.798736 0.634394 0.768051 0.643196 0.750000 0.656060 0.734657 0.683819
1 0.213899 0.320921 0.203971 0.331754 0.204874 0.337170 0.224729 0.343940 0.246390 0.354096 0.254513 0.355450 0.258123 0.354773 0.259928 0.333108 0.255415 0.324983 0.247292 0.319567 0.235560 0.316181 0.225632 0.316181
1 0.383574 0.294516 0.371841 0.301963 0.370939 0.303995 0.374549 0.306703 0.381769 0.309411 0.398014 0.318213 0.407040 0.324983 0.410650 0.329722 0.414260 0.331754 0.421480 0.320244 0.422383 0.316859 0.422383 0.309411 0.418773 0.302640 0.410650 0.295870 0.404332 0.293162 0.389892 0.292485
3 0.379061 0.689912 0.376354 0.691943 0.376354 0.692620 0.375451 0.693297 0.375451 0.694651 0.372744 0.698037 0.372744 0.699391 0.371841 0.700068 0.370939 0.703453 0.372744 0.704807 0.378159 0.704807 0.379061 0.705484 0.384477 0.705484 0.385379 0.704807 0.388087 0.704807 0.388989 0.704130 0.389892 0.704130 0.391697 0.702776 0.391697 0.698714 0.390794 0.698037 0.390794 0.695328 0.389892 0.694651 0.389892 0.691943 0.387184 0.689912
3 0.416968 0.699391 0.417870 0.700068 0.417870 0.701422 0.418773 0.702099 0.418773 0.702776 0.420578 0.702776 0.421480 0.703453 0.424188 0.703453 0.425090 0.704130 0.425993 0.704130 0.426895 0.703453 0.439531 0.703453 0.440433 0.702776 0.441336 0.702776 0.441336 0.702099 0.440433 0.701422 0.440433 0.698714 0.436823 0.696005 0.435921 0.696005 0.433213 0.693974 0.432310 0.693974 0.428700 0.691266 0.427798 0.691266 0.426895 0.691943 0.425090 0.691943 0.419675 0.696005 0.418773 0.698037
3 0.344765 0.551794 0.344765 0.552471 0.342058 0.553825 0.342058 0.554502 0.341155 0.555179 0.341155 0.556534 0.340253 0.557211 0.340253 0.565335 0.341155 0.566012 0.341155 0.566689 0.346570 0.566689 0.347473 0.567366 0.354693 0.567366 0.359206 0.563981 0.354693 0.561950 0.354693 0.561273 0.352888 0.559242 0.352888 0.557211 0.351986 0.556534 0.351986 0.555179 0.351083 0.554502 0.350181 0.552471 0.349278 0.551794
3 0.306859 0.559242 0.303249 0.559242 0.302347 0.559919 0.301444 0.559919 0.299639 0.561273 0.299639 0.561950 0.298736 0.562627 0.297834 0.564658 0.296029 0.566012 0.296029 0.566689 0.293321 0.570074 0.293321 0.571429 0.295126 0.572783 0.296029 0.572783 0.296931 0.573460 0.299639 0.573460 0.300542 0.574137 0.304152 0.574137 0.305054 0.573460 0.306859 0.573460 0.306859 0.572783 0.308664 0.571429 0.308664 0.570752 0.311372 0.568720 0.311372 0.568043 0.312274 0.567366 0.312274 0.566012 0.311372 0.565335 0.311372 0.563981
3 0.342058 0.567366 0.339350 0.565335 0.338448 0.563304 0.336643 0.563304 0.335740 0.562627 0.333935 0.563304 0.329422 0.563304 0.328520 0.563981 0.325812 0.563981 0.321300 0.565335 0.314079 0.565335 0.311372 0.566689 0.307762 0.571429 0.306859 0.576168 0.305957 0.576845 0.306859 0.579553 0.310469 0.581584 0.314982 0.581584 0.315884 0.582261 0.335740 0.582261 0.337545 0.580907 0.336643 0.579553 0.336643 0.576168 0.335740 0.575491 0.335740 0.572106 0.336643 0.570752 0.341155 0.567366
