0 0.878159 0.583615 0.809567 0.574137 0.677798 0.613406 0.686823 0.675017 0.770758 0.734597 0.750903 0.772512 0.706679 0.788084 0.682310 0.715640 0.625451 0.692620 0.648917 0.732566 0.639892 0.823968 0.581227 0.872715 0.584838 0.999323 0.651625 0.999323 0.660650 0.983751 0.675993 0.999323 0.999097 0.993907 0.999097 0.790792 0.962996 0.735274 0.923285 0.708869 0.922383 0.626269
0 0.296931 0.268788 0.275271 0.281652 0.277076 0.314827 0.248195 0.333108 0.225632 0.383886 0.253610 0.428571 0.259025 0.471225 0.292419 0.477996 0.288809 0.446175 0.294224 0.448206 0.296931 0.467840 0.325812 0.486798 0.324007 0.526066 0.339350 0.533514 0.359206 0.528775 0.346570 0.508463 0.334838 0.422478 0.334838 0.358835 0.348375 0.342586 0.349278 0.327691 0.333935 0.320244 0.339350 0.301963 0.326715 0.278267 0.314079 0.270142
0 0.746390 0.511848 0.744585 0.511171 0.727437 0.511848 0.715704 0.514557 0.708484 0.517942 0.707581 0.540284 0.710289 0.549086 0.716606 0.550440 0.737365 0.549763 0.734657 0.543670 0.734657 0.540284 0.745487 0.532837 0.749097 0.529452 0.750000 0.526066 0.749097 0.514557
0 0.333935 0.245768 0.323105 0.250508 0.316787 0.269465 0.333032 0.284360 0.342058 0.306703 0.340253 0.320921 0.351986 0.330399 0.349278 0.346649 0.337545 0.358158 0.335740 0.387271 0.349278 0.481381 0.384477 0.484089 0.397112 0.481381 0.378159 0.466486 0.399819 0.413676 0.406137 0.410968 0.401625 0.379147 0.390794 0.371022 0.398014 0.363575 0.398917 0.343940 0.385379 0.310088 0.357401 0.296547 0.367329 0.276236 0.361913 0.255247 0.352888 0.247800
1 0.735560 0.616114 0.733755 0.627624 0.744585 0.649289 0.762635 0.668923 0.792419 0.687204 0.814079 0.694651 0.854693 0.700745 0.881769 0.699391 0.914260 0.687204 0.924188 0.630332 0.907942 0.601896 0.879964 0.583615 0.843863 0.574137 0.803249 0.574814 0.778881 0.583615 0.755415 0.604604
1 0.327617 0.247123 0.323105 0.250508 0.320397 0.254570 0.315884 0.266080 0.315884 0.268788 0.324007 0.273527 0.333032 0.276236 0.356498 0.280298 0.364621 0.278944 0.367329 0.276913 0.364621 0.266757 0.364621 0.262018 0.362816 0.256601 0.358303 0.251185 0.353791 0.248477 0.345668 0.245768 0.338448 0.245091
1 0.295126 0.268788 0.282491 0.273527 0.275271 0.280975 0.271661 0.299932 0.272563 0.308057 0.277076 0.314150 0.287906 0.320921 0.303249 0.324983 0.317690 0.324983 0.329422 0.320244 0.336643 0.314150 0.340253 0.308057 0.339350 0.301286 0.334838 0.290454 0.324007 0.274882 0.316787 0.270819 0.308664 0.268788
3 0.706679 0.576168 0.705776 0.576845 0.705776 0.578199 0.708484 0.580230 0.709386 0.580230 0.710289 0.580907 0.711191 0.580907 0.712094 0.581584 0.712996 0.581584 0.713899 0.580907 0.713899 0.579553 0.714801 0.578876 0.714801 0.577522 0.713899 0.576845 0.710289 0.576845 0.709386 0.576168
3 0.747292 0.579553 0.746390 0.578876 0.746390 0.578199 0.745487 0.577522 0.743682 0.577522 0.742780 0.576845 0.741877 0.576845 0.740975 0.576168 0.740072 0.576845 0.737365 0.576845 0.736462 0.577522 0.732852 0.577522 0.731949 0.578199 0.730144 0.578199 0.730144 0.578876 0.729242 0.579553 0.729242 0.581584 0.730144 0.582261 0.731047 0.582261 0.731949 0.582938 0.741877 0.582938 0.742780 0.582261 0.745487 0.582261 0.746390 0.581584 0.747292 0.581584
3 0.324007 0.517942 0.324007 0.519973 0.323105 0.520650 0.323105 0.527420 0.326715 0.532160 0.330325 0.534191 0.342960 0.534191 0.343863 0.533514 0.348375 0.533514 0.349278 0.532837 0.355596 0.532160 0.359206 0.530129 0.360108 0.528098 0.359206 0.522681 0.356498 0.518619 0.348375 0.513202 0.344765 0.513202 0.337545 0.511171 0.332130 0.513879 0.327617 0.514557
3 0.351083 0.475965 0.351083 0.482058 0.351986 0.484089 0.378159 0.484089 0.379061 0.484766 0.387184 0.484766 0.388087 0.484089 0.395307 0.483412 0.398917 0.481381 0.398917 0.480027 0.396209 0.476642 0.392599 0.475965 0.388087 0.473257 0.382671 0.471903 0.379061 0.469194 0.372744 0.467163 0.371841 0.467840 0.361913 0.469194 0.356498 0.472580 0.353791 0.473257
