0 0.650643 0.393502 0.647935 0.392599 0.645904 0.393502 0.644550 0.395307 0.643196 0.399819 0.633040 0.411552 0.628978 0.421480 0.628978 0.433213 0.629655 0.435018 0.631686 0.435921 0.639133 0.435921 0.644550 0.434116 0.647935 0.429603 0.647935 0.427798 0.649289 0.425090 0.652674 0.421480 0.654028 0.417870 0.653351 0.416968 0.653351 0.413357 0.650643 0.407040 0.652674 0.400722 0.651997 0.396209
0 0.851726 0.298736 0.828707 0.307762 0.825322 0.322202 0.792823 0.355596 0.779959 0.382671 0.774543 0.470217 0.786053 0.532491 0.784022 0.629964 0.789438 0.646209 0.814489 0.648014 0.819905 0.640794 0.810427 0.627256 0.807041 0.601083 0.823968 0.563177 0.830061 0.504513 0.834800 0.498195 0.827353 0.422383 0.836831 0.403430 0.836154 0.367329 0.851049 0.350181 0.862559 0.353791 0.867976 0.327617 0.862559 0.306859
0 0.038592 0.431408 0.031821 0.431408 0.024374 0.436823 0.018957 0.445848 0.018280 0.462996 0.007448 0.475632 0.000000 0.490975 0.000000 0.560469 0.043331 0.564079 0.050102 0.553249 0.067028 0.549639 0.064320 0.527076 0.058903 0.519856 0.067028 0.512635 0.060934 0.488267 0.048070 0.476534 0.045362 0.459386 0.048747 0.453069 0.047393 0.442238
0 0.476642 0.445848 0.473257 0.445848 0.466486 0.450361 0.463101 0.438628 0.459716 0.435921 0.453622 0.435921 0.449560 0.439531 0.447529 0.449458 0.443466 0.453971 0.433988 0.488267 0.433311 0.498195 0.436019 0.504513 0.439404 0.505415 0.449560 0.497292 0.460393 0.501805 0.463778 0.501805 0.466486 0.498195 0.465809 0.494585 0.457007 0.483755 0.457684 0.469314 0.460393 0.465704 0.466486 0.462996 0.471903 0.454874 0.476642 0.451264
0 0.182126 0.323105 0.174001 0.323105 0.163846 0.332130 0.157075 0.361913 0.147596 0.379061 0.143534 0.394404 0.147596 0.478339 0.161137 0.508123 0.163169 0.495487 0.175355 0.469314 0.188219 0.457581 0.204469 0.450361 0.199729 0.442238 0.186188 0.435921 0.188896 0.409747 0.182803 0.403430 0.184157 0.382671 0.197021 0.366426 0.200406 0.356498 0.194990 0.334838
0 0.176710 0.468412 0.164523 0.493682 0.163846 0.515343 0.177387 0.539711 0.184834 0.571300 0.198375 0.579422 0.201083 0.620036 0.213947 0.623646 0.228165 0.618231 0.241029 0.521661 0.255247 0.548736 0.268788 0.622744 0.282329 0.623646 0.279621 0.573105 0.259986 0.472924 0.241029 0.456679 0.224103 0.452166 0.205823 0.453069
0 0.691266 0.372744 0.678402 0.387184 0.679756 0.399819 0.671632 0.435018 0.680433 0.451264 0.685173 0.527978 0.688558 0.533394 0.694651 0.528881 0.695328 0.490975 0.699391 0.474729 0.705484 0.490975 0.704130 0.529783 0.710223 0.537004 0.716317 0.523466 0.719025 0.495487 0.716994 0.452166 0.725118 0.417870 0.720379 0.400722 0.711578 0.389892 0.709546 0.376354
0 0.767772 0.447653 0.756263 0.455776 0.754909 0.472924 0.757617 0.481047 0.764387 0.487365 0.765064 0.494585 0.771158 0.498195 0.756940 0.517148 0.736628 0.532491 0.733920 0.542419 0.739336 0.546029 0.751523 0.540614 0.765064 0.557762 0.783345 0.566787 0.786053 0.555054 0.783345 0.518953 0.779282 0.501805 0.773189 0.493682 0.775897 0.483755 0.773189 0.472022 0.773866 0.454874
0 0.521327 0.387184 0.517942 0.389892 0.516588 0.395307 0.516588 0.403430 0.519296 0.411552 0.515234 0.421480 0.513202 0.432310 0.515234 0.436823 0.522681 0.438628 0.528098 0.445848 0.528775 0.453069 0.527420 0.462996 0.531483 0.466606 0.543670 0.464801 0.547732 0.455776 0.549086 0.444043 0.549086 0.434116 0.546378 0.418773 0.540284 0.407040 0.536222 0.406137 0.533514 0.403430 0.531483 0.392599 0.529452 0.388989 0.525389 0.386282
0 0.725796 0.417870 0.718348 0.447653 0.720379 0.476534 0.723087 0.475632 0.724441 0.477437 0.724441 0.483755 0.722410 0.485560 0.718348 0.509928 0.721056 0.512635 0.722410 0.508123 0.733920 0.495487 0.736628 0.514440 0.742722 0.517148 0.748138 0.513538 0.748138 0.496390 0.744076 0.479242 0.745430 0.435921 0.742722 0.425993 0.738659 0.420578 0.733920 0.417870
1 0.826676 0.310469 0.827353 0.318592 0.834123 0.331227 0.844956 0.341155 0.855112 0.352888 0.858497 0.354693 0.862559 0.354693 0.863913 0.352888 0.864590 0.348375 0.863236 0.341155 0.867976 0.329422 0.867976 0.318592 0.862559 0.306859 0.858497 0.302347 0.852404 0.298736 0.843602 0.298736 0.828707 0.307762
1 0.171293 0.484657 0.167908 0.488267 0.163169 0.499097 0.163169 0.512635 0.166554 0.526173 0.175355 0.537004 0.180772 0.540614 0.190928 0.541516 0.199052 0.537004 0.200406 0.533394 0.200406 0.520758 0.199052 0.515343 0.198375 0.502708 0.193636 0.489170 0.189573 0.484657 0.182126 0.481949 0.174678 0.482852
1 0.645904 0.393502 0.644550 0.395307 0.644550 0.396209 0.643873 0.397112 0.643873 0.398014 0.644550 0.398917 0.644550 0.400722 0.645227 0.401625 0.645904 0.401625 0.646581 0.402527 0.651320 0.402527 0.652674 0.400722 0.652674 0.397112 0.651320 0.395307 0.651320 0.394404 0.650643 0.393502 0.649289 0.393502 0.648612 0.392599 0.647258 0.392599 0.646581 0.393502
1 0.019634 0.444946 0.019634 0.449458 0.020988 0.451264 0.022343 0.451264 0.023020 0.452166 0.030467 0.453069 0.031144 0.453971 0.033852 0.453971 0.034529 0.454874 0.037238 0.454874 0.037915 0.455776 0.041977 0.455776 0.042654 0.456679 0.046039 0.455776 0.048747 0.453069 0.048747 0.448556 0.048070 0.447653 0.048070 0.444946 0.047393 0.444043 0.046716 0.439531 0.041977 0.433213 0.036561 0.430505 0.035207 0.430505 0.034529 0.431408 0.031144 0.431408 0.025728 0.435018
1 0.769804 0.448556 0.765064 0.448556 0.764387 0.449458 0.762356 0.449458 0.758294 0.452166 0.754909 0.457581 0.754909 0.459386 0.754232 0.460289 0.754232 0.471119 0.754909 0.472022 0.754909 0.474729 0.756940 0.480144 0.758294 0.481949 0.760325 0.481047 0.761002 0.480144 0.761002 0.478339 0.765741 0.472022 0.768450 0.470217 0.771835 0.470217 0.773189 0.468412 0.773189 0.466606 0.773866 0.465704 0.773866 0.462094 0.774543 0.461191 0.774543 0.455776 0.773866 0.454874 0.773866 0.453069
1 0.157075 0.354693 0.157075 0.359206 0.160460 0.363718 0.172647 0.367329 0.178741 0.370939 0.189573 0.371841 0.195667 0.369134 0.197698 0.365523 0.195667 0.362816 0.186865 0.360108 0.171293 0.345668 0.161137 0.346570
1 0.448883 0.440433 0.448883 0.441336 0.448206 0.442238 0.448206 0.447653 0.449560 0.449458 0.450237 0.449458 0.450914 0.450361 0.455653 0.450361 0.456330 0.451264 0.463101 0.451264 0.464455 0.449458 0.464455 0.446751 0.465132 0.445848 0.464455 0.444946 0.464455 0.442238 0.463778 0.441336 0.463101 0.438628 0.461747 0.436823 0.461070 0.436823 0.460393 0.435921 0.457684 0.435921 0.457007 0.435018 0.455653 0.435018 0.454976 0.435921 0.452945 0.435921 0.451591 0.437726 0.450914 0.437726
1 0.164523 0.330325 0.161137 0.341155 0.163169 0.344765 0.171970 0.346570 0.183480 0.357401 0.192282 0.362816 0.197021 0.362816 0.200406 0.360108 0.200406 0.355596 0.197698 0.351083 0.195667 0.336643 0.192959 0.331227 0.188896 0.326715 0.182126 0.323105 0.174001 0.323105
1 0.776574 0.433213 0.775220 0.433213 0.774543 0.434116 0.773866 0.434116 0.773189 0.435018 0.773189 0.435921 0.771835 0.437726 0.771835 0.438628 0.770481 0.440433 0.770481 0.441336 0.768450 0.444043 0.768450 0.444946 0.767772 0.445848 0.768450 0.446751 0.769127 0.446751 0.769804 0.447653 0.771158 0.447653 0.771835 0.448556 0.772512 0.448556 0.773189 0.447653 0.773866 0.447653 0.774543 0.446751 0.775220 0.446751 0.775897 0.445848 0.775897 0.444946 0.776574 0.444043 0.776574 0.441336 0.777251 0.440433 0.777251 0.438628 0.777928 0.437726 0.777928 0.435018
1 0.710223 0.376354 0.706161 0.372744 0.700745 0.372744 0.700068 0.371841 0.691943 0.371841 0.691266 0.372744 0.689235 0.372744 0.687204 0.375451 0.685850 0.375451 0.681787 0.379061 0.679079 0.383574 0.677725 0.387184 0.677725 0.391697 0.678402 0.392599 0.678402 0.396209 0.677725 0.397112 0.678402 0.398917 0.683142 0.397112 0.694651 0.387184 0.702099 0.387184 0.706838 0.388989 0.711578 0.388087 0.712255 0.387184 0.712255 0.383574
1 0.530129 0.389892 0.525389 0.386282 0.522681 0.386282 0.522004 0.387184 0.520650 0.387184 0.519973 0.388087 0.519296 0.388087 0.517942 0.389892 0.517942 0.390794 0.517265 0.391697 0.517265 0.393502 0.516588 0.394404 0.516588 0.402527 0.517265 0.403430 0.517265 0.404332 0.517942 0.405235 0.519296 0.405235 0.519973 0.404332 0.520650 0.404332 0.522681 0.401625 0.523358 0.401625 0.525389 0.398917 0.532160 0.398917 0.532160 0.393502 0.530129 0.390794
1 0.720379 0.439531 0.719025 0.441336 0.719025 0.442238 0.717671 0.444946 0.717671 0.447653 0.716994 0.448556 0.716994 0.452166 0.717671 0.453069 0.717671 0.458484 0.718348 0.459386 0.718348 0.466606 0.719702 0.468412 0.721733 0.468412 0.723764 0.465704 0.723764 0.464801 0.724441 0.463899 0.724441 0.462094 0.725118 0.461191 0.725118 0.459386 0.727150 0.454874 0.727150 0.448556 0.725796 0.446751 0.725796 0.445848 0.722410 0.441336 0.721733 0.441336
1 0.736628 0.489170 0.734597 0.490975 0.734597 0.498195 0.735274 0.499097 0.735274 0.503610 0.735951 0.504513 0.735951 0.512635 0.737982 0.517148 0.739336 0.518051 0.744076 0.518051 0.746784 0.516245 0.748138 0.514440 0.748138 0.492780 0.747461 0.490975 0.745430 0.489170
2 0.046716 0.559567 0.044685 0.559567 0.041300 0.561372 0.026405 0.562274 0.025728 0.563177 0.023020 0.563177 0.022343 0.564079 0.016249 0.564079 0.012864 0.565884 0.012864 0.566787 0.016926 0.570397 0.018280 0.570397 0.021666 0.573105 0.023697 0.573105 0.024374 0.574007 0.033852 0.574007 0.034529 0.573105 0.038592 0.573105 0.039269 0.572202 0.043331 0.571300 0.046716 0.567690
2 0.683142 0.525271 0.683142 0.527076 0.683819 0.527978 0.683819 0.528881 0.684496 0.529783 0.684496 0.530686 0.685850 0.532491 0.685850 0.533394 0.686527 0.534296 0.686527 0.535199 0.687204 0.536101 0.687881 0.536101 0.688558 0.537004 0.691943 0.537004 0.692620 0.536101 0.693297 0.536101 0.693974 0.535199 0.693974 0.534296 0.694651 0.533394 0.694651 0.527978 0.693974 0.527076 0.693974 0.526173 0.693297 0.526173 0.692620 0.525271 0.689235 0.525271 0.688558 0.524368 0.683819 0.524368
3 0.817197 0.643502 0.809072 0.638087 0.807718 0.635379 0.806364 0.635379 0.805687 0.636282 0.803656 0.636282 0.799594 0.638989 0.796886 0.642599 0.794854 0.643502 0.793500 0.645307 0.789438 0.645307 0.788761 0.647112 0.789438 0.648014 0.793500 0.648014 0.794177 0.648917 0.796209 0.648917 0.796886 0.649819 0.802979 0.649819 0.803656 0.650722 0.814489 0.650722 0.817197 0.647112
3 0.161814 0.598375 0.161814 0.599278 0.163169 0.601083 0.163846 0.606498 0.165877 0.609206 0.165877 0.610108 0.169939 0.612816 0.176032 0.612816 0.176710 0.611913 0.180095 0.611913 0.184157 0.609206 0.188896 0.609206 0.189573 0.608303 0.189573 0.605596 0.186188 0.601986 0.184157 0.601986 0.183480 0.601083 0.178064 0.601083 0.177387 0.600181 0.176032 0.600181 0.174678 0.599278 0.171293 0.594765 0.169262 0.596570 0.165877 0.596570 0.165200 0.597473 0.162492 0.597473
3 0.805687 0.636282 0.805687 0.637184 0.807041 0.637184 0.807718 0.638087 0.808395 0.638087 0.809749 0.639892 0.810427 0.639892 0.811781 0.641697 0.812458 0.641697 0.815166 0.645307 0.815843 0.645307 0.816520 0.646209 0.817874 0.646209 0.818551 0.645307 0.820582 0.644404 0.822613 0.641697 0.822613 0.640794 0.823290 0.639892 0.821936 0.637184 0.821259 0.637184 0.820582 0.636282 0.818551 0.635379 0.817197 0.633574 0.815166 0.632671 0.813135 0.629964 0.812458 0.629964 0.811104 0.628159 0.810427 0.628159 0.809072 0.629964 0.809072 0.630866 0.806364 0.634477 0.806364 0.635379
3 0.171970 0.583032 0.171293 0.584838 0.171293 0.596570 0.172647 0.598375 0.179418 0.600181 0.187542 0.604693 0.195667 0.604693 0.197698 0.601986 0.197698 0.600181 0.199052 0.596570 0.199052 0.592058 0.196344 0.583032 0.192959 0.582130 0.192282 0.581227 0.188896 0.583032 0.188219 0.582130 0.182126 0.582130 0.181449 0.581227 0.178741 0.581227 0.178064 0.580325 0.174678 0.580325
3 0.743399 0.546931 0.743399 0.549639 0.744076 0.550542 0.744753 0.550542 0.746107 0.552347 0.746784 0.552347 0.747461 0.553249 0.748815 0.553249 0.749492 0.554152 0.750846 0.554152 0.751523 0.555054 0.752200 0.555054 0.752877 0.554152 0.754909 0.554152 0.755586 0.553249 0.756940 0.553249 0.758971 0.550542 0.758971 0.549639 0.758294 0.548736 0.758294 0.547834 0.754909 0.543321 0.754232 0.543321 0.753555 0.542419 0.752200 0.542419 0.751523 0.541516 0.750846 0.542419 0.748815 0.542419 0.748138 0.543321 0.746784 0.543321 0.745430 0.545126 0.744753 0.545126
3 0.165877 0.601986 0.165877 0.605596 0.167231 0.609206 0.169262 0.611913 0.171970 0.613718 0.176032 0.613718 0.182803 0.617329 0.191605 0.619134 0.192282 0.620036 0.199052 0.620036 0.199729 0.619134 0.199052 0.618231 0.199052 0.613718 0.196344 0.603791 0.192282 0.605596 0.190928 0.603791 0.189573 0.603791 0.186188 0.601083 0.175355 0.601083 0.173324 0.600181 0.171970 0.598375 0.168585 0.599278
3 0.266080 0.631769 0.268111 0.635379 0.268788 0.638087 0.274882 0.638087 0.278267 0.635379 0.279621 0.635379 0.281652 0.632671 0.282329 0.632671 0.283683 0.630866 0.284360 0.630866 0.286391 0.628159 0.286391 0.625451 0.283683 0.622744 0.276236 0.622744 0.275559 0.621841 0.270142 0.621841 0.267434 0.624549 0.266757 0.624549 0.266757 0.625451 0.266080 0.626354
3 0.704130 0.529783 0.704130 0.530686 0.703453 0.531588 0.703453 0.533394 0.704130 0.534296 0.704130 0.536101 0.704807 0.537004 0.704807 0.537906 0.705484 0.538809 0.706161 0.538809 0.706838 0.539711 0.708869 0.539711 0.709546 0.540614 0.710223 0.539711 0.711578 0.539711 0.712255 0.538809 0.712932 0.538809 0.714286 0.537004 0.714286 0.535199 0.714963 0.534296 0.714963 0.531588 0.714286 0.530686 0.714286 0.529783 0.713609 0.528881 0.706838 0.528881 0.706161 0.527978 0.705484 0.528881 0.704807 0.528881
3 0.199052 0.620939 0.199052 0.622744 0.198375 0.623646 0.198375 0.627256 0.197698 0.628159 0.197698 0.629964 0.198375 0.630866 0.198375 0.631769 0.199729 0.633574 0.205823 0.633574 0.206500 0.632671 0.207854 0.632671 0.208531 0.631769 0.209208 0.631769 0.210562 0.629964 0.211239 0.629964 0.211239 0.626354 0.210562 0.626354 0.209208 0.624549 0.208531 0.624549 0.207177 0.622744 0.206500 0.622744 0.204469 0.620939
