0 0.317690 0.433311 0.305054 0.435342 0.297834 0.441435 0.298736 0.467840 0.273466 0.484766 0.269856 0.492891 0.270758 0.557888 0.277076 0.575491 0.287906 0.580230 0.281588 0.658091 0.296029 0.664184 0.300542 0.658091 0.304152 0.573460 0.280686 0.515234 0.294224 0.475288 0.325812 0.456330 0.328520 0.439404
0 0.363718 0.404198 0.337545 0.415708 0.327617 0.459716 0.295126 0.476642 0.282491 0.514557 0.305957 0.574137 0.291516 0.760325 0.305957 0.766418 0.325812 0.752200 0.319495 0.725118 0.344765 0.644550 0.351083 0.773866 0.411552 0.762356 0.379061 0.745430 0.377256 0.710223 0.394404 0.627624 0.420578 0.605958 0.405235 0.483412 0.376354 0.463101 0.388989 0.420447
0 0.747292 0.427894 0.725632 0.437373 0.721119 0.448206 0.727437 0.470548 0.747292 0.487475 0.731949 0.515234 0.715704 0.606635 0.729242 0.614083 0.747292 0.671632 0.739170 0.689235 0.709386 0.696682 0.722924 0.716994 0.762635 0.720379 0.776173 0.717671 0.781588 0.678402 0.773466 0.614760 0.795126 0.610697 0.794224 0.539607 0.787004 0.496276 0.768953 0.468517 0.774368 0.443466 0.764440 0.431280
0 0.241877 0.437373 0.222022 0.441435 0.216606 0.448883 0.222022 0.480704 0.204874 0.512525 0.209386 0.610020 0.190433 0.675017 0.188628 0.706161 0.210289 0.721056 0.261733 0.710223 0.242780 0.700068 0.240975 0.685850 0.259928 0.643196 0.262635 0.598511 0.277978 0.587001 0.263538 0.514557 0.246390 0.488152 0.259025 0.482058 0.269856 0.456330 0.257220 0.440758
0 0.611011 0.416385 0.585740 0.428571 0.587545 0.474611 0.552347 0.492891 0.537004 0.602573 0.556859 0.626947 0.550542 0.748138 0.521661 0.762356 0.565884 0.777928 0.591155 0.754909 0.587545 0.686527 0.608303 0.637779 0.626354 0.664861 0.632671 0.738659 0.647112 0.768450 0.662455 0.765741 0.668773 0.742722 0.657040 0.612728 0.669675 0.507109 0.664260 0.492214 0.633574 0.474611 0.633574 0.427894
0 0.498195 0.431280 0.484657 0.442112 0.488267 0.466486 0.466606 0.477319 0.452166 0.501693 0.457581 0.509817 0.455776 0.557211 0.467509 0.563304 0.471119 0.589709 0.467509 0.649289 0.481047 0.651320 0.490975 0.642519 0.491877 0.596479 0.500903 0.568720 0.511733 0.598511 0.513538 0.637779 0.521661 0.650643 0.532491 0.654028 0.537906 0.646581 0.531588 0.587001 0.549639 0.489506 0.543321 0.477319 0.517148 0.463101 0.517148 0.438727
0 0.653430 0.449560 0.639892 0.455653 0.636282 0.473934 0.663357 0.488829 0.669675 0.498307 0.672383 0.551794 0.666968 0.598511 0.675993 0.620176 0.683213 0.681787 0.699458 0.684496 0.703971 0.637779 0.696751 0.587001 0.698556 0.576168 0.711191 0.563304 0.710289 0.512525 0.703971 0.494245 0.680505 0.482058 0.675090 0.456330 0.667870 0.450914
1 0.485560 0.440081 0.484657 0.444144 0.483755 0.444821 0.483755 0.449560 0.486462 0.450914 0.488267 0.450914 0.491877 0.449560 0.509025 0.449560 0.509928 0.450237 0.518051 0.450237 0.518953 0.449560 0.519856 0.444144 0.518953 0.443466 0.518051 0.439404 0.515343 0.436019 0.508123 0.431957 0.505415 0.431957 0.504513 0.431280 0.497292 0.431280 0.496390 0.431957 0.494585 0.431957 0.489170 0.435342
1 0.775271 0.444821 0.769856 0.435342 0.763538 0.430603 0.755415 0.427894 0.740975 0.428571 0.731949 0.431957 0.724729 0.438050 0.721119 0.446852 0.720217 0.456330 0.723827 0.457007 0.728339 0.454976 0.764440 0.453622 0.772563 0.451591 0.776173 0.449560
1 0.304152 0.436019 0.297834 0.441435 0.296029 0.445498 0.296029 0.448206 0.295126 0.448883 0.295126 0.454299 0.296029 0.455653 0.299639 0.457007 0.301444 0.456330 0.305054 0.456330 0.305957 0.455653 0.320397 0.455653 0.324007 0.457007 0.325812 0.455653 0.326715 0.450914 0.327617 0.450237 0.327617 0.447529 0.328520 0.446852 0.328520 0.443466 0.329422 0.442789 0.328520 0.439404 0.320397 0.433988 0.309567 0.433988
1 0.214801 0.452945 0.215704 0.464455 0.216606 0.465809 0.223827 0.467840 0.245487 0.466486 0.254513 0.463778 0.265343 0.462424 0.270758 0.459716 0.270758 0.456330 0.263538 0.444821 0.259025 0.441435 0.247292 0.437373 0.234657 0.437373 0.222924 0.440758 0.220217 0.442789
1 0.585740 0.427894 0.581227 0.438050 0.581227 0.442789 0.584838 0.447529 0.625451 0.450237 0.635379 0.449560 0.638989 0.446852 0.638989 0.442112 0.634477 0.428571 0.631769 0.424509 0.619134 0.417062 0.615523 0.416385 0.601986 0.417062 0.594765 0.420447
1 0.341155 0.410968 0.332130 0.424509 0.332130 0.427217 0.334838 0.430603 0.347473 0.431280 0.347473 0.435342 0.355596 0.436019 0.359206 0.437373 0.365523 0.436019 0.368231 0.437373 0.377256 0.436696 0.386282 0.439404 0.389892 0.437373 0.389892 0.422478 0.388087 0.416385 0.384477 0.411645 0.379061 0.407583 0.370939 0.404875 0.357401 0.403521 0.348375 0.406229
1 0.672383 0.453622 0.667870 0.450914 0.663357 0.449560 0.654332 0.449560 0.645307 0.452268 0.638989 0.456330 0.636282 0.460393 0.636282 0.466486 0.635379 0.467163 0.635379 0.472580 0.638989 0.475965 0.645307 0.475965 0.660650 0.472580 0.666065 0.472580 0.666968 0.471903 0.678700 0.470548 0.680505 0.466486
3 0.520758 0.639810 0.518953 0.641165 0.518953 0.642519 0.518051 0.643196 0.518051 0.643873 0.518953 0.644550 0.518953 0.646581 0.519856 0.647258 0.520758 0.650643 0.522563 0.651997 0.522563 0.652674 0.523466 0.652674 0.524368 0.653351 0.526173 0.653351 0.527076 0.654028 0.537004 0.654028 0.538809 0.652674 0.538809 0.651320 0.539711 0.650643 0.539711 0.649966 0.538809 0.649289 0.538809 0.647258 0.537004 0.645227 0.537004 0.643873 0.536101 0.643196 0.536101 0.641842 0.535199 0.641165 0.534296 0.639133 0.532491 0.637779 0.528881 0.637779 0.527978 0.638456 0.525271 0.638456 0.524368 0.639133 0.522563 0.639133 0.521661 0.639810
3 0.188628 0.698037 0.188628 0.698714 0.187726 0.699391 0.187726 0.701422 0.186823 0.702099 0.186823 0.710223 0.189531 0.711578 0.199458 0.711578 0.199458 0.710223 0.200361 0.709546 0.200361 0.706161 0.201264 0.705484 0.201264 0.701422 0.200361 0.700745 0.200361 0.700068 0.199458 0.699391 0.195848 0.699391 0.194946 0.698714 0.192238 0.698714 0.191336 0.698037
3 0.413357 0.758294 0.410650 0.754909 0.400722 0.754232 0.386282 0.748138 0.379061 0.747461 0.376354 0.749492 0.373646 0.754232 0.363718 0.758294 0.346570 0.758971 0.343863 0.762356 0.342960 0.769127 0.343863 0.771835 0.347473 0.773866 0.359206 0.773866 0.383574 0.768450 0.407040 0.765741 0.411552 0.763033
3 0.714801 0.709546 0.716606 0.714286 0.721119 0.716994 0.736462 0.721056 0.772563 0.720379 0.775271 0.719702 0.777076 0.717671 0.777076 0.713609 0.775271 0.711578 0.765343 0.710900 0.749097 0.702776 0.739170 0.704807 0.722924 0.705484 0.716606 0.707515
3 0.622744 0.660799 0.620036 0.659445 0.618231 0.659445 0.617329 0.660122 0.615523 0.660122 0.614621 0.660799 0.612816 0.660799 0.611913 0.661476 0.609206 0.662153 0.607401 0.663507 0.607401 0.664184 0.605596 0.666215 0.605596 0.668246 0.606498 0.668923 0.606498 0.669601 0.608303 0.670955 0.610108 0.670955 0.611011 0.671632 0.626354 0.671632 0.626354 0.667569 0.623646 0.664184 0.623646 0.662830 0.622744 0.662153
3 0.285199 0.648612 0.282491 0.650643 0.282491 0.651997 0.281588 0.652674 0.281588 0.658768 0.282491 0.659445 0.282491 0.660122 0.284296 0.661476 0.285199 0.661476 0.287906 0.662830 0.289711 0.662830 0.290614 0.663507 0.293321 0.663507 0.294224 0.664184 0.297834 0.664184 0.298736 0.663507 0.299639 0.663507 0.299639 0.662830 0.300542 0.662153 0.300542 0.649289 0.299639 0.648612 0.299639 0.647935 0.296931 0.646581 0.294224 0.646581 0.293321 0.647258 0.289711 0.647258 0.287004 0.648612
3 0.325812 0.744076 0.323105 0.742722 0.320397 0.746107 0.314079 0.750169 0.305054 0.750846 0.304152 0.751523 0.298736 0.751523 0.297834 0.750846 0.293321 0.751523 0.290614 0.757617 0.290614 0.761679 0.292419 0.763710 0.298736 0.766418 0.301444 0.766418 0.302347 0.767095 0.305957 0.767095 0.310469 0.765741 0.326715 0.752877 0.327617 0.751523 0.327617 0.747461
3 0.263538 0.708869 0.260830 0.706838 0.254513 0.705484 0.249097 0.702776 0.241877 0.702099 0.234657 0.706161 0.231949 0.708869 0.222022 0.712932 0.203971 0.712932 0.203069 0.715640 0.204874 0.719025 0.207581 0.721056 0.213899 0.721733 0.231047 0.717671 0.236462 0.717671 0.250903 0.714963 0.259928 0.714286 0.262635 0.712932
3 0.750903 0.696005 0.747292 0.694651 0.744585 0.691943 0.740975 0.689912 0.736462 0.689912 0.730144 0.691943 0.710289 0.691943 0.709386 0.692620 0.709386 0.695328 0.708484 0.696005 0.709386 0.696682 0.709386 0.698714 0.712094 0.701422 0.717509 0.703453 0.730144 0.704130 0.731047 0.704807 0.731949 0.704130 0.740072 0.704130 0.740975 0.703453 0.748195 0.702099 0.750903 0.700068
3 0.521661 0.761002 0.521661 0.765064 0.524368 0.767095 0.539711 0.772512 0.546029 0.773189 0.553249 0.775897 0.567690 0.778605 0.574910 0.777928 0.578520 0.775897 0.579422 0.767772 0.577617 0.762356 0.574910 0.760325 0.569495 0.760325 0.564079 0.763033 0.558664 0.763033 0.552347 0.758971 0.546931 0.750846 0.543321 0.750846 0.527076 0.756940
3 0.638989 0.746784 0.638087 0.747461 0.638087 0.752200 0.638989 0.752877 0.638989 0.756263 0.639892 0.756940 0.639892 0.762356 0.642599 0.767095 0.644404 0.768450 0.650722 0.769804 0.651625 0.770481 0.656137 0.770481 0.659747 0.769127 0.664260 0.765064 0.664260 0.763033 0.665162 0.762356 0.665162 0.754232 0.664260 0.753555 0.664260 0.752200 0.663357 0.752877 0.658845 0.752877 0.657942 0.753555 0.656137 0.752877 0.652527 0.752877 0.647112 0.750846 0.643502 0.747461 0.641697 0.746784
3 0.488267 0.636425 0.486462 0.636425 0.485560 0.635748 0.476534 0.635748 0.475632 0.636425 0.474729 0.636425 0.466606 0.647258 0.466606 0.647935 0.467509 0.648612 0.467509 0.650643 0.471119 0.650643 0.472022 0.651320 0.475632 0.651320 0.476534 0.651997 0.479242 0.651997 0.480144 0.651320 0.481949 0.651320 0.482852 0.650643 0.483755 0.650643 0.484657 0.649966 0.484657 0.649289 0.488267 0.647258 0.488267 0.646581 0.490975 0.643873 0.490975 0.638456 0.490072 0.637779 0.490072 0.637102 0.489170 0.637102
3 0.695848 0.668246 0.694043 0.668246 0.692238 0.669601 0.690433 0.669601 0.689531 0.670278 0.688628 0.670278 0.687726 0.669601 0.685018 0.669601 0.683213 0.670955 0.683213 0.674340 0.682310 0.675017 0.682310 0.680433 0.683213 0.681110 0.683213 0.682464 0.685921 0.684496 0.687726 0.684496 0.688628 0.685173 0.699458 0.685173 0.703069 0.683142 0.703069 0.677725 0.699458 0.674340 0.699458 0.672986 0.697653 0.670955 0.697653 0.669601
