0 0.789697 0.487356 0.782793 0.485057 0.778014 0.490805 0.776421 0.508046 0.767924 0.521839 0.763675 0.543678 0.763144 0.552874 0.757833 0.563218 0.757302 0.577011 0.758364 0.579310 0.778545 0.589655 0.783324 0.589655 0.790228 0.577011 0.793946 0.564368 0.799257 0.562069 0.802443 0.556322 0.803505 0.547126 0.798725 0.531034 0.791291 0.516092 0.792353 0.497701
0 0.081784 0.443678 0.078067 0.441379 0.074349 0.442529 0.068508 0.454023 0.062135 0.459770 0.059480 0.464368 0.052576 0.494253 0.053107 0.506897 0.059480 0.518391 0.060011 0.528736 0.063197 0.534483 0.067977 0.535632 0.074349 0.525287 0.093999 0.525287 0.096654 0.521839 0.096654 0.518391 0.090281 0.506897 0.087626 0.495402 0.086033 0.474713 0.086564 0.463218 0.084440 0.449425
0 0.314923 0.420690 0.311737 0.421839 0.309612 0.425287 0.308550 0.431034 0.308550 0.445977 0.305364 0.455172 0.305364 0.460920 0.307488 0.474713 0.307488 0.478161 0.306426 0.480460 0.305895 0.500000 0.309612 0.508046 0.309612 0.514943 0.318109 0.512644 0.323951 0.493103 0.323420 0.483908 0.325013 0.474713 0.324482 0.456322 0.319703 0.442529 0.319172 0.427586 0.317047 0.421839
0 0.373340 0.406897 0.371216 0.411494 0.370685 0.414943 0.371747 0.424138 0.371747 0.428736 0.370685 0.434483 0.369623 0.436782 0.366437 0.439080 0.364843 0.442529 0.365905 0.445977 0.372278 0.451724 0.375996 0.460920 0.380775 0.460920 0.382369 0.459770 0.384493 0.455172 0.384493 0.447126 0.385555 0.441379 0.385555 0.434483 0.383962 0.426437 0.381306 0.420690 0.379713 0.411494 0.377589 0.406897
0 0.784387 0.470115 0.776421 0.464368 0.768986 0.464368 0.751992 0.455172 0.745088 0.458621 0.742963 0.463218 0.742432 0.470115 0.744025 0.488506 0.747743 0.508046 0.749867 0.539080 0.752523 0.543678 0.758364 0.547126 0.760489 0.541379 0.761551 0.532184 0.764737 0.528736 0.767924 0.518391 0.764206 0.502299 0.764737 0.498851 0.768455 0.491954 0.776421 0.493103 0.781200 0.485057 0.786511 0.483908 0.786511 0.475862
0 0.300053 0.466667 0.297929 0.464368 0.293680 0.464368 0.293149 0.463218 0.290494 0.464368 0.282528 0.475862 0.275624 0.491954 0.275093 0.496552 0.271375 0.505747 0.270313 0.510345 0.270844 0.514943 0.281466 0.518391 0.291025 0.514943 0.293149 0.510345 0.295274 0.498851 0.297929 0.490805 0.298460 0.483908 0.300584 0.477012
0 0.228890 0.429885 0.224110 0.428736 0.221986 0.431034 0.219862 0.435632 0.219331 0.440230 0.215082 0.447126 0.215082 0.456322 0.213489 0.459770 0.211896 0.473563 0.212427 0.490805 0.209772 0.497701 0.209772 0.504598 0.215613 0.505747 0.223579 0.502299 0.227828 0.509195 0.231014 0.509195 0.234201 0.504598 0.235263 0.493103 0.237918 0.481609 0.237918 0.463218 0.236325 0.457471 0.233139 0.451724 0.232076 0.437931
0 0.515135 0.406897 0.509294 0.406897 0.507169 0.413793 0.507169 0.420690 0.510356 0.435632 0.506107 0.458621 0.502921 0.465517 0.494424 0.472414 0.494955 0.504598 0.492300 0.511494 0.492831 0.514943 0.499203 0.516092 0.501859 0.511494 0.505576 0.511494 0.510887 0.518391 0.515666 0.518391 0.518322 0.514943 0.517791 0.491954 0.522039 0.477012 0.522039 0.444828 0.518322 0.429885 0.517260 0.411494
0 0.367499 0.459770 0.362719 0.470115 0.362188 0.478161 0.363781 0.490805 0.355284 0.512644 0.352098 0.527586 0.351567 0.543678 0.356346 0.545977 0.357408 0.532184 0.360064 0.526437 0.363250 0.531034 0.368561 0.550575 0.373871 0.552874 0.378120 0.562069 0.383431 0.566667 0.387679 0.552874 0.387679 0.542529 0.391397 0.528736 0.392990 0.504598 0.388741 0.490805 0.377589 0.480460 0.377058 0.467816 0.373871 0.460920
0 0.400956 0.300000 0.390335 0.327586 0.399363 0.390805 0.392459 0.421839 0.395114 0.495402 0.385024 0.572414 0.390335 0.596552 0.397238 0.568965 0.399894 0.582759 0.395645 0.698851 0.387679 0.736782 0.373340 0.755172 0.398301 0.765517 0.414764 0.690805 0.431758 0.755172 0.431227 0.772414 0.414764 0.796552 0.441848 0.800000 0.449814 0.781609 0.432820 0.620690 0.438131 0.559770 0.435475 0.425287 0.422199 0.385057 0.423792 0.362069 0.415295 0.317241
0 0.476899 0.368966 0.474774 0.370115 0.473181 0.372414 0.473181 0.374713 0.472119 0.378161 0.472119 0.381609 0.471588 0.382759 0.471588 0.410345 0.472119 0.411494 0.472119 0.418391 0.473181 0.421839 0.475836 0.420690 0.477430 0.418391 0.478492 0.409195 0.479554 0.405747 0.480085 0.394253 0.480616 0.393103 0.480616 0.380460 0.479023 0.373563
0 0.677111 0.428736 0.673925 0.428736 0.669676 0.432184 0.667021 0.436782 0.665428 0.444828 0.664365 0.459770 0.665959 0.472414 0.665959 0.480460 0.667552 0.490805 0.668083 0.501149 0.671269 0.501149 0.672862 0.497701 0.673394 0.491954 0.674987 0.487356 0.676049 0.480460 0.675518 0.477012 0.677111 0.472414 0.678704 0.471264 0.682422 0.463218 0.682422 0.449425 0.679235 0.431034
1 0.531067 0.390805 0.531067 0.391954 0.530536 0.393103 0.530536 0.396552 0.531599 0.398851 0.532130 0.398851 0.532661 0.400000 0.534254 0.400000 0.534785 0.398851 0.535847 0.398851 0.536378 0.397701 0.536378 0.396552 0.537971 0.393103 0.537440 0.391954 0.537440 0.390805 0.536909 0.389655 0.535847 0.389655 0.535316 0.388506 0.532661 0.388506 0.532130 0.389655 0.531599 0.389655
1 0.772172 0.462069 0.771110 0.464368 0.771110 0.471264 0.772172 0.474713 0.772172 0.481609 0.772703 0.482759 0.773234 0.482759 0.774827 0.485057 0.775890 0.485057 0.776421 0.486207 0.779076 0.486207 0.779607 0.485057 0.781200 0.483908 0.781200 0.482759 0.780138 0.479310 0.780138 0.475862 0.779607 0.474713 0.779607 0.472414 0.780138 0.471264 0.780138 0.468966 0.779076 0.466667 0.778545 0.466667 0.778014 0.465517 0.777483 0.465517 0.774827 0.462069
1 0.779607 0.470115 0.779607 0.471264 0.780138 0.472414 0.780138 0.474713 0.780669 0.475862 0.780669 0.478161 0.781200 0.479310 0.781200 0.483908 0.781731 0.483908 0.782262 0.485057 0.786511 0.485057 0.787042 0.483908 0.787573 0.483908 0.787573 0.481609 0.788104 0.480460 0.787573 0.479310 0.787573 0.477012 0.787042 0.475862 0.787042 0.474713 0.786511 0.473563 0.786511 0.472414 0.785449 0.470115 0.784918 0.470115 0.784387 0.468966 0.780138 0.468966
1 0.303240 0.404598 0.302177 0.404598 0.301646 0.403448 0.300053 0.403448 0.299522 0.404598 0.298991 0.404598 0.297929 0.406897 0.297929 0.409195 0.297398 0.410345 0.297398 0.414943 0.297929 0.416092 0.297929 0.418391 0.298460 0.419540 0.298460 0.420690 0.299522 0.422989 0.300584 0.422989 0.301115 0.421839 0.302708 0.421839 0.303240 0.420690 0.303771 0.420690 0.303771 0.416092 0.304302 0.414943 0.304302 0.410345 0.303771 0.409195 0.303771 0.405747
1 0.508232 0.409195 0.508232 0.410345 0.507169 0.413793 0.507169 0.420690 0.507701 0.421839 0.508232 0.421839 0.508763 0.422989 0.516198 0.422989 0.517791 0.420690 0.517791 0.413793 0.517260 0.412644 0.517260 0.410345 0.515666 0.406897 0.515135 0.406897 0.514604 0.405747 0.513011 0.405747 0.512480 0.404598 0.511418 0.404598 0.510887 0.405747 0.510356 0.405747 0.509825 0.406897 0.509294 0.406897
1 0.545937 0.396552 0.545937 0.397701 0.545406 0.398851 0.545406 0.406897 0.545937 0.408046 0.546468 0.408046 0.546999 0.409195 0.550717 0.409195 0.551248 0.408046 0.553372 0.408046 0.553903 0.406897 0.553903 0.400000 0.553372 0.398851 0.553372 0.397701 0.552310 0.395402 0.551248 0.395402 0.550717 0.394253 0.549124 0.394253 0.548593 0.395402 0.547531 0.395402 0.546999 0.396552
1 0.284652 0.411494 0.284652 0.413793 0.285183 0.414943 0.285183 0.416092 0.286245 0.418391 0.288901 0.418391 0.289432 0.419540 0.289963 0.418391 0.290494 0.418391 0.291025 0.417241 0.291556 0.417241 0.292087 0.416092 0.292618 0.416092 0.293680 0.413793 0.293680 0.409195 0.292618 0.406897 0.291556 0.406897 0.291025 0.405747 0.288370 0.405747 0.287839 0.406897 0.286245 0.406897 0.285183 0.409195 0.285183 0.410345
1 0.071163 0.447126 0.070632 0.451724 0.070101 0.452874 0.070101 0.455172 0.071163 0.459770 0.073287 0.465517 0.073818 0.465517 0.074881 0.467816 0.075412 0.467816 0.076474 0.470115 0.078598 0.472414 0.080722 0.472414 0.081784 0.473563 0.082315 0.472414 0.084440 0.472414 0.085502 0.471264 0.086033 0.466667 0.086564 0.465517 0.086564 0.463218 0.086033 0.462069 0.086033 0.458621 0.085502 0.457471 0.084971 0.451724 0.082847 0.444828 0.080722 0.442529 0.077005 0.441379 0.076474 0.442529 0.074349 0.442529 0.072225 0.444828
1 0.309081 0.426437 0.309081 0.428736 0.308550 0.429885 0.308550 0.435632 0.310143 0.439080 0.315454 0.439080 0.315985 0.440230 0.318640 0.440230 0.319703 0.437931 0.319703 0.431034 0.319172 0.429885 0.319172 0.427586 0.318640 0.426437 0.318640 0.425287 0.317047 0.421839 0.315454 0.421839 0.314923 0.420690 0.313330 0.420690 0.312799 0.421839 0.311737 0.421839 0.311206 0.422989 0.310674 0.422989
1 0.449283 0.366667 0.448752 0.367816 0.447159 0.367816 0.446628 0.368966 0.446097 0.368966 0.446097 0.373563 0.445566 0.374713 0.445566 0.375862 0.446097 0.377012 0.446097 0.379310 0.447690 0.379310 0.448221 0.380460 0.449283 0.380460 0.449814 0.379310 0.450345 0.379310 0.451407 0.377012 0.451407 0.371264
1 0.219331 0.437931 0.219331 0.442529 0.220393 0.442529 0.220924 0.443678 0.224110 0.443678 0.224642 0.444828 0.225704 0.444828 0.226235 0.445977 0.227828 0.445977 0.228359 0.447126 0.229421 0.447126 0.229952 0.448276 0.231545 0.448276 0.232608 0.445977 0.232608 0.441379 0.232076 0.440230 0.232076 0.437931 0.231545 0.436782 0.231545 0.435632 0.229952 0.432184 0.229952 0.431034 0.229421 0.431034 0.228359 0.428736 0.224110 0.428736 0.223579 0.429885 0.221986 0.431034 0.219862 0.435632 0.219862 0.436782
1 0.370685 0.414943 0.371216 0.416092 0.371216 0.419540 0.372278 0.421839 0.375996 0.421839 0.376527 0.420690 0.377058 0.420690 0.377589 0.419540 0.378120 0.419540 0.378651 0.418391 0.379182 0.418391 0.379713 0.417241 0.379713 0.416092 0.380244 0.414943 0.379713 0.413793 0.379713 0.411494 0.378120 0.408046 0.377589 0.408046 0.377058 0.406897 0.373340 0.406897 0.371216 0.411494 0.371216 0.413793
1 0.772703 0.465517 0.772703 0.474713 0.773234 0.475862 0.773234 0.478161 0.772703 0.479310 0.772703 0.480460 0.773234 0.481609 0.778014 0.486207 0.779076 0.488506 0.780669 0.486207 0.782262 0.486207 0.782793 0.485057 0.785980 0.485057 0.787042 0.482759 0.787042 0.481609 0.787573 0.480460 0.787042 0.479310 0.787042 0.475862 0.786511 0.474713 0.786511 0.473563 0.784918 0.470115 0.784387 0.470115 0.783856 0.468966 0.782262 0.468966 0.781731 0.467816 0.780138 0.467816 0.779607 0.466667 0.778545 0.466667 0.778014 0.465517 0.776952 0.465517 0.776421 0.464368 0.773765 0.464368 0.773234 0.465517
1 0.400425 0.300000 0.395645 0.308046 0.390335 0.328736 0.390335 0.341379 0.391397 0.345977 0.393521 0.350575 0.400425 0.354023 0.407860 0.354023 0.415295 0.347126 0.417950 0.341379 0.418481 0.336782 0.417950 0.335632 0.417950 0.327586 0.413170 0.309195 0.409984 0.302299 0.407860 0.300000 0.405204 0.298851
1 0.778014 0.491954 0.778014 0.498851 0.778545 0.498851 0.779076 0.500000 0.780138 0.500000 0.780669 0.501149 0.782793 0.501149 0.783324 0.502299 0.785980 0.503448 0.786511 0.504598 0.787042 0.504598 0.789697 0.510345 0.791291 0.509195 0.792353 0.506897 0.792353 0.495402 0.791822 0.494253 0.791291 0.490805 0.789166 0.486207 0.788104 0.486207 0.786511 0.483908 0.784918 0.483908 0.784387 0.485057 0.782262 0.485057 0.781731 0.486207 0.780138 0.487356
1 0.361657 0.479310 0.362719 0.481609 0.363250 0.481609 0.363781 0.482759 0.365374 0.482759 0.365905 0.483908 0.370685 0.477012 0.376527 0.477012 0.377589 0.473563 0.377589 0.471264 0.377058 0.470115 0.377058 0.467816 0.373871 0.460920 0.372809 0.460920 0.372278 0.459770 0.367499 0.459770 0.366968 0.460920 0.365905 0.460920 0.363250 0.466667 0.363250 0.467816 0.362719 0.468966 0.362719 0.473563 0.361657 0.477012
1 0.285183 0.473563 0.285183 0.477012 0.286776 0.478161 0.287839 0.480460 0.288370 0.480460 0.288901 0.481609 0.294742 0.481609 0.295274 0.480460 0.295805 0.480460 0.296867 0.478161 0.298460 0.477012 0.298460 0.475862 0.299522 0.473563 0.299522 0.470115 0.298991 0.468966 0.298991 0.467816 0.297929 0.465517 0.297398 0.465517 0.296867 0.464368 0.295805 0.464368 0.295274 0.463218 0.291556 0.463218 0.291025 0.464368 0.289963 0.464368 0.289432 0.465517 0.288901 0.465517 0.286776 0.470115 0.286245 0.470115 0.286245 0.471264
1 0.472119 0.367816 0.472119 0.373563 0.472650 0.374713 0.472650 0.375862 0.473712 0.378161 0.474774 0.378161 0.475305 0.377012 0.477430 0.377012 0.477961 0.375862 0.477961 0.371264 0.476899 0.368966 0.476899 0.367816 0.476368 0.367816 0.475836 0.366667 0.474243 0.366667 0.473712 0.365517 0.473181 0.366667 0.472650 0.366667
2 0.378120 0.562069 0.378120 0.564368 0.378651 0.565517 0.378651 0.566667 0.379182 0.567816 0.379182 0.568965 0.379713 0.570115 0.381306 0.570115 0.381837 0.571264 0.383431 0.571264 0.385024 0.567816 0.385024 0.560920 0.384493 0.559770 0.380775 0.559770 0.380244 0.560920 0.378651 0.560920
2 0.308019 0.508046 0.308019 0.514943 0.308550 0.514943 0.309081 0.516092 0.309612 0.516092 0.310143 0.517241 0.311206 0.517241 0.311737 0.516092 0.314392 0.516092 0.314923 0.514943 0.315985 0.514943 0.315985 0.513793 0.317047 0.511494 0.316516 0.511494 0.314923 0.508046 0.313330 0.508046 0.312799 0.506897 0.311206 0.506897 0.310674 0.505747 0.310143 0.505747 0.309612 0.506897 0.308550 0.506897
2 0.372809 0.750575 0.372809 0.756322 0.375465 0.762069 0.380775 0.766667 0.386617 0.767816 0.387148 0.768966 0.397238 0.768966 0.398832 0.767816 0.399894 0.765517 0.399894 0.758621 0.397770 0.755172 0.392459 0.755172 0.391928 0.754023 0.390335 0.754023 0.389272 0.752874 0.387148 0.748276 0.386617 0.744828 0.385024 0.742529 0.377589 0.743678 0.375996 0.744828
2 0.518322 0.518391 0.518322 0.514943 0.516729 0.511494 0.515666 0.511494 0.515135 0.510345 0.514073 0.510345 0.513542 0.511494 0.510356 0.511494 0.509825 0.512644 0.509294 0.512644 0.508763 0.513793 0.508232 0.513793 0.507701 0.514943 0.507169 0.514943 0.508763 0.518391 0.509294 0.518391 0.509825 0.519540 0.517260 0.519540 0.517791 0.518391
3 0.491237 0.511494 0.491237 0.514943 0.491768 0.514943 0.492300 0.516092 0.495486 0.516092 0.496017 0.517241 0.500266 0.517241 0.500797 0.516092 0.501859 0.516092 0.502390 0.514943 0.502390 0.513793 0.501859 0.512644 0.501859 0.511494 0.499734 0.506897 0.499203 0.506897 0.498672 0.505747 0.494955 0.505747 0.493893 0.508046 0.493362 0.508046 0.491768 0.511494
3 0.413702 0.795402 0.415295 0.800000 0.417419 0.801149 0.422730 0.801149 0.423261 0.802299 0.440786 0.801149 0.448752 0.795402 0.449814 0.791954 0.449814 0.781609 0.447690 0.775862 0.446097 0.774713 0.442910 0.779310 0.438131 0.780460 0.432289 0.773563 0.428040 0.774713 0.426447 0.778161 0.414233 0.789655
3 0.518853 0.504598 0.518322 0.503448 0.517791 0.503448 0.517260 0.502299 0.516198 0.502299 0.515666 0.501149 0.514604 0.501149 0.514073 0.502299 0.513011 0.502299 0.512480 0.503448 0.511949 0.503448 0.511949 0.504598 0.508763 0.511494 0.508232 0.511494 0.508232 0.514943 0.509825 0.518391 0.511418 0.518391 0.511949 0.519540 0.514604 0.519540 0.515135 0.518391 0.517791 0.518391 0.518853 0.516092
