0 0.723764 0.240072 0.715640 0.290614 0.746784 0.372744 0.698714 0.439531 0.732566 0.525271 0.718348 0.542419 0.667569 0.544224 0.570752 0.490975 0.549763 0.500000 0.660799 0.624549 0.629655 0.823105 0.620176 0.999097 0.673663 0.994585 0.688558 0.951264 0.694651 0.995487 0.740014 0.993682 0.773866 0.702166 0.830061 0.567690 0.813812 0.483755 0.827353 0.465704 0.821936 0.416065 0.784022 0.372744 0.752877 0.253610
0 0.650643 0.342960 0.646581 0.344765 0.645227 0.352888 0.639133 0.362816 0.641165 0.387184 0.638456 0.400722 0.638456 0.404332 0.639810 0.405235 0.642519 0.404332 0.647258 0.391697 0.648612 0.394404 0.649289 0.405235 0.651320 0.406137 0.653351 0.404332 0.652674 0.370036 0.656060 0.360108 0.656060 0.351083 0.654028 0.344765
0 0.609343 0.347473 0.605958 0.351986 0.605958 0.357401 0.603250 0.370036 0.602573 0.397112 0.604604 0.415162 0.608666 0.414260 0.607312 0.406137 0.607989 0.401625 0.611374 0.398014 0.612051 0.379964 0.614083 0.370939 0.614083 0.357401 0.613406 0.356498 0.614083 0.351083 0.612728 0.348375
0 0.265403 0.324007 0.261341 0.332130 0.270142 0.348375 0.268111 0.413357 0.286391 0.414260 0.296547 0.419675 0.313473 0.436823 0.327014 0.467509 0.366960 0.470217 0.371022 0.461191 0.369668 0.455776 0.333785 0.444043 0.314827 0.431408 0.318213 0.404332 0.304672 0.381769 0.283683 0.380866 0.280298 0.336643 0.272173 0.333935 0.269465 0.324007
0 0.410968 0.338448 0.406229 0.344765 0.412999 0.359206 0.415708 0.394404 0.397427 0.386282 0.391334 0.396209 0.406229 0.454874 0.411645 0.499097 0.394042 0.539711 0.384563 0.606498 0.387949 0.614621 0.399458 0.606498 0.407583 0.537004 0.407583 0.601083 0.410968 0.608303 0.421124 0.605596 0.417739 0.582130 0.425863 0.501805 0.432634 0.490975 0.421801 0.443141 0.425863 0.377256 0.419093 0.346570
0 0.226134 0.278881 0.199052 0.390794 0.182803 0.407040 0.178741 0.421480 0.186188 0.432310 0.163169 0.488267 0.196344 0.574007 0.197698 0.625451 0.211916 0.670578 0.210562 0.802347 0.224103 0.841155 0.251185 0.845668 0.234259 0.766245 0.255924 0.731949 0.224780 0.666968 0.213947 0.608303 0.218009 0.583935 0.249154 0.543321 0.241706 0.503610 0.226811 0.482852 0.241706 0.431408 0.225457 0.397112 0.228842 0.347473 0.243737 0.305957
0 0.355450 0.305957 0.368991 0.506318 0.341232 0.548736 0.310088 0.555957 0.328368 0.481047 0.290454 0.417870 0.256601 0.421480 0.231550 0.478339 0.252539 0.546029 0.216655 0.600181 0.226134 0.663357 0.263372 0.732852 0.288422 0.585740 0.299932 0.587545 0.294516 0.834838 0.276236 0.861913 0.270819 0.927798 0.282329 0.999097 0.320244 0.988267 0.329722 0.870036 0.358158 0.994585 0.399458 0.993682 0.383886 0.768953 0.354096 0.647112 0.408937 0.486462 0.385240 0.351986
0 0.584970 0.373646 0.580230 0.378159 0.575491 0.416968 0.575491 0.380866 0.565335 0.371841 0.554502 0.380866 0.551117 0.410650 0.539607 0.421480 0.519973 0.466606 0.526743 0.474729 0.534191 0.460289 0.543670 0.462996 0.528775 0.563177 0.515234 0.588448 0.517942 0.592058 0.540961 0.577617 0.553148 0.533394 0.547055 0.592058 0.553825 0.595668 0.563304 0.585740 0.569397 0.531588 0.553148 0.521661 0.547055 0.500000 0.559919 0.487365 0.577522 0.489170 0.570752 0.451264 0.588355 0.427798
0 0.626269 0.321300 0.615437 0.333935 0.613406 0.398917 0.615437 0.408845 0.637779 0.435018 0.587678 0.438628 0.576845 0.445848 0.576845 0.453971 0.636425 0.458484 0.625592 0.518051 0.660799 0.540614 0.675694 0.541516 0.678402 0.493682 0.691266 0.439531 0.683142 0.401625 0.693974 0.382671 0.695328 0.358303 0.682464 0.344765 0.667569 0.347473 0.654028 0.369134 0.654028 0.406137 0.633040 0.405235 0.623561 0.386282
0 0.546378 0.371841 0.544347 0.372744 0.542315 0.375451 0.539607 0.382671 0.540961 0.387184 0.543670 0.391697 0.543670 0.396209 0.542315 0.399819 0.542315 0.402527 0.539607 0.409747 0.538930 0.415162 0.537576 0.417870 0.538930 0.419675 0.542993 0.418773 0.545701 0.415162 0.548409 0.413357 0.551117 0.408845 0.551117 0.402527 0.551794 0.401625 0.551794 0.398917 0.551117 0.398014 0.551117 0.387184 0.552471 0.384477 0.553148 0.379964 0.549763 0.374549
1 0.999323 0.172383 0.997969 0.172383 0.994584 0.176895 0.993907 0.176895 0.993230 0.177798 0.992552 0.180505 0.991198 0.182310 0.991198 0.183213 0.990521 0.184116 0.989844 0.186823 0.988490 0.188628 0.988490 0.190433 0.987813 0.191336 0.987813 0.193141 0.989167 0.194946 0.995938 0.194946 0.996615 0.194043 0.999323 0.194043
1 0.698714 0.436823 0.706161 0.450361 0.719702 0.462996 0.766418 0.490975 0.783345 0.490975 0.788084 0.486462 0.813135 0.481949 0.823968 0.473827 0.828030 0.465704 0.824645 0.425993 0.816520 0.401625 0.800948 0.383574 0.769804 0.370036 0.753555 0.369134 0.747461 0.372744 0.721733 0.403430 0.712255 0.425090
1 0.608666 0.345668 0.606635 0.348375 0.606635 0.351083 0.605958 0.351986 0.606635 0.352888 0.609343 0.352888 0.610020 0.353791 0.612728 0.353791 0.612728 0.352888 0.613406 0.351986 0.613406 0.347473 0.612728 0.346570 0.610697 0.346570 0.610020 0.345668
1 0.392688 0.391697 0.390657 0.397112 0.390657 0.403430 0.393365 0.410650 0.396750 0.414260 0.400135 0.416065 0.410968 0.416968 0.413676 0.415162 0.415708 0.412455 0.415708 0.409747 0.416385 0.408845 0.415708 0.400722 0.412999 0.394404 0.409614 0.389892 0.404198 0.386282 0.397427 0.386282
1 0.551794 0.385379 0.551794 0.390794 0.553825 0.393502 0.564658 0.393502 0.565335 0.394404 0.568720 0.394404 0.569397 0.395307 0.571429 0.395307 0.574137 0.393502 0.575491 0.391697 0.575491 0.389892 0.576168 0.388989 0.576168 0.383574 0.575491 0.382671 0.575491 0.379964 0.571429 0.374549 0.568720 0.372744 0.567366 0.372744 0.566689 0.371841 0.563304 0.371841 0.559242 0.374549 0.554502 0.379964 0.554502 0.380866
1 0.283006 0.386282 0.282329 0.388989 0.283006 0.401625 0.285714 0.406137 0.291131 0.404332 0.301963 0.404332 0.302640 0.405235 0.306026 0.405235 0.310765 0.407040 0.315504 0.407040 0.316181 0.407942 0.318213 0.407040 0.318213 0.404332 0.315504 0.400722 0.310765 0.389892 0.303318 0.380866 0.301286 0.379964 0.291131 0.380866 0.288422 0.381769
1 0.228165 0.480144 0.229519 0.483755 0.238998 0.487365 0.243060 0.499097 0.249831 0.501805 0.284360 0.498195 0.293162 0.494585 0.303318 0.484657 0.331077 0.482852 0.331077 0.479242 0.322952 0.466606 0.314827 0.440433 0.295870 0.420578 0.289100 0.416968 0.264726 0.417870 0.251185 0.424188 0.235613 0.449458 0.232227 0.470217
1 0.543670 0.373646 0.542315 0.375451 0.542315 0.376354 0.540961 0.378159 0.540961 0.379061 0.540284 0.379964 0.540284 0.384477 0.540961 0.385379 0.540961 0.386282 0.541638 0.386282 0.542315 0.387184 0.544347 0.387184 0.545024 0.388087 0.548409 0.388087 0.549086 0.387184 0.550440 0.387184 0.552471 0.384477 0.552471 0.380866 0.553148 0.379964 0.552471 0.379061 0.552471 0.378159 0.551794 0.377256 0.551794 0.376354 0.551117 0.376354 0.549763 0.374549 0.549086 0.374549 0.547055 0.372744 0.545024 0.372744 0.544347 0.373646
1 0.197021 0.392599 0.192282 0.393502 0.188219 0.396209 0.185511 0.399819 0.182126 0.407942 0.182126 0.410650 0.181449 0.411552 0.180772 0.416065 0.178064 0.421480 0.178064 0.425090 0.179418 0.426895 0.182803 0.428700 0.186188 0.428700 0.187542 0.426895 0.187542 0.425090 0.192282 0.421480 0.193636 0.419675 0.196344 0.411552 0.197021 0.399819 0.197698 0.398917 0.197698 0.395307 0.198375 0.394404
1 0.654028 0.344765 0.653351 0.344765 0.652674 0.343863 0.651320 0.343863 0.650643 0.342960 0.649966 0.342960 0.649289 0.343863 0.647258 0.343863 0.645904 0.345668 0.645904 0.347473 0.645227 0.348375 0.645227 0.351986 0.645904 0.352888 0.646581 0.352888 0.647258 0.353791 0.648612 0.351986 0.649289 0.351986 0.649966 0.351083 0.654705 0.351083 0.654705 0.350181 0.655383 0.349278 0.655383 0.348375 0.654705 0.347473 0.654705 0.346570 0.654028 0.345668
1 0.654028 0.365523 0.654028 0.368231 0.656737 0.370036 0.666215 0.370036 0.675017 0.371841 0.690589 0.384477 0.692620 0.384477 0.695328 0.378159 0.696005 0.359206 0.694651 0.354693 0.689235 0.348375 0.681110 0.343863 0.675017 0.343863 0.666892 0.347473 0.662830 0.351986 0.656737 0.362816
1 0.686527 0.969314 0.685173 0.969314 0.682464 0.972924 0.681787 0.976534 0.681110 0.977437 0.681110 0.979242 0.678402 0.985560 0.677725 0.990975 0.676371 0.994585 0.677048 0.995487 0.677725 0.999097 0.691266 0.999097 0.691266 0.997292 0.692620 0.995487 0.692620 0.991877 0.693297 0.990072 0.692620 0.989170 0.692620 0.984657 0.691943 0.983755 0.691943 0.981047 0.690589 0.978339 0.690589 0.976534 0.689235 0.972924
3 0.643873 0.703069 0.643196 0.703971 0.642519 0.703971 0.641842 0.704874 0.641165 0.704874 0.640487 0.705776 0.639810 0.705776 0.639133 0.706679 0.638456 0.706679 0.637102 0.708484 0.636425 0.708484 0.636425 0.710289 0.635748 0.711191 0.635748 0.713899 0.636425 0.714801 0.636425 0.715704 0.640487 0.721119 0.641842 0.721119 0.642519 0.722022 0.643873 0.722022 0.643873 0.719314 0.645227 0.716606 0.645227 0.712094 0.645904 0.711191 0.645904 0.704874
3 0.220041 0.817690 0.219364 0.822202 0.221395 0.834838 0.223426 0.841155 0.226134 0.843863 0.230873 0.845668 0.236967 0.845668 0.237644 0.846570 0.249831 0.846570 0.253893 0.844765 0.254570 0.842058 0.252539 0.837545 0.251862 0.833032 0.249154 0.828520 0.247800 0.823105 0.245091 0.817690 0.244414 0.813177 0.241029 0.808664 0.236967 0.809567 0.229519 0.815884 0.224103 0.818592
3 0.407583 0.592058 0.407583 0.593863 0.406906 0.594765 0.406906 0.595668 0.407583 0.596570 0.407583 0.599278 0.408260 0.600181 0.408260 0.601986 0.408937 0.602888 0.408937 0.605596 0.410291 0.607401 0.410291 0.608303 0.410968 0.608303 0.411645 0.609206 0.419093 0.609206 0.421124 0.607401 0.421124 0.606498 0.421801 0.605596 0.421801 0.601986 0.421124 0.601083 0.421124 0.599278 0.419770 0.597473 0.419770 0.596570 0.417062 0.592058
3 0.545701 0.590253 0.545701 0.592058 0.548409 0.595668 0.549763 0.595668 0.550440 0.596570 0.553825 0.596570 0.554502 0.595668 0.556534 0.595668 0.557888 0.593863 0.558565 0.593863 0.560596 0.592058 0.561950 0.592058 0.562627 0.591155 0.562627 0.587545 0.560596 0.585740 0.553148 0.585740 0.552471 0.584838 0.549763 0.584838 0.549086 0.585740 0.547055 0.586643 0.546378 0.587545 0.546378 0.589350
3 0.537576 0.581227 0.536222 0.579422 0.535545 0.579422 0.533514 0.577617 0.532160 0.577617 0.528775 0.574910 0.525389 0.574910 0.523358 0.577617 0.522681 0.577617 0.517942 0.583935 0.517265 0.583935 0.516588 0.584838 0.516588 0.585740 0.515234 0.587545 0.515234 0.591155 0.515911 0.591155 0.516588 0.592058 0.525389 0.592058 0.527420 0.590253 0.528775 0.590253 0.530806 0.588448 0.532160 0.588448 0.532837 0.587545 0.534868 0.586643 0.536899 0.583935 0.536899 0.582130
3 0.399458 0.596570 0.392688 0.596570 0.392011 0.595668 0.390657 0.595668 0.389303 0.597473 0.388626 0.597473 0.388626 0.598375 0.386594 0.601083 0.385917 0.603791 0.384563 0.605596 0.384563 0.607401 0.383886 0.608303 0.383886 0.611913 0.385240 0.613718 0.385917 0.613718 0.386594 0.614621 0.387949 0.614621 0.388626 0.615523 0.391334 0.615523 0.392011 0.614621 0.394042 0.614621 0.395396 0.612816 0.396073 0.612816 0.398781 0.609206 0.398781 0.608303 0.399458 0.607401 0.399458 0.605596 0.400135 0.604693 0.400135 0.598375 0.399458 0.597473
3 0.324306 0.928700 0.320921 0.928700 0.320244 0.930505 0.319567 0.940433 0.318890 0.941336 0.318890 0.956679 0.319567 0.957581 0.320244 0.964801 0.320921 0.965704 0.320921 0.977437 0.324306 0.975632 0.331077 0.951264 0.331077 0.942238 0.328368 0.934116
3 0.607312 0.660650 0.607989 0.667870 0.612051 0.671480 0.615437 0.672383 0.639810 0.673285 0.647258 0.670578 0.648612 0.668773 0.649289 0.665162 0.647258 0.657040 0.643873 0.657040 0.640487 0.660650 0.634394 0.660650 0.629655 0.657040 0.626269 0.651625 0.622884 0.651625 0.617468 0.657040 0.611374 0.657942
