0 0.460393 0.435018 0.462424 0.435018 0.463101 0.435921 0.482058 0.435921 0.487475 0.438628 0.490860 0.438628 0.493568 0.431408 0.493568 0.425090 0.490860 0.420578 0.480704 0.421480 0.477319 0.419675 0.470548 0.419675 0.466486 0.421480 0.463101 0.425090 0.461747 0.427798 0.461747 0.431408
0 0.511848 0.414260 0.508463 0.422383 0.508463 0.426895 0.513202 0.433213 0.515234 0.437726 0.516588 0.443141 0.516588 0.447653 0.518619 0.454874 0.522004 0.450361 0.523358 0.442238 0.524712 0.440433 0.526066 0.440433 0.528775 0.445848 0.532837 0.448556 0.534191 0.445848 0.532837 0.444043 0.532837 0.442238 0.526066 0.432310 0.524035 0.427798 0.518619 0.421480 0.517265 0.415162 0.515234 0.413357
0 0.275559 0.446751 0.275559 0.452166 0.276236 0.453069 0.276236 0.455776 0.276913 0.456679 0.276913 0.457581 0.279621 0.461191 0.280975 0.461191 0.281652 0.462094 0.286391 0.462094 0.287068 0.461191 0.290454 0.461191 0.291131 0.460289 0.292485 0.460289 0.293162 0.459386 0.293839 0.459386 0.295193 0.457581 0.295193 0.455776 0.295870 0.454874 0.295870 0.449458 0.294516 0.447653 0.293162 0.447653 0.292485 0.446751 0.291808 0.446751 0.289777 0.444043 0.285714 0.444043 0.285037 0.443141 0.283683 0.443141 0.283006 0.442238 0.282329 0.442238 0.281652 0.443141 0.278944 0.443141 0.278267 0.444043 0.277590 0.444043
0 0.344617 0.389892 0.340555 0.389892 0.337847 0.394404 0.337847 0.403430 0.334462 0.411552 0.330399 0.416065 0.329045 0.420578 0.329045 0.425993 0.329722 0.426895 0.331077 0.438628 0.335139 0.443141 0.340555 0.443141 0.342586 0.440433 0.345295 0.432310 0.345295 0.427798 0.345972 0.426895 0.345972 0.406137 0.345295 0.403430 0.348003 0.398917 0.348003 0.393502
0 0.220041 0.440433 0.219364 0.441336 0.218687 0.445848 0.219364 0.446751 0.219364 0.454874 0.220041 0.455776 0.220718 0.459386 0.223426 0.462996 0.226134 0.462996 0.226811 0.463899 0.232227 0.463899 0.232905 0.464801 0.234936 0.464801 0.236290 0.462996 0.236290 0.460289 0.234259 0.454874 0.234259 0.450361 0.235613 0.446751 0.235613 0.442238 0.233582 0.440433 0.231550 0.440433 0.230873 0.439531 0.228842 0.439531 0.228165 0.440433 0.225457 0.440433 0.224780 0.439531 0.223426 0.439531 0.222749 0.440433
0 0.017603 0.381769 0.014895 0.382671 0.012864 0.386282 0.009479 0.438628 0.012864 0.451264 0.011510 0.469314 0.018280 0.466606 0.022343 0.471119 0.025728 0.470217 0.029790 0.462094 0.034529 0.459386 0.040623 0.452166 0.041300 0.448556 0.027759 0.431408 0.028436 0.425993 0.032498 0.425090 0.033852 0.421480 0.025051 0.411552 0.022343 0.404332 0.025051 0.391697 0.024374 0.386282
0 0.507786 0.427798 0.497630 0.430505 0.492891 0.441336 0.480027 0.436823 0.459716 0.437726 0.446175 0.453069 0.446175 0.466606 0.461747 0.505415 0.459716 0.529783 0.467840 0.529783 0.473934 0.538809 0.481381 0.537906 0.484089 0.507220 0.501693 0.527978 0.508463 0.527076 0.506432 0.518051 0.485443 0.489170 0.486121 0.478339 0.497630 0.473827 0.503724 0.479242 0.526066 0.522563 0.534868 0.526173 0.538930 0.522563 0.529452 0.512635 0.510494 0.462996 0.515911 0.456679 0.516588 0.446751
0 0.370345 0.427798 0.367637 0.432310 0.367637 0.441336 0.369668 0.446751 0.375762 0.451264 0.379824 0.468412 0.381855 0.465704 0.394042 0.462996 0.395396 0.464801 0.396073 0.487365 0.407583 0.488267 0.401489 0.483755 0.401489 0.472022 0.404198 0.467509 0.405552 0.456679 0.408937 0.447653 0.419093 0.442238 0.421801 0.434116 0.420447 0.428700 0.416385 0.424188 0.408937 0.425090 0.403521 0.428700 0.389980 0.422383 0.379824 0.422383
1 0.012864 0.386282 0.012864 0.390794 0.013541 0.391697 0.015572 0.391697 0.016249 0.392599 0.020311 0.392599 0.020988 0.393502 0.023697 0.393502 0.024374 0.392599 0.025051 0.392599 0.025051 0.388989 0.024374 0.388087 0.024374 0.386282 0.021666 0.382671 0.020988 0.382671 0.020311 0.381769 0.016926 0.381769 0.016249 0.382671 0.014895 0.382671 0.013541 0.384477 0.013541 0.385379
1 0.340555 0.389892 0.338524 0.392599 0.338524 0.393502 0.337847 0.394404 0.337847 0.398014 0.338524 0.398917 0.338524 0.399819 0.339201 0.399819 0.339878 0.400722 0.341232 0.400722 0.341909 0.401625 0.345295 0.401625 0.345972 0.400722 0.346649 0.400722 0.348003 0.398917 0.348003 0.398014 0.348680 0.397112 0.348003 0.396209 0.348003 0.393502 0.345972 0.390794 0.345295 0.390794 0.344617 0.389892
1 0.281652 0.426895 0.281652 0.432310 0.282329 0.433213 0.288422 0.433213 0.289100 0.432310 0.289100 0.426895 0.287745 0.425090 0.287068 0.425090 0.286391 0.424188 0.284360 0.424188 0.283683 0.425090 0.283006 0.425090
1 0.222749 0.425993 0.222749 0.426895 0.222072 0.427798 0.222072 0.430505 0.221395 0.431408 0.222749 0.433213 0.230196 0.433213 0.231550 0.431408 0.230873 0.430505 0.230873 0.427798 0.230196 0.426895 0.230196 0.425993 0.229519 0.425993 0.228842 0.425090 0.228165 0.425090 0.227488 0.424188 0.225457 0.424188 0.224780 0.425090 0.223426 0.425090
1 0.496953 0.430505 0.493568 0.435921 0.493568 0.437726 0.492891 0.438628 0.493568 0.440433 0.497630 0.443141 0.500338 0.443141 0.501693 0.444946 0.501693 0.444043 0.503724 0.442238 0.505755 0.443141 0.509817 0.449458 0.509140 0.450361 0.509140 0.455776 0.511848 0.459386 0.515234 0.458484 0.516588 0.455776 0.516588 0.443141 0.515911 0.442238 0.515911 0.439531 0.513879 0.435921 0.513202 0.433213 0.508463 0.427798 0.507109 0.427798 0.506432 0.426895 0.500338 0.427798 0.498984 0.429603
1 0.410968 0.424188 0.408937 0.425993 0.408937 0.426895 0.408260 0.427798 0.408260 0.430505 0.408937 0.431408 0.408937 0.432310 0.412322 0.436823 0.412322 0.437726 0.412999 0.438628 0.412999 0.444043 0.413676 0.444043 0.414353 0.444946 0.417062 0.444946 0.417739 0.444043 0.418416 0.444043 0.419770 0.442238 0.419770 0.441336 0.421801 0.436823 0.421801 0.431408 0.421124 0.430505 0.420447 0.427798 0.418416 0.425090 0.417739 0.425090 0.417062 0.424188
1 0.485443 0.421480 0.485443 0.422383 0.484766 0.423285 0.484766 0.424188 0.484089 0.425090 0.484089 0.429603 0.484766 0.429603 0.486121 0.431408 0.488152 0.431408 0.488829 0.432310 0.491537 0.432310 0.492214 0.431408 0.492891 0.431408 0.493568 0.430505 0.493568 0.429603 0.494245 0.428700 0.494245 0.427798 0.493568 0.426895 0.493568 0.425090 0.492891 0.424188 0.492891 0.423285 0.492214 0.422383 0.492214 0.421480 0.491537 0.421480 0.490860 0.420578 0.487475 0.420578 0.486798 0.421480
1 0.509140 0.420578 0.509140 0.421480 0.509817 0.422383 0.515234 0.422383 0.515911 0.421480 0.518619 0.421480 0.517942 0.420578 0.517942 0.416968 0.517265 0.416065 0.517265 0.415162 0.516588 0.414260 0.515911 0.414260 0.515234 0.413357 0.512525 0.413357 0.511848 0.414260 0.511171 0.414260 0.511171 0.415162 0.510494 0.416065 0.510494 0.416968 0.509817 0.417870 0.509817 0.419675
1 0.462424 0.503610 0.461070 0.505415 0.461070 0.509025 0.460393 0.509928 0.460393 0.511733 0.459716 0.512635 0.459716 0.517148 0.459039 0.518051 0.459039 0.521661 0.458362 0.522563 0.458362 0.528881 0.459716 0.530686 0.461070 0.530686 0.461747 0.531588 0.467163 0.531588 0.469194 0.527978 0.469194 0.519856 0.468517 0.518953 0.468517 0.511733 0.467840 0.510830 0.467840 0.509928 0.463101 0.503610
2 0.397427 0.469314 0.396073 0.472022 0.396073 0.474729 0.395396 0.475632 0.395396 0.479242 0.394719 0.480144 0.394719 0.487365 0.396073 0.489170 0.398104 0.489170 0.398781 0.490072 0.403521 0.490072 0.404198 0.490975 0.405552 0.490975 0.406229 0.490072 0.408260 0.490072 0.408937 0.487365 0.407583 0.485560 0.404875 0.485560 0.404198 0.484657 0.403521 0.484657 0.401489 0.481949 0.401489 0.480144 0.400812 0.479242 0.400812 0.473827
2 0.480704 0.507220 0.477996 0.507220 0.477319 0.508123 0.475965 0.508123 0.469194 0.512635 0.469194 0.529783 0.469871 0.530686 0.469871 0.536101 0.471225 0.538809 0.472580 0.538809 0.473257 0.539711 0.480704 0.539711 0.482735 0.537004 0.482735 0.532491 0.482058 0.531588 0.482058 0.523466 0.481381 0.522563 0.481381 0.514440 0.482058 0.513538 0.482058 0.508123
2 0.379147 0.462996 0.377793 0.464801 0.377793 0.476534 0.378470 0.477437 0.377793 0.478339 0.377793 0.484657 0.378470 0.485560 0.378470 0.494585 0.379824 0.495487 0.392011 0.495487 0.392688 0.494585 0.394042 0.494585 0.394719 0.492780 0.394042 0.481047 0.393365 0.480144 0.393365 0.471119 0.394042 0.470217 0.392011 0.464801 0.390657 0.463899 0.388626 0.463899 0.387949 0.462996
