0 0.889641 0.259928 0.884902 0.268953 0.885579 0.283394 0.877454 0.293321 0.874746 0.300542 0.875423 0.310469 0.878808 0.319495 0.879485 0.331227 0.886933 0.350181 0.892349 0.355596 0.911307 0.358303 0.913338 0.317690 0.909953 0.313177 0.910630 0.303249 0.908598 0.292419 0.906567 0.287906 0.898443 0.281588 0.899120 0.267148 0.897766 0.263538 0.894381 0.259928
0 0.500338 0.370939 0.493568 0.379964 0.492214 0.399819 0.487475 0.398917 0.484766 0.385379 0.479350 0.387184 0.469871 0.426895 0.472580 0.429603 0.484766 0.426895 0.486798 0.430505 0.487475 0.468412 0.493568 0.500903 0.492214 0.541516 0.498307 0.543321 0.502370 0.539711 0.507786 0.551444 0.514557 0.551444 0.516588 0.546029 0.508463 0.497292 0.517942 0.473827 0.522004 0.440433 0.519973 0.419675 0.511848 0.400722 0.510494 0.377256 0.505078 0.370939
0 0.700068 0.367329 0.689912 0.369134 0.682464 0.387184 0.688558 0.430505 0.682464 0.452166 0.676371 0.528881 0.680433 0.538809 0.681787 0.589350 0.672986 0.622744 0.656737 0.626354 0.660799 0.634477 0.677048 0.638989 0.688558 0.634477 0.701422 0.588448 0.705484 0.592058 0.708192 0.625451 0.720379 0.632671 0.725118 0.629061 0.722410 0.584838 0.713609 0.553249 0.718348 0.476534 0.717671 0.434116 0.710223 0.407040 0.712932 0.383574 0.708192 0.371841
0 0.540961 0.364621 0.531483 0.372744 0.536222 0.392599 0.532837 0.410650 0.529452 0.416968 0.520650 0.416968 0.520650 0.422383 0.522681 0.426895 0.532837 0.430505 0.532160 0.452166 0.538253 0.482852 0.538930 0.500903 0.542315 0.508123 0.545024 0.508123 0.547732 0.501805 0.550440 0.476534 0.546378 0.451264 0.538253 0.424188 0.551794 0.371841 0.547732 0.365523
0 0.668923 0.340253 0.661476 0.349278 0.662153 0.365523 0.671632 0.375451 0.673663 0.407040 0.660799 0.484657 0.664861 0.498195 0.664184 0.515343 0.666892 0.528881 0.675017 0.530686 0.678402 0.512635 0.678402 0.462094 0.685173 0.435921 0.681110 0.389892 0.687881 0.369134 0.683142 0.361913 0.680433 0.344765
0 0.563981 0.346570 0.557888 0.348375 0.555179 0.353791 0.555856 0.373646 0.545024 0.397112 0.538253 0.422383 0.549086 0.463899 0.549086 0.521661 0.564658 0.516245 0.562627 0.497292 0.567366 0.463899 0.567366 0.441336 0.572783 0.440433 0.576168 0.459386 0.580907 0.456679 0.574137 0.417870 0.573460 0.389892 0.568720 0.379061 0.572106 0.359206 0.568720 0.349278
0 0.824645 0.438628 0.810427 0.443141 0.803656 0.462996 0.790792 0.472924 0.782668 0.503610 0.784699 0.628159 0.788761 0.636282 0.796886 0.635379 0.802302 0.594765 0.797563 0.574007 0.807041 0.540614 0.812458 0.566787 0.813812 0.645307 0.830061 0.633574 0.825999 0.610108 0.834800 0.509025 0.842925 0.522563 0.855112 0.570397 0.864590 0.564079 0.848341 0.496390 0.831415 0.466606 0.832769 0.448556
0 0.394042 0.351083 0.391334 0.355596 0.393365 0.371841 0.393365 0.460289 0.400135 0.499097 0.404875 0.501805 0.412322 0.489170 0.415708 0.467509 0.415030 0.408845 0.417062 0.405235 0.422478 0.407040 0.425186 0.403430 0.433311 0.379061 0.428571 0.377256 0.421124 0.387184 0.417739 0.385379 0.415030 0.379061 0.405552 0.372744 0.401489 0.354693
0 0.337847 0.347473 0.331077 0.355596 0.330399 0.369134 0.318890 0.397112 0.318890 0.425090 0.327691 0.454874 0.329045 0.479242 0.324306 0.500903 0.324306 0.530686 0.334462 0.523466 0.342586 0.474729 0.354773 0.488267 0.362898 0.527978 0.381178 0.527978 0.373731 0.521661 0.371022 0.494585 0.349357 0.428700 0.350034 0.406137 0.362221 0.401625 0.364252 0.392599 0.349357 0.388989 0.348003 0.372744 0.352742 0.369134 0.350711 0.356498 0.345972 0.349278
0 0.164523 0.357401 0.162492 0.360108 0.163169 0.389892 0.169262 0.397112 0.169939 0.404332 0.163169 0.411552 0.173324 0.420578 0.174001 0.431408 0.167231 0.459386 0.167908 0.472924 0.161814 0.501805 0.168585 0.504513 0.172647 0.483755 0.171970 0.471119 0.174678 0.467509 0.183480 0.485560 0.180772 0.511733 0.188896 0.514440 0.192282 0.512635 0.192959 0.500903 0.188896 0.462996 0.197698 0.442238 0.197698 0.434116 0.184834 0.369134 0.176032 0.365523 0.171293 0.370939
0 0.637779 0.368231 0.632363 0.368231 0.626269 0.376354 0.626269 0.393502 0.619499 0.402527 0.614760 0.421480 0.613406 0.488267 0.609343 0.508123 0.616114 0.508123 0.622884 0.498195 0.624915 0.500903 0.626947 0.522563 0.621530 0.527978 0.622884 0.537004 0.633040 0.531588 0.639810 0.502708 0.641165 0.474729 0.644550 0.469314 0.640487 0.447653 0.641842 0.428700 0.645227 0.427798 0.649966 0.447653 0.655383 0.439531 0.654705 0.428700 0.641842 0.401625 0.645904 0.390794 0.645904 0.379964
1 0.885579 0.264440 0.885579 0.266245 0.884902 0.267148 0.884902 0.272563 0.886933 0.275271 0.888964 0.272563 0.889641 0.272563 0.890318 0.271661 0.895058 0.271661 0.895735 0.272563 0.897766 0.272563 0.899120 0.270758 0.899120 0.269856 0.899797 0.268953 0.899120 0.268051 0.899120 0.266245 0.898443 0.265343 0.898443 0.264440 0.897089 0.262635 0.897089 0.261733 0.896412 0.261733 0.894381 0.259928 0.889641 0.259928 0.888964 0.260830 0.888287 0.260830
1 0.678402 0.342960 0.674340 0.340253 0.668246 0.340253 0.665538 0.342960 0.664861 0.342960 0.662830 0.345668 0.661476 0.349278 0.661476 0.360108 0.662153 0.361011 0.662153 0.365523 0.664184 0.367329 0.667569 0.367329 0.671632 0.364621 0.676371 0.357401 0.676371 0.356498 0.681110 0.351083 0.681110 0.348375 0.680433 0.347473 0.680433 0.345668
1 0.171970 0.369134 0.171970 0.370036 0.171293 0.370939 0.170616 0.373646 0.171293 0.374549 0.171293 0.377256 0.172647 0.379964 0.173324 0.379964 0.175355 0.381769 0.185511 0.381769 0.186865 0.379964 0.186865 0.375451 0.186188 0.374549 0.186188 0.372744 0.185511 0.371841 0.185511 0.370036 0.184157 0.367329 0.183480 0.367329 0.181449 0.365523 0.174678 0.365523
1 0.400135 0.351986 0.399458 0.351986 0.397427 0.350181 0.396073 0.350181 0.395396 0.351083 0.393365 0.351083 0.392688 0.351986 0.392011 0.351986 0.392011 0.353791 0.391334 0.354693 0.391334 0.357401 0.390657 0.358303 0.390657 0.361913 0.392688 0.363718 0.394042 0.363718 0.394719 0.362816 0.396073 0.362816 0.396750 0.361913 0.401489 0.361913 0.402167 0.361011 0.402844 0.361011 0.402844 0.360108 0.403521 0.359206 0.402844 0.358303 0.402844 0.356498 0.400812 0.353791 0.400812 0.352888
1 0.802979 0.455776 0.803656 0.458484 0.806364 0.457581 0.808395 0.453069 0.810427 0.451264 0.816520 0.451264 0.819228 0.453069 0.821259 0.453069 0.824645 0.455776 0.828030 0.461191 0.831415 0.464801 0.832769 0.462094 0.833446 0.452166 0.832769 0.451264 0.832769 0.446751 0.831415 0.443141 0.829384 0.440433 0.825999 0.438628 0.816520 0.438628 0.811781 0.441336 0.805687 0.449458
1 0.552471 0.371841 0.551117 0.370036 0.551117 0.369134 0.547732 0.365523 0.547055 0.365523 0.546378 0.364621 0.543670 0.364621 0.542993 0.363718 0.542315 0.364621 0.539607 0.364621 0.538930 0.365523 0.536899 0.366426 0.534868 0.369134 0.534191 0.369134 0.533514 0.370036 0.533514 0.370939 0.531483 0.373646 0.531483 0.376354 0.532837 0.378159 0.534191 0.378159 0.534868 0.379061 0.536222 0.379061 0.536899 0.378159 0.538930 0.378159 0.539607 0.377256 0.549086 0.377256 0.549763 0.378159 0.550440 0.377256 0.552471 0.376354
1 0.493568 0.379061 0.493568 0.380866 0.494245 0.381769 0.502370 0.381769 0.503047 0.382671 0.504401 0.382671 0.505078 0.383574 0.507109 0.384477 0.508463 0.386282 0.509817 0.386282 0.511171 0.388087 0.511848 0.388087 0.511848 0.379964 0.511171 0.379061 0.510494 0.376354 0.507109 0.371841 0.506432 0.371841 0.505078 0.370036 0.501016 0.370036 0.500338 0.370939 0.498307 0.371841 0.494245 0.377256 0.494245 0.378159
1 0.682464 0.386282 0.683142 0.388087 0.697360 0.388087 0.698037 0.388989 0.700068 0.388989 0.704130 0.392599 0.708192 0.393502 0.708869 0.394404 0.712932 0.392599 0.712932 0.382671 0.711578 0.379061 0.711578 0.376354 0.709546 0.372744 0.702099 0.367329 0.694651 0.367329 0.693974 0.368231 0.689912 0.369134 0.685173 0.377256
1 0.631009 0.369134 0.627624 0.373646 0.625592 0.379061 0.625592 0.384477 0.626269 0.385379 0.626269 0.387184 0.627624 0.390794 0.628978 0.392599 0.631686 0.394404 0.633717 0.394404 0.634394 0.395307 0.641165 0.395307 0.641842 0.394404 0.644550 0.393502 0.646581 0.388989 0.646581 0.385379 0.645904 0.384477 0.645904 0.379964 0.643873 0.374549 0.641165 0.370939 0.640487 0.370939 0.637102 0.367329 0.633717 0.367329
1 0.555179 0.351986 0.553825 0.360108 0.554502 0.361011 0.554502 0.362816 0.555856 0.366426 0.557211 0.368231 0.563304 0.368231 0.563981 0.369134 0.564658 0.368231 0.569397 0.368231 0.572106 0.365523 0.572106 0.363718 0.572783 0.362816 0.572106 0.361011 0.572106 0.358303 0.570752 0.355596 0.570752 0.353791 0.569397 0.350181 0.568043 0.348375 0.566689 0.347473 0.564658 0.347473 0.563981 0.346570 0.560596 0.346570 0.559919 0.347473 0.558565 0.347473
1 0.332431 0.351986 0.331077 0.355596 0.331077 0.357401 0.330399 0.358303 0.330399 0.363718 0.331077 0.364621 0.331077 0.366426 0.333108 0.366426 0.333785 0.367329 0.345295 0.367329 0.348680 0.370036 0.352742 0.370036 0.353419 0.369134 0.353419 0.365523 0.352065 0.362816 0.352065 0.360108 0.350711 0.357401 0.350711 0.355596 0.350034 0.353791 0.346649 0.349278 0.343940 0.348375 0.343263 0.347473 0.337170 0.347473 0.334462 0.349278
2 0.502370 0.507220 0.499661 0.509025 0.499661 0.517148 0.502370 0.527978 0.502370 0.532491 0.505078 0.541516 0.505755 0.549639 0.507109 0.551444 0.509140 0.552347 0.515234 0.551444 0.516588 0.549639 0.516588 0.544224 0.515911 0.543321 0.515234 0.537004 0.513879 0.534296 0.513202 0.525271 0.511848 0.519856 0.511848 0.515343 0.508463 0.506318
2 0.539607 0.473827 0.538253 0.476534 0.538253 0.478339 0.538930 0.479242 0.538930 0.500903 0.539607 0.501805 0.540284 0.505415 0.542315 0.508123 0.545024 0.508123 0.546378 0.507220 0.547732 0.503610 0.547732 0.500000 0.548409 0.499097 0.548409 0.490072 0.549086 0.489170 0.549086 0.484657 0.550440 0.481047 0.550440 0.476534 0.546378 0.473827
2 0.324306 0.494585 0.322275 0.496390 0.322275 0.497292 0.320244 0.500000 0.318890 0.505415 0.314827 0.510830 0.314827 0.511733 0.314150 0.512635 0.314150 0.516245 0.314827 0.517148 0.318213 0.518051 0.318890 0.518953 0.319567 0.518953 0.320244 0.519856 0.321598 0.519856 0.322275 0.520758 0.324306 0.520758 0.324306 0.519856 0.324983 0.518953 0.324983 0.514440 0.325660 0.513538 0.325660 0.510830 0.326337 0.509928 0.326337 0.508123 0.327691 0.505415 0.327691 0.502708 0.327014 0.501805 0.325660 0.497292 0.324306 0.495487
2 0.408260 0.462094 0.406906 0.462996 0.406906 0.475632 0.406229 0.476534 0.406229 0.496390 0.407583 0.498195 0.412322 0.492780 0.412322 0.489170 0.412999 0.488267 0.412999 0.483755 0.413676 0.482852 0.413676 0.478339 0.414353 0.477437 0.414353 0.472022 0.415030 0.471119 0.415030 0.464801 0.414353 0.463899 0.409614 0.463899
2 0.547055 0.518051 0.547055 0.521661 0.547732 0.521661 0.548409 0.522563 0.553825 0.522563 0.554502 0.521661 0.555179 0.521661 0.555856 0.520758 0.556534 0.520758 0.557211 0.519856 0.557211 0.518953 0.557888 0.518051 0.557211 0.517148 0.557211 0.515343 0.556534 0.514440 0.556534 0.513538 0.555179 0.513538 0.554502 0.512635 0.550440 0.512635 0.549763 0.513538 0.549086 0.513538 0.548409 0.514440 0.548409 0.515343 0.547732 0.516245 0.547732 0.517148
2 0.398781 0.462094 0.398104 0.462996 0.396073 0.462996 0.394719 0.464801 0.394719 0.467509 0.395396 0.468412 0.396073 0.473827 0.397427 0.477437 0.397427 0.482852 0.399458 0.489170 0.399458 0.493682 0.400135 0.494585 0.399458 0.497292 0.400135 0.498195 0.400135 0.500000 0.401489 0.501805 0.403521 0.501805 0.404198 0.502708 0.406229 0.500000 0.406906 0.498195 0.406906 0.494585 0.407583 0.493682 0.407583 0.490975 0.406229 0.487365 0.406229 0.479242 0.405552 0.478339 0.405552 0.474729 0.404875 0.473827 0.402844 0.463899 0.401489 0.462094
2 0.171970 0.464801 0.167231 0.464801 0.164523 0.467509 0.164523 0.473827 0.163846 0.474729 0.163169 0.486462 0.162492 0.487365 0.162492 0.490072 0.161814 0.490975 0.161137 0.497292 0.160460 0.498195 0.160460 0.505415 0.161814 0.507220 0.168585 0.507220 0.169939 0.505415 0.171293 0.500903 0.171293 0.495487 0.171970 0.494585 0.171970 0.490975 0.172647 0.490072 0.172647 0.486462 0.173324 0.485560 0.173324 0.481949 0.174001 0.481047 0.174001 0.475632 0.174678 0.474729 0.174678 0.467509
2 0.825999 0.601083 0.823290 0.601083 0.822613 0.601986 0.815843 0.601986 0.813812 0.601083 0.811781 0.604693 0.811781 0.616426 0.811104 0.617329 0.811104 0.625451 0.811781 0.626354 0.811104 0.627256 0.811104 0.637184 0.810427 0.638087 0.810427 0.644404 0.813812 0.646209 0.821259 0.645307 0.824645 0.642599 0.830061 0.634477 0.829384 0.626354 0.825999 0.620939 0.825999 0.611011 0.826676 0.610108 0.826676 0.601986
2 0.785376 0.586643 0.784022 0.588448 0.784022 0.599278 0.784699 0.600181 0.784699 0.608303 0.785376 0.609206 0.784022 0.628159 0.785376 0.632671 0.788084 0.636282 0.791469 0.638087 0.794854 0.638087 0.797563 0.634477 0.798240 0.624549 0.800948 0.610108 0.802302 0.591155 0.799594 0.587545 0.788084 0.587545
2 0.359513 0.495487 0.358158 0.497292 0.358158 0.508123 0.358835 0.509025 0.358835 0.512635 0.361544 0.519856 0.362221 0.527978 0.364252 0.529783 0.367637 0.529783 0.368314 0.528881 0.383209 0.528881 0.383886 0.527076 0.383209 0.525271 0.376439 0.524368 0.373731 0.519856 0.373731 0.516245 0.371699 0.508123 0.371699 0.496390 0.369668 0.492780 0.366960 0.492780 0.362898 0.495487
2 0.494245 0.506318 0.493568 0.508123 0.493568 0.522563 0.492891 0.523466 0.492891 0.531588 0.492214 0.532491 0.491537 0.542419 0.493568 0.544224 0.498307 0.544224 0.498984 0.543321 0.500338 0.543321 0.503047 0.538809 0.502370 0.537906 0.502370 0.527076 0.501693 0.526173 0.501693 0.524368 0.500338 0.522563 0.498984 0.509025 0.497630 0.507220
2 0.324306 0.498195 0.322952 0.500000 0.321598 0.503610 0.320921 0.512635 0.322952 0.518953 0.323629 0.531588 0.324306 0.532491 0.329045 0.532491 0.331077 0.529783 0.331754 0.529783 0.335139 0.524368 0.335139 0.518051 0.335816 0.517148 0.335816 0.511733 0.335139 0.510830 0.335139 0.507220 0.335816 0.506318 0.335816 0.504513 0.335139 0.502708 0.332431 0.502708 0.331077 0.503610 0.327691 0.500000
2 0.191605 0.481949 0.188896 0.481949 0.186188 0.483755 0.184157 0.483755 0.183480 0.485560 0.183480 0.502708 0.182803 0.503610 0.182126 0.509025 0.180772 0.511733 0.182126 0.514440 0.189573 0.514440 0.192282 0.512635 0.192282 0.482852
2 0.605958 0.525271 0.605958 0.527076 0.605281 0.527978 0.605281 0.535199 0.605958 0.536101 0.605958 0.537004 0.607312 0.537004 0.607989 0.537906 0.612728 0.537906 0.613406 0.537004 0.615437 0.537004 0.616114 0.536101 0.616114 0.530686 0.615437 0.529783 0.615437 0.528881 0.613406 0.526173 0.612728 0.526173 0.612051 0.525271
2 0.706161 0.593863 0.706161 0.602888 0.706838 0.603791 0.708192 0.626354 0.709546 0.628159 0.719702 0.633574 0.723764 0.633574 0.725796 0.629964 0.725796 0.620036 0.725118 0.619134 0.725118 0.604693 0.724441 0.603791 0.723087 0.592960 0.721733 0.591155 0.719025 0.591155 0.716317 0.592960 0.710223 0.593863 0.709546 0.594765 0.708869 0.593863
2 0.696005 0.598375 0.689912 0.599278 0.681787 0.596570 0.681110 0.601986 0.677048 0.608303 0.674340 0.619134 0.670955 0.624549 0.668246 0.626354 0.664861 0.622744 0.660122 0.622744 0.656060 0.626354 0.655383 0.629964 0.657414 0.632671 0.664184 0.637184 0.675017 0.638087 0.679079 0.639892 0.686527 0.638989 0.689235 0.633574 0.689912 0.629061 0.693974 0.618231
2 0.560596 0.506318 0.557888 0.509928 0.557888 0.510830 0.557211 0.511733 0.557211 0.513538 0.556534 0.514440 0.556534 0.515343 0.557211 0.516245 0.557211 0.517148 0.557888 0.517148 0.558565 0.518051 0.564658 0.518051 0.565335 0.517148 0.565335 0.514440 0.564658 0.513538 0.564658 0.512635 0.563981 0.511733 0.563981 0.509928 0.561950 0.507220 0.561273 0.507220
2 0.563981 0.476534 0.555179 0.475632 0.552471 0.476534 0.551117 0.478339 0.551117 0.481047 0.549763 0.484657 0.549086 0.498195 0.547055 0.504513 0.548409 0.510830 0.548409 0.519856 0.549763 0.521661 0.553825 0.520758 0.560596 0.515343 0.561273 0.516245 0.563981 0.516245 0.563981 0.514440 0.560596 0.509025 0.561273 0.506318 0.561273 0.495487 0.560596 0.492780 0.561273 0.491877 0.561273 0.487365 0.563981 0.480144
2 0.547732 0.473827 0.546378 0.473827 0.545024 0.475632 0.545024 0.483755 0.544347 0.484657 0.544347 0.500000 0.543670 0.500903 0.543670 0.501805 0.544347 0.502708 0.544347 0.504513 0.545701 0.506318 0.546378 0.506318 0.547732 0.504513 0.547732 0.502708 0.548409 0.501805 0.548409 0.498195 0.549086 0.497292 0.549086 0.493682 0.549763 0.492780 0.549763 0.489170 0.550440 0.488267 0.550440 0.485560 0.551117 0.484657 0.551117 0.480144 0.551794 0.479242 0.551794 0.476534 0.550440 0.474729 0.548409 0.474729
2 0.563981 0.474729 0.559242 0.476534 0.558565 0.477437 0.558565 0.481047 0.557888 0.481949 0.557888 0.502708 0.557211 0.503610 0.557211 0.506318 0.557888 0.508123 0.557211 0.509025 0.557211 0.515343 0.559919 0.518051 0.563981 0.518051 0.565335 0.516245 0.565335 0.514440 0.563981 0.511733 0.563981 0.509025 0.563304 0.508123 0.563304 0.494585 0.563981 0.493682 0.563981 0.486462 0.564658 0.485560 0.564658 0.475632
2 0.666892 0.507220 0.664861 0.509025 0.664861 0.511733 0.664184 0.512635 0.664184 0.518953 0.665538 0.522563 0.665538 0.525271 0.664861 0.526173 0.664861 0.531588 0.666215 0.533394 0.668923 0.535199 0.672309 0.536101 0.672986 0.535199 0.674340 0.535199 0.675694 0.532491 0.675694 0.529783 0.676371 0.528881 0.676371 0.526173 0.677048 0.525271 0.677048 0.520758 0.677725 0.519856 0.677725 0.511733 0.675694 0.509928 0.673663 0.509928 0.669601 0.507220
2 0.622207 0.526173 0.622207 0.527076 0.620853 0.529783 0.621530 0.530686 0.621530 0.536101 0.622207 0.537004 0.627624 0.537004 0.628301 0.536101 0.631009 0.536101 0.631686 0.535199 0.632363 0.535199 0.633717 0.532491 0.633717 0.527076 0.632363 0.525271 0.630332 0.525271 0.629655 0.524368 0.625592 0.524368 0.624915 0.525271 0.623561 0.525271 0.622884 0.526173
2 0.902505 0.351083 0.901828 0.350181 0.901828 0.348375 0.898443 0.343863 0.897766 0.343863 0.897089 0.342960 0.896412 0.343863 0.893026 0.343863 0.892349 0.344765 0.890995 0.344765 0.890318 0.345668 0.888287 0.346570 0.886933 0.348375 0.886933 0.350181 0.887610 0.351083 0.887610 0.351986 0.889641 0.354693 0.890318 0.354693 0.890995 0.355596 0.891672 0.355596 0.893703 0.357401 0.899120 0.357401 0.899797 0.356498 0.900474 0.356498 0.901828 0.354693 0.901828 0.352888 0.902505 0.351986
2 0.900474 0.355596 0.902505 0.358303 0.903182 0.358303 0.903859 0.359206 0.911307 0.359206 0.911984 0.358303 0.911984 0.357401 0.912661 0.356498 0.912661 0.353791 0.911984 0.352888 0.911984 0.351986 0.910630 0.350181 0.907921 0.350181 0.907244 0.349278 0.905890 0.349278 0.905213 0.350181 0.903182 0.350181 0.901828 0.351986 0.901828 0.352888 0.901151 0.353791 0.901151 0.354693
2 0.514557 0.537906 0.512525 0.537906 0.511848 0.537004 0.511171 0.537906 0.507786 0.537906 0.505755 0.539711 0.505755 0.541516 0.505078 0.542419 0.505078 0.546931 0.505755 0.547834 0.505755 0.550542 0.506432 0.550542 0.508463 0.552347 0.514557 0.552347 0.516588 0.550542 0.516588 0.542419 0.515911 0.541516 0.515911 0.539711
