0 0.819968 0.644828 0.812533 0.660920 0.811471 0.682759 0.803505 0.695402 0.802974 0.710345 0.808816 0.726437 0.799788 0.742529 0.797663 0.768966 0.782262 0.764368 0.774296 0.781609 0.775890 0.817241 0.787573 0.844828 0.796601 0.893103 0.782262 0.891954 0.781731 0.904598 0.796070 0.921839 0.871482 0.921839 0.891662 0.912644 0.892724 0.883908 0.881572 0.832184 0.873075 0.762069 0.862985 0.733333 0.870951 0.710345 0.858205 0.691954 0.842273 0.652874
0 0.394052 0.377012 0.387679 0.378161 0.382369 0.389655 0.377589 0.420690 0.364843 0.449425 0.359002 0.495402 0.359533 0.542529 0.365374 0.555172 0.377589 0.609195 0.370154 0.678161 0.370685 0.703448 0.394052 0.705747 0.394583 0.694253 0.398832 0.688506 0.397238 0.679310 0.389803 0.675862 0.396176 0.603448 0.394052 0.574713 0.400956 0.573563 0.402549 0.566667 0.395114 0.460920 0.390866 0.441379 0.400956 0.410345 0.402018 0.393103
0 0.696760 0.405747 0.688794 0.409195 0.672862 0.455172 0.672862 0.462069 0.677111 0.468966 0.678173 0.545977 0.682422 0.588506 0.678704 0.645977 0.682422 0.663218 0.689857 0.658621 0.705258 0.612644 0.701009 0.548276 0.701540 0.502299 0.695167 0.462069 0.707913 0.437931 0.703664 0.413793
0 0.952735 0.570115 0.955390 0.581609 0.952735 0.717241 0.958046 0.722988 0.975040 0.724138 0.978226 0.721839 0.978757 0.713793 0.981944 0.710345 0.983537 0.712644 0.983006 0.726437 0.990441 0.731034 0.999469 0.729885 0.999469 0.651724 0.997876 0.650575 0.999469 0.649425 0.999469 0.603448 0.994689 0.597701 0.990972 0.577011 0.987785 0.570115 0.980882 0.564368
0 0.720127 0.579310 0.714286 0.588506 0.701009 0.640230 0.692512 0.650575 0.689326 0.667816 0.682953 0.670115 0.670738 0.696552 0.669676 0.706897 0.674456 0.716092 0.693574 0.710345 0.699416 0.702299 0.701009 0.720690 0.706320 0.733333 0.712161 0.721839 0.722252 0.727586 0.733935 0.705747 0.737653 0.680460 0.740839 0.704598 0.740839 0.742529 0.744557 0.751724 0.748805 0.751724 0.750929 0.747126 0.745088 0.635632 0.741901 0.621839 0.736059 0.612644 0.737653 0.600000 0.731811 0.583908 0.727031 0.578161
0 0.488051 0.365517 0.479023 0.382759 0.486989 0.433333 0.481147 0.462069 0.482740 0.508046 0.460967 0.532184 0.484334 0.548276 0.488051 0.643678 0.498672 0.717241 0.492300 0.743678 0.498141 0.748276 0.517791 0.728736 0.509825 0.700000 0.507701 0.660920 0.516198 0.663218 0.515666 0.685057 0.518853 0.687356 0.529474 0.672414 0.533192 0.656322 0.519384 0.640230 0.505045 0.606897 0.515666 0.556322 0.514604 0.460920 0.509825 0.434483 0.500266 0.417241 0.499203 0.372414
1 0.684015 0.424138 0.684015 0.426437 0.684546 0.427586 0.699947 0.427586 0.700478 0.428736 0.704727 0.431034 0.705789 0.433333 0.706851 0.432184 0.705789 0.420690 0.703664 0.412644 0.699947 0.406897 0.697823 0.406897 0.697292 0.405747 0.691981 0.405747 0.687732 0.410345 0.685077 0.421839
1 0.809878 0.691954 0.818906 0.701149 0.838024 0.701149 0.852363 0.694253 0.856612 0.687356 0.856612 0.682759 0.842804 0.652874 0.835900 0.645977 0.823686 0.642529 0.818375 0.647126 0.812533 0.660920 0.812002 0.682759 0.809878 0.688506
1 0.802443 0.702299 0.803505 0.712644 0.808816 0.724138 0.829527 0.732184 0.862454 0.728736 0.869888 0.720690 0.872013 0.713793 0.868826 0.705747 0.858205 0.691954 0.856081 0.680460 0.844928 0.656322 0.838556 0.648276 0.831121 0.643678 0.818906 0.645977 0.812533 0.660920 0.811471 0.682759 0.805098 0.690805
1 0.954328 0.570115 0.959639 0.570115 0.963887 0.565517 0.967074 0.565517 0.971322 0.568965 0.978226 0.571264 0.984068 0.578161 0.987254 0.579310 0.990441 0.582759 0.992034 0.581609 0.991503 0.573563 0.988317 0.567816 0.984068 0.563218 0.982475 0.559770 0.981413 0.551724 0.977695 0.545977 0.974509 0.544828 0.967605 0.544828 0.958577 0.548276 0.956452 0.552874 0.957515 0.558621
1 0.483802 0.368966 0.480616 0.375862 0.478492 0.382759 0.479023 0.387356 0.480616 0.390805 0.483802 0.393103 0.495486 0.406897 0.497610 0.412644 0.501328 0.413793 0.501859 0.412644 0.501859 0.408046 0.501328 0.406897 0.501328 0.382759 0.499734 0.373563 0.494955 0.365517 0.491768 0.365517 0.491237 0.364368 0.487520 0.365517
1 0.737653 0.601149 0.730749 0.581609 0.726500 0.578161 0.722252 0.578161 0.719065 0.580460 0.714817 0.586207 0.711630 0.600000 0.709506 0.616092 0.710037 0.619540 0.711630 0.622989 0.714817 0.624138 0.716941 0.626437 0.725438 0.626437 0.728625 0.624138 0.737653 0.605747
1 0.381306 0.393103 0.381306 0.396552 0.381837 0.397701 0.392990 0.402299 0.396176 0.408046 0.397238 0.412644 0.400956 0.413793 0.402549 0.404598 0.402549 0.394253 0.400425 0.383908 0.397770 0.379310 0.396707 0.379310 0.394583 0.377012 0.388210 0.377012 0.386086 0.379310
1 0.383962 0.685057 0.384493 0.685057 0.385024 0.686207 0.387148 0.686207 0.388210 0.688506 0.389803 0.689655 0.390866 0.691954 0.391397 0.691954 0.391928 0.693103 0.392990 0.693103 0.393521 0.694253 0.395645 0.694253 0.396176 0.693103 0.397770 0.693103 0.398301 0.691954 0.398832 0.691954 0.400425 0.688506 0.400425 0.686207 0.400956 0.685057 0.400425 0.683908 0.400425 0.681609 0.399894 0.680460 0.399363 0.680460 0.398832 0.679310 0.397770 0.679310 0.397238 0.678161 0.391928 0.678161 0.391397 0.679310 0.390335 0.679310 0.388741 0.681609 0.387679 0.681609 0.386617 0.683908 0.386086 0.683908 0.385555 0.685057
1 0.779076 0.894253 0.779076 0.901149 0.780138 0.905747 0.782793 0.911494 0.790759 0.921839 0.797663 0.925287 0.810940 0.924138 0.815720 0.921839 0.815720 0.919540 0.814657 0.917241 0.803505 0.906897 0.801381 0.902299 0.800850 0.898851 0.796070 0.889655 0.781731 0.889655 0.779607 0.891954
3 0.532661 0.652874 0.530536 0.652874 0.526819 0.649425 0.524695 0.649425 0.522039 0.651724 0.519384 0.657471 0.516729 0.660920 0.516729 0.672414 0.515135 0.679310 0.515135 0.686207 0.517260 0.688506 0.520977 0.687356 0.523633 0.683908 0.527350 0.677011 0.529474 0.674713 0.533192 0.665517 0.533723 0.658621 0.534254 0.657471
3 0.370154 0.698851 0.370685 0.704598 0.372278 0.706897 0.386086 0.706897 0.386617 0.708046 0.390866 0.708046 0.391397 0.706897 0.393521 0.706897 0.396176 0.702299 0.395645 0.701149 0.395645 0.698851 0.393521 0.694253 0.388210 0.689655 0.387148 0.686207 0.382900 0.686207 0.380244 0.690805 0.377058 0.694253 0.372809 0.691954 0.370685 0.695402 0.370685 0.697701
3 0.882103 0.937931 0.879979 0.936782 0.873606 0.939080 0.864047 0.937931 0.853425 0.940230 0.848646 0.939080 0.841742 0.940230 0.838556 0.943678 0.839087 0.947126 0.844928 0.958621 0.848646 0.960920 0.851832 0.967816 0.856612 0.970115 0.866171 0.970115 0.868826 0.968966 0.873075 0.962069 0.876792 0.959770 0.876261 0.950575 0.876792 0.947126
3 0.507169 0.659770 0.506107 0.662069 0.506107 0.663218 0.505576 0.664368 0.505576 0.667816 0.506107 0.668966 0.506107 0.673563 0.507169 0.677011 0.507169 0.679310 0.508232 0.681609 0.508232 0.682759 0.510356 0.682759 0.510887 0.681609 0.511949 0.681609 0.511949 0.680460 0.512480 0.679310 0.512480 0.673563 0.511949 0.672414 0.511949 0.667816 0.511418 0.666667 0.511418 0.664368 0.510887 0.663218 0.510887 0.660920 0.510356 0.660920 0.509825 0.659770
3 0.518322 0.727586 0.514604 0.717241 0.511949 0.714943 0.510356 0.717241 0.508763 0.717241 0.508232 0.718391 0.502921 0.719540 0.499203 0.722988 0.492300 0.737931 0.491768 0.741379 0.492300 0.744828 0.494424 0.748276 0.498672 0.748276 0.501328 0.744828 0.504514 0.742529 0.512480 0.739080 0.517260 0.733333 0.518322 0.729885
