0 0.394719 0.411552 0.387949 0.414260 0.381178 0.435018 0.392011 0.451264 0.391334 0.494585 0.382532 0.521661 0.383209 0.543321 0.376439 0.567690 0.385917 0.620036 0.370345 0.637184 0.377116 0.640794 0.397427 0.634477 0.402844 0.639892 0.399458 0.655235 0.404198 0.657040 0.423155 0.639892 0.418416 0.585740 0.419770 0.546931 0.427894 0.520758 0.431957 0.488267 0.427217 0.462996 0.411645 0.442238 0.412322 0.432310 0.405552 0.414260
0 0.020988 0.448556 0.015572 0.449458 0.002031 0.466606 0.004062 0.473827 0.000000 0.478339 0.000000 0.624549 0.005416 0.640794 0.013541 0.638087 0.012187 0.577617 0.016249 0.582130 0.023697 0.637184 0.034529 0.637184 0.029113 0.583935 0.029113 0.546029 0.035207 0.490072 0.030467 0.481047 0.033175 0.470217 0.029113 0.456679
0 0.525389 0.424188 0.518619 0.431408 0.511848 0.455776 0.511848 0.461191 0.517942 0.472924 0.506432 0.483755 0.505078 0.490975 0.511171 0.523466 0.515911 0.530686 0.529452 0.530686 0.533514 0.539711 0.532837 0.544224 0.536222 0.546931 0.566012 0.545126 0.575491 0.540614 0.578876 0.536101 0.579553 0.525271 0.571429 0.487365 0.549086 0.470217 0.548409 0.444043 0.543670 0.429603 0.536222 0.423285
0 0.082600 0.449458 0.076506 0.447653 0.071767 0.448556 0.069059 0.457581 0.063643 0.465704 0.056872 0.467509 0.054164 0.481047 0.056195 0.498195 0.052810 0.506318 0.052133 0.522563 0.071090 0.522563 0.074475 0.510830 0.079892 0.519856 0.085985 0.518051 0.085985 0.502708 0.090724 0.487365 0.090724 0.481949 0.089370 0.477437 0.084631 0.473827 0.085308 0.462094
0 0.492214 0.435921 0.473257 0.444043 0.467163 0.453971 0.444821 0.467509 0.435342 0.482852 0.424509 0.592058 0.435342 0.645307 0.438727 0.699458 0.463778 0.711191 0.471225 0.709386 0.482058 0.611913 0.471903 0.601083 0.480704 0.583032 0.483412 0.549639 0.487475 0.541516 0.506432 0.551444 0.530129 0.540614 0.527420 0.532491 0.517942 0.534296 0.509817 0.527076 0.498984 0.470217 0.506432 0.453069
0 0.178741 0.447653 0.175355 0.445848 0.171970 0.445848 0.166554 0.447653 0.164523 0.450361 0.163846 0.467509 0.157752 0.474729 0.156398 0.486462 0.155044 0.489170 0.155721 0.491877 0.157075 0.492780 0.186188 0.492780 0.187542 0.491877 0.188219 0.490072 0.187542 0.482852 0.183480 0.475632 0.181449 0.467509 0.183480 0.454874 0.182126 0.451264
1 0.029113 0.455776 0.028436 0.453971 0.024374 0.449458 0.020311 0.448556 0.019634 0.447653 0.015572 0.448556 0.010833 0.454874 0.010156 0.458484 0.006770 0.463899 0.004062 0.464801 0.002031 0.466606 0.002031 0.470217 0.004062 0.472022 0.005416 0.472022 0.010833 0.465704 0.018280 0.461191 0.021666 0.461191 0.022343 0.460289 0.023020 0.461191 0.027759 0.461191 0.029113 0.462094 0.029790 0.460289 0.029113 0.458484
1 0.468517 0.445848 0.469871 0.449458 0.472580 0.448556 0.478673 0.449458 0.479350 0.450361 0.490860 0.449458 0.498984 0.455776 0.504401 0.456679 0.507109 0.458484 0.508463 0.458484 0.509817 0.456679 0.509817 0.453069 0.508463 0.449458 0.504401 0.445848 0.499661 0.438628 0.494922 0.435018 0.486798 0.435018 0.482058 0.437726 0.477996 0.442238 0.474611 0.442238
1 0.412999 0.432310 0.412322 0.430505 0.408260 0.425993 0.406229 0.414260 0.404198 0.411552 0.398104 0.410650 0.397427 0.411552 0.392011 0.411552 0.387271 0.414260 0.386594 0.416065 0.385917 0.427798 0.385240 0.429603 0.381855 0.432310 0.380501 0.435018 0.383209 0.437726 0.385917 0.437726 0.386594 0.438628 0.390657 0.438628 0.393365 0.436823 0.400812 0.436823 0.401489 0.437726 0.404875 0.437726 0.407583 0.439531 0.409614 0.437726 0.410968 0.437726 0.412999 0.435018
1 0.164523 0.448556 0.164523 0.453971 0.165877 0.455776 0.167908 0.455776 0.168585 0.456679 0.170616 0.457581 0.172647 0.460289 0.174678 0.461191 0.177387 0.463899 0.180095 0.463899 0.180772 0.464801 0.181449 0.464801 0.182126 0.463899 0.182126 0.462996 0.182803 0.462094 0.182803 0.460289 0.183480 0.459386 0.183480 0.453069 0.179418 0.447653 0.178741 0.447653 0.178064 0.446751 0.176710 0.446751 0.176032 0.445848 0.169262 0.445848 0.168585 0.446751 0.166554 0.446751
1 0.066351 0.462996 0.068382 0.462996 0.070413 0.461191 0.073798 0.461191 0.074475 0.460289 0.077861 0.460289 0.078538 0.461191 0.080569 0.461191 0.081246 0.462094 0.083954 0.462094 0.084631 0.462996 0.084631 0.451264 0.083277 0.449458 0.082600 0.449458 0.081923 0.448556 0.079892 0.448556 0.079215 0.447653 0.071767 0.447653 0.069736 0.452166 0.069059 0.456679 0.067028 0.459386 0.067028 0.462094
1 0.538253 0.424188 0.536222 0.423285 0.525389 0.424188 0.518619 0.431408 0.516588 0.436823 0.511848 0.458484 0.512525 0.462094 0.514557 0.464801 0.519973 0.467509 0.527420 0.467509 0.534191 0.463899 0.536222 0.461191 0.547732 0.452166 0.548409 0.444043 0.546378 0.435921 0.543670 0.429603
1 0.398104 0.631769 0.397427 0.630866 0.396750 0.627256 0.394042 0.624549 0.385917 0.624549 0.385240 0.625451 0.383209 0.625451 0.376439 0.629964 0.375085 0.631769 0.373731 0.631769 0.373053 0.632671 0.370345 0.633574 0.368991 0.637184 0.369668 0.638989 0.372376 0.641697 0.377793 0.641697 0.378470 0.640794 0.380501 0.640794 0.385240 0.638087 0.393365 0.638087 0.394042 0.637184 0.397427 0.637184 0.398104 0.636282
3 0.000000 0.633574 0.000000 0.640794 0.001354 0.640794 0.003385 0.642599 0.011510 0.642599 0.012187 0.641697 0.013541 0.641697 0.015572 0.639892 0.015572 0.638989 0.014895 0.638087 0.014895 0.636282 0.014218 0.635379 0.014218 0.634477 0.012187 0.629964 0.012187 0.628159 0.011510 0.627256 0.011510 0.626354 0.010156 0.626354 0.009479 0.625451 0.006770 0.625451 0.006093 0.626354 0.004062 0.626354 0.002031 0.630866 0.002031 0.632671 0.001354 0.633574
3 0.036561 0.635379 0.035884 0.634477 0.035884 0.633574 0.035207 0.633574 0.034529 0.632671 0.033175 0.632671 0.032498 0.631769 0.031144 0.631769 0.030467 0.632671 0.025728 0.632671 0.023697 0.635379 0.023697 0.638087 0.023020 0.638989 0.023020 0.639892 0.023697 0.639892 0.024374 0.640794 0.034529 0.640794 0.035207 0.639892 0.035884 0.639892 0.035884 0.638989 0.036561 0.638087
3 0.423155 0.634477 0.421801 0.632671 0.417062 0.632671 0.416385 0.633574 0.414353 0.633574 0.412322 0.635379 0.410968 0.635379 0.404198 0.641697 0.402167 0.642599 0.400812 0.644404 0.400135 0.648917 0.398104 0.654332 0.398781 0.657040 0.400812 0.658845 0.401489 0.657942 0.404198 0.657942 0.405552 0.656137 0.410291 0.653430 0.419770 0.644404 0.423832 0.641697 0.425186 0.639892
