0 0.907921 0.483755 0.903859 0.490072 0.905213 0.508123 0.893026 0.525271 0.901828 0.535199 0.901151 0.595668 0.913338 0.664260 0.908598 0.678700 0.920108 0.680505 0.924848 0.528881 0.928910 0.549639 0.925525 0.639892 0.928910 0.672383 0.939743 0.680505 0.943805 0.675090 0.939066 0.652527 0.945836 0.574910 0.942451 0.546931 0.947867 0.537004 0.938389 0.509928 0.924848 0.509928 0.920108 0.484657
0 0.501693 0.455776 0.496276 0.457581 0.491537 0.464801 0.490860 0.479242 0.481381 0.498195 0.477996 0.546029 0.486798 0.555957 0.488829 0.563177 0.484089 0.594765 0.484089 0.631769 0.493568 0.620036 0.494922 0.604693 0.496953 0.613718 0.501693 0.613718 0.508463 0.605596 0.512525 0.581227 0.513202 0.527978 0.516588 0.521661 0.508463 0.509025 0.503724 0.490975 0.511848 0.477437 0.508463 0.461191
0 0.379824 0.402527 0.375762 0.402527 0.373053 0.406137 0.371022 0.407040 0.367637 0.406137 0.366283 0.404332 0.365606 0.400722 0.370345 0.389892 0.368991 0.387184 0.366283 0.385379 0.362898 0.385379 0.356127 0.396209 0.352742 0.406137 0.348680 0.411552 0.348003 0.417870 0.349357 0.418773 0.361544 0.418773 0.362221 0.419675 0.364929 0.416968 0.365606 0.413357 0.371022 0.413357 0.375085 0.411552 0.379824 0.404332
0 0.540284 0.455776 0.532837 0.468412 0.536222 0.478339 0.524712 0.509025 0.519296 0.512635 0.518619 0.518051 0.531483 0.520758 0.534868 0.525271 0.534191 0.556859 0.541638 0.605596 0.540961 0.626354 0.536899 0.638989 0.551117 0.640794 0.561273 0.637184 0.563304 0.632671 0.564658 0.609206 0.561273 0.560469 0.564658 0.521661 0.572783 0.514440 0.568043 0.485560 0.553825 0.473827 0.551117 0.459386
0 0.613406 0.467509 0.608666 0.471119 0.607312 0.478339 0.601896 0.486462 0.601896 0.513538 0.599865 0.539711 0.597833 0.547834 0.598511 0.557762 0.602573 0.556859 0.605281 0.536101 0.606635 0.537906 0.606635 0.549639 0.607989 0.551444 0.610697 0.550542 0.612728 0.530686 0.620853 0.501805 0.621530 0.487365 0.618145 0.481047 0.618145 0.472924 0.616791 0.469314
1 0.905213 0.483755 0.903182 0.487365 0.903182 0.490072 0.902505 0.490975 0.903182 0.491877 0.903182 0.498195 0.903859 0.499097 0.904536 0.502708 0.907921 0.508123 0.909276 0.508123 0.913338 0.510830 0.918077 0.510830 0.922139 0.506318 0.923494 0.502708 0.923494 0.493682 0.922817 0.492780 0.922817 0.490072 0.922139 0.489170 0.922139 0.483755 0.920108 0.481949 0.910630 0.481949 0.909953 0.482852 0.907244 0.482852 0.906567 0.483755
1 0.532837 0.470217 0.535545 0.470217 0.536222 0.469314 0.546378 0.469314 0.547055 0.468412 0.552471 0.468412 0.553825 0.466606 0.553825 0.462996 0.553148 0.462094 0.553148 0.460289 0.551794 0.458484 0.551117 0.458484 0.548409 0.455776 0.545701 0.455776 0.545024 0.454874 0.540284 0.454874 0.537576 0.457581 0.536899 0.457581 0.535545 0.459386 0.535545 0.460289 0.534191 0.462996 0.534191 0.464801 0.532837 0.466606
1 0.412322 0.383574 0.412322 0.385379 0.411645 0.386282 0.411645 0.387184 0.412322 0.388087 0.412322 0.388989 0.413676 0.390794 0.421801 0.390794 0.421801 0.386282 0.421124 0.385379 0.421124 0.384477 0.420447 0.383574 0.419770 0.383574 0.419093 0.382671 0.417739 0.382671 0.417062 0.381769 0.413676 0.381769
1 0.559919 0.474729 0.559919 0.477437 0.561950 0.480144 0.562627 0.480144 0.563304 0.481047 0.567366 0.481047 0.567366 0.476534 0.565335 0.473827 0.560596 0.473827
1 0.053487 0.490072 0.051456 0.495487 0.052133 0.511733 0.056872 0.524368 0.060257 0.528881 0.066351 0.532491 0.071767 0.532491 0.081923 0.528881 0.088016 0.520758 0.088693 0.516245 0.088016 0.504513 0.079215 0.490975 0.073121 0.489170 0.071090 0.487365 0.067705 0.488267 0.062288 0.485560 0.058226 0.485560
1 0.359513 0.389892 0.359513 0.390794 0.360190 0.391697 0.360867 0.391697 0.361544 0.392599 0.364929 0.392599 0.365606 0.393502 0.366960 0.393502 0.367637 0.392599 0.368991 0.392599 0.370345 0.390794 0.370345 0.388989 0.368314 0.386282 0.367637 0.386282 0.366960 0.385379 0.362221 0.385379 0.360190 0.388087 0.360190 0.388989
1 0.490860 0.465704 0.490860 0.470217 0.492891 0.472022 0.495599 0.472022 0.496276 0.472924 0.500338 0.472924 0.501016 0.473827 0.503047 0.473827 0.508463 0.477437 0.511848 0.477437 0.512525 0.476534 0.512525 0.473827 0.510494 0.468412 0.510494 0.466606 0.507786 0.459386 0.505078 0.456679 0.503047 0.456679 0.502370 0.455776 0.498984 0.455776 0.498307 0.456679 0.496953 0.456679 0.494245 0.459386 0.494245 0.460289
1 0.610697 0.468412 0.608666 0.471119 0.608666 0.472022 0.607989 0.472924 0.607989 0.479242 0.608666 0.480144 0.609343 0.480144 0.610020 0.481047 0.613406 0.481047 0.614083 0.481949 0.616114 0.481949 0.617468 0.480144 0.617468 0.478339 0.618145 0.477437 0.618145 0.472924 0.617468 0.472022 0.617468 0.471119 0.616791 0.470217 0.616791 0.469314 0.616114 0.468412 0.613406 0.468412 0.612728 0.467509 0.612051 0.468412
1 0.598511 0.474729 0.597156 0.476534 0.597156 0.481047 0.598511 0.482852 0.602573 0.482852 0.603250 0.481949 0.603250 0.481047 0.603927 0.480144 0.603250 0.479242 0.603250 0.477437 0.602573 0.476534 0.601896 0.476534 0.601219 0.475632 0.599188 0.475632
1 0.922139 0.481047 0.921462 0.481047 0.920785 0.480144 0.911307 0.480144 0.910630 0.481047 0.906567 0.481047 0.903859 0.483755 0.903859 0.484657 0.902505 0.487365 0.902505 0.489170 0.901828 0.490072 0.901828 0.493682 0.903859 0.496390 0.904536 0.496390 0.907244 0.493682 0.908598 0.493682 0.910630 0.491877 0.913338 0.491877 0.914015 0.490975 0.919431 0.490975 0.921462 0.492780 0.921462 0.491877 0.922139 0.490975 0.922139 0.487365 0.922817 0.486462 0.922817 0.482852 0.922139 0.481949
2 0.609343 0.544224 0.607989 0.546029 0.607989 0.546931 0.607312 0.547834 0.607312 0.548736 0.606635 0.549639 0.606635 0.550542 0.607312 0.551444 0.607312 0.552347 0.607989 0.552347 0.608666 0.553249 0.609343 0.553249 0.611374 0.550542 0.611374 0.546029 0.610697 0.546029
3 0.598511 0.550542 0.597833 0.551444 0.597833 0.552347 0.596479 0.554152 0.596479 0.556859 0.598511 0.559567 0.602573 0.559567 0.603927 0.557762 0.603927 0.553249 0.601896 0.550542
3 0.535545 0.637184 0.535545 0.639892 0.536222 0.640794 0.537576 0.640794 0.538253 0.641697 0.550440 0.641697 0.551117 0.640794 0.552471 0.640794 0.553148 0.639892 0.553148 0.638087 0.552471 0.637184 0.552471 0.636282 0.551794 0.636282 0.551117 0.635379 0.550440 0.635379 0.549763 0.634477 0.547732 0.633574 0.546378 0.631769 0.545024 0.631769 0.543670 0.629964 0.540284 0.629964 0.539607 0.630866 0.538930 0.630866 0.537576 0.632671 0.537576 0.633574 0.536222 0.635379 0.536222 0.636282
3 0.907244 0.675090 0.907244 0.676895 0.906567 0.677798 0.906567 0.678700 0.908598 0.681408 0.909953 0.681408 0.910630 0.682310 0.911984 0.682310 0.912661 0.683213 0.914692 0.683213 0.915369 0.684116 0.917400 0.684116 0.918077 0.685018 0.918754 0.684116 0.919431 0.684116 0.920785 0.681408 0.920785 0.680505 0.920108 0.679603 0.920108 0.675090 0.918077 0.673285 0.916046 0.673285 0.915369 0.672383 0.909953 0.672383 0.909276 0.673285 0.908598 0.673285
3 0.938389 0.656137 0.937712 0.657040 0.933649 0.657040 0.930941 0.659747 0.930941 0.660650 0.929587 0.663357 0.929587 0.665162 0.932972 0.668773 0.932972 0.670578 0.933649 0.671480 0.933649 0.676895 0.934326 0.677798 0.934326 0.679603 0.935003 0.680505 0.936357 0.680505 0.937035 0.681408 0.939743 0.681408 0.940420 0.680505 0.942451 0.679603 0.943805 0.676895 0.943805 0.668773 0.942451 0.666065 0.941774 0.661552
3 0.555179 0.635379 0.555179 0.636282 0.555856 0.637184 0.555856 0.638087 0.556534 0.638087 0.557211 0.638989 0.560596 0.638989 0.561273 0.638087 0.561950 0.638087 0.563304 0.636282 0.563304 0.632671 0.562627 0.631769 0.561950 0.631769 0.561273 0.630866 0.557211 0.630866 0.555856 0.632671 0.555856 0.634477
3 0.491537 0.620939 0.484766 0.620939 0.484089 0.620036 0.484089 0.620939 0.483412 0.621841 0.483412 0.623646 0.482735 0.624549 0.482735 0.628159 0.482058 0.629061 0.482058 0.633574 0.483412 0.633574 0.484089 0.634477 0.486798 0.630866 0.487475 0.630866 0.492214 0.624549 0.492214 0.623646 0.492891 0.622744
