0 0.813737 0.088714 0.793946 0.091339 0.784633 0.105512 0.796275 0.121260 0.790454 0.130184 0.791618 0.151706 0.777648 0.164829 0.795111 0.167979 0.802095 0.178478 0.805588 0.209449 0.813737 0.223622 0.802095 0.234121 0.817229 0.237270 0.839348 0.175328 0.796275 0.171129 0.806752 0.117060 0.828871 0.102887 0.825378 0.093438
0 0.223516 0.322310 0.201397 0.355381 0.222352 0.355906 0.155995 0.408399 0.231665 0.487139 0.244470 0.636220 0.261932 0.649869 0.306170 0.647244 0.314319 0.597375 0.360885 0.649869 0.391153 0.654068 0.419092 0.629921 0.343423 0.480315 0.392317 0.518110 0.407451 0.614173 0.441211 0.616798 0.452852 0.559055 0.461001 0.618373 0.507567 0.622047 0.471478 0.592126 0.465658 0.508137 0.514552 0.535958 0.527357 0.500787 0.586729 0.477165 0.598370 0.423097 0.549476 0.384777 0.557625 0.351706 0.515716 0.334383 0.348079 0.322310 0.238650 0.349606 0.266589 0.331234 0.232829 0.337008
0 0.388824 0.125459 0.374854 0.129134 0.371362 0.140157 0.388824 0.161155 0.410943 0.233596 0.417928 0.226247 0.420256 0.245144 0.413271 0.247244 0.407451 0.240945 0.407451 0.247769 0.421420 0.248819 0.424913 0.255118 0.436554 0.257218 0.447031 0.252493 0.440047 0.223622 0.430733 0.218898 0.419092 0.218373 0.412107 0.209974 0.421420 0.201575 0.441211 0.201050 0.450524 0.196850 0.447031 0.167979 0.419092 0.146982 0.405122 0.129659
0 0.002328 0.135958 0.000000 0.136483 0.000000 0.193701 0.019790 0.193701 0.026775 0.196325 0.043073 0.199475 0.039581 0.191076 0.039581 0.177953 0.029104 0.160105 0.015134 0.143307 0.006985 0.137008
0 0.000000 0.197900 0.000000 0.360630 0.041909 0.400000 0.043073 0.417323 0.062864 0.417848 0.068685 0.430971 0.123399 0.432021 0.137369 0.425197 0.114086 0.420472 0.096624 0.408399 0.089639 0.328609 0.051222 0.234121 0.122235 0.235696 0.174622 0.207349 0.168801 0.199475 0.157159 0.198950 0.098952 0.218898 0.039581 0.200000
0 0.190920 0.118110 0.178114 0.124934 0.181607 0.143307 0.166473 0.150656 0.164144 0.161155 0.199069 0.226247 0.208382 0.264042 0.217695 0.276640 0.227008 0.278215 0.237485 0.272441 0.223516 0.244094 0.230501 0.229396 0.250291 0.273491 0.264261 0.277165 0.286380 0.268766 0.268917 0.260892 0.254948 0.207349 0.214203 0.147507 0.221187 0.126509 0.207218 0.118635
0 0.789290 0.111286 0.785797 0.112861 0.781141 0.112861 0.777648 0.115486 0.778813 0.120210 0.788126 0.130184 0.779977 0.141732 0.768335 0.144357 0.764843 0.146457 0.771828 0.153281 0.761350 0.161680 0.761350 0.164829 0.766007 0.166404 0.777648 0.165354 0.781141 0.160105 0.785797 0.159055 0.791618 0.155381 0.791618 0.129659 0.796275 0.124409 0.797439 0.119160
0 0.663562 0.097638 0.643772 0.098688 0.626310 0.109186 0.635623 0.137533 0.623981 0.160630 0.599534 0.174803 0.592550 0.185302 0.605355 0.186877 0.627474 0.176903 0.637951 0.212073 0.653085 0.228871 0.653085 0.246194 0.630966 0.258268 0.651921 0.261417 0.681024 0.256693 0.688009 0.251444 0.679860 0.244094 0.671711 0.215748 0.683353 0.153806 0.669383 0.121260 0.675204 0.104987
0 0.341094 0.121785 0.324796 0.133333 0.343423 0.168504 0.337602 0.201050 0.369034 0.265092 0.356228 0.271916 0.371362 0.276115 0.396973 0.270866 0.399301 0.264042 0.413271 0.262467 0.417928 0.257218 0.400466 0.251969 0.401630 0.240420 0.387660 0.230971 0.387660 0.197900 0.381839 0.193176 0.385332 0.159580 0.366705 0.146457 0.359721 0.125459
0 0.437718 0.080315 0.407451 0.095013 0.413271 0.123360 0.424913 0.128609 0.442375 0.125984 0.469150 0.141207 0.462165 0.191076 0.431898 0.217323 0.454016 0.223622 0.452852 0.249344 0.473807 0.252493 0.507567 0.328609 0.543655 0.338583 0.576251 0.365879 0.591385 0.360105 0.590221 0.329659 0.564610 0.276115 0.564610 0.230446 0.550640 0.207874 0.570431 0.190026 0.564610 0.142257 0.495925 0.111286 0.480792 0.084514
0 0.715949 0.105512 0.708964 0.107612 0.699651 0.116011 0.707800 0.127559 0.690338 0.144357 0.701979 0.153806 0.703143 0.182677 0.714785 0.205249 0.739232 0.207874 0.750873 0.205249 0.749709 0.195276 0.738068 0.175328 0.738068 0.166929 0.746217 0.161155 0.746217 0.135958 0.727590 0.120210 0.727590 0.109186
1 0.823050 0.090814 0.817229 0.088714 0.804424 0.089239 0.795111 0.090814 0.791618 0.092388 0.788126 0.095538 0.785797 0.098688 0.785797 0.100262 0.784633 0.100787 0.783469 0.104987 0.782305 0.105512 0.788126 0.106562 0.791618 0.106562 0.796275 0.103937 0.805588 0.101837 0.821886 0.101837 0.823050 0.102362 0.827707 0.102362 0.828871 0.098688
1 0.000000 0.136483 0.000000 0.150656 0.001164 0.150656 0.004657 0.152231 0.005821 0.152231 0.006985 0.152756 0.012806 0.152756 0.013970 0.153281 0.015134 0.153281 0.016298 0.152756 0.017462 0.152756 0.019790 0.151181 0.019790 0.150131 0.018626 0.149606 0.018626 0.148032 0.017462 0.147507 0.017462 0.146457 0.016298 0.145932 0.016298 0.144357 0.015134 0.143832 0.015134 0.142782 0.013970 0.142257 0.012806 0.140682 0.008149 0.138583 0.008149 0.138058 0.005821 0.136483
1 0.336438 0.122310 0.332945 0.123885 0.327125 0.128609 0.327125 0.129659 0.323632 0.133333 0.324796 0.135433 0.327125 0.136483 0.329453 0.135958 0.334109 0.135958 0.335274 0.135433 0.343423 0.135433 0.344587 0.135958 0.349243 0.135958 0.350407 0.135433 0.356228 0.135433 0.357392 0.135958 0.359721 0.135958 0.363213 0.134908 0.363213 0.128084 0.359721 0.124934 0.355064 0.122835 0.352736 0.122835 0.349243 0.121785 0.341094 0.121260
1 0.181607 0.120735 0.179278 0.122310 0.179278 0.123360 0.176950 0.125459 0.176950 0.128609 0.178114 0.129134 0.179278 0.131759 0.182771 0.133333 0.200233 0.133858 0.201397 0.133333 0.203725 0.133333 0.208382 0.132283 0.211874 0.132283 0.213038 0.131759 0.216531 0.132808 0.221187 0.130709 0.221187 0.125984 0.216531 0.122310 0.204889 0.117585 0.189756 0.117585
1 0.398137 0.125984 0.394645 0.125984 0.393481 0.125459 0.386496 0.125459 0.383004 0.126509 0.380675 0.126509 0.373690 0.129659 0.373690 0.130709 0.371362 0.132808 0.371362 0.139633 0.372526 0.140157 0.372526 0.141732 0.376019 0.143307 0.378347 0.143307 0.379511 0.143832 0.380675 0.143307 0.388824 0.143307 0.389988 0.142782 0.393481 0.142782 0.396973 0.141732 0.406286 0.140682 0.410943 0.139108 0.412107 0.136483 0.410943 0.135958 0.409779 0.133333 0.405122 0.129134
1 0.243306 0.318110 0.220023 0.319160 0.187427 0.341207 0.178114 0.353806 0.176950 0.360105 0.190920 0.369554 0.195576 0.368504 0.209546 0.360105 0.227008 0.356430 0.245634 0.347507 0.254948 0.344882 0.254948 0.343307 0.263097 0.339108 0.268917 0.338058 0.270081 0.330709 0.267753 0.328084 0.251455 0.324409
1 0.000000 0.134383 0.000000 0.143832 0.002328 0.143832 0.003492 0.143307 0.004657 0.143307 0.005821 0.143832 0.009313 0.143832 0.010477 0.143307 0.010477 0.142782 0.011641 0.142257 0.011641 0.140157 0.010477 0.139633 0.010477 0.139108 0.009313 0.138583 0.009313 0.138058 0.008149 0.137533 0.008149 0.137008 0.006985 0.136483 0.006985 0.135958 0.004657 0.134908 0.004657 0.134383
1 0.782305 0.104462 0.778813 0.106562 0.778813 0.109186 0.777648 0.109711 0.777648 0.111811 0.776484 0.112336 0.776484 0.114961 0.777648 0.115486 0.777648 0.116535 0.778813 0.117060 0.778813 0.118635 0.779977 0.119160 0.782305 0.121785 0.783469 0.121785 0.786962 0.120210 0.786962 0.119685 0.788126 0.119160 0.790454 0.119160 0.792782 0.120210 0.793946 0.119685 0.793946 0.114961 0.792782 0.114436 0.792782 0.113386 0.790454 0.111811 0.790454 0.109711 0.789290 0.109186 0.789290 0.108136 0.786962 0.107087 0.786962 0.106562
1 0.487776 0.376378 0.445867 0.382152 0.421420 0.390026 0.400466 0.409449 0.395809 0.434121 0.407451 0.455643 0.451688 0.492388 0.472643 0.502887 0.501746 0.503412 0.555297 0.495538 0.573923 0.488189 0.589057 0.475066 0.604191 0.437795 0.592550 0.413648 0.559953 0.389501 0.518044 0.377953
1 0.477299 0.082940 0.452852 0.080315 0.436554 0.080315 0.421420 0.083465 0.413271 0.087664 0.406286 0.097113 0.407451 0.106037 0.414435 0.115486 0.414435 0.120735 0.410943 0.122835 0.410943 0.125459 0.416764 0.125459 0.421420 0.128084 0.434226 0.126509 0.444703 0.117060 0.463329 0.109711 0.471478 0.103937 0.486612 0.096588 0.487776 0.090289 0.483120 0.085564
1 0.720605 0.105512 0.715949 0.105512 0.714785 0.106037 0.712456 0.106037 0.706636 0.108661 0.699651 0.114961 0.699651 0.119685 0.701979 0.120735 0.704307 0.121260 0.708964 0.121260 0.712456 0.120210 0.720605 0.119685 0.726426 0.118110 0.729919 0.112336 0.728754 0.111811 0.728754 0.110236 0.726426 0.108136
1 0.670547 0.099738 0.667055 0.098163 0.661234 0.097113 0.649593 0.097638 0.642608 0.098688 0.642608 0.099213 0.639115 0.100262 0.633295 0.104987 0.625145 0.109186 0.625145 0.111286 0.628638 0.114436 0.635623 0.116535 0.650757 0.116535 0.658906 0.114961 0.664726 0.114961 0.668219 0.116011 0.675204 0.112336 0.675204 0.109711 0.676368 0.109186 0.676368 0.106037 0.674040 0.103937 0.674040 0.102362
1 0.584400 0.315486 0.577416 0.318110 0.568102 0.319685 0.545984 0.319685 0.543655 0.320735 0.544820 0.339633 0.547148 0.342782 0.561118 0.352231 0.564610 0.358530 0.564610 0.366404 0.576251 0.366404 0.582072 0.365354 0.591385 0.360630 0.590221 0.328084 0.587893 0.319685
1 0.506403 0.311286 0.505239 0.311811 0.505239 0.316535 0.506403 0.317060 0.506403 0.329659 0.507567 0.331234 0.528522 0.336483 0.533178 0.338583 0.537835 0.339633 0.541327 0.339633 0.543655 0.338583 0.543655 0.330184 0.542491 0.329659 0.542491 0.324934 0.541327 0.324409 0.541327 0.318110 0.538999 0.315486 0.534342 0.313386 0.526193 0.311286 0.522701 0.311811 0.520373 0.311286 0.515716 0.311811
2 0.428405 0.650394 0.417928 0.650394 0.410943 0.653018 0.400466 0.659842 0.389988 0.669816 0.371362 0.681890 0.372526 0.686089 0.383004 0.689764 0.406286 0.688714 0.431898 0.689764 0.438882 0.687139 0.440047 0.679265 0.434226 0.673491 0.433062 0.665092 0.423749 0.657743 0.427241 0.656168
2 0.662398 0.251444 0.657742 0.249344 0.657742 0.248819 0.656577 0.248294 0.653085 0.247769 0.651921 0.248294 0.646100 0.249344 0.640279 0.251444 0.639115 0.251444 0.639115 0.251969 0.633295 0.254593 0.633295 0.255118 0.629802 0.257743 0.629802 0.258793 0.632130 0.259843 0.633295 0.259843 0.636787 0.260892 0.647264 0.260892 0.650757 0.259318 0.656577 0.258268 0.656577 0.255118 0.657742 0.254593 0.658906 0.253018
2 0.803260 0.209449 0.800931 0.210499 0.800931 0.211024 0.799767 0.211549 0.797439 0.211549 0.796275 0.212073 0.796275 0.214173 0.797439 0.214698 0.797439 0.215748 0.798603 0.216273 0.798603 0.217323 0.799767 0.217848 0.799767 0.218898 0.800931 0.219423 0.800931 0.220472 0.803260 0.221522 0.806752 0.221522 0.807916 0.222047 0.810244 0.222047 0.810244 0.216273 0.809080 0.215748 0.809080 0.214698 0.807916 0.214173 0.807916 0.212073 0.806752 0.211549 0.806752 0.210499
2 0.818393 0.228346 0.817229 0.228346 0.816065 0.227822 0.813737 0.227822 0.812573 0.228346 0.811409 0.228346 0.807916 0.229921 0.806752 0.229921 0.803260 0.232021 0.802095 0.232021 0.799767 0.233071 0.797439 0.233071 0.795111 0.234121 0.799767 0.237795 0.799767 0.238845 0.800931 0.239370 0.802095 0.239370 0.803260 0.239895 0.803260 0.240420 0.809080 0.240420 0.810244 0.240945 0.811409 0.240420 0.814901 0.240420 0.816065 0.240945 0.817229 0.240945 0.817229 0.239895 0.819558 0.238320 0.819558 0.236745 0.820722 0.236220 0.820722 0.233071 0.821886 0.232546 0.821886 0.229921
2 0.058207 0.396325 0.052386 0.396850 0.041909 0.400000 0.040745 0.415748 0.041909 0.416273 0.041909 0.417848 0.045402 0.418898 0.048894 0.418898 0.050058 0.418373 0.058207 0.418373 0.059371 0.417848 0.061700 0.417848 0.064028 0.416273 0.064028 0.405249 0.062864 0.404724 0.062864 0.401575 0.061700 0.401050 0.060536 0.397375
3 0.688009 0.250919 0.685681 0.249344 0.685681 0.248294 0.682189 0.246719 0.677532 0.246719 0.671711 0.249869 0.660070 0.249344 0.657742 0.248294 0.653085 0.247769 0.648428 0.249869 0.641444 0.251444 0.641444 0.251969 0.633295 0.255118 0.629802 0.258793 0.632130 0.259843 0.636787 0.260892 0.640279 0.260892 0.643772 0.261942 0.654249 0.261942 0.660070 0.260367 0.667055 0.259843 0.670547 0.258793 0.676368 0.258268 0.679860 0.256693 0.683353 0.256168 0.686845 0.254068
3 0.763679 0.222572 0.763679 0.223097 0.762515 0.223622 0.763679 0.224147 0.763679 0.225722 0.764843 0.226247 0.764843 0.226772 0.766007 0.226772 0.768335 0.227822 0.770664 0.227822 0.771828 0.228346 0.775320 0.228346 0.776484 0.228871 0.778813 0.228871 0.779977 0.229396 0.785797 0.229396 0.788126 0.228346 0.788126 0.227297 0.789290 0.226772 0.792782 0.226247 0.792782 0.225722 0.796275 0.223622 0.796275 0.221522 0.795111 0.220997 0.795111 0.219948 0.793946 0.219948 0.792782 0.219423 0.788126 0.219423 0.786962 0.219948 0.785797 0.219948 0.784633 0.219423 0.777648 0.219423 0.776484 0.219948 0.771828 0.219948 0.770664 0.220472 0.767171 0.220997
3 0.286380 0.266667 0.284051 0.265617 0.279395 0.264567 0.274738 0.264567 0.272410 0.265617 0.271246 0.266667 0.271246 0.268241 0.268917 0.269816 0.266589 0.270341 0.264261 0.270341 0.261932 0.271391 0.251455 0.271916 0.251455 0.276115 0.252619 0.277165 0.256112 0.278215 0.260768 0.278215 0.261932 0.277690 0.266589 0.277690 0.267753 0.277165 0.273574 0.276640 0.278230 0.275591 0.280559 0.274541 0.281723 0.274541 0.286380 0.272441 0.286380 0.270866 0.287544 0.270341 0.287544 0.268241 0.286380 0.267717
3 0.839348 0.228871 0.837020 0.228871 0.834692 0.229921 0.834692 0.230446 0.833527 0.230971 0.833527 0.232546 0.832363 0.233071 0.832363 0.234121 0.831199 0.234646 0.831199 0.237795 0.830035 0.238320 0.830035 0.242520 0.831199 0.243045 0.831199 0.244094 0.840512 0.244094 0.841676 0.243570 0.842840 0.243570 0.845169 0.242520 0.845169 0.241995 0.846333 0.241470 0.846333 0.232021 0.845169 0.231496 0.845169 0.230446 0.842840 0.229396 0.840512 0.229396
3 0.448196 0.254593 0.445867 0.253018 0.443539 0.254068 0.440047 0.254068 0.438882 0.254593 0.437718 0.254593 0.436554 0.254068 0.429569 0.254068 0.428405 0.253543 0.424913 0.253543 0.422584 0.255118 0.422584 0.258793 0.424913 0.259843 0.431898 0.259843 0.433062 0.259318 0.438882 0.259318 0.448196 0.255118
3 0.238650 0.268241 0.237485 0.268241 0.236321 0.267717 0.233993 0.267717 0.229336 0.269816 0.227008 0.269816 0.225844 0.270341 0.223516 0.270341 0.222352 0.270866 0.216531 0.270866 0.215367 0.271391 0.215367 0.274541 0.216531 0.275066 0.216531 0.276640 0.218859 0.277690 0.218859 0.278215 0.220023 0.278740 0.221187 0.278740 0.222352 0.279265 0.224680 0.279265 0.225844 0.278740 0.229336 0.278215 0.236321 0.275066 0.236321 0.274541 0.239814 0.272966 0.239814 0.268766
3 0.064028 0.420472 0.062864 0.429921 0.065192 0.431496 0.111758 0.433596 0.128056 0.432021 0.139697 0.428871 0.138533 0.424672 0.126892 0.421522 0.115250 0.420472 0.110594 0.418373 0.107101 0.414698 0.098952 0.411024 0.095460 0.411024 0.083818 0.413648 0.072177 0.418373 0.067520 0.417848
3 0.421420 0.257218 0.417928 0.257743 0.417928 0.258793 0.416764 0.259318 0.416764 0.259843 0.414435 0.260892 0.407451 0.260892 0.403958 0.262467 0.400466 0.262467 0.400466 0.262992 0.399301 0.263517 0.399301 0.268766 0.400466 0.269291 0.405122 0.269291 0.407451 0.268241 0.413271 0.267192 0.419092 0.264042 0.421420 0.264042 0.424913 0.262992 0.424913 0.262467 0.426077 0.261942 0.426077 0.260367 0.424913 0.259843 0.423749 0.258268
3 0.813737 0.226772 0.812573 0.227297 0.811409 0.227297 0.804424 0.230446 0.803260 0.230446 0.800931 0.231496 0.797439 0.232021 0.795111 0.233071 0.795111 0.234646 0.798603 0.237270 0.798603 0.238320 0.800931 0.239370 0.802095 0.239370 0.803260 0.239895 0.809080 0.239895 0.810244 0.239370 0.814901 0.239370 0.816065 0.238845 0.817229 0.238845 0.817229 0.238320 0.818393 0.237795 0.818393 0.236745 0.820722 0.235171 0.820722 0.229396
3 0.724098 0.205249 0.719441 0.205249 0.715949 0.203675 0.713620 0.201575 0.711292 0.200525 0.708964 0.200525 0.706636 0.201575 0.697322 0.202625 0.694994 0.203675 0.692666 0.203675 0.690338 0.204724 0.685681 0.205774 0.678696 0.205774 0.677532 0.206299 0.684517 0.207874 0.689173 0.209974 0.707800 0.209974 0.708964 0.209449 0.713620 0.208924 0.718277 0.206824 0.720605 0.206299 0.724098 0.206299
3 0.774156 0.205249 0.774156 0.205774 0.772992 0.206299 0.772992 0.207874 0.771828 0.208399 0.771828 0.209974 0.772992 0.210499 0.772992 0.211549 0.775320 0.212598 0.777648 0.212598 0.778813 0.213123 0.796275 0.213123 0.797439 0.213648 0.799767 0.213648 0.799767 0.210499 0.798603 0.209974 0.798603 0.209449 0.797439 0.208924 0.796275 0.208924 0.792782 0.207349 0.792782 0.206824 0.788126 0.203150 0.784633 0.203150 0.781141 0.204199 0.777648 0.204199 0.775320 0.205249
3 0.775320 0.209974 0.775320 0.213123 0.777648 0.214173 0.778813 0.216798 0.784633 0.220472 0.786962 0.222572 0.786962 0.223622 0.789290 0.224147 0.799767 0.222047 0.807916 0.222047 0.810244 0.223097 0.810244 0.218373 0.809080 0.217848 0.809080 0.216273 0.807916 0.215748 0.806752 0.213123 0.803260 0.211024 0.799767 0.211024 0.796275 0.209449 0.793946 0.209449 0.790454 0.210499 0.783469 0.211024 0.779977 0.212073 0.776484 0.212073 0.775320 0.211549
3 0.417928 0.255118 0.413271 0.255118 0.410943 0.256168 0.408615 0.256168 0.405122 0.257218 0.400466 0.257218 0.398137 0.258268 0.398137 0.259318 0.399301 0.259843 0.399301 0.262992 0.400466 0.263517 0.400466 0.265092 0.402794 0.266142 0.405122 0.266142 0.406286 0.265617 0.408615 0.265617 0.409779 0.265092 0.410943 0.265092 0.413271 0.264042 0.414435 0.264042 0.420256 0.261942 0.420256 0.259843 0.421420 0.259318 0.421420 0.258268 0.420256 0.257743 0.420256 0.257218 0.419092 0.256693
3 0.466822 0.596850 0.457509 0.601575 0.456345 0.605774 0.457509 0.606299 0.457509 0.617323 0.459837 0.620472 0.463329 0.622047 0.469150 0.623097 0.478463 0.623097 0.488941 0.624147 0.498254 0.624147 0.508731 0.623097 0.512224 0.620997 0.514552 0.615748 0.518044 0.612598 0.516880 0.609449 0.506403 0.607874 0.497090 0.603675 0.495925 0.601575 0.488941 0.598425 0.474971 0.595801 0.470314 0.595801
3 0.726426 0.205774 0.726426 0.206824 0.729919 0.208399 0.731083 0.208399 0.732247 0.208924 0.743888 0.208924 0.745052 0.208399 0.747381 0.208399 0.748545 0.207874 0.750873 0.207874 0.753201 0.206824 0.753201 0.205249 0.752037 0.204724 0.752037 0.203150 0.750873 0.202625 0.738068 0.202625 0.736903 0.203150 0.734575 0.203150 0.729919 0.205249 0.727590 0.205249
3 0.684517 0.246194 0.683353 0.246194 0.682189 0.245669 0.678696 0.245669 0.671711 0.249869 0.670547 0.249869 0.669383 0.250394 0.665891 0.250394 0.662398 0.251444 0.662398 0.253018 0.667055 0.255118 0.663562 0.256693 0.662398 0.256693 0.661234 0.257218 0.661234 0.258268 0.662398 0.258793 0.675204 0.258793 0.676368 0.258268 0.682189 0.257218 0.688009 0.254593 0.688009 0.254068 0.690338 0.252493 0.690338 0.250394
3 0.712456 0.202625 0.712456 0.204724 0.711292 0.205249 0.711292 0.206299 0.713620 0.207349 0.714785 0.207349 0.715949 0.207874 0.725262 0.207874 0.726426 0.208399 0.727590 0.208399 0.728754 0.207874 0.729919 0.207874 0.731083 0.207349 0.732247 0.207349 0.734575 0.206299 0.734575 0.203150 0.733411 0.202625 0.731083 0.202625 0.729919 0.202100 0.726426 0.202100 0.725262 0.202625 0.722934 0.202625 0.721770 0.202100 0.713620 0.202100
3 0.353900 0.270866 0.353900 0.272441 0.358556 0.275066 0.363213 0.276115 0.367870 0.276115 0.369034 0.276640 0.379511 0.276640 0.380675 0.276115 0.384168 0.276115 0.389988 0.273491 0.392317 0.272966 0.394645 0.272966 0.396973 0.271916 0.395809 0.271391 0.395809 0.270341 0.389988 0.270341 0.388824 0.270866 0.385332 0.270866 0.384168 0.271391 0.379511 0.271391 0.378347 0.270866 0.376019 0.270866 0.373690 0.268766 0.370198 0.267192 0.366705 0.267192 0.365541 0.267717 0.358556 0.267717 0.355064 0.268766 0.355064 0.270341
