0 0.006770 0.157040 0.002031 0.163357 0.002031 0.190433 0.011510 0.195848 0.025051 0.230144 0.018957 0.312274 0.000000 0.349278 0.000000 0.365523 0.022343 0.382671 0.037915 0.404332 0.035884 0.424188 0.046716 0.422383 0.054164 0.443141 0.067705 0.444946 0.069736 0.435018 0.062965 0.418773 0.067705 0.406137 0.048070 0.380866 0.054841 0.354693 0.064320 0.339350 0.069736 0.289711 0.060934 0.234657 0.044685 0.203069 0.040623 0.177798 0.033852 0.165162 0.020988 0.156137
0 0.706161 0.222022 0.699391 0.222022 0.689912 0.227437 0.687204 0.247292 0.687204 0.260830 0.689235 0.264440 0.698037 0.268953 0.700068 0.273466 0.697360 0.276173 0.690589 0.277978 0.685173 0.288809 0.683819 0.312274 0.685850 0.315884 0.692620 0.315884 0.693974 0.314079 0.694651 0.300542 0.698037 0.290614 0.702776 0.286101 0.706838 0.268953 0.707515 0.223827
0 0.471903 0.285199 0.459716 0.290614 0.434665 0.315884 0.430603 0.348375 0.448883 0.390794 0.450237 0.474729 0.459716 0.480144 0.467163 0.469314 0.478673 0.464801 0.491537 0.432310 0.494245 0.435921 0.492891 0.481949 0.497630 0.487365 0.496953 0.504513 0.501693 0.508123 0.509140 0.501805 0.513202 0.444043 0.511848 0.333935 0.492214 0.290614
1 0.698714 0.194946 0.699391 0.197653 0.701422 0.197653 0.702099 0.198556 0.702776 0.198556 0.703453 0.197653 0.708192 0.197653 0.708869 0.198556 0.710900 0.198556 0.711578 0.199458 0.713609 0.199458 0.714286 0.198556 0.714963 0.198556 0.716317 0.196751 0.716317 0.193141 0.715640 0.192238 0.715640 0.190433 0.714963 0.189531 0.714286 0.186823 0.712932 0.185018 0.712255 0.185018 0.710223 0.183213 0.706838 0.183213 0.706161 0.184116 0.704130 0.185018 0.700068 0.190433 0.700068 0.191336 0.699391 0.192238 0.699391 0.194043
1 0.000000 0.192238 0.009479 0.191336 0.019634 0.186823 0.029790 0.180505 0.039946 0.180505 0.040623 0.177798 0.037238 0.169675 0.029113 0.159747 0.018957 0.155235 0.008802 0.156137 0.004062 0.158845 0.002031 0.163357 0.002708 0.184116 0.002031 0.190433
1 0.453622 0.308664 0.445498 0.307762 0.439404 0.310469 0.434665 0.315884 0.430603 0.326715 0.429926 0.339350 0.430603 0.349278 0.432634 0.357401 0.435342 0.363718 0.442112 0.370939 0.452268 0.370036 0.456330 0.366426 0.465809 0.334838 0.465809 0.322202 0.464455 0.317690 0.459716 0.312274
3 0.467840 0.484657 0.463101 0.480144 0.456330 0.480144 0.454299 0.481047 0.450914 0.484657 0.444144 0.486462 0.442112 0.488267 0.438727 0.489170 0.437373 0.490975 0.436019 0.495487 0.436019 0.499097 0.434665 0.504513 0.435342 0.505415 0.435342 0.508123 0.438727 0.511733 0.448883 0.511733 0.449560 0.510830 0.454299 0.509928 0.456330 0.507220 0.459716 0.505415 0.463778 0.499097 0.467163 0.496390 0.468517 0.493682 0.468517 0.486462
3 0.042654 0.413357 0.041977 0.413357 0.041300 0.412455 0.040623 0.412455 0.039946 0.411552 0.039269 0.411552 0.038592 0.412455 0.037915 0.412455 0.037238 0.413357 0.036561 0.413357 0.035884 0.414260 0.035207 0.414260 0.034529 0.415162 0.033852 0.415162 0.032498 0.416968 0.032498 0.422383 0.033175 0.423285 0.033175 0.424188 0.035207 0.425993 0.037915 0.425993 0.038592 0.426895 0.039946 0.426895 0.040623 0.425993 0.043331 0.425993 0.044008 0.425090 0.044685 0.425090 0.046039 0.423285 0.046039 0.422383 0.046716 0.421480 0.045362 0.419675 0.045362 0.417870 0.043331 0.415162 0.043331 0.414260
3 0.072444 0.442238 0.071767 0.441336 0.071767 0.439531 0.071090 0.438628 0.071090 0.437726 0.068382 0.435018 0.067028 0.435018 0.063643 0.437726 0.056195 0.437726 0.055518 0.436823 0.053487 0.436823 0.048747 0.442238 0.048747 0.445848 0.049425 0.446751 0.052133 0.446751 0.052810 0.447653 0.059580 0.447653 0.060257 0.448556 0.064320 0.448556 0.064997 0.447653 0.068382 0.447653 0.069059 0.446751 0.070413 0.446751 0.071767 0.444946
3 0.494245 0.476534 0.490183 0.482852 0.490183 0.484657 0.489506 0.485560 0.489506 0.490072 0.493568 0.497292 0.493568 0.499097 0.496276 0.508123 0.499661 0.509928 0.505078 0.509928 0.505755 0.509025 0.509140 0.508123 0.511171 0.504513 0.511171 0.497292 0.510494 0.496390 0.510494 0.492780 0.509817 0.491877 0.509817 0.485560 0.509140 0.484657 0.509140 0.479242 0.507786 0.476534 0.501016 0.476534 0.500338 0.475632 0.495599 0.475632
