0 0.985105 0.500903 0.973595 0.506318 0.970887 0.511733 0.973595 0.518953 0.983751 0.521661 0.987136 0.526173 0.986459 0.537004 0.980366 0.549639 0.983074 0.560469 0.983751 0.577617 0.978334 0.589350 0.976980 0.599278 0.984428 0.601986 0.995261 0.601986 0.997292 0.588448 0.999323 0.587545 0.999323 0.501805
0 0.552471 0.522563 0.549086 0.526173 0.547732 0.530686 0.547732 0.537004 0.546378 0.539711 0.546378 0.544224 0.545701 0.545126 0.546378 0.559567 0.548409 0.561372 0.549086 0.564982 0.551117 0.567690 0.560596 0.567690 0.561950 0.564982 0.563304 0.564079 0.565335 0.553249 0.563304 0.549639 0.565335 0.543321 0.563981 0.540614 0.563981 0.538809 0.560596 0.533394 0.560596 0.528881 0.559242 0.525271 0.556534 0.522563
0 0.249154 0.455776 0.234936 0.460289 0.232227 0.468412 0.234259 0.490072 0.220718 0.515343 0.224780 0.567690 0.230873 0.584838 0.233582 0.658845 0.237644 0.662455 0.251862 0.658845 0.248477 0.645307 0.251185 0.610108 0.255924 0.616426 0.257955 0.658845 0.268788 0.657040 0.274204 0.622744 0.274204 0.602888 0.262695 0.573105 0.266080 0.566787 0.275559 0.564982 0.275559 0.560469 0.264726 0.547834 0.251185 0.497292 0.260664 0.477437 0.255924 0.459386
0 0.678402 0.462094 0.670278 0.477437 0.671632 0.481047 0.676371 0.483755 0.670955 0.531588 0.676371 0.565884 0.675694 0.579422 0.683142 0.582130 0.685850 0.579422 0.686527 0.571300 0.685850 0.544224 0.691943 0.528881 0.696005 0.497292 0.687204 0.465704 0.682464 0.462094
0 0.651320 0.509928 0.644550 0.511733 0.641165 0.518051 0.640487 0.524368 0.643873 0.534296 0.643196 0.539711 0.636425 0.546029 0.624238 0.549639 0.624915 0.554152 0.630332 0.556859 0.632363 0.567690 0.638456 0.574910 0.640487 0.583935 0.643196 0.588448 0.647935 0.588448 0.654028 0.576715 0.657414 0.580325 0.662153 0.579422 0.668246 0.564079 0.667569 0.546931 0.665538 0.537906 0.655383 0.523466 0.654705 0.514440
0 0.645227 0.455776 0.641165 0.455776 0.637779 0.459386 0.635748 0.466606 0.637102 0.473827 0.632363 0.484657 0.633040 0.527978 0.634394 0.539711 0.636425 0.545126 0.639133 0.544224 0.643873 0.537004 0.643873 0.532491 0.641165 0.526173 0.642519 0.515343 0.647258 0.509928 0.654028 0.509928 0.658768 0.496390 0.658091 0.483755 0.649966 0.470217 0.647935 0.459386
0 0.275559 0.451264 0.269465 0.460289 0.268788 0.476534 0.256601 0.489170 0.254570 0.502708 0.264726 0.546029 0.278267 0.563177 0.274204 0.572202 0.265403 0.569495 0.264049 0.577617 0.265403 0.581227 0.273527 0.583935 0.276236 0.622744 0.278267 0.626354 0.292485 0.622744 0.286391 0.613718 0.285037 0.590253 0.291808 0.552347 0.298578 0.538809 0.299932 0.518051 0.297901 0.498195 0.293162 0.486462 0.287068 0.480144 0.289100 0.462094 0.284360 0.453069
1 0.670955 0.476534 0.670955 0.479242 0.671632 0.480144 0.688558 0.480144 0.689235 0.479242 0.689235 0.474729 0.688558 0.473827 0.688558 0.470217 0.687881 0.469314 0.687881 0.466606 0.685173 0.462996 0.683819 0.462996 0.683142 0.462094 0.678402 0.462094 0.676371 0.463899 0.676371 0.464801 0.675017 0.467509 0.675017 0.470217 0.674340 0.471119 0.674340 0.472022
1 0.270819 0.455776 0.270142 0.457581 0.270142 0.459386 0.269465 0.460289 0.269465 0.462094 0.268788 0.462996 0.268788 0.466606 0.270142 0.468412 0.276913 0.468412 0.277590 0.469314 0.282329 0.469314 0.283006 0.470217 0.285037 0.470217 0.285714 0.471119 0.287745 0.471119 0.288422 0.470217 0.289777 0.470217 0.289777 0.464801 0.289100 0.463899 0.288422 0.459386 0.285714 0.453971 0.281652 0.451264 0.275559 0.451264 0.272850 0.453069
1 0.400135 0.556859 0.398104 0.554152 0.397427 0.554152 0.396750 0.553249 0.396073 0.553249 0.394042 0.551444 0.393365 0.551444 0.392688 0.552347 0.389980 0.552347 0.389303 0.553249 0.389303 0.554152 0.387949 0.556859 0.387949 0.563177 0.388626 0.564079 0.388626 0.564982 0.389980 0.566787 0.394719 0.566787 0.395396 0.565884 0.396073 0.565884 0.397427 0.564079 0.398104 0.564079 0.399458 0.562274 0.399458 0.561372 0.400135 0.560469
1 0.556534 0.522563 0.552471 0.522563 0.551117 0.524368 0.550440 0.524368 0.549086 0.526173 0.549086 0.527076 0.548409 0.527978 0.548409 0.532491 0.549086 0.533394 0.549086 0.534296 0.549763 0.535199 0.549763 0.536101 0.550440 0.536101 0.551117 0.537004 0.552471 0.537004 0.553148 0.537906 0.553825 0.537906 0.554502 0.537004 0.555856 0.537004 0.556534 0.536101 0.557211 0.536101 0.559919 0.532491 0.559919 0.527076 0.559242 0.526173 0.559242 0.525271 0.558565 0.524368 0.557888 0.524368
1 0.451591 0.515343 0.450237 0.515343 0.449560 0.514440 0.448883 0.515343 0.446852 0.515343 0.444821 0.518051 0.444821 0.529783 0.446175 0.532491 0.449560 0.532491 0.450237 0.531588 0.451591 0.531588 0.452268 0.530686 0.452945 0.530686 0.454299 0.527978 0.454299 0.526173 0.454976 0.525271 0.454976 0.519856 0.454299 0.518953 0.454299 0.518051 0.452945 0.516245 0.452268 0.516245
1 0.231550 0.469314 0.232227 0.472924 0.233582 0.473827 0.240352 0.473827 0.241029 0.474729 0.244414 0.474729 0.245091 0.475632 0.247123 0.475632 0.254570 0.479242 0.259986 0.479242 0.261341 0.477437 0.259309 0.472924 0.259309 0.467509 0.256601 0.459386 0.251185 0.455776 0.240352 0.455776 0.238321 0.457581 0.235613 0.458484
1 0.643196 0.512635 0.643196 0.513538 0.642519 0.514440 0.642519 0.515343 0.641165 0.518051 0.641165 0.522563 0.642519 0.524368 0.645227 0.524368 0.645904 0.523466 0.652674 0.523466 0.653351 0.524368 0.654028 0.524368 0.654705 0.523466 0.654705 0.513538 0.653351 0.510830 0.651997 0.510830 0.651320 0.509928 0.646581 0.509928 0.645904 0.510830 0.644550 0.510830
1 0.645227 0.455776 0.640487 0.455776 0.637779 0.459386 0.637779 0.460289 0.636425 0.462094 0.636425 0.468412 0.637102 0.469314 0.637102 0.470217 0.637779 0.470217 0.638456 0.471119 0.641165 0.471119 0.641842 0.470217 0.643196 0.470217 0.643873 0.469314 0.644550 0.469314 0.645227 0.468412 0.645904 0.468412 0.647935 0.466606 0.647935 0.465704 0.648612 0.464801 0.648612 0.462094 0.647935 0.461191 0.647935 0.459386
1 0.672986 0.580325 0.672986 0.581227 0.674340 0.583032 0.675017 0.583032 0.675694 0.583935 0.678402 0.583935 0.679079 0.584838 0.685173 0.584838 0.685173 0.583935 0.685850 0.583032 0.685850 0.577617 0.685173 0.576715 0.676371 0.576715 0.675694 0.577617 0.675017 0.577617
3 0.640487 0.591155 0.640487 0.598375 0.641842 0.600181 0.642519 0.600181 0.643873 0.601986 0.644550 0.601986 0.645227 0.601083 0.647935 0.601083 0.648612 0.600181 0.649966 0.600181 0.650643 0.599278 0.651320 0.599278 0.651997 0.598375 0.651997 0.593863 0.651320 0.592960 0.651320 0.592058 0.649966 0.590253 0.647258 0.590253 0.646581 0.589350 0.642519 0.589350 0.641842 0.590253 0.641165 0.590253
3 0.232905 0.657942 0.232905 0.661552 0.233582 0.662455 0.233582 0.663357 0.234259 0.663357 0.234936 0.664260 0.238998 0.664260 0.239675 0.665162 0.241706 0.665162 0.242383 0.664260 0.248477 0.664260 0.249154 0.663357 0.251862 0.663357 0.252539 0.662455 0.254570 0.662455 0.255247 0.661552 0.256601 0.661552 0.257278 0.660650 0.257955 0.660650 0.257278 0.657942 0.255247 0.656137 0.245768 0.656137 0.245091 0.657040 0.239675 0.657040 0.238998 0.656137 0.234936 0.656137 0.234259 0.655235
3 0.279621 0.650722 0.276913 0.647112 0.273527 0.647112 0.268788 0.653430 0.265403 0.653430 0.264726 0.654332 0.258632 0.653430 0.255924 0.655235 0.247123 0.656137 0.246445 0.657040 0.235613 0.657040 0.234259 0.656137 0.232905 0.661552 0.234936 0.664260 0.240352 0.664260 0.241029 0.665162 0.241706 0.664260 0.251185 0.664260 0.251862 0.663357 0.258632 0.663357 0.259309 0.662455 0.268788 0.662455 0.276913 0.657942 0.279621 0.654332
3 0.280298 0.649819 0.279621 0.649819 0.277590 0.647112 0.276236 0.647112 0.275559 0.646209 0.274882 0.647112 0.272850 0.647112 0.270142 0.650722 0.270142 0.651625 0.266757 0.656137 0.266080 0.656137 0.265403 0.657040 0.264049 0.657040 0.263372 0.657942 0.262018 0.657942 0.263372 0.659747 0.264049 0.659747 0.264726 0.660650 0.266080 0.660650 0.268111 0.662455 0.270142 0.662455 0.270819 0.661552 0.272850 0.661552 0.273527 0.660650 0.274204 0.660650 0.274882 0.659747 0.276236 0.659747 0.276913 0.658845 0.277590 0.658845 0.278944 0.657040 0.279621 0.657040 0.279621 0.656137 0.280298 0.655235
3 0.275559 0.616426 0.275559 0.624549 0.276913 0.626354 0.283683 0.626354 0.285714 0.624549 0.287068 0.624549 0.287745 0.625451 0.290454 0.625451 0.291131 0.624549 0.293162 0.624549 0.293839 0.623646 0.295870 0.622744 0.295193 0.621841 0.295193 0.620036 0.294516 0.619134 0.293839 0.619134 0.293162 0.618231 0.291131 0.618231 0.290454 0.617329 0.288422 0.617329 0.287745 0.616426 0.286391 0.616426 0.283006 0.611913 0.278267 0.611913 0.276236 0.614621 0.276236 0.615523
3 0.651320 0.578520 0.651320 0.580325 0.650643 0.581227 0.650643 0.588448 0.652674 0.588448 0.653351 0.589350 0.654028 0.589350 0.654705 0.588448 0.664184 0.588448 0.664861 0.587545 0.665538 0.587545 0.665538 0.586643 0.666215 0.585740 0.666215 0.581227 0.665538 0.580325 0.665538 0.579422 0.664184 0.577617 0.663507 0.577617 0.662830 0.576715 0.652674 0.576715
