0 0.355450 0.460289 0.347326 0.468412 0.335139 0.544224 0.341909 0.615523 0.323629 0.793321 0.330399 0.808664 0.341909 0.800542 0.344617 0.732852 0.358835 0.679603 0.364929 0.772563 0.382532 0.780686 0.396073 0.775271 0.377793 0.745487 0.382532 0.579422 0.421124 0.574007 0.374408 0.546931 0.377793 0.518953 0.368991 0.501805 0.355450 0.498195 0.360190 0.472022
0 0.815843 0.511733 0.781991 0.507220 0.758294 0.541516 0.731212 0.524368 0.730535 0.556859 0.744753 0.556859 0.741368 0.581227 0.754909 0.588448 0.768450 0.622744 0.761002 0.640794 0.601896 0.615523 0.616114 0.644404 0.721733 0.710289 0.710900 0.771661 0.719702 0.996390 0.809072 0.990975 0.822613 0.879061 0.813135 0.791516 0.839540 0.674188 0.828707 0.616426 0.835477 0.583032 0.846987 0.574007 0.834800 0.526173
0 0.484766 0.469314 0.477319 0.473827 0.469194 0.512635 0.471225 0.631769 0.461070 0.744585 0.476642 0.736462 0.481381 0.675993 0.487475 0.658845 0.490860 0.731047 0.505755 0.742780 0.511171 0.738267 0.503724 0.715704 0.504401 0.592058 0.511848 0.555054 0.498307 0.543321 0.502370 0.527076 0.498307 0.510830 0.490183 0.509025 0.480027 0.522563 0.481381 0.495487 0.488152 0.478339
0 0.209885 0.342058 0.210562 0.459386 0.188896 0.531588 0.176032 0.531588 0.179418 0.462996 0.200406 0.455776 0.161137 0.407942 0.115775 0.398917 0.078538 0.431408 0.085308 0.483755 0.075152 0.494585 0.102234 0.519856 0.081246 0.530686 0.059580 0.585740 0.079892 0.715704 0.058903 0.818592 0.091401 0.935921 0.084631 0.999097 0.188896 0.991877 0.212593 0.788809 0.191605 0.608303 0.294516 0.571300 0.326337 0.580325 0.320921 0.564982 0.236967 0.554152 0.253893 0.512635 0.241029 0.485560 0.241029 0.387184 0.214624 0.369134
0 0.292485 0.601083 0.278944 0.605596 0.243737 0.597473 0.221395 0.599278 0.197698 0.611913 0.213947 0.744585 0.214624 0.788809 0.209208 0.798736 0.217332 0.820397 0.213270 0.865523 0.237644 0.870036 0.251185 0.859206 0.230873 0.821300 0.245091 0.740975 0.247800 0.629964 0.293162 0.615523 0.297901 0.606498
0 0.577522 0.472924 0.572106 0.479242 0.570752 0.523466 0.584970 0.561372 0.577522 0.615523 0.581584 0.687726 0.577522 0.727437 0.563304 0.742780 0.589032 0.741877 0.598511 0.663357 0.608666 0.703069 0.613406 0.772563 0.622884 0.777076 0.627624 0.763538 0.619499 0.653430 0.597833 0.621841 0.603250 0.610108 0.618822 0.611011 0.626947 0.556859 0.614083 0.546029 0.617468 0.523466 0.609343 0.509025 0.597833 0.512635 0.592417 0.537004 0.586324 0.532491 0.579553 0.505415 0.582261 0.477437
0 0.752877 0.607401 0.751523 0.594765 0.746107 0.591155 0.739336 0.578520 0.738659 0.564079 0.730535 0.564079 0.716994 0.538809 0.702776 0.537906 0.692620 0.546931 0.687204 0.565884 0.694651 0.583032 0.695328 0.594765 0.631686 0.611011 0.622207 0.616426 0.685850 0.628159 0.694651 0.635379 0.731212 0.641697 0.742045 0.636282
1 0.486121 0.512635 0.486121 0.513538 0.483412 0.518051 0.483412 0.520758 0.482735 0.521661 0.482735 0.523466 0.484089 0.527076 0.485443 0.527978 0.486798 0.527978 0.487475 0.528881 0.489506 0.528881 0.490183 0.529783 0.501016 0.529783 0.501693 0.528881 0.503047 0.522563 0.502370 0.521661 0.502370 0.518953 0.501693 0.518051 0.501693 0.516245 0.498307 0.510830 0.494245 0.508123 0.492214 0.508123 0.491537 0.509025 0.490183 0.509025 0.487475 0.510830
1 0.700745 0.518953 0.700745 0.522563 0.701422 0.523466 0.701422 0.524368 0.702099 0.524368 0.702776 0.525271 0.707515 0.525271 0.708192 0.526173 0.709546 0.526173 0.710223 0.525271 0.710223 0.520758 0.709546 0.519856 0.709546 0.518953 0.707515 0.516245 0.706838 0.516245 0.706161 0.515343 0.704807 0.515343 0.704130 0.516245 0.702776 0.516245
1 0.746107 0.557762 0.752200 0.563177 0.813135 0.580325 0.832769 0.582130 0.847664 0.574910 0.847664 0.569495 0.844279 0.563177 0.842248 0.542419 0.835477 0.527076 0.825999 0.517148 0.802979 0.507220 0.788761 0.505415 0.779959 0.508123 0.764387 0.527978 0.757617 0.544224 0.748138 0.550542
1 0.592417 0.525271 0.594448 0.528881 0.601896 0.528881 0.602573 0.527978 0.610697 0.527978 0.611374 0.528881 0.616114 0.528881 0.618145 0.525271 0.617468 0.524368 0.617468 0.520758 0.615437 0.515343 0.612051 0.510830 0.608666 0.508123 0.602573 0.508123 0.599188 0.510830 0.594448 0.518051 0.593094 0.521661 0.593094 0.524368
1 0.075829 0.471119 0.089370 0.479242 0.110359 0.472022 0.138795 0.469314 0.150305 0.462996 0.152336 0.466606 0.181449 0.459386 0.200406 0.460289 0.203114 0.456679 0.188219 0.450361 0.176032 0.425993 0.157752 0.404332 0.145565 0.398917 0.121869 0.397112 0.098849 0.405235 0.082600 0.418773 0.077861 0.433213 0.077861 0.464801
1 0.353419 0.502708 0.352742 0.507220 0.352065 0.508123 0.352065 0.513538 0.351388 0.514440 0.351388 0.521661 0.352065 0.523466 0.354096 0.523466 0.354773 0.522563 0.359513 0.522563 0.360190 0.523466 0.362898 0.523466 0.363575 0.524368 0.367637 0.524368 0.368314 0.525271 0.374408 0.526173 0.375085 0.525271 0.376439 0.525271 0.378470 0.522563 0.378470 0.518953 0.375085 0.512635 0.374408 0.509928 0.371699 0.504513 0.367637 0.500000 0.359513 0.499097 0.358835 0.500000 0.355450 0.500000
1 0.737305 0.500000 0.736628 0.500903 0.735951 0.500903 0.734597 0.502708 0.733920 0.502708 0.732566 0.504513 0.732566 0.508123 0.735274 0.511733 0.735951 0.511733 0.736628 0.512635 0.738659 0.512635 0.739336 0.513538 0.740014 0.513538 0.740691 0.514440 0.741368 0.514440 0.744076 0.510830 0.744076 0.509025 0.744753 0.508123 0.744753 0.504513 0.744076 0.503610 0.744076 0.501805 0.742722 0.500000 0.741368 0.500000 0.740691 0.499097 0.740014 0.500000
1 0.686527 0.566787 0.686527 0.570397 0.689235 0.572202 0.698037 0.572202 0.698714 0.573105 0.721733 0.572202 0.727827 0.568592 0.729181 0.560469 0.727150 0.554152 0.723087 0.546931 0.717671 0.540614 0.713609 0.538809 0.702099 0.538809 0.696682 0.541516 0.692620 0.546931 0.689912 0.555957 0.689235 0.562274
1 0.691266 0.865523 0.689912 0.869134 0.689912 0.872744 0.691266 0.876354 0.694651 0.880866 0.698714 0.883574 0.704130 0.884477 0.704807 0.885379 0.708869 0.885379 0.709546 0.886282 0.712932 0.885379 0.713609 0.883574 0.712932 0.871841 0.712255 0.870939 0.711578 0.865523 0.709546 0.859206 0.707515 0.859206 0.706161 0.858303 0.703453 0.860108 0.695328 0.861913
3 0.364929 0.768953 0.364929 0.772563 0.366960 0.775271 0.375762 0.777076 0.381855 0.780686 0.387949 0.781588 0.388626 0.780686 0.390657 0.780686 0.394719 0.777978 0.396073 0.776173 0.396073 0.771661 0.387271 0.765343 0.381178 0.758123 0.379147 0.758123 0.378470 0.759928 0.374408 0.763538 0.367637 0.765343 0.366283 0.766245
3 0.562627 0.740072 0.562627 0.741877 0.564658 0.745487 0.567366 0.747292 0.573460 0.747292 0.574137 0.748195 0.574814 0.747292 0.576845 0.747292 0.577522 0.746390 0.579553 0.746390 0.580230 0.745487 0.584970 0.745487 0.585647 0.744585 0.587678 0.744585 0.589709 0.741877 0.589709 0.736462 0.589032 0.735560 0.584970 0.735560 0.584292 0.734657 0.582938 0.734657 0.577522 0.730144 0.574137 0.730144 0.568720 0.733755 0.567366 0.735560 0.563981 0.737365
3 0.492891 0.733755 0.494922 0.734657 0.496953 0.737365 0.498984 0.738267 0.500338 0.740072 0.501016 0.740072 0.503047 0.741877 0.504401 0.741877 0.505078 0.742780 0.509140 0.742780 0.510494 0.740975 0.510494 0.740072 0.511171 0.739170 0.511171 0.736462 0.510494 0.735560 0.510494 0.733755 0.509817 0.732852 0.509140 0.730144 0.507109 0.727437 0.507109 0.726534 0.506432 0.726534 0.505078 0.724729 0.503724 0.724729 0.503047 0.725632 0.501693 0.725632 0.501016 0.726534 0.500338 0.726534 0.498984 0.728339 0.494922 0.730144 0.493568 0.731949 0.493568 0.732852
3 0.675694 0.827617 0.677048 0.833935 0.681110 0.839350 0.686527 0.842960 0.688558 0.842960 0.704807 0.850181 0.706838 0.850181 0.708192 0.849278 0.708869 0.847473 0.708869 0.842058 0.708192 0.840253 0.695328 0.824910 0.691943 0.824910 0.691266 0.825812 0.680433 0.825812 0.678402 0.824910
3 0.222072 0.890794 0.220041 0.888087 0.216655 0.885379 0.215301 0.885379 0.209885 0.879964 0.207854 0.879964 0.206500 0.880866 0.205146 0.883574 0.204469 0.888989 0.203791 0.889892 0.203791 0.897112 0.203114 0.898014 0.203114 0.910650 0.205823 0.910650 0.206500 0.909747 0.208531 0.909747 0.209208 0.908845 0.212593 0.907942 0.220041 0.902527 0.222749 0.896209
3 0.337847 0.779783 0.328368 0.780686 0.326337 0.782491 0.326337 0.784296 0.324983 0.787004 0.324306 0.792419 0.323629 0.793321 0.323629 0.804152 0.326337 0.807762 0.327691 0.808664 0.335816 0.808664 0.336493 0.807762 0.339201 0.806859 0.339201 0.805957 0.340555 0.804152 0.341909 0.800542 0.341909 0.793321 0.339201 0.787004 0.339201 0.785199 0.338524 0.784296 0.338524 0.780686
3 0.476642 0.730144 0.475288 0.728339 0.473934 0.728339 0.473257 0.727437 0.472580 0.727437 0.471903 0.726534 0.470548 0.726534 0.469871 0.725632 0.465809 0.725632 0.462424 0.730144 0.462424 0.731047 0.459716 0.734657 0.459716 0.735560 0.459039 0.736462 0.459039 0.741877 0.459716 0.742780 0.459716 0.743682 0.460393 0.744585 0.463778 0.745487 0.464455 0.744585 0.465809 0.744585 0.466486 0.743682 0.467163 0.743682 0.473257 0.737365 0.475288 0.737365 0.475965 0.736462 0.476642 0.736462
3 0.615437 0.750903 0.614083 0.752708 0.614083 0.762635 0.613406 0.763538 0.613406 0.772563 0.615437 0.776173 0.618145 0.776173 0.618822 0.777076 0.622884 0.777076 0.624915 0.775271 0.626269 0.775271 0.627624 0.772563 0.627624 0.762635 0.626947 0.761733 0.626269 0.757220 0.624915 0.755415 0.624915 0.753610 0.624238 0.751805 0.622884 0.750000
3 0.251862 0.855596 0.251185 0.852888 0.247800 0.849278 0.241029 0.846570 0.237644 0.842058 0.235613 0.842058 0.228165 0.850181 0.224103 0.852888 0.216655 0.854693 0.213947 0.856498 0.211916 0.860108 0.211916 0.863718 0.214624 0.865523 0.220718 0.865523 0.228842 0.869134 0.236290 0.870036 0.244414 0.867329 0.247800 0.864621 0.250508 0.861011
