0 0.248477 0.196751 0.244414 0.199458 0.243060 0.212996 0.236967 0.222924 0.240352 0.233755 0.232227 0.257220 0.230873 0.280686 0.241029 0.297834 0.252539 0.361913 0.270142 0.416065 0.269465 0.428700 0.275559 0.432310 0.282329 0.428700 0.282329 0.416065 0.293162 0.412455 0.280298 0.354693 0.285037 0.299639 0.293162 0.289711 0.295193 0.277076 0.291808 0.254513 0.283683 0.235560 0.259309 0.197653
0 0.510494 0.290614 0.505078 0.294224 0.503724 0.297834 0.503724 0.307762 0.500338 0.312274 0.494245 0.314982 0.492891 0.316787 0.492891 0.321300 0.498984 0.345668 0.499661 0.355596 0.509140 0.358303 0.517265 0.358303 0.519973 0.356498 0.525389 0.348375 0.526066 0.341155 0.532160 0.333935 0.532837 0.327617 0.519296 0.306859 0.519296 0.298736 0.517265 0.293321 0.513202 0.290614
0 0.420447 0.216606 0.415030 0.220217 0.410291 0.230144 0.410291 0.239170 0.404198 0.254513 0.408260 0.282491 0.408260 0.310469 0.411645 0.321300 0.416385 0.371841 0.421124 0.378159 0.424509 0.376354 0.426540 0.358303 0.424509 0.350181 0.428571 0.350181 0.432634 0.381769 0.436019 0.383574 0.441435 0.371841 0.443466 0.344765 0.436696 0.321300 0.434665 0.287906 0.445498 0.248195 0.435342 0.254513 0.431957 0.228339
0 0.455653 0.264440 0.451591 0.268051 0.446852 0.278881 0.441435 0.284296 0.437373 0.292419 0.436696 0.301444 0.438727 0.324910 0.442789 0.342058 0.446175 0.342058 0.450237 0.339350 0.459039 0.339350 0.461747 0.341155 0.463101 0.345668 0.466486 0.344765 0.477319 0.334838 0.478673 0.331227 0.478673 0.324007 0.472580 0.314079 0.472580 0.308664 0.461747 0.268953
3 0.440758 0.377256 0.439404 0.375451 0.434665 0.375451 0.433988 0.376354 0.433311 0.376354 0.431957 0.378159 0.431957 0.379061 0.431280 0.379964 0.431280 0.384477 0.431957 0.385379 0.436019 0.385379 0.436696 0.384477 0.437373 0.384477 0.438050 0.383574 0.438727 0.383574 0.440081 0.381769 0.440081 0.380866 0.440758 0.379964
3 0.282329 0.394404 0.280975 0.396209 0.280975 0.397112 0.280298 0.398014 0.280298 0.402527 0.279621 0.403430 0.279621 0.411552 0.280298 0.412455 0.280298 0.414260 0.281652 0.416065 0.283006 0.416065 0.283683 0.416968 0.289777 0.416968 0.290454 0.416065 0.292485 0.415162 0.293839 0.412455 0.293839 0.410650 0.293162 0.409747 0.293162 0.407942 0.292485 0.407040 0.291808 0.404332 0.290454 0.402527 0.288422 0.396209 0.287068 0.394404
3 0.418416 0.376354 0.418416 0.379061 0.417739 0.379964 0.417739 0.384477 0.419770 0.387184 0.422478 0.387184 0.423155 0.386282 0.423832 0.386282 0.424509 0.385379 0.425186 0.385379 0.427217 0.382671 0.426540 0.381769 0.426540 0.379964 0.424509 0.377256 0.424509 0.376354 0.423155 0.376354 0.422478 0.375451 0.420447 0.375451 0.419770 0.376354
3 0.270819 0.416968 0.269465 0.419675 0.269465 0.423285 0.268788 0.424188 0.268788 0.428700 0.270819 0.431408 0.271496 0.431408 0.272173 0.432310 0.277590 0.432310 0.278267 0.431408 0.280975 0.431408 0.283006 0.428700 0.283006 0.427798 0.282329 0.426895 0.282329 0.424188 0.281652 0.423285 0.281652 0.421480 0.280975 0.420578 0.280975 0.417870 0.279621 0.416065 0.272173 0.416065 0.271496 0.416968
3 0.498984 0.359206 0.501016 0.361011 0.507109 0.361011 0.507786 0.361913 0.509817 0.361913 0.510494 0.362816 0.516588 0.362816 0.517265 0.361913 0.519296 0.361913 0.519973 0.361011 0.520650 0.361011 0.521327 0.360108 0.521327 0.357401 0.522004 0.356498 0.522004 0.355596 0.519973 0.355596 0.519296 0.354693 0.517265 0.354693 0.516588 0.355596 0.514557 0.355596 0.513879 0.354693 0.509140 0.354693 0.508463 0.353791 0.503047 0.353791 0.502370 0.354693 0.500338 0.354693 0.499661 0.355596 0.498984 0.355596
3 0.441435 0.376354 0.440758 0.375451 0.439404 0.375451 0.438727 0.374549 0.438050 0.375451 0.433311 0.375451 0.431957 0.377256 0.430603 0.377256 0.428571 0.379061 0.427894 0.379061 0.427217 0.378159 0.425186 0.378159 0.423832 0.376354 0.419770 0.376354 0.419770 0.377256 0.419093 0.378159 0.419093 0.383574 0.421124 0.386282 0.421801 0.386282 0.422478 0.385379 0.424509 0.385379 0.425186 0.384477 0.427217 0.384477 0.427894 0.383574 0.428571 0.383574 0.431280 0.386282 0.435342 0.386282 0.436019 0.385379 0.438050 0.384477 0.440758 0.380866 0.440758 0.377256
