0 0.783118 0.554167 0.763775 0.582292 0.752638 0.590625 0.771395 0.614583 0.769050 0.627083 0.748535 0.662500 0.740328 0.664583 0.731536 0.654167 0.723329 0.659375 0.735639 0.691667 0.735639 0.727083 0.754396 0.765625 0.760258 0.757292 0.775498 0.767708 0.786635 0.754167 0.803048 0.769792 0.828839 0.771875 0.830012 0.751042 0.824736 0.706250 0.826495 0.675000 0.821805 0.628125 0.813599 0.605208 0.813599 0.572917 0.800703 0.553125
0 0.501172 0.361458 0.488863 0.371875 0.481243 0.396875 0.481243 0.427083 0.492380 0.439583 0.491794 0.504167 0.480657 0.523958 0.459555 0.527083 0.452521 0.543750 0.466588 0.556250 0.487691 0.554167 0.492380 0.573958 0.495311 0.739583 0.511137 0.835417 0.488277 0.865625 0.505862 0.879167 0.534584 0.858333 0.528136 0.704167 0.542204 0.605208 0.536342 0.560417 0.537515 0.466667 0.525791 0.420833 0.529308 0.413542 0.520516 0.402083 0.520516 0.375000
0 0.681125 0.390625 0.675850 0.389583 0.671747 0.392708 0.664127 0.407292 0.662368 0.413542 0.661196 0.414583 0.658265 0.433333 0.658851 0.438542 0.660023 0.439583 0.667644 0.438542 0.668816 0.437500 0.671747 0.429167 0.674091 0.435417 0.675264 0.444792 0.681712 0.445833 0.683470 0.433333 0.683470 0.427083 0.679953 0.419792 0.677608 0.410417 0.677608 0.404167 0.682298 0.396875 0.682298 0.392708
0 0.278429 0.304167 0.263775 0.308333 0.209848 0.407292 0.210434 0.485417 0.199297 0.555208 0.216882 0.736458 0.228019 0.787500 0.223329 0.823958 0.230950 0.841667 0.256741 0.826042 0.254396 0.716667 0.246776 0.688542 0.252638 0.657292 0.234467 0.650000 0.251465 0.619792 0.249707 0.576042 0.260844 0.545833 0.293669 0.534375 0.289566 0.506250 0.274326 0.487500 0.279015 0.481250 0.274912 0.469792 0.284291 0.456250 0.276084 0.388542 0.289566 0.376042 0.300703 0.342708 0.290152 0.310417
0 0.879836 0.391667 0.875733 0.391667 0.873388 0.393750 0.867526 0.404167 0.865182 0.406250 0.862251 0.411458 0.862837 0.414583 0.868113 0.422917 0.869285 0.430208 0.871630 0.433333 0.873974 0.433333 0.875733 0.431250 0.876905 0.427083 0.876905 0.420833 0.877491 0.419792 0.877491 0.417708 0.879250 0.413542 0.879836 0.409375 0.882181 0.402083 0.882181 0.396875
0 0.841149 0.389583 0.838804 0.393750 0.838804 0.394792 0.837046 0.397917 0.837046 0.398958 0.835873 0.401042 0.835873 0.406250 0.837046 0.408333 0.837632 0.408333 0.838218 0.409375 0.839390 0.409375 0.843494 0.413542 0.847011 0.413542 0.847597 0.412500 0.848183 0.412500 0.849355 0.410417 0.849355 0.409375 0.849941 0.408333 0.849941 0.402083 0.845252 0.393750 0.845252 0.392708 0.843494 0.389583
1 0.686401 0.396875 0.686987 0.397917 0.686987 0.398958 0.688159 0.401042 0.691676 0.401042 0.692263 0.402083 0.699297 0.402083 0.699297 0.398958 0.699883 0.397917 0.699883 0.395833 0.699297 0.394792 0.699297 0.391667 0.698710 0.391667 0.698124 0.390625 0.691676 0.390625 0.691090 0.391667 0.689332 0.391667 0.688746 0.392708 0.688159 0.392708 0.686987 0.394792 0.686987 0.395833
1 0.766120 0.578125 0.767292 0.583333 0.775498 0.589583 0.781946 0.591667 0.797773 0.589583 0.804807 0.592708 0.810082 0.598958 0.814185 0.598958 0.815358 0.594792 0.814185 0.576042 0.812427 0.567708 0.807151 0.558333 0.796600 0.551042 0.786635 0.552083 0.776084 0.559375
1 0.264361 0.306250 0.262016 0.310417 0.262016 0.313542 0.271981 0.317708 0.280188 0.330208 0.288980 0.357292 0.288980 0.369792 0.284291 0.379167 0.282532 0.380208 0.282532 0.382292 0.289566 0.380208 0.291325 0.372917 0.298359 0.360417 0.300703 0.353125 0.300703 0.335417 0.296600 0.321875 0.290152 0.309375 0.286049 0.306250 0.276671 0.303125
1 0.872802 0.395833 0.872802 0.398958 0.875147 0.403125 0.875733 0.403125 0.876319 0.404167 0.880422 0.404167 0.881008 0.403125 0.881594 0.403125 0.882181 0.402083 0.882181 0.401042 0.882767 0.400000 0.882181 0.398958 0.882181 0.395833 0.881594 0.394792 0.881594 0.393750 0.881008 0.392708 0.880422 0.392708 0.879836 0.391667 0.875733 0.391667 0.875147 0.392708 0.874560 0.392708
1 0.520516 0.373958 0.515827 0.366667 0.508206 0.361458 0.499414 0.361458 0.491208 0.367708 0.484174 0.380208 0.481829 0.388542 0.481243 0.403125 0.482415 0.419792 0.481243 0.425000 0.483587 0.428125 0.491208 0.425000 0.492380 0.419792 0.491208 0.419792 0.490035 0.417708 0.490621 0.416667 0.494725 0.417708 0.495311 0.413542 0.503517 0.403125 0.523447 0.388542 0.524033 0.383333
1 0.682884 0.392708 0.681125 0.389583 0.679953 0.389583 0.679367 0.388542 0.676436 0.388542 0.675850 0.389583 0.674091 0.389583 0.673505 0.390625 0.672919 0.390625 0.672333 0.391667 0.671747 0.391667 0.669988 0.394792 0.669988 0.395833 0.669402 0.396875 0.669988 0.397917 0.671161 0.397917 0.671747 0.398958 0.675850 0.398958 0.676436 0.397917 0.681712 0.397917 0.682298 0.396875 0.682884 0.396875
1 0.839390 0.391667 0.839390 0.394792 0.839977 0.395833 0.844666 0.395833 0.845252 0.394792 0.845252 0.392708 0.844666 0.391667 0.844666 0.390625 0.844080 0.389583 0.842321 0.389583 0.841735 0.388542 0.841149 0.389583 0.840563 0.389583
1 0.508793 0.794792 0.506448 0.792708 0.502931 0.792708 0.500000 0.794792 0.495311 0.805208 0.492966 0.806250 0.491208 0.808333 0.490035 0.813542 0.491208 0.819792 0.494138 0.821875 0.500000 0.822917 0.500586 0.823958 0.507034 0.823958 0.508793 0.821875 0.508793 0.819792 0.509965 0.815625 0.509965 0.812500 0.510551 0.811458 0.510551 0.803125 0.509965 0.802083 0.509965 0.798958
3 0.255569 0.797917 0.254396 0.796875 0.252052 0.798958 0.250293 0.804167 0.245018 0.813542 0.241501 0.815625 0.235053 0.813542 0.230363 0.806250 0.226846 0.804167 0.222743 0.822917 0.223916 0.830208 0.230950 0.843750 0.233880 0.844792 0.248535 0.835417 0.255569 0.833333 0.257327 0.829167 0.257327 0.809375
3 0.627198 0.995833 0.627198 0.998958 0.658851 0.998958 0.658265 0.996875 0.651817 0.989583 0.650059 0.989583 0.647714 0.987500 0.644783 0.987500 0.644197 0.986458 0.633060 0.987500 0.632474 0.988542 0.629543 0.989583
3 0.535170 0.851042 0.533412 0.846875 0.521102 0.846875 0.515240 0.843750 0.511137 0.839583 0.506448 0.841667 0.502931 0.844792 0.500000 0.850000 0.490621 0.856250 0.488863 0.859375 0.488277 0.866667 0.489449 0.872917 0.493552 0.877083 0.501172 0.880208 0.507620 0.879167 0.530481 0.866667 0.533998 0.861458
