0 0.330393 0.323423 0.310719 0.362162 0.316147 0.450450 0.292402 0.482883 0.315468 0.593694 0.299864 0.996396 0.317503 0.999099 0.334464 0.963063 0.330393 0.878378 0.359566 0.752252 0.364993 0.993694 0.421981 0.999099 0.422659 0.980180 0.393487 0.967568 0.411805 0.702703 0.404342 0.572072 0.434871 0.572072 0.441655 0.545946 0.426730 0.506306 0.369742 0.449550 0.382632 0.372973 0.355495 0.323423
0 0.742198 0.334234 0.698100 0.372072 0.717775 0.445946 0.710312 0.460360 0.658073 0.492793 0.579376 0.490090 0.601085 0.513514 0.679105 0.529730 0.664179 0.618919 0.676391 0.633333 0.702171 0.801802 0.695387 0.848649 0.663501 0.862162 0.659430 0.876577 0.701493 0.894595 0.668250 0.935135 0.688602 0.954955 0.739484 0.935135 0.736771 0.715315 0.756445 0.647748 0.751696 0.597297 0.777476 0.485586 0.759837 0.417117 0.767978 0.365766
0 0.273406 0.356757 0.256445 0.367568 0.248304 0.392793 0.258480 0.404505 0.260516 0.430631 0.239484 0.478378 0.237449 0.647748 0.251696 0.664865 0.244233 0.855856 0.286974 0.872973 0.297151 0.859459 0.276119 0.830631 0.305292 0.815315 0.289010 0.795496 0.309362 0.598198 0.291045 0.488288 0.297151 0.459459 0.286974 0.449550 0.299864 0.436036 0.301221 0.409009 0.311398 0.400901 0.292402 0.363964
0 0.598372 0.517117 0.591588 0.588288 0.609905 0.736036 0.606513 0.745946 0.586839 0.757658 0.584125 0.765766 0.607870 0.771171 0.603121 0.786487 0.614654 0.790991 0.642469 0.776577 0.643826 0.697297 0.639756 0.654054 0.649932 0.603604 0.650611 0.551351 0.646540 0.525225
0 0.494573 0.360360 0.483718 0.372072 0.472863 0.418919 0.459294 0.443243 0.452510 0.484685 0.462687 0.513514 0.457259 0.584685 0.466079 0.710811 0.458616 0.733333 0.470149 0.737838 0.481004 0.719820 0.487788 0.610811 0.500000 0.736036 0.510176 0.740541 0.516282 0.736036 0.512212 0.689189 0.523745 0.578378 0.520353 0.510811 0.529172 0.486486 0.529851 0.453153 0.515604 0.417117 0.518996 0.403604 0.509498 0.370270
0 0.622795 0.087387 0.618725 0.087387 0.611940 0.091892 0.611262 0.094595 0.611940 0.099099 0.605834 0.107207 0.605156 0.113514 0.603799 0.117117 0.603799 0.124324 0.607870 0.129730 0.609905 0.136937 0.618725 0.136937 0.619403 0.136036 0.622795 0.136036 0.626866 0.133333 0.627544 0.113514 0.626187 0.108108 0.624152 0.105405 0.626187 0.102703 0.627544 0.098198 0.626187 0.092793
1 0.696744 0.372072 0.698779 0.377477 0.704206 0.381982 0.712347 0.381081 0.719132 0.374775 0.726594 0.372973 0.748982 0.387387 0.758480 0.389189 0.763229 0.392793 0.768657 0.390991 0.768657 0.370270 0.763229 0.350450 0.755767 0.340541 0.741520 0.333333 0.729986 0.335135 0.717775 0.344144
1 0.479647 0.384685 0.480326 0.391892 0.483039 0.394595 0.487110 0.394595 0.487788 0.393694 0.505427 0.394595 0.512212 0.390991 0.513569 0.387387 0.512890 0.379279 0.508820 0.368468 0.504749 0.363063 0.500678 0.360360 0.493894 0.360360 0.487788 0.364865 0.484396 0.370270
1 0.611262 0.092793 0.611262 0.095495 0.612619 0.097297 0.616011 0.097297 0.616689 0.098198 0.620081 0.098198 0.620760 0.099099 0.621438 0.099099 0.623474 0.100901 0.625509 0.100901 0.626187 0.101802 0.627544 0.100000 0.627544 0.095495 0.626866 0.094595 0.626187 0.091892 0.622795 0.087387 0.618725 0.087387 0.618046 0.088288 0.616689 0.088288 0.616011 0.089189 0.615332 0.089189 0.614654 0.090090 0.612619 0.090991
1 0.384668 0.372973 0.380597 0.367568 0.376526 0.349550 0.370421 0.337838 0.356852 0.323423 0.348711 0.320721 0.329037 0.323423 0.322252 0.327928 0.314111 0.345045 0.309362 0.361261 0.309362 0.369369 0.313433 0.372973 0.320896 0.371171 0.355495 0.371171 0.373134 0.374775
1 0.246947 0.397297 0.261194 0.400901 0.280190 0.400901 0.301900 0.406306 0.311398 0.405405 0.312754 0.403604 0.311398 0.400000 0.305970 0.398198 0.303256 0.394595 0.298507 0.373874 0.294437 0.365766 0.290366 0.361261 0.281547 0.356757 0.270692 0.356757 0.260516 0.362162 0.253053 0.372973
1 0.609905 0.399099 0.611940 0.403604 0.614654 0.404505 0.633650 0.401802 0.651289 0.402703 0.654681 0.406306 0.657395 0.415315 0.661465 0.422523 0.662822 0.418018 0.661465 0.404505 0.664179 0.398198 0.664179 0.379279 0.660787 0.370270 0.649254 0.358559 0.640434 0.358559 0.632972 0.363964 0.626187 0.372973 0.622795 0.381081 0.617368 0.386487 0.620081 0.390090
1 0.309362 0.758559 0.308684 0.759459 0.307327 0.759459 0.306649 0.760360 0.306649 0.761261 0.305292 0.763964 0.305292 0.767568 0.304613 0.768468 0.304613 0.772072 0.305292 0.772973 0.305292 0.774775 0.305970 0.775676 0.305970 0.776577 0.306649 0.777478 0.306649 0.778378 0.307327 0.779279 0.308005 0.779279 0.310041 0.781081 0.310041 0.778378 0.310719 0.777478 0.310719 0.760360 0.310041 0.759459 0.310041 0.758559
1 0.640434 0.763964 0.639756 0.763063 0.637042 0.763964 0.634328 0.767568 0.630936 0.767568 0.626187 0.764865 0.622795 0.760360 0.616011 0.762162 0.611940 0.767568 0.610583 0.771171 0.603799 0.779279 0.602442 0.782883 0.602442 0.786487 0.603799 0.789189 0.607870 0.790991 0.616689 0.790991 0.637720 0.782883 0.642469 0.779279 0.642469 0.773874 0.640434 0.767568
3 0.497286 0.717117 0.497286 0.724324 0.497965 0.725225 0.497965 0.727928 0.499322 0.731532 0.499322 0.734234 0.500678 0.737838 0.502035 0.739640 0.503392 0.739640 0.504071 0.740541 0.512890 0.740541 0.513569 0.739640 0.514925 0.739640 0.516282 0.737838 0.516961 0.731532 0.513569 0.722522 0.512890 0.718919 0.510855 0.716216 0.508141 0.716216 0.507463 0.715315 0.499322 0.715315
3 0.667571 0.937838 0.668928 0.945946 0.674356 0.950450 0.685210 0.954955 0.696065 0.955856 0.720488 0.946847 0.736092 0.945946 0.738806 0.943243 0.739484 0.932432 0.736092 0.918919 0.726594 0.918018 0.717775 0.914414 0.708955 0.902703 0.702849 0.900000 0.695387 0.906306 0.689281 0.917117 0.681140 0.923423 0.672320 0.927027 0.668928 0.931532
3 0.705563 0.867568 0.698779 0.854054 0.695387 0.850450 0.686567 0.854955 0.679783 0.862162 0.670963 0.860360 0.663501 0.861261 0.659430 0.867568 0.658752 0.877477 0.660787 0.882883 0.670285 0.887387 0.679783 0.890090 0.697422 0.890991 0.699457 0.890090 0.701493 0.885586 0.702849 0.878378 0.705563 0.872072
3 0.393487 0.973874 0.391452 0.990090 0.390095 0.993694 0.390095 0.999099 0.423338 0.999099 0.426052 0.993694 0.426052 0.984685 0.424695 0.981081 0.421981 0.978378 0.414518 0.975676 0.408412 0.975676 0.405020 0.972973 0.400271 0.971171 0.395522 0.971171
3 0.244233 0.849550 0.244233 0.856757 0.246947 0.860360 0.274763 0.872973 0.289688 0.872973 0.296472 0.869369 0.297829 0.866667 0.297829 0.860360 0.295794 0.855856 0.287653 0.849550 0.276119 0.833333 0.270692 0.834234 0.262551 0.845045 0.257802 0.848649 0.253731 0.848649 0.249661 0.844144 0.246947 0.843243
3 0.407734 0.740541 0.407734 0.741441 0.407056 0.742342 0.407056 0.745045 0.406377 0.745946 0.406377 0.753153 0.407056 0.754054 0.407056 0.754955 0.411126 0.754955 0.411805 0.754054 0.412483 0.754054 0.414518 0.751351 0.414518 0.749550 0.413840 0.748649 0.413840 0.746847 0.413161 0.745946 0.413161 0.745045 0.410448 0.741441 0.409091 0.741441 0.408412 0.740541
3 0.307327 0.809009 0.306649 0.807207 0.304613 0.805405 0.297151 0.805405 0.296472 0.806306 0.291045 0.802703 0.289688 0.800901 0.285617 0.801802 0.281547 0.807207 0.279512 0.815315 0.276119 0.823423 0.276119 0.827928 0.303256 0.823423 0.305292 0.820721 0.306649 0.817117
3 0.623474 0.754054 0.622795 0.753153 0.620760 0.754955 0.616011 0.754955 0.610583 0.751351 0.608548 0.746847 0.605156 0.746847 0.600407 0.749550 0.593623 0.755856 0.588195 0.756757 0.585482 0.758559 0.584125 0.760360 0.584125 0.765766 0.585482 0.768468 0.591588 0.771171 0.609227 0.770270 0.612619 0.767568 0.615332 0.763063 0.621438 0.760360 0.622795 0.758559
3 0.480326 0.714414 0.478290 0.711712 0.476255 0.711712 0.474220 0.709910 0.471506 0.709910 0.470828 0.709009 0.467436 0.709910 0.466079 0.711712 0.462687 0.720721 0.460651 0.723423 0.458616 0.727928 0.458616 0.734234 0.460651 0.736937 0.462008 0.736937 0.462687 0.737838 0.470828 0.737838 0.473541 0.736036 0.474898 0.734234 0.475577 0.730631 0.480326 0.723423 0.480326 0.721622 0.481004 0.720721
3 0.332429 0.947748 0.327680 0.945045 0.326323 0.946847 0.326323 0.966667 0.320896 0.977477 0.315468 0.983784 0.310041 0.986486 0.307327 0.985586 0.303935 0.981081 0.299864 0.980180 0.299186 0.999099 0.320217 0.999099 0.324966 0.984685 0.332429 0.973874 0.334464 0.967568 0.335142 0.955856
