0 0.383209 0.500903 0.379824 0.504513 0.379147 0.515343 0.374408 0.524368 0.371022 0.542419 0.371699 0.552347 0.376439 0.558664 0.377793 0.565884 0.379824 0.568592 0.382532 0.566787 0.382532 0.559567 0.387271 0.555957 0.390657 0.555957 0.396073 0.565884 0.398104 0.565884 0.399458 0.564079 0.399458 0.557762 0.393365 0.539711 0.393365 0.532491 0.389980 0.515343 0.389980 0.507220 0.386594 0.501805
0 0.733920 0.453069 0.730535 0.453971 0.729181 0.455776 0.727827 0.464801 0.720379 0.472022 0.717671 0.477437 0.717671 0.481047 0.721056 0.487365 0.725118 0.503610 0.724441 0.522563 0.726473 0.525271 0.730535 0.523466 0.732566 0.525271 0.737305 0.525271 0.737305 0.514440 0.741368 0.495487 0.740691 0.472924 0.736628 0.463899 0.737305 0.456679
0 0.352742 0.462996 0.350034 0.463899 0.347326 0.472924 0.343940 0.478339 0.343940 0.482852 0.343263 0.483755 0.347326 0.497292 0.347326 0.506318 0.348003 0.508123 0.346649 0.515343 0.348680 0.520758 0.358158 0.518953 0.359513 0.516245 0.358835 0.512635 0.359513 0.487365 0.356127 0.474729 0.355450 0.465704
0 0.144211 0.436823 0.137441 0.442238 0.143534 0.468412 0.140826 0.492780 0.125931 0.499097 0.138118 0.522563 0.148274 0.592960 0.148951 0.644404 0.161137 0.698556 0.169262 0.656137 0.177387 0.653430 0.171293 0.719314 0.201083 0.722924 0.206500 0.719314 0.196344 0.712094 0.209208 0.633574 0.186188 0.577617 0.188896 0.573105 0.209885 0.595668 0.210562 0.571300 0.174001 0.498195 0.163169 0.487365 0.161814 0.448556
0 0.390657 0.462996 0.388626 0.465704 0.387949 0.473827 0.385917 0.479242 0.385917 0.482852 0.385240 0.483755 0.385917 0.490975 0.386594 0.491877 0.386594 0.498195 0.391334 0.506318 0.392688 0.511733 0.396073 0.515343 0.398104 0.515343 0.398781 0.513538 0.398781 0.494585 0.399458 0.493682 0.398781 0.482852 0.396073 0.472022 0.396073 0.466606 0.394719 0.463899
0 0.319567 0.462094 0.318213 0.462094 0.317536 0.461191 0.316181 0.462996 0.316181 0.463899 0.314827 0.466606 0.314827 0.468412 0.313473 0.470217 0.310088 0.472022 0.306026 0.478339 0.306026 0.479242 0.305349 0.480144 0.305349 0.482852 0.304672 0.483755 0.306703 0.487365 0.313473 0.477437 0.314150 0.477437 0.316181 0.474729 0.316859 0.474729 0.318890 0.472924 0.318890 0.472022 0.320244 0.469314 0.320244 0.467509 0.320921 0.466606 0.320244 0.465704 0.320244 0.462996
0 0.000000 0.362816 0.000000 0.872744 0.042654 0.864621 0.048747 0.825812 0.040623 0.748195 0.016249 0.662455 0.015572 0.543321 0.031144 0.509025 0.069059 0.487365 0.029113 0.459386 0.034529 0.403430 0.024374 0.376354
0 0.880162 0.487365 0.877454 0.484657 0.875423 0.484657 0.872715 0.486462 0.870684 0.490072 0.865945 0.491877 0.862559 0.496390 0.861205 0.500000 0.861205 0.501805 0.860528 0.502708 0.860528 0.508123 0.861882 0.509928 0.868653 0.509928 0.872715 0.505415 0.876777 0.508123 0.878808 0.508123 0.879485 0.509025 0.880162 0.508123 0.882194 0.508123 0.883548 0.505415 0.883548 0.503610 0.880162 0.494585 0.880162 0.491877 0.880840 0.490975 0.880162 0.490072
0 0.328368 0.454874 0.322275 0.456679 0.320244 0.473827 0.313473 0.479242 0.305349 0.491877 0.307380 0.514440 0.315504 0.522563 0.316859 0.568592 0.320921 0.572202 0.325660 0.568592 0.325660 0.552347 0.327691 0.544224 0.331754 0.554152 0.333785 0.566787 0.338524 0.568592 0.342586 0.564982 0.338524 0.548736 0.335816 0.521661 0.337170 0.485560 0.335139 0.478339 0.331754 0.474729 0.331754 0.459386
0 0.116452 0.416065 0.095464 0.417870 0.074475 0.437726 0.076506 0.482852 0.034529 0.507220 0.016926 0.542419 0.018280 0.659747 0.035884 0.712996 0.060257 0.862816 0.105619 0.855596 0.104942 0.777978 0.120515 0.796029 0.123223 0.853791 0.164523 0.848375 0.152336 0.750000 0.142857 0.729242 0.161137 0.731949 0.165200 0.709386 0.146242 0.630866 0.139472 0.527978 0.119160 0.500903 0.139472 0.492780 0.142857 0.470217 0.130670 0.430505
0 0.601219 0.455776 0.599188 0.462094 0.599865 0.468412 0.602573 0.475632 0.605281 0.480144 0.607989 0.482852 0.608666 0.485560 0.611374 0.489170 0.612728 0.505415 0.612728 0.498195 0.614083 0.494585 0.614083 0.488267 0.613406 0.487365 0.612728 0.479242 0.608666 0.469314 0.609343 0.462996 0.607989 0.458484 0.605281 0.455776
0 0.256601 0.469314 0.253216 0.478339 0.252539 0.486462 0.245091 0.498195 0.244414 0.512635 0.245768 0.528881 0.247800 0.532491 0.251862 0.532491 0.253216 0.535199 0.254570 0.546931 0.260664 0.567690 0.261341 0.580325 0.264726 0.582130 0.266080 0.552347 0.268788 0.540614 0.268788 0.531588 0.274204 0.521661 0.275559 0.515343 0.273527 0.500000 0.266080 0.489170 0.265403 0.479242 0.262695 0.470217
0 0.629655 0.453069 0.624915 0.457581 0.622207 0.468412 0.616791 0.479242 0.617468 0.504513 0.620853 0.525271 0.624238 0.537004 0.626269 0.540614 0.629655 0.540614 0.630332 0.532491 0.633040 0.528881 0.637102 0.542419 0.640487 0.536101 0.637102 0.519856 0.637779 0.498195 0.636425 0.493682 0.639133 0.476534 0.634394 0.467509 0.635071 0.459386 0.633717 0.455776
0 0.376439 0.461191 0.373053 0.462996 0.372376 0.470217 0.368314 0.475632 0.366283 0.476534 0.363575 0.481047 0.368991 0.486462 0.368314 0.499097 0.365606 0.513538 0.365606 0.518051 0.368314 0.519856 0.370345 0.518953 0.371699 0.513538 0.373053 0.511733 0.375762 0.512635 0.376439 0.514440 0.377116 0.511733 0.379824 0.508123 0.379824 0.503610 0.381178 0.500903 0.381178 0.494585 0.383209 0.489170 0.383209 0.481949 0.379824 0.473827 0.379824 0.464801 0.379147 0.462996
0 0.583615 0.458484 0.580907 0.458484 0.579553 0.461191 0.579553 0.469314 0.578876 0.470217 0.578876 0.472022 0.576168 0.478339 0.570752 0.487365 0.570752 0.489170 0.570074 0.490072 0.570074 0.494585 0.570752 0.495487 0.570752 0.497292 0.574137 0.502708 0.575491 0.502708 0.576168 0.501805 0.576168 0.496390 0.576845 0.495487 0.577522 0.488267 0.584292 0.474729 0.584292 0.464801 0.584970 0.463899 0.584970 0.462094
0 0.976980 0.460289 0.975626 0.462094 0.975626 0.464801 0.974949 0.465704 0.974949 0.494585 0.976980 0.497292 0.984428 0.497292 0.986459 0.493682 0.987136 0.472022 0.985782 0.469314 0.983751 0.468412 0.982397 0.466606 0.982397 0.464801 0.981043 0.461191 0.979689 0.460289
0 0.532837 0.466606 0.529452 0.465704 0.515234 0.487365 0.513202 0.494585 0.514557 0.498195 0.519296 0.497292 0.521327 0.501805 0.515911 0.546029 0.519296 0.546029 0.524035 0.526173 0.528098 0.520758 0.534191 0.527978 0.536222 0.543321 0.539607 0.543321 0.540284 0.524368 0.538253 0.510830 0.540961 0.502708 0.540961 0.490072 0.539607 0.484657 0.534868 0.477437 0.534868 0.470217
0 0.590386 0.447653 0.583615 0.455776 0.584292 0.476534 0.577522 0.490072 0.575491 0.500903 0.574814 0.542419 0.581584 0.547834 0.591740 0.610108 0.591063 0.619134 0.598511 0.621841 0.601896 0.608303 0.606635 0.601083 0.605958 0.548736 0.612728 0.539711 0.614083 0.516245 0.610020 0.488267 0.599865 0.472924 0.597156 0.453069
0 0.507786 0.458484 0.505755 0.459386 0.504401 0.462094 0.505078 0.473827 0.504401 0.474729 0.503724 0.488267 0.505078 0.491877 0.511171 0.497292 0.509817 0.500903 0.510494 0.502708 0.510494 0.511733 0.512525 0.514440 0.513879 0.511733 0.513879 0.500903 0.511171 0.494585 0.517942 0.481047 0.517942 0.476534 0.512525 0.469314 0.510494 0.460289
0 0.471225 0.461191 0.468517 0.461191 0.466486 0.462996 0.465809 0.468412 0.461070 0.474729 0.459716 0.479242 0.459716 0.493682 0.461070 0.499097 0.462424 0.500903 0.463101 0.518953 0.464455 0.521661 0.467840 0.521661 0.470548 0.519856 0.473257 0.520758 0.474611 0.517148 0.474611 0.498195 0.477996 0.490975 0.477996 0.487365 0.475288 0.480144 0.473257 0.470217 0.473257 0.464801
0 0.414353 0.500000 0.410968 0.507220 0.411645 0.515343 0.408260 0.522563 0.404875 0.538809 0.404875 0.546029 0.408260 0.555957 0.407583 0.564982 0.412322 0.565884 0.416385 0.555054 0.428571 0.553249 0.429926 0.555054 0.429248 0.564079 0.433988 0.565884 0.436019 0.564079 0.435342 0.552347 0.436696 0.547834 0.436696 0.539711 0.429248 0.520758 0.422478 0.511733 0.421801 0.503610 0.419093 0.500000
0 0.542315 0.450361 0.540961 0.452166 0.541638 0.463899 0.539607 0.473827 0.539607 0.481949 0.542993 0.493682 0.542993 0.500903 0.544347 0.504513 0.545701 0.521661 0.551117 0.522563 0.553148 0.514440 0.552471 0.503610 0.554502 0.491877 0.555179 0.469314 0.553825 0.460289 0.548409 0.457581 0.545701 0.450361
0 0.763710 0.444946 0.761679 0.445848 0.759648 0.455776 0.754909 0.460289 0.754232 0.468412 0.754909 0.469314 0.754909 0.480144 0.756263 0.482852 0.756940 0.505415 0.758294 0.507220 0.765741 0.508123 0.768450 0.505415 0.767772 0.481047 0.769804 0.475632 0.776574 0.467509 0.776574 0.463899 0.768450 0.453971 0.766418 0.445848
1 0.379824 0.504513 0.379824 0.506318 0.379147 0.507220 0.379147 0.509025 0.379824 0.509928 0.379824 0.511733 0.380501 0.511733 0.381178 0.512635 0.388626 0.512635 0.389303 0.511733 0.389980 0.511733 0.389980 0.509928 0.390657 0.509025 0.390657 0.507220 0.389980 0.506318 0.389980 0.505415 0.387271 0.501805 0.385240 0.501805 0.384563 0.500903 0.383209 0.500903 0.382532 0.501805 0.381855 0.501805
1 0.525389 0.457581 0.523358 0.460289 0.523358 0.462094 0.522681 0.462996 0.522681 0.464801 0.523358 0.465704 0.523358 0.466606 0.524035 0.467509 0.524712 0.467509 0.525389 0.468412 0.526066 0.468412 0.526743 0.467509 0.527420 0.467509 0.528775 0.465704 0.529452 0.465704 0.530129 0.464801 0.530129 0.463899 0.530806 0.462996 0.530129 0.462094 0.530129 0.461191 0.529452 0.460289 0.529452 0.459386 0.528775 0.459386 0.528098 0.458484 0.526743 0.458484 0.526066 0.457581
1 0.467163 0.461191 0.467163 0.462094 0.466486 0.462996 0.466486 0.466606 0.467163 0.466606 0.467840 0.467509 0.471903 0.467509 0.472580 0.466606 0.473257 0.466606 0.473257 0.462996 0.471903 0.461191 0.471225 0.461191 0.470548 0.460289 0.469194 0.460289 0.468517 0.461191
1 0.506432 0.458484 0.505755 0.459386 0.505078 0.459386 0.504401 0.460289 0.504401 0.462094 0.503724 0.462996 0.504401 0.463899 0.504401 0.466606 0.507109 0.466606 0.507786 0.467509 0.508463 0.467509 0.509140 0.466606 0.509817 0.466606 0.511171 0.464801 0.511171 0.462094 0.510494 0.461191 0.510494 0.460289 0.509817 0.459386 0.509140 0.459386 0.508463 0.458484
1 0.137441 0.441336 0.138795 0.459386 0.140149 0.462094 0.143534 0.465704 0.148274 0.464801 0.148951 0.463899 0.159783 0.463899 0.161814 0.464801 0.165200 0.462996 0.165200 0.458484 0.161137 0.445848 0.159106 0.442238 0.155044 0.438628 0.151659 0.436823 0.142857 0.436823 0.139472 0.438628
1 0.928233 0.504513 0.928910 0.505415 0.928910 0.507220 0.931618 0.510830 0.933649 0.510830 0.934326 0.511733 0.937712 0.511733 0.938389 0.510830 0.940420 0.510830 0.941097 0.509928 0.943805 0.509928 0.945159 0.508123 0.944482 0.508123 0.941774 0.504513 0.940420 0.504513 0.938389 0.501805 0.937712 0.501805 0.935680 0.500000 0.932972 0.500000 0.932295 0.499097 0.931618 0.499097 0.929587 0.501805 0.929587 0.502708
1 0.547055 0.460289 0.547055 0.462996 0.549086 0.465704 0.549763 0.465704 0.550440 0.466606 0.553825 0.466606 0.553825 0.465704 0.554502 0.464801 0.554502 0.462996 0.553825 0.462094 0.553825 0.459386 0.553148 0.458484 0.548409 0.458484
1 0.350034 0.463899 0.350034 0.464801 0.349357 0.465704 0.349357 0.470217 0.350034 0.470217 0.350711 0.471119 0.355450 0.471119 0.355450 0.465704 0.354773 0.464801 0.354773 0.463899 0.354096 0.463899 0.353419 0.462996 0.351388 0.462996 0.350711 0.463899
1 0.320921 0.462094 0.320244 0.462094 0.319567 0.461191 0.317536 0.461191 0.316181 0.462996 0.316181 0.463899 0.315504 0.464801 0.315504 0.468412 0.316859 0.470217 0.318213 0.470217 0.318890 0.469314 0.319567 0.469314 0.320921 0.467509
1 0.000000 0.362816 0.000000 0.409747 0.011510 0.411552 0.014895 0.407040 0.018957 0.409747 0.021666 0.409747 0.025728 0.407040 0.028436 0.410650 0.032498 0.411552 0.034529 0.408845 0.035207 0.404332 0.029790 0.394404 0.027759 0.383574 0.023020 0.373646 0.016249 0.366426 0.011510 0.363718
1 0.872715 0.487365 0.872715 0.490975 0.873392 0.491877 0.874069 0.491877 0.874746 0.492780 0.875423 0.492780 0.876100 0.493682 0.878131 0.493682 0.878808 0.492780 0.879485 0.492780 0.879485 0.491877 0.880162 0.490975 0.880162 0.488267 0.879485 0.487365 0.879485 0.486462 0.878808 0.485560 0.878131 0.485560 0.877454 0.484657 0.875423 0.484657 0.874746 0.485560 0.874069 0.485560
1 0.612728 0.456679 0.612728 0.459386 0.614083 0.461191 0.614760 0.461191 0.615437 0.462094 0.616791 0.462094 0.617468 0.461191 0.619499 0.461191 0.620176 0.460289 0.620176 0.455776 0.619499 0.454874 0.619499 0.453971 0.617468 0.453971 0.616791 0.453069 0.616114 0.453069 0.615437 0.453971 0.614760 0.453971
1 0.073798 0.437726 0.073121 0.448556 0.077861 0.474729 0.080569 0.456679 0.084631 0.449458 0.088016 0.449458 0.112390 0.490975 0.116452 0.487365 0.110359 0.478339 0.110359 0.471119 0.116452 0.460289 0.119838 0.460289 0.125931 0.466606 0.127962 0.473827 0.124577 0.492780 0.127962 0.495487 0.141503 0.492780 0.140826 0.479242 0.143534 0.470217 0.138118 0.456679 0.137441 0.444043 0.129993 0.428700 0.119838 0.416968 0.106297 0.415162 0.088016 0.421480
1 0.390657 0.462996 0.388626 0.465704 0.388626 0.471119 0.389303 0.471119 0.389980 0.472022 0.394719 0.472022 0.396073 0.470217 0.396073 0.467509 0.395396 0.466606 0.395396 0.465704 0.393365 0.462996
1 0.542315 0.449458 0.540284 0.452166 0.540284 0.456679 0.540961 0.457581 0.541638 0.457581 0.542315 0.458484 0.547055 0.458484 0.548409 0.456679 0.548409 0.455776 0.547732 0.454874 0.547732 0.453069 0.547055 0.452166 0.547055 0.451264 0.545701 0.449458
1 0.320921 0.457581 0.320921 0.458484 0.319567 0.461191 0.319567 0.464801 0.320921 0.466606 0.329045 0.466606 0.329722 0.467509 0.331077 0.467509 0.331754 0.466606 0.331754 0.464801 0.332431 0.463899 0.332431 0.462094 0.331754 0.461191 0.331754 0.459386 0.331077 0.458484 0.331077 0.457581 0.329045 0.454874 0.323629 0.454874 0.322952 0.455776 0.322275 0.455776
1 0.729181 0.455776 0.729181 0.456679 0.728504 0.457581 0.728504 0.460289 0.729181 0.461191 0.729858 0.461191 0.730535 0.462094 0.736628 0.462094 0.737305 0.461191 0.737305 0.460289 0.737982 0.459386 0.737305 0.458484 0.737305 0.455776 0.735274 0.453069 0.731212 0.453069
1 0.257278 0.468412 0.255247 0.471119 0.255247 0.472022 0.254570 0.472924 0.254570 0.473827 0.253216 0.476534 0.253216 0.480144 0.255247 0.481949 0.262018 0.481949 0.262695 0.481047 0.264049 0.481047 0.264049 0.480144 0.264726 0.479242 0.264726 0.474729 0.264049 0.473827 0.264049 0.472022 0.263372 0.471119 0.263372 0.470217 0.261341 0.468412
1 0.624915 0.456679 0.624915 0.457581 0.624238 0.458484 0.624238 0.462094 0.625592 0.463899 0.631686 0.463899 0.632363 0.464801 0.633717 0.464801 0.633717 0.463899 0.634394 0.462996 0.634394 0.461191 0.635071 0.460289 0.635071 0.459386 0.634394 0.458484 0.634394 0.456679 0.633717 0.455776 0.633717 0.454874 0.633040 0.453971 0.631686 0.453971 0.631009 0.453069 0.628978 0.453069 0.628301 0.453971 0.627624 0.453971 0.626947 0.454874 0.626269 0.454874
1 0.373731 0.462094 0.373053 0.462996 0.373053 0.464801 0.372376 0.465704 0.372376 0.467509 0.373053 0.468412 0.373053 0.470217 0.373731 0.471119 0.375762 0.471119 0.376439 0.472022 0.377116 0.472022 0.377793 0.471119 0.379824 0.471119 0.379824 0.463899 0.378470 0.462094 0.377116 0.462094 0.376439 0.461191 0.375762 0.461191 0.375085 0.462094
1 0.417739 0.499097 0.417062 0.500000 0.414353 0.500000 0.413676 0.500903 0.412999 0.500903 0.412322 0.501805 0.412322 0.502708 0.410968 0.504513 0.410968 0.509025 0.411645 0.509928 0.411645 0.510830 0.412999 0.512635 0.413676 0.512635 0.414353 0.513538 0.415030 0.513538 0.415708 0.512635 0.418416 0.512635 0.419093 0.511733 0.419770 0.511733 0.420447 0.510830 0.421124 0.510830 0.421801 0.509928 0.421801 0.509025 0.422478 0.508123 0.422478 0.505415 0.421801 0.504513 0.421801 0.503610 0.421124 0.502708 0.421124 0.501805 0.420447 0.500903 0.419770 0.500903 0.419093 0.500000 0.418416 0.500000
1 0.584292 0.457581 0.580907 0.457581 0.579553 0.459386 0.579553 0.461191 0.578876 0.462094 0.578876 0.463899 0.579553 0.464801 0.579553 0.466606 0.580230 0.467509 0.582261 0.467509 0.582938 0.466606 0.583615 0.466606 0.583615 0.465704 0.584292 0.464801 0.584292 0.463899 0.584970 0.462996 0.584970 0.459386 0.584292 0.458484
1 0.976303 0.459386 0.975626 0.460289 0.975626 0.461191 0.974949 0.462094 0.974949 0.464801 0.976303 0.466606 0.981043 0.466606 0.981043 0.465704 0.981720 0.464801 0.981720 0.460289 0.981043 0.460289 0.980366 0.459386
1 0.482058 0.487365 0.481381 0.487365 0.480704 0.486462 0.480027 0.486462 0.476642 0.490975 0.476642 0.491877 0.475288 0.493682 0.475288 0.495487 0.476642 0.497292 0.480704 0.497292 0.482735 0.494585 0.482735 0.493682 0.483412 0.492780 0.483412 0.490072 0.482735 0.489170 0.482735 0.488267
1 0.524712 0.472022 0.524712 0.472924 0.525389 0.473827 0.531483 0.473827 0.532160 0.474729 0.534191 0.474729 0.534868 0.473827 0.535545 0.473827 0.535545 0.472924 0.534868 0.472022 0.534868 0.469314 0.534191 0.468412 0.534191 0.467509 0.533514 0.466606 0.532837 0.466606 0.532160 0.465704 0.530129 0.465704 0.529452 0.464801 0.525389 0.470217 0.525389 0.471119
1 0.601219 0.455776 0.599865 0.457581 0.599865 0.458484 0.599188 0.459386 0.599188 0.462996 0.599865 0.463899 0.599865 0.464801 0.600542 0.465704 0.601219 0.465704 0.601896 0.466606 0.603927 0.466606 0.604604 0.467509 0.605958 0.467509 0.606635 0.466606 0.607989 0.466606 0.608666 0.465704 0.608666 0.460289 0.607312 0.458484 0.607312 0.457581 0.606635 0.456679 0.605958 0.456679 0.605281 0.455776
1 0.762356 0.444946 0.761002 0.446751 0.761002 0.448556 0.760325 0.449458 0.761002 0.450361 0.761002 0.452166 0.761679 0.453069 0.763033 0.453069 0.763710 0.452166 0.765741 0.452166 0.767095 0.450361 0.767095 0.446751 0.765741 0.444946
1 0.599188 0.455776 0.597833 0.453971 0.597833 0.453069 0.594448 0.448556 0.593771 0.448556 0.591740 0.446751 0.591063 0.447653 0.588355 0.447653 0.584292 0.453069 0.584292 0.453971 0.582938 0.455776 0.582938 0.458484 0.582261 0.459386 0.584292 0.461191 0.591063 0.461191 0.591740 0.460289 0.592417 0.461191 0.597833 0.461191 0.599188 0.459386
2 0.464455 0.518051 0.464455 0.521661 0.465132 0.522563 0.467840 0.522563 0.468517 0.521661 0.469194 0.521661 0.469194 0.520758 0.470548 0.518953 0.471225 0.518953 0.472580 0.520758 0.472580 0.521661 0.473257 0.521661 0.473257 0.520758 0.473934 0.519856 0.473934 0.518953 0.473257 0.518051 0.472580 0.518051 0.471903 0.518953 0.469871 0.518953 0.468517 0.517148 0.465132 0.517148
2 0.411645 0.555054 0.410291 0.555054 0.409614 0.555957 0.408937 0.555957 0.408260 0.556859 0.408260 0.557762 0.407583 0.558664 0.407583 0.560469 0.406906 0.561372 0.406906 0.566787 0.407583 0.567690 0.411645 0.567690 0.412322 0.566787 0.412999 0.566787 0.414353 0.564982 0.414353 0.559567 0.413676 0.558664 0.413676 0.557762
2 0.396073 0.498195 0.394042 0.500903 0.394042 0.502708 0.393365 0.503610 0.393365 0.511733 0.394042 0.512635 0.394042 0.513538 0.394719 0.514440 0.394719 0.515343 0.396073 0.515343 0.396750 0.516245 0.398104 0.516245 0.399458 0.514440 0.399458 0.508123 0.398781 0.507220 0.398781 0.501805 0.398104 0.500903 0.398104 0.499097 0.397427 0.498195
2 0.016249 0.821300 0.004062 0.823105 0.002708 0.824910 0.000000 0.825812 0.000000 0.873646 0.008125 0.870939 0.017603 0.870036 0.020311 0.866426 0.020311 0.833935 0.018957 0.824910
2 0.327014 0.542419 0.324306 0.546029 0.324306 0.555054 0.324983 0.555957 0.324983 0.556859 0.325660 0.556859 0.326337 0.557762 0.328368 0.557762 0.329722 0.555957 0.329722 0.554152 0.330399 0.553249 0.330399 0.545126 0.328368 0.542419
2 0.377116 0.556859 0.377116 0.562274 0.377793 0.563177 0.377793 0.567690 0.378470 0.568592 0.381178 0.568592 0.381855 0.567690 0.382532 0.567690 0.382532 0.558664 0.381178 0.556859
2 0.392011 0.555054 0.392011 0.557762 0.392688 0.558664 0.392688 0.560469 0.393365 0.561372 0.393365 0.563177 0.394719 0.564982 0.394719 0.565884 0.395396 0.565884 0.396073 0.566787 0.398781 0.566787 0.399458 0.565884 0.399458 0.564982 0.400135 0.564079 0.400135 0.560469 0.399458 0.559567 0.399458 0.557762 0.398781 0.556859 0.398781 0.555957 0.398104 0.555054 0.397427 0.555054 0.396750 0.554152 0.393365 0.554152 0.392688 0.555054
2 0.625592 0.529783 0.624238 0.531588 0.624238 0.538809 0.624915 0.539711 0.624915 0.541516 0.626269 0.543321 0.626269 0.544224 0.626947 0.545126 0.628301 0.545126 0.628978 0.546029 0.630332 0.546029 0.630332 0.542419 0.631009 0.541516 0.631009 0.535199 0.630332 0.534296 0.630332 0.530686 0.629655 0.529783
2 0.463101 0.505415 0.463101 0.508123 0.462424 0.509025 0.462424 0.515343 0.463101 0.516245 0.463101 0.521661 0.463778 0.522563 0.467163 0.522563 0.467840 0.521661 0.467840 0.519856 0.468517 0.518953 0.468517 0.518051 0.467840 0.517148 0.467840 0.512635 0.467163 0.511733 0.467163 0.509928 0.466486 0.509025 0.466486 0.508123 0.465809 0.508123 0.465132 0.507220 0.464455 0.507220
2 0.539607 0.531588 0.538930 0.532491 0.536222 0.532491 0.536222 0.533394 0.535545 0.534296 0.535545 0.541516 0.536222 0.542419 0.536222 0.544224 0.536899 0.544224 0.537576 0.545126 0.539607 0.545126 0.540284 0.544224 0.540284 0.543321 0.540961 0.542419 0.540961 0.534296 0.540284 0.533394 0.540284 0.532491
2 0.021666 0.807762 0.018957 0.811372 0.020988 0.865523 0.022343 0.868231 0.025051 0.869134 0.042654 0.866426 0.044685 0.862816 0.046039 0.846570 0.048747 0.832130 0.048747 0.810469 0.046039 0.807762
2 0.636425 0.526173 0.635071 0.527978 0.635071 0.537004 0.635748 0.537906 0.635748 0.538809 0.636425 0.539711 0.637779 0.539711 0.638456 0.538809 0.639133 0.538809 0.639810 0.537906 0.639810 0.537004 0.640487 0.536101 0.640487 0.531588 0.639810 0.530686 0.639810 0.528881 0.637779 0.526173
2 0.637102 0.526173 0.636425 0.526173 0.635071 0.527978 0.635071 0.534296 0.634394 0.535199 0.634394 0.541516 0.635071 0.542419 0.634394 0.543321 0.634394 0.544224 0.633040 0.546029 0.632363 0.546029 0.633040 0.548736 0.635071 0.550542 0.637779 0.550542 0.638456 0.549639 0.638456 0.546931 0.639133 0.546029 0.639133 0.541516 0.639810 0.540614 0.639810 0.537906 0.640487 0.537004 0.640487 0.535199 0.639810 0.534296 0.639810 0.530686 0.639133 0.529783 0.639133 0.528881
2 0.431280 0.555957 0.430603 0.556859 0.430603 0.557762 0.429248 0.559567 0.429248 0.564982 0.429926 0.565884 0.430603 0.565884 0.431280 0.566787 0.434665 0.566787 0.435342 0.565884 0.436019 0.565884 0.436696 0.564982 0.436696 0.563177 0.435342 0.561372 0.435342 0.559567 0.432634 0.555957
2 0.315504 0.562274 0.315504 0.563177 0.314827 0.564079 0.314827 0.565884 0.314150 0.566787 0.314150 0.570397 0.314827 0.571300 0.316181 0.571300 0.316859 0.572202 0.320244 0.572202 0.320921 0.573105 0.321598 0.572202 0.324306 0.572202 0.324983 0.571300 0.325660 0.571300 0.325660 0.567690 0.324983 0.566787 0.324983 0.565884 0.324306 0.564982 0.324306 0.564079 0.322275 0.566787 0.321598 0.566787 0.320921 0.567690 0.318213 0.564079 0.318213 0.562274 0.317536 0.561372 0.317536 0.560469 0.316859 0.560469
2 0.344617 0.556859 0.341909 0.556859 0.341232 0.557762 0.340555 0.557762 0.339201 0.559567 0.339201 0.560469 0.338524 0.561372 0.338524 0.562274 0.337847 0.563177 0.337847 0.568592 0.338524 0.569495 0.341909 0.569495 0.343263 0.567690 0.343263 0.566787 0.343940 0.565884 0.343940 0.564982 0.344617 0.564079 0.344617 0.563177 0.345295 0.562274 0.345295 0.557762
2 0.732566 0.522563 0.732566 0.525271 0.733243 0.525271 0.733920 0.526173 0.734597 0.525271 0.737982 0.525271 0.737982 0.522563 0.737305 0.521661 0.735951 0.521661 0.735274 0.520758 0.733920 0.520758
2 0.763033 0.505415 0.763033 0.508123 0.764387 0.508123 0.765064 0.509025 0.766418 0.509025 0.767095 0.508123 0.767772 0.508123 0.768450 0.507220 0.768450 0.504513 0.767772 0.504513 0.767095 0.503610 0.764387 0.503610
2 0.067028 0.970217 0.067705 0.973827 0.069059 0.975632 0.080569 0.981949 0.088016 0.988267 0.106297 0.987365 0.111036 0.984657 0.112390 0.979242 0.111713 0.973827 0.110359 0.972022 0.108328 0.972022 0.105619 0.974729 0.092756 0.974729 0.079892 0.965704 0.069736 0.966606
2 0.168585 0.718412 0.169262 0.722924 0.170616 0.723827 0.176710 0.723827 0.177387 0.724729 0.201760 0.724729 0.202437 0.723827 0.210562 0.723827 0.211239 0.722924 0.211239 0.720217 0.207177 0.716606 0.201083 0.715704 0.195667 0.712996 0.190928 0.715704 0.178064 0.715704 0.173324 0.712996 0.171293 0.712996
2 0.723764 0.519856 0.723764 0.520758 0.723087 0.521661 0.723764 0.522563 0.723764 0.523466 0.724441 0.524368 0.724441 0.525271 0.725796 0.525271 0.726473 0.526173 0.727827 0.526173 0.728504 0.525271 0.729181 0.525271 0.729181 0.521661 0.727827 0.519856
2 0.758294 0.501805 0.756940 0.503610 0.756940 0.505415 0.757617 0.506318 0.757617 0.507220 0.758294 0.508123 0.761679 0.508123 0.763033 0.506318 0.763033 0.504513 0.761679 0.502708 0.759648 0.502708 0.758971 0.501805
2 0.467840 0.518953 0.466486 0.517148 0.465809 0.518051 0.463778 0.518051 0.463778 0.520758 0.463101 0.521661 0.463778 0.522563 0.465809 0.522563 0.466486 0.523466 0.467840 0.521661
2 0.153690 0.736462 0.152336 0.739170 0.152336 0.741877 0.151659 0.742780 0.151659 0.747292 0.152336 0.748195 0.152336 0.750903 0.153013 0.751805 0.153013 0.754513 0.153690 0.755415 0.153690 0.757220 0.154367 0.758123 0.154367 0.759025 0.155044 0.759025 0.155721 0.759928 0.157752 0.759928 0.158429 0.759025 0.158429 0.757220 0.159106 0.756318 0.159106 0.754513 0.159783 0.753610 0.159783 0.752708 0.160460 0.751805 0.160460 0.750000 0.161137 0.749097 0.161137 0.740072 0.160460 0.739170 0.160460 0.738267 0.159106 0.736462
2 0.519296 0.537906 0.518619 0.537906 0.517942 0.538809 0.517265 0.538809 0.517265 0.539711 0.515234 0.542419 0.515234 0.545126 0.514557 0.546029 0.515234 0.546931 0.517942 0.546931 0.518619 0.547834 0.519973 0.546029 0.519973 0.545126 0.520650 0.544224 0.520650 0.539711
2 0.591740 0.612816 0.591740 0.613718 0.590386 0.615523 0.590386 0.618231 0.589709 0.619134 0.591740 0.621841 0.593771 0.621841 0.594448 0.622744 0.599188 0.622744 0.599188 0.621841 0.600542 0.620036 0.600542 0.615523 0.599865 0.614621 0.599188 0.614621 0.598511 0.613718 0.592417 0.613718
3 0.601896 0.595668 0.601219 0.596570 0.600542 0.596570 0.599188 0.598375 0.599188 0.602888 0.599865 0.603791 0.599865 0.604693 0.601219 0.606498 0.604604 0.606498 0.605281 0.605596 0.605958 0.605596 0.605958 0.604693 0.606635 0.603791 0.606635 0.598375 0.605958 0.597473 0.605958 0.596570 0.605281 0.595668
3 0.545701 0.520758 0.545701 0.522563 0.546378 0.523466 0.549086 0.523466 0.549763 0.524368 0.550440 0.523466 0.551117 0.523466 0.552471 0.521661 0.551794 0.520758 0.551794 0.519856 0.551117 0.519856 0.550440 0.518953 0.547055 0.518953
3 0.629655 0.546029 0.629655 0.547834 0.630332 0.548736 0.630332 0.549639 0.631009 0.549639 0.631686 0.550542 0.633040 0.550542 0.633717 0.551444 0.637779 0.551444 0.639133 0.549639 0.638456 0.548736 0.638456 0.546029 0.637102 0.544224 0.632363 0.544224 0.631686 0.545126 0.631009 0.545126 0.630332 0.546029
