0 0.657414 0.305054 0.656060 0.306859 0.656060 0.308664 0.655383 0.309567 0.655383 0.310469 0.654705 0.311372 0.654705 0.312274 0.651320 0.316787 0.650643 0.316787 0.647258 0.321300 0.647258 0.322202 0.646581 0.323105 0.646581 0.324007 0.645904 0.324910 0.645904 0.326715 0.645227 0.327617 0.645227 0.329422 0.644550 0.330325 0.644550 0.333935 0.643873 0.334838 0.644550 0.335740 0.644550 0.338448 0.645227 0.339350 0.645227 0.340253 0.647258 0.342960 0.647935 0.342960 0.649289 0.344765 0.649966 0.344765 0.650643 0.345668 0.651320 0.345668 0.651997 0.346570 0.653351 0.346570 0.654028 0.347473 0.655383 0.347473 0.656060 0.348375 0.657414 0.348375 0.658091 0.349278 0.659445 0.349278 0.660122 0.350181 0.663507 0.350181 0.664184 0.349278 0.664861 0.349278 0.665538 0.348375 0.665538 0.341155 0.664861 0.340253 0.664861 0.338448 0.664184 0.337545 0.664184 0.336643 0.663507 0.335740 0.663507 0.334838 0.662830 0.333935 0.662830 0.333032 0.662153 0.332130 0.662153 0.328520 0.661476 0.327617 0.662153 0.326715 0.662153 0.323105 0.662830 0.322202 0.662830 0.317690 0.662153 0.316787 0.662153 0.310469 0.661476 0.309567 0.661476 0.305957 0.660799 0.305957 0.660122 0.305054
0 0.046039 0.292419 0.045362 0.293321 0.044685 0.293321 0.044008 0.294224 0.044008 0.295126 0.043331 0.296029 0.043331 0.300542 0.042654 0.301444 0.042654 0.302347 0.040623 0.305054 0.039946 0.305054 0.038592 0.306859 0.038592 0.307762 0.037915 0.308664 0.037915 0.312274 0.037238 0.313177 0.037238 0.316787 0.037915 0.317690 0.037915 0.321300 0.038592 0.322202 0.038592 0.323105 0.041300 0.326715 0.041300 0.327617 0.041977 0.328520 0.041977 0.329422 0.042654 0.330325 0.042654 0.332130 0.044008 0.333935 0.045362 0.333935 0.046039 0.334838 0.048747 0.334838 0.049425 0.333935 0.051456 0.333935 0.052133 0.333032 0.052133 0.332130 0.052810 0.331227 0.052810 0.330325 0.053487 0.329422 0.053487 0.323105 0.054164 0.322202 0.054164 0.306859 0.053487 0.305957 0.053487 0.305054 0.051456 0.302347 0.051456 0.300542 0.050779 0.299639 0.050779 0.296029 0.050102 0.295126 0.050102 0.294224 0.049425 0.294224 0.048747 0.293321 0.047393 0.293321 0.046716 0.292419
0 0.816520 0.435018 0.817197 0.435921 0.817874 0.435018
0 0.820582 0.414260 0.820582 0.416065 0.819905 0.416968 0.819905 0.418773 0.820582 0.419675 0.820582 0.420578 0.821259 0.419675 0.821259 0.418773 0.821936 0.417870 0.821936 0.414260
0 0.809749 0.280686 0.808395 0.282491 0.808395 0.285199 0.807718 0.286101 0.807718 0.290614 0.807041 0.291516 0.807041 0.295126 0.806364 0.296029 0.806364 0.296931 0.805687 0.297834 0.805687 0.299639 0.805010 0.300542 0.805010 0.305054 0.804333 0.305957 0.804333 0.306859 0.805010 0.306859 0.807041 0.309567 0.807041 0.310469 0.807718 0.311372 0.807718 0.321300 0.807041 0.322202 0.807041 0.328520 0.806364 0.329422 0.806364 0.333032 0.807041 0.333935 0.807041 0.334838 0.806364 0.335740 0.806364 0.340253 0.805687 0.341155 0.805687 0.350181 0.805010 0.351083 0.805010 0.354693 0.804333 0.355596 0.804333 0.357401 0.803656 0.358303 0.803656 0.359206 0.802979 0.360108 0.802979 0.375451 0.803656 0.376354 0.803656 0.385379 0.804333 0.386282 0.804333 0.390794 0.805010 0.391697 0.805010 0.397112 0.804333 0.398014 0.804333 0.403430 0.803656 0.404332 0.803656 0.407942 0.802979 0.408845 0.802979 0.412455 0.802302 0.413357 0.802302 0.422383 0.801625 0.423285 0.801625 0.426895 0.800948 0.427798 0.800948 0.431408 0.800271 0.432310 0.800271 0.437726 0.799594 0.438628 0.799594 0.446751 0.800271 0.447653 0.800271 0.450361 0.800948 0.451264 0.800948 0.452166 0.801625 0.453069 0.801625 0.453971 0.802302 0.453971 0.803656 0.455776 0.808395 0.455776 0.810427 0.453069 0.810427 0.449458 0.811104 0.448556 0.811104 0.444946 0.811781 0.444043 0.811781 0.441336 0.812458 0.440433 0.812458 0.437726 0.813135 0.436823 0.813135 0.429603 0.813812 0.428700 0.813812 0.424188 0.814489 0.423285 0.814489 0.415162 0.815166 0.414260 0.815166 0.408845 0.815843 0.407942 0.815843 0.407040 0.815166 0.406137 0.815166 0.399819 0.815843 0.398917 0.815843 0.390794 0.816520 0.389892 0.816520 0.355596 0.817197 0.354693 0.817197 0.343863 0.817874 0.342960 0.817874 0.338448 0.818551 0.337545 0.818551 0.335740 0.819228 0.334838 0.819228 0.326715 0.819905 0.325812 0.819905 0.320397 0.820582 0.319495 0.820582 0.318592 0.821259 0.317690 0.821259 0.314982 0.820582 0.314079 0.821259 0.313177 0.821259 0.311372 0.821936 0.310469 0.821259 0.310469 0.819228 0.307762 0.819228 0.305957 0.818551 0.305054 0.818551 0.300542 0.817874 0.299639 0.817874 0.296931 0.818551 0.296029 0.818551 0.294224 0.819228 0.293321 0.819228 0.286101 0.818551 0.285199 0.818551 0.284296 0.817874 0.283394 0.817874 0.282491 0.817197 0.281588 0.815166 0.281588 0.814489 0.280686
0 0.008802 0.300542 0.008125 0.301444 0.007448 0.301444 0.007448 0.302347 0.006770 0.303249 0.006770 0.307762 0.006093 0.308664 0.006093 0.311372 0.004739 0.313177 0.004739 0.315884 0.004062 0.316787 0.004062 0.322202 0.004739 0.323105 0.004739 0.325812 0.005416 0.326715 0.005416 0.329422 0.006093 0.330325 0.006093 0.331227 0.006770 0.332130 0.006770 0.333032 0.008802 0.335740 0.009479 0.335740 0.010156 0.336643 0.023020 0.336643 0.023020 0.335740 0.023697 0.334838 0.023697 0.324007 0.023020 0.323105 0.023020 0.320397 0.022343 0.319495 0.022343 0.317690 0.020988 0.315884 0.020988 0.314982 0.020311 0.314079 0.020311 0.313177 0.019634 0.312274 0.019634 0.311372 0.018957 0.310469 0.018957 0.309567 0.018280 0.309567 0.017603 0.308664 0.016926 0.308664 0.014895 0.305957 0.014895 0.304152 0.012187 0.300542
0 0.331077 0.277076 0.330399 0.277978 0.329722 0.277978 0.328368 0.279783 0.327691 0.279783 0.327691 0.280686 0.327014 0.281588 0.327014 0.282491 0.326337 0.283394 0.326337 0.285199 0.325660 0.286101 0.325660 0.293321 0.326337 0.294224 0.326337 0.297834 0.327014 0.298736 0.327014 0.301444 0.327691 0.302347 0.327691 0.304152 0.327014 0.305054 0.327014 0.307762 0.326337 0.308664 0.326337 0.309567 0.325660 0.310469 0.325660 0.311372 0.324983 0.312274 0.324983 0.313177 0.321598 0.317690 0.321598 0.318592 0.320921 0.319495 0.320921 0.334838 0.321598 0.335740 0.321598 0.338448 0.322275 0.339350 0.322275 0.342058 0.322952 0.342960 0.322952 0.345668 0.323629 0.346570 0.323629 0.349278 0.324306 0.350181 0.324306 0.351986 0.324983 0.352888 0.324983 0.353791 0.325660 0.354693 0.325660 0.356498 0.326337 0.357401 0.326337 0.368231 0.327014 0.369134 0.327014 0.370939 0.327691 0.371841 0.327691 0.374549 0.328368 0.375451 0.328368 0.377256 0.329045 0.378159 0.329045 0.380866 0.329722 0.381769 0.329722 0.384477 0.330399 0.385379 0.330399 0.399819 0.329722 0.400722 0.329722 0.412455 0.330399 0.413357 0.330399 0.418773 0.331077 0.419675 0.331077 0.426895 0.331754 0.427798 0.331754 0.430505 0.332431 0.431408 0.332431 0.436823 0.333108 0.437726 0.333108 0.438628 0.333785 0.439531 0.338524 0.439531 0.339201 0.440433 0.340555 0.440433 0.341232 0.441336 0.344617 0.441336 0.345295 0.442238 0.350711 0.442238 0.351388 0.443141 0.355450 0.443141 0.356127 0.442238 0.356804 0.442238 0.356804 0.438628 0.354773 0.435921 0.354096 0.435921 0.352742 0.434116 0.352065 0.434116 0.350711 0.432310 0.350711 0.431408 0.350034 0.430505 0.350034 0.419675 0.350711 0.418773 0.350711 0.414260 0.351388 0.413357 0.351388 0.409747 0.352065 0.408845 0.352065 0.405235 0.352742 0.404332 0.352742 0.382671 0.352065 0.381769 0.352065 0.373646 0.353419 0.371841 0.354096 0.371841 0.354773 0.370939 0.355450 0.370939 0.356127 0.370036 0.356804 0.370036 0.356804 0.367329 0.357481 0.366426 0.356804 0.365523 0.356804 0.364621 0.356127 0.363718 0.356127 0.361913 0.354773 0.360108 0.354773 0.356498 0.354096 0.355596 0.354096 0.351986 0.353419 0.351083 0.353419 0.348375 0.352742 0.347473 0.352742 0.345668 0.352065 0.344765 0.352065 0.342960 0.351388 0.342058 0.351388 0.341155 0.350711 0.340253 0.350711 0.337545 0.350034 0.336643 0.350034 0.333935 0.349357 0.333032 0.349357 0.331227 0.348680 0.330325 0.348680 0.327617 0.348003 0.326715 0.348003 0.325812 0.347326 0.324910 0.347326 0.323105 0.346649 0.322202 0.346649 0.320397 0.345972 0.319495 0.345972 0.316787 0.345295 0.315884 0.345295 0.314079 0.344617 0.313177 0.344617 0.312274 0.343940 0.311372 0.343940 0.310469 0.343263 0.309567 0.343263 0.308664 0.342586 0.307762 0.342586 0.306859 0.341909 0.305957 0.341909 0.304152 0.341232 0.303249 0.341232 0.300542 0.341909 0.299639 0.341909 0.296931 0.342586 0.296029 0.342586 0.287906 0.341909 0.287004 0.341909 0.286101 0.341232 0.285199 0.341232 0.284296 0.340555 0.283394 0.340555 0.282491 0.337847 0.278881 0.337170 0.278881 0.336493 0.277978 0.335816 0.277978 0.335139 0.277076
0 0.418416 0.320397 0.417739 0.321300 0.417062 0.321300 0.415708 0.323105 0.415030 0.323105 0.414353 0.324007 0.413676 0.324007 0.412999 0.324910 0.412322 0.324910 0.411645 0.325812 0.410968 0.325812 0.406229 0.332130 0.406229 0.333032 0.404198 0.335740 0.404198 0.336643 0.403521 0.337545 0.403521 0.340253 0.402844 0.341155 0.402844 0.349278 0.403521 0.350181 0.403521 0.351083 0.404198 0.351986 0.404198 0.352888 0.404875 0.353791 0.405552 0.353791 0.406906 0.355596 0.407583 0.355596 0.408260 0.356498 0.408937 0.356498 0.409614 0.357401 0.410291 0.357401 0.412999 0.361011 0.412999 0.361913 0.413676 0.362816 0.413676 0.364621 0.414353 0.365523 0.414353 0.372744 0.413676 0.373646 0.413676 0.390794 0.414353 0.391697 0.414353 0.396209 0.415030 0.397112 0.415030 0.400722 0.417062 0.403430 0.419770 0.403430 0.420447 0.404332 0.421801 0.404332 0.422478 0.403430 0.423155 0.403430 0.423155 0.402527 0.423832 0.401625 0.423832 0.398917 0.423155 0.398014 0.423155 0.392599 0.423832 0.391697 0.423832 0.388989 0.424509 0.388087 0.424509 0.379964 0.425186 0.379061 0.425186 0.374549 0.425863 0.373646 0.425863 0.370036 0.426540 0.369134 0.426540 0.367329 0.427217 0.366426 0.427217 0.364621 0.427894 0.363718 0.427894 0.361011 0.428571 0.360108 0.428571 0.359206 0.429926 0.357401 0.429926 0.356498 0.431957 0.353791 0.431957 0.352888 0.432634 0.351986 0.432634 0.345668 0.433311 0.344765 0.433311 0.339350 0.432634 0.338448 0.432634 0.330325 0.431957 0.329422 0.431957 0.326715 0.429926 0.324007 0.427894 0.324007 0.427217 0.323105 0.426540 0.323105 0.425863 0.322202 0.425186 0.322202 0.424509 0.321300 0.423832 0.321300 0.423155 0.320397
0 0.888287 0.273466 0.887610 0.274368 0.886256 0.274368 0.885579 0.275271 0.884902 0.275271 0.884225 0.276173 0.883548 0.276173 0.880840 0.279783 0.880840 0.280686 0.878808 0.283394 0.878808 0.284296 0.878131 0.285199 0.878131 0.287004 0.876100 0.289711 0.876100 0.290614 0.874746 0.292419 0.874746 0.293321 0.868653 0.301444 0.867976 0.301444 0.866622 0.303249 0.865944 0.303249 0.865267 0.304152 0.864590 0.304152 0.863913 0.305054 0.863236 0.305054 0.862559 0.305957 0.861882 0.305957 0.860528 0.307762 0.859851 0.307762 0.858497 0.309567 0.858497 0.310469 0.857820 0.311372 0.857820 0.312274 0.856466 0.314079 0.856466 0.314982 0.855112 0.316787 0.855112 0.317690 0.854435 0.318592 0.854435 0.319495 0.853758 0.320397 0.853758 0.323105 0.853081 0.324007 0.853081 0.327617 0.852404 0.328520 0.852404 0.329422 0.851726 0.330325 0.851726 0.332130 0.851049 0.333032 0.851049 0.336643 0.850372 0.337545 0.850372 0.338448 0.849695 0.339350 0.849695 0.340253 0.849018 0.341155 0.849018 0.342058 0.848341 0.342960 0.848341 0.344765 0.847664 0.345668 0.847664 0.350181 0.846987 0.351083 0.846987 0.354693 0.846310 0.355596 0.846310 0.361913 0.845633 0.362816 0.845633 0.363718 0.844956 0.364621 0.844956 0.365523 0.844279 0.366426 0.844279 0.367329 0.842925 0.369134 0.842925 0.370036 0.842248 0.370939 0.842248 0.371841 0.841571 0.372744 0.841571 0.374549 0.840894 0.375451 0.840894 0.392599 0.841571 0.393502 0.841571 0.406137 0.840894 0.407040 0.840894 0.409747 0.840217 0.410650 0.840217 0.414260 0.839540 0.415162 0.839540 0.417870 0.838863 0.418773 0.838863 0.421480 0.838186 0.422383 0.838186 0.425090 0.837508 0.425993 0.837508 0.426895 0.836831 0.427798 0.836831 0.429603 0.836154 0.430505 0.836154 0.432310 0.835477 0.433213 0.835477 0.434116 0.834123 0.435921 0.834123 0.437726 0.833446 0.438628 0.833446 0.441336 0.832769 0.442238 0.832769 0.443141 0.832092 0.444043 0.832092 0.444946 0.831415 0.445848 0.831415 0.447653 0.830738 0.448556 0.830738 0.452166 0.830061 0.453069 0.830061 0.453971 0.829384 0.454874 0.829384 0.455776 0.828707 0.456679 0.828707 0.463899 0.829384 0.464801 0.829384 0.467509 0.830061 0.468412 0.830061 0.470217 0.830738 0.471119 0.830738 0.472022 0.832092 0.473827 0.834123 0.473827 0.834800 0.474729 0.838186 0.474729 0.838863 0.475632 0.840217 0.475632 0.840894 0.476534 0.842248 0.476534 0.842925 0.475632 0.844279 0.475632 0.844956 0.474729 0.846987 0.477437 0.847664 0.477437 0.848341 0.478339 0.849018 0.478339 0.849695 0.479242 0.850372 0.479242 0.851049 0.480144 0.851726 0.480144 0.852404 0.481047 0.853758 0.481047 0.854435 0.481949 0.855112 0.481949 0.855789 0.482852 0.861205 0.482852 0.861882 0.483755 0.862559 0.483755 0.862559 0.480144 0.861205 0.478339 0.861205 0.477437 0.860528 0.476534 0.861205 0.475632 0.861205 0.472924 0.862559 0.471119 0.862559 0.470217 0.863236 0.469314 0.863236 0.467509 0.863913 0.466606 0.863913 0.463899 0.864590 0.462996 0.864590 0.461191 0.865267 0.460289 0.865267 0.455776 0.865944 0.454874 0.865944 0.453069 0.866622 0.452166 0.866622 0.448556 0.867299 0.447653 0.867299 0.445848 0.867976 0.444946 0.867976 0.443141 0.868653 0.442238 0.868653 0.440433 0.869330 0.439531 0.869330 0.435921 0.870007 0.435018 0.870007 0.433213 0.870684 0.432310 0.870684 0.429603 0.871361 0.428700 0.871361 0.423285 0.870007 0.421480 0.870007 0.420578 0.870684 0.419675 0.870684 0.414260 0.871361 0.413357 0.871361 0.411552 0.872038 0.410650 0.872038 0.407040 0.872715 0.406137 0.872715 0.405235 0.873392 0.404332 0.873392 0.403430 0.874069 0.402527 0.874069 0.401625 0.876777 0.398014 0.876777 0.397112 0.877454 0.396209 0.877454 0.393502 0.878131 0.392599 0.878131 0.391697 0.878808 0.390794 0.878808 0.389892 0.879485 0.388989 0.879485 0.388087 0.880162 0.387184 0.880162 0.384477 0.880840 0.383574 0.880840 0.381769 0.881517 0.380866 0.881517 0.378159 0.882194 0.377256 0.882194 0.376354 0.881517 0.375451 0.881517 0.370036 0.882194 0.369134 0.882194 0.342058 0.882871 0.341155 0.882871 0.339350 0.883548 0.338448 0.883548 0.336643 0.884225 0.335740 0.884225 0.333032 0.884902 0.332130 0.884902 0.329422 0.885579 0.328520 0.885579 0.325812 0.886256 0.324910 0.886256 0.312274 0.886933 0.311372 0.886933 0.310469 0.888287 0.308664 0.888964 0.308664 0.889641 0.307762 0.890318 0.307762 0.890995 0.306859 0.891672 0.306859 0.893703 0.304152 0.894381 0.304152 0.897766 0.299639 0.897766 0.298736 0.898443 0.297834 0.898443 0.296931 0.899120 0.296029 0.899120 0.295126 0.899797 0.294224 0.899797 0.292419 0.900474 0.291516 0.900474 0.288809 0.899797 0.287906 0.899797 0.281588 0.899120 0.280686 0.899120 0.278881 0.897089 0.276173 0.896412 0.276173 0.895735 0.275271 0.895058 0.275271 0.894381 0.274368 0.891672 0.274368 0.890995 0.273466
0 0.095464 0.294224 0.093433 0.296931 0.093433 0.297834 0.092756 0.298736 0.092756 0.299639 0.092079 0.300542 0.092079 0.301444 0.090724 0.303249 0.090724 0.304152 0.090047 0.305054 0.090047 0.305957 0.089370 0.306859 0.089370 0.309567 0.088693 0.310469 0.088693 0.314079 0.088016 0.314982 0.088016 0.316787 0.087339 0.317690 0.087339 0.319495 0.086662 0.320397 0.086662 0.321300 0.085985 0.322202 0.085985 0.323105 0.085308 0.324007 0.085308 0.324910 0.084631 0.325812 0.084631 0.326715 0.083954 0.327617 0.087339 0.332130 0.088016 0.332130 0.088693 0.333032 0.089370 0.333032 0.090047 0.333935 0.090724 0.333935 0.091401 0.334838 0.098849 0.334838 0.099526 0.333935 0.101557 0.333935 0.101557 0.326715 0.100880 0.325812 0.100880 0.323105 0.100203 0.322202 0.100203 0.312274 0.100880 0.311372 0.100880 0.306859 0.100203 0.305957 0.100203 0.299639 0.099526 0.298736 0.099526 0.297834 0.098849 0.296931 0.098849 0.296029 0.098172 0.295126 0.096818 0.295126 0.096141 0.294224
0 0.913338 0.268051 0.912661 0.268953 0.909953 0.268953 0.909276 0.269856 0.907921 0.269856 0.907244 0.270758 0.906567 0.270758 0.905213 0.272563 0.904536 0.272563 0.901828 0.276173 0.901828 0.277978 0.901151 0.278881 0.901151 0.296931 0.901828 0.297834 0.901828 0.301444 0.902505 0.302347 0.902505 0.303249 0.901151 0.305054 0.901151 0.305957 0.899120 0.308664 0.899120 0.309567 0.895058 0.314982 0.895058 0.315884 0.894381 0.316787 0.893703 0.316787 0.893703 0.317690 0.888964 0.324007 0.888964 0.325812 0.888287 0.326715 0.888287 0.331227 0.887610 0.332130 0.887610 0.340253 0.886933 0.341155 0.886933 0.350181 0.886256 0.351083 0.886256 0.358303 0.885579 0.359206 0.885579 0.374549 0.884902 0.375451 0.884902 0.382671 0.884225 0.383574 0.884902 0.384477 0.884902 0.397112 0.885579 0.398014 0.885579 0.430505 0.884902 0.431408 0.884902 0.434116 0.884225 0.435018 0.884225 0.436823 0.883548 0.437726 0.883548 0.439531 0.882871 0.440433 0.882871 0.441336 0.882194 0.442238 0.882194 0.444043 0.881517 0.444946 0.881517 0.447653 0.880840 0.448556 0.880840 0.451264 0.880162 0.452166 0.880162 0.455776 0.879485 0.456679 0.879485 0.480144 0.878808 0.481047 0.878808 0.484657 0.879485 0.485560 0.879485 0.487365 0.880162 0.487365 0.880840 0.488267 0.882871 0.488267 0.883548 0.489170 0.888287 0.489170 0.888964 0.488267 0.890318 0.488267 0.892349 0.490975 0.892349 0.492780 0.893026 0.493682 0.893026 0.495487 0.894381 0.497292 0.896412 0.497292 0.897089 0.498195 0.901828 0.498195 0.902505 0.499097 0.907921 0.499097 0.908599 0.498195 0.909953 0.498195 0.910630 0.497292 0.911307 0.497292 0.913338 0.494585 0.913338 0.493682 0.912661 0.492780 0.912661 0.491877 0.911984 0.490975 0.911984 0.490072 0.910630 0.488267 0.910630 0.487365 0.909953 0.486462 0.909953 0.484657 0.909276 0.483755 0.909276 0.477437 0.909953 0.476534 0.909953 0.473827 0.910630 0.472924 0.910630 0.470217 0.911307 0.469314 0.911307 0.463899 0.911984 0.462996 0.911984 0.460289 0.912661 0.459386 0.912661 0.458484 0.913338 0.457581 0.913338 0.456679 0.914015 0.455776 0.914015 0.454874 0.914692 0.453971 0.914692 0.453069 0.915369 0.452166 0.915369 0.451264 0.916046 0.450361 0.916046 0.448556 0.916723 0.447653 0.916723 0.446751 0.918077 0.444946 0.918077 0.442238 0.918754 0.441336 0.918754 0.440433 0.919431 0.439531 0.919431 0.436823 0.920108 0.435921 0.920108 0.433213 0.920785 0.432310 0.920785 0.428700 0.921462 0.427798 0.921462 0.424188 0.922139 0.423285 0.922139 0.419675 0.922817 0.418773 0.922817 0.410650 0.924848 0.407942 0.925525 0.407942 0.928233 0.404332 0.928910 0.404332 0.928910 0.402527 0.929587 0.401625 0.929587 0.398014 0.930264 0.397112 0.930264 0.395307 0.930941 0.394404 0.930941 0.393502 0.931618 0.392599 0.931618 0.391697 0.932295 0.390794 0.932295 0.379964 0.931618 0.379061 0.931618 0.372744 0.930941 0.371841 0.930941 0.366426 0.930264 0.365523 0.930264 0.363718 0.929587 0.362816 0.929587 0.356498 0.928910 0.355596 0.928910 0.346570 0.928233 0.345668 0.928233 0.337545 0.927556 0.336643 0.927556 0.333032 0.926879 0.332130 0.926879 0.330325 0.926202 0.329422 0.926202 0.327617 0.925525 0.326715 0.925525 0.324910 0.924848 0.324007 0.924848 0.322202 0.924171 0.321300 0.924171 0.320397 0.922817 0.318592 0.922817 0.317690 0.922139 0.316787 0.922139 0.314982 0.921462 0.314079 0.921462 0.313177 0.920785 0.312274 0.920785 0.311372 0.920108 0.310469 0.920108 0.309567 0.920785 0.308664 0.920785 0.307762 0.921462 0.306859 0.921462 0.305957 0.922139 0.305054 0.922139 0.304152 0.922817 0.303249 0.922817 0.302347 0.923494 0.301444 0.923494 0.297834 0.924171 0.296931 0.924171 0.293321 0.924848 0.292419 0.924848 0.279783 0.924171 0.278881 0.924171 0.277978 0.923494 0.277076 0.923494 0.276173 0.921462 0.273466 0.921462 0.272563 0.920785 0.271661 0.920108 0.271661 0.918077 0.268953 0.916046 0.268953 0.915369 0.268051
0 0.230196 0.334838 0.228842 0.336643 0.228165 0.336643 0.226811 0.338448 0.226811 0.341155 0.226134 0.342058 0.226134 0.350181 0.225457 0.351083 0.225457 0.352888 0.224780 0.353791 0.224780 0.354693 0.224103 0.355596 0.224103 0.366426 0.224780 0.367329 0.224780 0.372744 0.225457 0.373646 0.225457 0.375451 0.226811 0.377256 0.232905 0.377256 0.233582 0.378159 0.236290 0.378159 0.236967 0.379061 0.238998 0.379061 0.239675 0.378159 0.241706 0.378159 0.243060 0.376354 0.243737 0.376354 0.243737 0.375451 0.245091 0.373646 0.245091 0.359206 0.244414 0.358303 0.244414 0.357401 0.241706 0.353791 0.241706 0.352888 0.238321 0.348375 0.238321 0.346570 0.237644 0.345668 0.237644 0.344765 0.235613 0.342058 0.235613 0.341155 0.234936 0.340253 0.234936 0.338448 0.233582 0.336643 0.232905 0.336643 0.232227 0.335740 0.231550 0.335740 0.230873 0.334838
0 0.212593 0.333935 0.211916 0.334838 0.209885 0.334838 0.207854 0.337545 0.207854 0.338448 0.207177 0.339350 0.207177 0.341155 0.204469 0.344765 0.203791 0.344765 0.203114 0.345668 0.202437 0.345668 0.194990 0.355596 0.194990 0.356498 0.194313 0.357401 0.194313 0.358303 0.193636 0.359206 0.193636 0.361011 0.192959 0.361913 0.192959 0.363718 0.193636 0.364621 0.193636 0.365523 0.194313 0.366426 0.194990 0.366426 0.195667 0.367329 0.205146 0.367329 0.205823 0.368231 0.207854 0.368231 0.209208 0.370036 0.209208 0.370939 0.209885 0.371841 0.209885 0.372744 0.209885 0.369134 0.210562 0.368231 0.211916 0.368231 0.212593 0.367329 0.215978 0.367329 0.216655 0.366426 0.219364 0.366426 0.220041 0.365523 0.220718 0.365523 0.220718 0.364621 0.221395 0.363718 0.221395 0.362816 0.220718 0.361913 0.220718 0.361011 0.220041 0.361011 0.219364 0.360108 0.219364 0.359206 0.218009 0.357401 0.218009 0.356498 0.217332 0.355596 0.217332 0.354693 0.215978 0.352888 0.215978 0.351083 0.215301 0.350181 0.215301 0.348375 0.216655 0.346570 0.216655 0.345668 0.217332 0.344765 0.217332 0.340253 0.216655 0.339350 0.216655 0.337545 0.214624 0.334838 0.213947 0.334838 0.213270 0.333935
0 0.164523 0.293321 0.163846 0.294224 0.161814 0.294224 0.161137 0.295126 0.160460 0.295126 0.159783 0.296029 0.159106 0.296029 0.157752 0.297834 0.156398 0.297834 0.153690 0.301444 0.153013 0.301444 0.153013 0.302347 0.151659 0.304152 0.151659 0.305054 0.150982 0.305957 0.150982 0.306859 0.150305 0.307762 0.150305 0.309567 0.149628 0.310469 0.149628 0.313177 0.148951 0.314079 0.148951 0.325812 0.149628 0.326715 0.149628 0.351986 0.150305 0.352888 0.150305 0.354693 0.153013 0.354693 0.153690 0.353791 0.155044 0.353791 0.155721 0.352888 0.157075 0.352888 0.161814 0.346570 0.161814 0.339350 0.161137 0.338448 0.161137 0.336643 0.160460 0.335740 0.160460 0.334838 0.159783 0.333935 0.159783 0.333032 0.159106 0.332130 0.159106 0.331227 0.158429 0.330325 0.158429 0.326715 0.159106 0.325812 0.159106 0.324910 0.159783 0.324007 0.159783 0.323105 0.160460 0.322202 0.160460 0.321300 0.161137 0.320397 0.161137 0.318592 0.161814 0.317690 0.161814 0.312274 0.162492 0.311372 0.162492 0.309567 0.163169 0.308664 0.163169 0.307762 0.163846 0.306859 0.163846 0.305957 0.165200 0.304152 0.165200 0.303249 0.165877 0.302347 0.165877 0.301444 0.166554 0.300542 0.166554 0.296029
0 0.308734 0.290614 0.308057 0.291516 0.306703 0.291516 0.305349 0.293321 0.305349 0.294224 0.304672 0.295126 0.304672 0.297834 0.303995 0.298736 0.303995 0.301444 0.303318 0.302347 0.303318 0.306859 0.302640 0.307762 0.302640 0.309567 0.301963 0.310469 0.301963 0.311372 0.300609 0.313177 0.300609 0.314079 0.299932 0.314982 0.299932 0.317690 0.299255 0.318592 0.299255 0.321300 0.298578 0.322202 0.298578 0.337545 0.297901 0.338448 0.297901 0.349278 0.298578 0.350181 0.298578 0.352888 0.299255 0.353791 0.299255 0.354693 0.299932 0.355596 0.301286 0.355596 0.301963 0.356498 0.303995 0.356498 0.305349 0.358303 0.306026 0.358303 0.306703 0.359206 0.308057 0.359206 0.308734 0.360108 0.311442 0.360108 0.312119 0.359206 0.314150 0.359206 0.316181 0.356498 0.316181 0.355596 0.316858 0.354693 0.316858 0.350181 0.317536 0.349278 0.317536 0.345668 0.318213 0.344765 0.318213 0.343863 0.318890 0.342960 0.318890 0.342058 0.319567 0.341155 0.319567 0.340253 0.320244 0.339350 0.320244 0.336643 0.319567 0.335740 0.319567 0.332130 0.320244 0.331227 0.320244 0.320397 0.319567 0.319495 0.319567 0.317690 0.318890 0.316787 0.318890 0.315884 0.317536 0.314079 0.317536 0.313177 0.315504 0.310469 0.315504 0.308664 0.314827 0.307762 0.314827 0.296029 0.314150 0.295126 0.314150 0.293321 0.312796 0.291516 0.312119 0.291516 0.311442 0.290614
0 0.243737 0.291516 0.243060 0.292419 0.242383 0.292419 0.242383 0.293321 0.241706 0.294224 0.241706 0.301444 0.242383 0.302347 0.242383 0.303249 0.245768 0.307762 0.245768 0.308664 0.246445 0.309567 0.246445 0.313177 0.245768 0.314079 0.245768 0.318592 0.245091 0.319495 0.245091 0.327617 0.245768 0.328520 0.245768 0.330325 0.246445 0.331227 0.246445 0.337545 0.247123 0.338448 0.247123 0.344765 0.247800 0.345668 0.247800 0.346570 0.248477 0.347473 0.248477 0.352888 0.249154 0.353791 0.249154 0.358303 0.249831 0.359206 0.249831 0.369134 0.250508 0.370036 0.250508 0.372744 0.251185 0.373646 0.254570 0.373646 0.255247 0.374549 0.259309 0.374549 0.260664 0.372744 0.260664 0.351986 0.261341 0.351083 0.261341 0.330325 0.260664 0.329422 0.260664 0.325812 0.259986 0.324910 0.259986 0.314982 0.259309 0.314079 0.259309 0.311372 0.258632 0.310469 0.258632 0.308664 0.253893 0.302347 0.253893 0.301444 0.253216 0.300542 0.253216 0.299639 0.251862 0.297834 0.251862 0.296029 0.250508 0.294224 0.250508 0.293321 0.249831 0.292419 0.249154 0.292419 0.248477 0.291516
0 0.949221 0.305957 0.948544 0.306859 0.947867 0.306859 0.947190 0.307762 0.947190 0.308664 0.945836 0.310469 0.945836 0.314982 0.945159 0.315884 0.945159 0.317690 0.943805 0.319495 0.941774 0.319495 0.941097 0.320397 0.939066 0.320397 0.937712 0.322202 0.937712 0.323105 0.937035 0.324007 0.937035 0.327617 0.937712 0.328520 0.937712 0.330325 0.938389 0.331227 0.938389 0.333935 0.939066 0.334838 0.939066 0.347473 0.938389 0.348375 0.938389 0.352888 0.937712 0.353791 0.937712 0.356498 0.937035 0.357401 0.937035 0.359206 0.936357 0.360108 0.936357 0.362816 0.935680 0.363718 0.935680 0.364621 0.935003 0.365523 0.935003 0.370036 0.934326 0.370939 0.934326 0.373646 0.935003 0.374549 0.935003 0.375451 0.935680 0.376354 0.936357 0.375451 0.937035 0.375451 0.937712 0.374549 0.939066 0.374549 0.940420 0.372744 0.940420 0.371841 0.941774 0.370036 0.941774 0.369134 0.943128 0.367329 0.944482 0.367329 0.945159 0.366426 0.945836 0.366426 0.946513 0.367329 0.946513 0.368231 0.947190 0.369134 0.947190 0.370939 0.947867 0.371841 0.947867 0.374549 0.948544 0.375451 0.948544 0.376354 0.949898 0.376354 0.951930 0.373646 0.951930 0.372744 0.952607 0.371841 0.952607 0.369134 0.953284 0.368231 0.953284 0.347473 0.953961 0.346570 0.953961 0.343863 0.954638 0.342960 0.954638 0.342058 0.955315 0.341155 0.955315 0.340253 0.956669 0.338448 0.956669 0.337545 0.957346 0.336643 0.957346 0.333935 0.958023 0.333032 0.958023 0.331227 0.957346 0.330325 0.957346 0.326715 0.956669 0.325812 0.956669 0.324007 0.955992 0.323105 0.955992 0.322202 0.954638 0.320397 0.954638 0.318592 0.953961 0.317690 0.953961 0.309567 0.953284 0.308664 0.953284 0.307762 0.952607 0.306859 0.950575 0.306859 0.949898 0.305957
0 0.546378 0.340253 0.545024 0.342058 0.545024 0.342960 0.544347 0.343863 0.544347 0.344765 0.543670 0.345668 0.543670 0.349278 0.542993 0.350181 0.542993 0.351083 0.540961 0.353791 0.540961 0.354693 0.538930 0.357401 0.538930 0.359206 0.538253 0.360108 0.538253 0.361011 0.536899 0.362816 0.536899 0.363718 0.536222 0.364621 0.536222 0.366426 0.535545 0.367329 0.535545 0.375451 0.536222 0.376354 0.536899 0.376354 0.537576 0.375451 0.539607 0.375451 0.542993 0.370939 0.546378 0.375451 0.547055 0.375451 0.547732 0.376354 0.549086 0.376354 0.549763 0.377256 0.557888 0.377256 0.558565 0.376354 0.559242 0.376354 0.559919 0.375451 0.560596 0.375451 0.561273 0.374549 0.561273 0.373646 0.561950 0.372744 0.561950 0.370939 0.562627 0.370036 0.562627 0.368231 0.561950 0.367329 0.561950 0.365523 0.561273 0.364621 0.561273 0.363718 0.560596 0.362816 0.560596 0.361913 0.559919 0.361011 0.559919 0.360108 0.558565 0.358303 0.558565 0.357401 0.557888 0.356498 0.557888 0.355596 0.557211 0.354693 0.557211 0.353791 0.553148 0.348375 0.553148 0.347473 0.552471 0.346570 0.552471 0.343863 0.551794 0.342960 0.551794 0.341155 0.551117 0.341155 0.550440 0.340253
0 0.594448 0.344765 0.593771 0.345668 0.592417 0.345668 0.591740 0.346570 0.591063 0.346570 0.590386 0.347473 0.589709 0.347473 0.584970 0.353791 0.584970 0.354693 0.584292 0.355596 0.584292 0.356498 0.583615 0.357401 0.583615 0.359206 0.582938 0.360108 0.582938 0.361011 0.582261 0.361913 0.582261 0.362816 0.581584 0.363718 0.581584 0.364621 0.580907 0.365523 0.580907 0.367329 0.580230 0.368231 0.580230 0.370036 0.579553 0.370939 0.579553 0.373646 0.578876 0.374549 0.578876 0.379964 0.578199 0.380866 0.578199 0.394404 0.578876 0.395307 0.578876 0.396209 0.579553 0.397112 0.579553 0.398014 0.584970 0.405235 0.586324 0.405235 0.587678 0.407040 0.589709 0.407040 0.590386 0.407942 0.593094 0.407942 0.593771 0.407040 0.600542 0.407040 0.601219 0.406137 0.601896 0.406137 0.603250 0.404332 0.603250 0.389892 0.602573 0.388989 0.602573 0.387184 0.596479 0.379061 0.596479 0.378159 0.595802 0.377256 0.595802 0.375451 0.595125 0.374549 0.595125 0.373646 0.594448 0.372744 0.594448 0.370939 0.593771 0.370036 0.593771 0.369134 0.597156 0.364621 0.597833 0.364621 0.599188 0.362816 0.599188 0.361913 0.599865 0.361011 0.599865 0.360108 0.600542 0.359206 0.600542 0.357401 0.601219 0.356498 0.601219 0.350181 0.600542 0.349278 0.600542 0.348375 0.598510 0.345668 0.597156 0.345668 0.596479 0.344765
0 0.442789 0.396209 0.442112 0.397112 0.444144 0.397112 0.443466 0.397112
0 0.443466 0.285199 0.442789 0.286101 0.442112 0.286101 0.440758 0.287906 0.440758 0.288809 0.440081 0.289711 0.440081 0.290614 0.439404 0.291516 0.439404 0.293321 0.438727 0.294224 0.438727 0.296029 0.438050 0.296931 0.438050 0.299639 0.438727 0.300542 0.438727 0.302347 0.439404 0.303249 0.439404 0.304152 0.440081 0.305054 0.440081 0.306859 0.441435 0.308664 0.441435 0.309567 0.442112 0.310469 0.442112 0.312274 0.442789 0.313177 0.442789 0.317690 0.442112 0.318592 0.442112 0.321300 0.441435 0.322202 0.441435 0.329422 0.440758 0.330325 0.440758 0.336643 0.440081 0.337545 0.440081 0.346570 0.439404 0.347473 0.439404 0.355596 0.440081 0.356498 0.440081 0.358303 0.440758 0.359206 0.440758 0.361913 0.441435 0.362816 0.441435 0.363718 0.442112 0.364621 0.442112 0.365523 0.442789 0.366426 0.442789 0.367329 0.443466 0.368231 0.443466 0.371841 0.442789 0.372744 0.442789 0.377256 0.443466 0.378159 0.443466 0.379964 0.444144 0.380866 0.444144 0.382671 0.444821 0.383574 0.444821 0.385379 0.445498 0.386282 0.445498 0.388087 0.446175 0.388989 0.446175 0.391697 0.446852 0.392599 0.446852 0.397112 0.446175 0.398014 0.446175 0.398917 0.445498 0.399819 0.445498 0.400722 0.446175 0.401625 0.446175 0.402527 0.446852 0.403430 0.446852 0.405235 0.447529 0.406137 0.447529 0.412455 0.446175 0.414260 0.442789 0.414260 0.442112 0.415162 0.440081 0.415162 0.439404 0.416065 0.438050 0.416065 0.437373 0.416968 0.434665 0.416968 0.433988 0.417870 0.431957 0.417870 0.433311 0.419675 0.433988 0.419675 0.434665 0.420578 0.436019 0.420578 0.436696 0.421480 0.452945 0.421480 0.453622 0.420578 0.454299 0.420578 0.455653 0.418773 0.456330 0.418773 0.456330 0.402527 0.457007 0.401625 0.457007 0.398917 0.456330 0.398014 0.456330 0.393502 0.453622 0.389892 0.453622 0.388989 0.452945 0.388087 0.452945 0.386282 0.454976 0.383574 0.454976 0.378159 0.454299 0.377256 0.454299 0.375451 0.454976 0.374549 0.454976 0.370939 0.455653 0.370036 0.455653 0.360108 0.456330 0.359206 0.456330 0.358303 0.457007 0.357401 0.457007 0.346570 0.457684 0.345668 0.457684 0.342058 0.458362 0.341155 0.458362 0.330325 0.457684 0.329422 0.457684 0.319495 0.457007 0.318592 0.457007 0.316787 0.456330 0.315884 0.456330 0.314079 0.455653 0.313177 0.455653 0.312274 0.451591 0.306859 0.451591 0.293321 0.450914 0.292419 0.450914 0.291516 0.450237 0.290614 0.450237 0.289711 0.447529 0.286101 0.446852 0.286101 0.446175 0.285199
0 0.182126 0.296931 0.180772 0.298736 0.180772 0.299639 0.180095 0.300542 0.180095 0.308664 0.179418 0.309567 0.179418 0.313177 0.180772 0.314982 0.184834 0.314982 0.185511 0.314079 0.187542 0.314079 0.188219 0.313177 0.188896 0.313177 0.189573 0.312274 0.190251 0.312274 0.190928 0.311372 0.192282 0.311372 0.192959 0.310469 0.193636 0.310469 0.193636 0.309567 0.192959 0.308664 0.192959 0.307762 0.192282 0.306859 0.191605 0.306859 0.189573 0.304152 0.189573 0.303249 0.188219 0.301444 0.188219 0.300542 0.187542 0.299639 0.187542 0.298736 0.186188 0.296931
0 0.433988 0.354693 0.433311 0.355596 0.432634 0.355596 0.431957 0.356498 0.431280 0.356498 0.429926 0.358303 0.429926 0.361913 0.429248 0.362816 0.429926 0.363718 0.429926 0.366426 0.430603 0.367329 0.430603 0.368231 0.431957 0.370036 0.431957 0.370939 0.432634 0.370939 0.433988 0.372744 0.435342 0.372744 0.437373 0.375451 0.437373 0.380866 0.436696 0.381769 0.436696 0.382671 0.435342 0.384477 0.435342 0.385379 0.434665 0.386282 0.434665 0.387184 0.433988 0.388087 0.433988 0.391697 0.434665 0.392599 0.434665 0.393502 0.435342 0.393502 0.436696 0.395307 0.437373 0.395307 0.438727 0.397112 0.439404 0.397112 0.442112 0.400722 0.444821 0.400722 0.444821 0.398917 0.445498 0.398014 0.445498 0.396209 0.449560 0.390794 0.452945 0.390794 0.454299 0.392599 0.454299 0.393502 0.454976 0.394404 0.454976 0.395307 0.455653 0.396209 0.455653 0.398014 0.456330 0.398917 0.456330 0.399819 0.457007 0.398917 0.457684 0.398917 0.458362 0.398014 0.459716 0.398014 0.459716 0.381769 0.459039 0.380866 0.459039 0.379061 0.458362 0.378159 0.458362 0.377256 0.457684 0.376354 0.457684 0.374549 0.457007 0.373646 0.457007 0.372744 0.456330 0.371841 0.454976 0.371841 0.452945 0.374549 0.452945 0.375451 0.452268 0.376354 0.452268 0.379964 0.451591 0.380866 0.451591 0.381769 0.450914 0.382671 0.450914 0.383574 0.449560 0.385379 0.448883 0.385379 0.448206 0.384477 0.447529 0.384477 0.446852 0.383574 0.446175 0.383574 0.445498 0.382671 0.445498 0.381769 0.444821 0.380866 0.444821 0.375451 0.444144 0.374549 0.444144 0.370036 0.443466 0.369134 0.443466 0.367329 0.442789 0.366426 0.442789 0.365523 0.442112 0.365523 0.439404 0.361913 0.439404 0.358303 0.438727 0.357401 0.438727 0.356498 0.438050 0.355596 0.437373 0.355596 0.436696 0.354693
0 0.466486 0.310469 0.465809 0.311372 0.465132 0.311372 0.464455 0.312274 0.463778 0.312274 0.463101 0.313177 0.462424 0.313177 0.461747 0.314079 0.461070 0.314079 0.461070 0.314982 0.460393 0.315884 0.460393 0.316787 0.459039 0.318592 0.459039 0.319495 0.458362 0.320397 0.458362 0.354693 0.457684 0.355596 0.457684 0.365523 0.457007 0.366426 0.457684 0.367329 0.457684 0.370939 0.458362 0.371841 0.458362 0.372744 0.459716 0.374549 0.460393 0.373646 0.461070 0.373646 0.461747 0.372744 0.462424 0.372744 0.462424 0.371841 0.463101 0.370939 0.463778 0.371841 0.463778 0.372744 0.464455 0.372744 0.465132 0.373646 0.468517 0.373646 0.469194 0.372744 0.469871 0.372744 0.469871 0.366426 0.470548 0.365523 0.470548 0.361011 0.471225 0.360108 0.471225 0.357401 0.471903 0.356498 0.471903 0.352888 0.472580 0.351986 0.472580 0.348375 0.473257 0.347473 0.473257 0.344765 0.473934 0.343863 0.473934 0.341155 0.474611 0.340253 0.474611 0.337545 0.473934 0.336643 0.473934 0.326715 0.473257 0.325812 0.473257 0.321300 0.472580 0.320397 0.472580 0.317690 0.471903 0.316787 0.471903 0.314079 0.471225 0.313177 0.471225 0.312274 0.470548 0.311372 0.469194 0.311372 0.468517 0.310469
0 0.798917 0.272563 0.796886 0.275271 0.796886 0.277076 0.796209 0.277978 0.796209 0.281588 0.795531 0.282491 0.795531 0.285199 0.794854 0.286101 0.794854 0.290614 0.794177 0.291516 0.794177 0.294224 0.792823 0.296029 0.792146 0.295126 0.791469 0.295126 0.790115 0.293321 0.790115 0.291516 0.790115 0.292419 0.789438 0.293321 0.789438 0.300542 0.788761 0.301444 0.788761 0.302347 0.785376 0.306859 0.785376 0.307762 0.784699 0.308664 0.784699 0.309567 0.784022 0.310469 0.784022 0.311372 0.783345 0.312274 0.783345 0.313177 0.782668 0.314079 0.782668 0.321300 0.781991 0.322202 0.781991 0.333935 0.781313 0.334838 0.781313 0.340253 0.780636 0.341155 0.780636 0.348375 0.779959 0.349278 0.779959 0.359206 0.780636 0.360108 0.780636 0.361913 0.781313 0.362816 0.781313 0.374549 0.781991 0.375451 0.781991 0.378159 0.782668 0.379061 0.782668 0.392599 0.781991 0.393502 0.781991 0.402527 0.781313 0.403430 0.781313 0.407040 0.780636 0.407942 0.780636 0.414260 0.779959 0.415162 0.779959 0.424188 0.779282 0.425090 0.779282 0.438628 0.782668 0.438628 0.783345 0.437726 0.783345 0.436823 0.784022 0.435921 0.784022 0.435018 0.784699 0.434116 0.784699 0.430505 0.785376 0.429603 0.785376 0.413357 0.786053 0.412455 0.786053 0.408845 0.786730 0.407942 0.786730 0.404332 0.787407 0.403430 0.787407 0.397112 0.788084 0.396209 0.788084 0.385379 0.788761 0.384477 0.788761 0.379964 0.788084 0.379061 0.788084 0.377256 0.787407 0.376354 0.788084 0.375451 0.788084 0.373646 0.788761 0.372744 0.788761 0.370939 0.789438 0.370036 0.792146 0.373646 0.792146 0.374549 0.792823 0.375451 0.792823 0.376354 0.792146 0.377256 0.792146 0.378159 0.791469 0.379061 0.791469 0.379964 0.790792 0.380866 0.790792 0.383574 0.791469 0.384477 0.791469 0.385379 0.792823 0.387184 0.792823 0.388087 0.793500 0.387184 0.793500 0.386282 0.794177 0.385379 0.794177 0.384477 0.794854 0.383574 0.794854 0.380866 0.794177 0.379964 0.794177 0.379061 0.794854 0.378159 0.794854 0.377256 0.795531 0.376354 0.796209 0.376354 0.796209 0.372744 0.796886 0.371841 0.796886 0.370036 0.797563 0.369134 0.797563 0.363718 0.798240 0.362816 0.798240 0.356498 0.797563 0.355596 0.797563 0.353791 0.798240 0.352888 0.798240 0.348375 0.797563 0.347473 0.797563 0.342960 0.798240 0.342058 0.798240 0.332130 0.798917 0.331227 0.798917 0.317690 0.799594 0.316787 0.799594 0.308664 0.800271 0.307762 0.800271 0.301444 0.800948 0.300542 0.800948 0.297834 0.801625 0.296931 0.801625 0.296029 0.802302 0.295126 0.802302 0.293321 0.802979 0.292419 0.802979 0.285199 0.803656 0.284296 0.803656 0.278881 0.802979 0.277978 0.802979 0.275271 0.800948 0.272563
0 0.844956 0.285199 0.844279 0.286101 0.842248 0.286101 0.840894 0.287906 0.840217 0.287906 0.838863 0.289711 0.838186 0.289711 0.838186 0.291516 0.837508 0.292419 0.837508 0.298736 0.836831 0.299639 0.836831 0.305957 0.837508 0.306859 0.837508 0.311372 0.836831 0.312274 0.836831 0.315884 0.836154 0.316787 0.836154 0.321300 0.835477 0.322202 0.835477 0.327617 0.834800 0.328520 0.834800 0.345668 0.834123 0.346570 0.834123 0.357401 0.833446 0.358303 0.833446 0.372744 0.832769 0.373646 0.832769 0.378159 0.832092 0.379061 0.832092 0.391697 0.831415 0.392599 0.831415 0.402527 0.830738 0.403430 0.830738 0.422383 0.830061 0.423285 0.830061 0.426895 0.830738 0.427798 0.830738 0.437726 0.830061 0.438628 0.830061 0.443141 0.830738 0.444043 0.831415 0.443141 0.831415 0.439531 0.832092 0.438628 0.832092 0.435018 0.832769 0.434116 0.833446 0.434116 0.834123 0.433213 0.834800 0.433213 0.834800 0.430505 0.835477 0.429603 0.835477 0.428700 0.836154 0.427798 0.836154 0.426895 0.837508 0.425090 0.837508 0.423285 0.838186 0.422383 0.838186 0.417870 0.838863 0.416968 0.838863 0.411552 0.839540 0.410650 0.839540 0.408845 0.840217 0.407942 0.840217 0.405235 0.840894 0.404332 0.840894 0.393502 0.840217 0.392599 0.840217 0.376354 0.840894 0.375451 0.840894 0.373646 0.841571 0.372744 0.841571 0.371841 0.842925 0.370036 0.842925 0.369134 0.843602 0.368231 0.843602 0.367329 0.844279 0.366426 0.844279 0.365523 0.844956 0.364621 0.844956 0.363718 0.845633 0.362816 0.845633 0.354693 0.846310 0.353791 0.846310 0.349278 0.846987 0.348375 0.846987 0.343863 0.847664 0.342960 0.847664 0.342058 0.848341 0.341155 0.848341 0.340253 0.849018 0.339350 0.849018 0.337545 0.849695 0.336643 0.849695 0.333032 0.850372 0.332130 0.850372 0.330325 0.851049 0.329422 0.851049 0.326715 0.851726 0.325812 0.851726 0.322202 0.852404 0.321300 0.852404 0.320397 0.853081 0.319495 0.853081 0.318592 0.853758 0.317690 0.853758 0.316787 0.856466 0.313177 0.856466 0.312274 0.857143 0.311372 0.857143 0.310469 0.857820 0.309567 0.857820 0.307762 0.858497 0.306859 0.858497 0.302347 0.859174 0.301444 0.859174 0.297834 0.858497 0.296931 0.858497 0.296029 0.857143 0.294224 0.857143 0.293321 0.856466 0.292419 0.856466 0.291516 0.855112 0.289711 0.855112 0.288809 0.854435 0.288809 0.852404 0.286101 0.849695 0.286101 0.849018 0.285199
1 0.886933 0.273466 0.886256 0.274368 0.885579 0.274368 0.884902 0.275271 0.884225 0.275271 0.881517 0.278881 0.880840 0.278881 0.880840 0.279783 0.880162 0.280686 0.880162 0.281588 0.879485 0.282491 0.880162 0.283394 0.882871 0.283394 0.883548 0.284296 0.884902 0.284296 0.886256 0.286101 0.886933 0.286101 0.887610 0.287004 0.888287 0.287004 0.888964 0.287906 0.889641 0.287906 0.890995 0.289711 0.891672 0.289711 0.893703 0.292419 0.893703 0.293321 0.894381 0.294224 0.894381 0.295126 0.895058 0.296029 0.895058 0.296931 0.897089 0.299639 0.897766 0.299639 0.898443 0.298736 0.899120 0.298736 0.900474 0.296931 0.900474 0.293321 0.901151 0.292419 0.901151 0.285199 0.900474 0.284296 0.900474 0.281588 0.899797 0.280686 0.899797 0.278881 0.897766 0.276173 0.897089 0.276173 0.896412 0.275271 0.895735 0.275271 0.895058 0.274368 0.894381 0.274368 0.893703 0.273466
1 0.657414 0.305054 0.656060 0.306859 0.656060 0.308664 0.655383 0.309567 0.655383 0.314079 0.656060 0.314982 0.660799 0.314982 0.661476 0.314079 0.661476 0.313177 0.662153 0.312274 0.662153 0.308664 0.661476 0.307762 0.661476 0.305957 0.660799 0.305054
1 0.435342 0.353791 0.434665 0.354693 0.433311 0.354693 0.432634 0.355596 0.431957 0.355596 0.429926 0.358303 0.429926 0.361011 0.429248 0.361913 0.429248 0.365523 0.430603 0.367329 0.430603 0.368231 0.431280 0.369134 0.431280 0.370036 0.431957 0.370939 0.433311 0.370939 0.433988 0.371841 0.436019 0.371841 0.436696 0.370939 0.436696 0.370036 0.437373 0.369134 0.437373 0.368231 0.438050 0.367329 0.438050 0.366426 0.438727 0.365523 0.438727 0.363718 0.439404 0.362816 0.439404 0.359206 0.438727 0.358303 0.438727 0.355596 0.438050 0.354693 0.436696 0.354693 0.436019 0.353791
1 0.077183 0.318592 0.076506 0.319495 0.075829 0.319495 0.074475 0.321300 0.074475 0.322202 0.073798 0.323105 0.073798 0.324007 0.075152 0.325812 0.075829 0.325812 0.076506 0.326715 0.077183 0.326715 0.077861 0.327617 0.079892 0.327617 0.080569 0.328520 0.081246 0.328520 0.081923 0.327617 0.081923 0.324007 0.082600 0.323105 0.082600 0.320397 0.081923 0.319495 0.081246 0.319495 0.080569 0.318592
1 0.046039 0.292419 0.045362 0.293321 0.044685 0.293321 0.044008 0.294224 0.044008 0.295126 0.043331 0.296029 0.043331 0.299639 0.044685 0.301444 0.046039 0.301444 0.046716 0.302347 0.048070 0.302347 0.048747 0.301444 0.050102 0.301444 0.050779 0.300542 0.050779 0.296029 0.050102 0.295126 0.050102 0.294224 0.049425 0.294224 0.048747 0.293321 0.047393 0.293321 0.046716 0.292419
1 0.452268 0.302347 0.452268 0.303249 0.450914 0.305054 0.450914 0.305957 0.450237 0.306859 0.450237 0.311372 0.450914 0.311372 0.451591 0.312274 0.452945 0.312274 0.453622 0.313177 0.455653 0.313177 0.456330 0.314079 0.457007 0.313177 0.457007 0.309567 0.456330 0.308664 0.456330 0.306859 0.455653 0.305957 0.455653 0.305054 0.454976 0.304152 0.454299 0.304152 0.452945 0.302347
1 0.810427 0.279783 0.808395 0.282491 0.808395 0.285199 0.807718 0.286101 0.807718 0.290614 0.808395 0.291516 0.808395 0.293321 0.809072 0.293321 0.810427 0.295126 0.817874 0.295126 0.819228 0.293321 0.819228 0.292419 0.819905 0.291516 0.819905 0.286101 0.819228 0.285199 0.819228 0.284296 0.818551 0.283394 0.818551 0.282491 0.817874 0.281588 0.817197 0.281588 0.816520 0.280686 0.814489 0.280686 0.813812 0.279783