0 0.440758 0.348375 0.440081 0.349278 0.438727 0.349278 0.437373 0.351083 0.436696 0.351083 0.430603 0.359206 0.430603 0.360108 0.429926 0.361011 0.429926 0.361913 0.429248 0.362816 0.429248 0.364621 0.428571 0.365523 0.428571 0.367329 0.427894 0.368231 0.427894 0.370939 0.427217 0.371841 0.427217 0.377256 0.427894 0.378159 0.427894 0.379964 0.431280 0.384477 0.431280 0.385379 0.431957 0.386282 0.431957 0.388989 0.432634 0.389892 0.432634 0.399819 0.431957 0.400722 0.431957 0.407040 0.431280 0.407942 0.431280 0.408845 0.430603 0.409747 0.430603 0.411552 0.429248 0.413357 0.429248 0.414260 0.425863 0.418773 0.424509 0.418773 0.423155 0.420578 0.422478 0.420578 0.421801 0.421480 0.421124 0.421480 0.420447 0.422383 0.419770 0.422383 0.419093 0.423285 0.418416 0.423285 0.415708 0.426895 0.415030 0.426895 0.414353 0.427798 0.413676 0.427798 0.412322 0.429603 0.412322 0.430505 0.411645 0.431408 0.411645 0.434116 0.410968 0.435018 0.411645 0.435921 0.411645 0.444043 0.412322 0.444946 0.412322 0.446751 0.412999 0.447653 0.412999 0.448556 0.413676 0.449458 0.413676 0.452166 0.414353 0.453069 0.414353 0.453971 0.415030 0.454874 0.415030 0.455776 0.415708 0.456679 0.415708 0.458484 0.416385 0.459386 0.416385 0.462094 0.417062 0.462996 0.417062 0.463899 0.417739 0.464801 0.417739 0.465704 0.419770 0.468412 0.419770 0.469314 0.420447 0.470217 0.420447 0.472924 0.421124 0.473827 0.421124 0.482852 0.421801 0.483755 0.421801 0.487365 0.422478 0.488267 0.422478 0.493682 0.421801 0.494585 0.421801 0.497292 0.421124 0.498195 0.421124 0.502708 0.420447 0.503610 0.420447 0.507220 0.419770 0.508123 0.419770 0.509928 0.419093 0.510830 0.419093 0.511733 0.418416 0.512635 0.418416 0.514440 0.417739 0.515343 0.417739 0.522563 0.418416 0.523466 0.418416 0.534296 0.417739 0.535199 0.417739 0.539711 0.417062 0.540614 0.417062 0.542419 0.416385 0.543321 0.416385 0.557762 0.417062 0.558664 0.417062 0.561372 0.417739 0.562274 0.417739 0.564079 0.419093 0.565884 0.419093 0.566787 0.419770 0.567690 0.419770 0.570397 0.420447 0.571300 0.420447 0.573105 0.421124 0.574007 0.421124 0.575812 0.421801 0.576715 0.421801 0.578520 0.422478 0.579422 0.422478 0.582130 0.423155 0.583032 0.423155 0.587545 0.423832 0.588448 0.423832 0.594765 0.424509 0.595668 0.424509 0.597473 0.425186 0.598375 0.425186 0.609206 0.424509 0.610108 0.424509 0.619134 0.423832 0.620036 0.423832 0.624549 0.423155 0.625451 0.423155 0.648014 0.423832 0.648917 0.423832 0.655235 0.424509 0.656137 0.424509 0.660650 0.425186 0.661552 0.425186 0.665162 0.425863 0.666065 0.425863 0.667870 0.426540 0.668773 0.426540 0.671480 0.427217 0.672383 0.427217 0.676895 0.427894 0.677798 0.427894 0.680505 0.427217 0.681408 0.427217 0.696751 0.427894 0.697653 0.427894 0.698556 0.429248 0.700361 0.429926 0.700361 0.431280 0.702166 0.431957 0.702166 0.432634 0.703069 0.435342 0.703069 0.436019 0.702166 0.437373 0.702166 0.438050 0.701264 0.439404 0.701264 0.441435 0.698556 0.442112 0.698556 0.442789 0.697653 0.443466 0.697653 0.443466 0.696751 0.444144 0.695848 0.444144 0.694946 0.443466 0.694043 0.443466 0.692238 0.442789 0.691336 0.442789 0.689531 0.442112 0.688628 0.442112 0.687726 0.441435 0.686823 0.441435 0.670578 0.442112 0.669675 0.442112 0.628159 0.442789 0.627256 0.442789 0.620939 0.443466 0.620036 0.443466 0.613718 0.444144 0.612816 0.444144 0.605596 0.444821 0.604693 0.444821 0.589350 0.445498 0.588448 0.445498 0.587545 0.446175 0.586643 0.446852 0.587545 0.446852 0.590253 0.447529 0.591155 0.447529 0.594765 0.448206 0.595668 0.448206 0.598375 0.448883 0.599278 0.448883 0.600181 0.449560 0.601083 0.449560 0.603791 0.450237 0.604693 0.450237 0.614621 0.450914 0.615523 0.450914 0.619134 0.451591 0.620036 0.451591 0.624549 0.452268 0.625451 0.452268 0.628159 0.452945 0.629061 0.452945 0.630866 0.453622 0.631769 0.453622 0.634477 0.454299 0.635379 0.454299 0.642599 0.454976 0.643502 0.454976 0.657040 0.455653 0.657942 0.455653 0.662455 0.456330 0.663357 0.456330 0.666968 0.457007 0.667870 0.457007 0.672383 0.457684 0.673285 0.457684 0.680505 0.458362 0.681408 0.457684 0.682310 0.457684 0.693141 0.457007 0.694043 0.457007 0.701264 0.457684 0.702166 0.457684 0.703971 0.458362 0.704874 0.458362 0.705776 0.459716 0.707581 0.460393 0.706679 0.462424 0.706679 0.463101 0.705776 0.464455 0.705776 0.465132 0.704874 0.466486 0.704874 0.467163 0.703971 0.467840 0.703971 0.468517 0.703069 0.469194 0.703069 0.469871 0.702166 0.470548 0.702166 0.470548 0.701264 0.471903 0.699458 0.471903 0.667870 0.472580 0.666968 0.472580 0.652527 0.473257 0.651625 0.473257 0.638989 0.472580 0.638087 0.472580 0.629964 0.471903 0.629061 0.471903 0.623646 0.471225 0.622744 0.471225 0.617329 0.470548 0.616426 0.470548 0.593863 0.471225 0.592960 0.471225 0.582130 0.471903 0.581227 0.471903 0.572202 0.472580 0.571300 0.472580 0.567690 0.473257 0.566787 0.473257 0.563177 0.473934 0.562274 0.473934 0.552347 0.474611 0.551444 0.474611 0.527978 0.475288 0.527076 0.475288 0.478339 0.475965 0.477437 0.475965 0.470217 0.475288 0.469314 0.475288 0.458484 0.475965 0.457581 0.475965 0.455776 0.476642 0.454874 0.476642 0.453971 0.477319 0.453069 0.477319 0.452166 0.477996 0.451264 0.477996 0.450361 0.478673 0.449458 0.478673 0.448556 0.484089 0.441336 0.484766 0.441336 0.489506 0.435018 0.489506 0.434116 0.490183 0.433213 0.490183 0.432310 0.490860 0.431408 0.490183 0.430505 0.490183 0.427798 0.489506 0.426895 0.489506 0.423285 0.488829 0.422383 0.488829 0.421480 0.488152 0.420578 0.488152 0.418773 0.487475 0.417870 0.487475 0.410650 0.486798 0.409747 0.486798 0.408845 0.486121 0.407942 0.486121 0.406137 0.485443 0.405235 0.485443 0.403430 0.484766 0.402527 0.484766 0.400722 0.484089 0.399819 0.483412 0.399819 0.482735 0.398917 0.482735 0.398014 0.481381 0.396209 0.481381 0.395307 0.480704 0.394404 0.480704 0.393502 0.480027 0.392599 0.480027 0.391697 0.479350 0.390794 0.479350 0.389892 0.478673 0.388989 0.478673 0.388087 0.477996 0.387184 0.477996 0.385379 0.477319 0.384477 0.477319 0.383574 0.476642 0.382671 0.476642 0.378159 0.475965 0.377256 0.475965 0.371841 0.475288 0.370939 0.475288 0.363718 0.474611 0.362816 0.474611 0.361011 0.473934 0.360108 0.473934 0.359206 0.472580 0.357401 0.471903 0.357401 0.470548 0.355596 0.470548 0.353791 0.469871 0.352888 0.469871 0.351986 0.469194 0.351986 0.468517 0.351083 0.467840 0.351083 0.467163 0.350181 0.466486 0.350181 0.466486 0.353791 0.465809 0.354693 0.465809 0.356498 0.465132 0.357401 0.465132 0.358303 0.464455 0.359206 0.464455 0.360108 0.463778 0.361011 0.463778 0.361913 0.463101 0.362816 0.461070 0.362816 0.460393 0.361913 0.459716 0.361913 0.459039 0.361011 0.459039 0.360108 0.457684 0.358303 0.457684 0.357401 0.453622 0.351986 0.452945 0.351986 0.452268 0.351083 0.451591 0.351083 0.450914 0.350181 0.450237 0.350181 0.449560 0.349278 0.448206 0.349278 0.447529 0.348375
0 0.467163 0.395307 0.465809 0.397112 0.465809 0.398917 0.465132 0.399819 0.465132 0.400722 0.464455 0.401625 0.464455 0.407040 0.465132 0.407942 0.465132 0.409747 0.466486 0.411552 0.467840 0.411552 0.468517 0.412455 0.471225 0.412455 0.471903 0.411552 0.473934 0.411552 0.474611 0.410650 0.474611 0.407040 0.473934 0.406137 0.473934 0.404332 0.472580 0.402527 0.472580 0.400722 0.471225 0.398917 0.471225 0.397112 0.470548 0.396209 0.470548 0.395307
0 0.490183 0.338448 0.489506 0.339350 0.488152 0.339350 0.487475 0.340253 0.486798 0.340253 0.485443 0.342058 0.485443 0.342960 0.484766 0.343863 0.484766 0.345668 0.484089 0.346570 0.484089 0.347473 0.483412 0.348375 0.483412 0.356498 0.482735 0.357401 0.482735 0.358303 0.482058 0.359206 0.482735 0.360108 0.482735 0.369134 0.483412 0.370036 0.483412 0.372744 0.484089 0.373646 0.484089 0.374549 0.484766 0.375451 0.484766 0.379964 0.482735 0.382671 0.482058 0.382671 0.480027 0.385379 0.480027 0.390794 0.480704 0.391697 0.480704 0.393502 0.481381 0.394404 0.482058 0.394404 0.482735 0.395307 0.482735 0.396209 0.484089 0.398014 0.484766 0.398014 0.486121 0.399819 0.486121 0.400722 0.486798 0.401625 0.486798 0.405235 0.487475 0.406137 0.487475 0.409747 0.488152 0.410650 0.488152 0.412455 0.488829 0.413357 0.488829 0.418773 0.489506 0.419675 0.489506 0.421480 0.490183 0.422383 0.490183 0.424188 0.490860 0.425090 0.490860 0.427798 0.491537 0.428700 0.491537 0.430505 0.492214 0.431408 0.490860 0.433213 0.490860 0.434116 0.488829 0.436823 0.488829 0.437726 0.483412 0.444946 0.483412 0.445848 0.481381 0.448556 0.481381 0.449458 0.480027 0.451264 0.480027 0.452166 0.478673 0.453971 0.478673 0.454874 0.477996 0.455776 0.477996 0.456679 0.477319 0.457581 0.477319 0.461191 0.476642 0.462094 0.476642 0.477437 0.475965 0.478339 0.475965 0.482852 0.476642 0.483755 0.476642 0.502708 0.477319 0.503610 0.477319 0.509928 0.476642 0.510830 0.476642 0.511733 0.477319 0.512635 0.477319 0.519856 0.476642 0.520758 0.476642 0.527076 0.475965 0.527978 0.475965 0.558664 0.475288 0.559567 0.475288 0.566787 0.474611 0.567690 0.474611 0.574007 0.475288 0.574910 0.475288 0.577617 0.474611 0.578520 0.474611 0.581227 0.473257 0.583032 0.473257 0.585740 0.472580 0.586643 0.472580 0.596570 0.471903 0.597473 0.471903 0.598375 0.472580 0.599278 0.472580 0.601986 0.473257 0.602888 0.477996 0.602888 0.478673 0.601986 0.480704 0.601986 0.482735 0.599278 0.483412 0.599278 0.485443 0.596570 0.485443 0.595668 0.486798 0.593863 0.486798 0.592960 0.487475 0.592058 0.487475 0.580325 0.486798 0.579422 0.486798 0.577617 0.486121 0.576715 0.486121 0.575812 0.485443 0.574910 0.485443 0.572202 0.484766 0.571300 0.484766 0.530686 0.485443 0.529783 0.485443 0.522563 0.486121 0.521661 0.486121 0.515343 0.486798 0.514440 0.486798 0.512635 0.487475 0.511733 0.487475 0.508123 0.488152 0.507220 0.488152 0.506318 0.490860 0.502708 0.493568 0.506318 0.493568 0.507220 0.494245 0.508123 0.494245 0.509025 0.494922 0.509928 0.494922 0.510830 0.495599 0.511733 0.495599 0.512635 0.496276 0.513538 0.496276 0.515343 0.496953 0.516245 0.496953 0.518953 0.497630 0.519856 0.497630 0.520758 0.498307 0.521661 0.498307 0.522563 0.498984 0.523466 0.498984 0.524368 0.499661 0.525271 0.499661 0.527076 0.500339 0.527978 0.500339 0.529783 0.501016 0.530686 0.501016 0.532491 0.501693 0.533394 0.501693 0.535199 0.502370 0.536101 0.502370 0.537004 0.503047 0.537906 0.503047 0.539711 0.503724 0.540614 0.503724 0.547834 0.504401 0.548736 0.504401 0.557762 0.505078 0.558664 0.505078 0.563177 0.505755 0.564079 0.505755 0.573105 0.506432 0.574007 0.506432 0.577617 0.505755 0.578520 0.505755 0.583032 0.505078 0.583935 0.505078 0.588448 0.505755 0.589350 0.505755 0.592960 0.506432 0.593863 0.506432 0.599278 0.507109 0.600181 0.507109 0.601083 0.508463 0.602888 0.509140 0.602888 0.509817 0.603791 0.510494 0.603791 0.511848 0.605596 0.513879 0.605596 0.514557 0.606498 0.517265 0.606498 0.517942 0.607401 0.519296 0.607401 0.519973 0.606498 0.522681 0.606498 0.523358 0.605596 0.524035 0.605596 0.524712 0.604693 0.524712 0.603791 0.525389 0.602888 0.525389 0.598375 0.524712 0.597473 0.524712 0.596570 0.524035 0.595668 0.524035 0.594765 0.522681 0.592960 0.522681 0.592058 0.520650 0.589350 0.520650 0.588448 0.518619 0.585740 0.518619 0.584838 0.517942 0.583935 0.517942 0.583032 0.517265 0.582130 0.517265 0.572202 0.517942 0.571300 0.517942 0.567690 0.518619 0.566787 0.518619 0.552347 0.517942 0.551444 0.517942 0.547834 0.517265 0.546931 0.517265 0.544224 0.516588 0.543321 0.516588 0.540614 0.515911 0.539711 0.515911 0.534296 0.515234 0.533394 0.515234 0.528881 0.514557 0.527978 0.514557 0.526173 0.513879 0.525271 0.513879 0.512635 0.513202 0.511733 0.513202 0.503610 0.512525 0.502708 0.512525 0.497292 0.511848 0.496390 0.511848 0.493682 0.511171 0.492780 0.511171 0.490072 0.510494 0.489170 0.510494 0.483755 0.509817 0.482852 0.509817 0.475632 0.510494 0.474729 0.510494 0.472924 0.511171 0.472022 0.511171 0.470217 0.511848 0.469314 0.511848 0.465704 0.512525 0.464801 0.512525 0.461191 0.511848 0.460289 0.511848 0.444946 0.511171 0.444043 0.511171 0.435921 0.510494 0.435018 0.510494 0.433213 0.509817 0.432310 0.509817 0.431408 0.511171 0.429603 0.511171 0.428700 0.511848 0.427798 0.511848 0.426895 0.512525 0.425993 0.512525 0.421480 0.513202 0.420578 0.514557 0.420578 0.515911 0.418773 0.515911 0.417870 0.516588 0.416968 0.517265 0.416968 0.517942 0.416065 0.518619 0.416065 0.520650 0.413357 0.520650 0.407040 0.519973 0.406137 0.519973 0.405235 0.519296 0.404332 0.519296 0.403430 0.518619 0.402527 0.518619 0.401625 0.517942 0.400722 0.517942 0.399819 0.517265 0.398917 0.517265 0.397112 0.516588 0.396209 0.516588 0.394404 0.515911 0.393502 0.515911 0.392599 0.515234 0.391697 0.514557 0.391697 0.512525 0.388989 0.511848 0.388989 0.511171 0.388087 0.509817 0.388087 0.509140 0.387184 0.508463 0.387184 0.507786 0.386282 0.506432 0.386282 0.505755 0.385379 0.504401 0.385379 0.503724 0.384477 0.503047 0.384477 0.501693 0.382671 0.501693 0.381769 0.500339 0.379964 0.501016 0.379061 0.501016 0.378159 0.501693 0.377256 0.501693 0.376354 0.502370 0.375451 0.502370 0.374549 0.503724 0.372744 0.503724 0.370939 0.504401 0.370036 0.504401 0.366426 0.505078 0.365523 0.505078 0.360108 0.505755 0.359206 0.505755 0.355596 0.505078 0.354693 0.505078 0.350181 0.504401 0.349278 0.504401 0.348375 0.503724 0.347473 0.503724 0.346570 0.503047 0.345668 0.503047 0.344765 0.501693 0.342960 0.501693 0.342058 0.501016 0.341155 0.500339 0.341155 0.498984 0.339350 0.498307 0.339350 0.497630 0.338448
0 0.324306 0.347473 0.322952 0.349278 0.322275 0.349278 0.321598 0.350181 0.320921 0.350181 0.320244 0.351083 0.319567 0.351083 0.318890 0.351986 0.318213 0.351986 0.316858 0.353791 0.316858 0.354693 0.316181 0.355596 0.316181 0.356498 0.314827 0.358303 0.314827 0.359206 0.314150 0.360108 0.314150 0.361913 0.313473 0.362816 0.313473 0.364621 0.312796 0.365523 0.312796 0.369134 0.312119 0.370036 0.312119 0.372744 0.311442 0.373646 0.311442 0.376354 0.310765 0.377256 0.310765 0.387184 0.310088 0.388087 0.310088 0.388989 0.308734 0.390794 0.308734 0.391697 0.308057 0.392599 0.307380 0.392599 0.306703 0.393502 0.306703 0.398014 0.307380 0.398917 0.307380 0.399819 0.308057 0.400722 0.307380 0.401625 0.307380 0.402527 0.306703 0.403430 0.306703 0.407942 0.306026 0.408845 0.306026 0.414260 0.306703 0.415162 0.306703 0.416968 0.307380 0.417870 0.306703 0.418773 0.306703 0.421480 0.305349 0.423285 0.305349 0.424188 0.304672 0.425090 0.304672 0.425993 0.302640 0.428700 0.302640 0.430505 0.301963 0.431408 0.301963 0.447653 0.302640 0.448556 0.302640 0.454874 0.303318 0.455776 0.303318 0.471119 0.303995 0.472022 0.303995 0.474729 0.304672 0.475632 0.304672 0.481047 0.305349 0.481949 0.305349 0.492780 0.306026 0.493682 0.306026 0.503610 0.306703 0.504513 0.306703 0.507220 0.307380 0.508123 0.307380 0.515343 0.308057 0.516245 0.308057 0.520758 0.308734 0.521661 0.308734 0.529783 0.309411 0.530686 0.309411 0.542419 0.308734 0.543321 0.308734 0.544224 0.309411 0.545126 0.309411 0.546029 0.308734 0.546931 0.308734 0.562274 0.309411 0.563177 0.309411 0.564982 0.310088 0.565884 0.310088 0.566787 0.310765 0.567690 0.310765 0.569495 0.311442 0.570397 0.311442 0.574007 0.310765 0.574910 0.310765 0.578520 0.310088 0.579422 0.310088 0.584838 0.309411 0.585740 0.309411 0.587545 0.308734 0.588448 0.308734 0.590253 0.308057 0.591155 0.308057 0.592058 0.307380 0.592960 0.307380 0.593863 0.306703 0.594765 0.306703 0.600181 0.306026 0.601083 0.306026 0.611011 0.306703 0.611913 0.306703 0.626354 0.306026 0.627256 0.306026 0.648917 0.305349 0.649819 0.305349 0.650722 0.306026 0.651625 0.306026 0.677798 0.306703 0.678700 0.306703 0.685018 0.306026 0.685921 0.306026 0.691336 0.305349 0.692238 0.305349 0.698556 0.304672 0.699458 0.304672 0.703069 0.303995 0.703971 0.303995 0.705776 0.303318 0.706679 0.303318 0.713899 0.305349 0.716606 0.306026 0.716606 0.306703 0.717509 0.308734 0.717509 0.309411 0.716606 0.312119 0.716606 0.312796 0.715704 0.313473 0.715704 0.314827 0.713899 0.314827 0.712996 0.316181 0.711191 0.316181 0.710289 0.317536 0.708484 0.317536 0.705776 0.318213 0.704874 0.318213 0.702166 0.318890 0.701264 0.318890 0.692238 0.318213 0.691336 0.318213 0.679603 0.318890 0.678700 0.318890 0.666968 0.319567 0.666065 0.319567 0.664260 0.320244 0.663357 0.320244 0.661552 0.320921 0.660650 0.320921 0.654332 0.321598 0.653430 0.321598 0.651625 0.322275 0.650722 0.322275 0.649819 0.324306 0.647112 0.324306 0.644404 0.324983 0.643502 0.324983 0.640794 0.325660 0.639892 0.325660 0.636282 0.326337 0.635379 0.326337 0.634477 0.327691 0.632671 0.327691 0.622744 0.329722 0.620036 0.329722 0.618231 0.330399 0.617329 0.330399 0.615523 0.331077 0.614621 0.331077 0.612816 0.331754 0.611913 0.331754 0.607401 0.332431 0.606498 0.332431 0.601986 0.333108 0.601083 0.333108 0.598375 0.333785 0.597473 0.333785 0.592960 0.334462 0.592058 0.334462 0.589350 0.337170 0.585740 0.337847 0.585740 0.339201 0.587545 0.339201 0.590253 0.339878 0.591155 0.339878 0.593863 0.340555 0.594765 0.340555 0.598375 0.341232 0.599278 0.341232 0.600181 0.341909 0.601083 0.341909 0.601986 0.342586 0.602888 0.342586 0.605596 0.343263 0.606498 0.343263 0.616426 0.343940 0.617329 0.343940 0.622744 0.344617 0.623646 0.344617 0.646209 0.345295 0.647112 0.345295 0.654332 0.345972 0.655235 0.345972 0.657040 0.346649 0.657942 0.346649 0.658845 0.347326 0.659747 0.347326 0.663357 0.348003 0.664260 0.348003 0.666968 0.348680 0.667870 0.348680 0.670578 0.349357 0.671480 0.349357 0.675090 0.350034 0.675993 0.350034 0.683213 0.350711 0.684116 0.350711 0.690433 0.351388 0.691336 0.351388 0.703069 0.350711 0.703971 0.350711 0.706679 0.350034 0.707581 0.350034 0.708484 0.349357 0.709386 0.349357 0.710289 0.348680 0.711191 0.348680 0.712094 0.348003 0.712996 0.348003 0.713899 0.348680 0.714801 0.348680 0.717509 0.349357 0.716606 0.352065 0.716606 0.352742 0.715704 0.353419 0.715704 0.354096 0.714801 0.355450 0.714801 0.356127 0.713899 0.358158 0.713899 0.358835 0.712996 0.364252 0.712996 0.364929 0.712094 0.368991 0.712094 0.369668 0.711191 0.372376 0.711191 0.373053 0.710289 0.375085 0.710289 0.375762 0.709386 0.373731 0.706679 0.373731 0.705776 0.373053 0.705776 0.370345 0.702166 0.369668 0.702166 0.367637 0.699458 0.366960 0.699458 0.365606 0.697653 0.365606 0.696751 0.364929 0.695848 0.364929 0.693141 0.364252 0.692238 0.364252 0.676895 0.363575 0.675993 0.363575 0.630866 0.362898 0.629964 0.362898 0.618231 0.362221 0.617329 0.362221 0.609206 0.362898 0.608303 0.362898 0.607401 0.363575 0.606498 0.363575 0.600181 0.364252 0.599278 0.364252 0.590253 0.364929 0.589350 0.364929 0.586643 0.365606 0.585740 0.365606 0.580325 0.366283 0.579422 0.366283 0.574910 0.366960 0.574007 0.366960 0.571300 0.367637 0.570397 0.367637 0.567690 0.368314 0.566787 0.368314 0.565884 0.368991 0.564982 0.368991 0.564079 0.369668 0.563177 0.369668 0.561372 0.370345 0.560469 0.370345 0.555957 0.371022 0.555054 0.371022 0.552347 0.371699 0.551444 0.371699 0.550542 0.372376 0.549639 0.372376 0.546931 0.373053 0.546029 0.373053 0.542419 0.372376 0.541516 0.372376 0.536101 0.371699 0.535199 0.371699 0.530686 0.371022 0.529783 0.371022 0.514440 0.370345 0.513538 0.370345 0.505415 0.369668 0.504513 0.369668 0.503610 0.368991 0.502708 0.368991 0.501805 0.368314 0.500903 0.368314 0.498195 0.367637 0.497292 0.367637 0.495487 0.366960 0.494585 0.366960 0.491877 0.367637 0.490975 0.367637 0.489170 0.368314 0.488267 0.368314 0.484657 0.367637 0.483755 0.367637 0.475632 0.366960 0.474729 0.366960 0.467509 0.366283 0.466606 0.366960 0.465704 0.366960 0.461191 0.367637 0.460289 0.367637 0.459386 0.368991 0.457581 0.369668 0.457581 0.371699 0.454874 0.372376 0.454874 0.373053 0.453971 0.374408 0.453971 0.375085 0.453069 0.375762 0.453069 0.376439 0.452166 0.377116 0.452166 0.378470 0.450361 0.379824 0.450361 0.381855 0.447653 0.382532 0.447653 0.383209 0.446751 0.384563 0.446751 0.385917 0.444946 0.386594 0.444946 0.387949 0.443141 0.388626 0.443141 0.391334 0.439531 0.392011 0.439531 0.392688 0.438628 0.393365 0.438628 0.398104 0.432310 0.398104 0.421480 0.397427 0.420578 0.397427 0.418773 0.396750 0.417870 0.396750 0.416968 0.396073 0.416065 0.396073 0.415162 0.395396 0.414260 0.395396 0.412455 0.394719 0.411552 0.394719 0.410650 0.394042 0.409747 0.394042 0.408845 0.393365 0.407942 0.393365 0.407040 0.392011 0.405235 0.392011 0.404332 0.391334 0.403430 0.391334 0.402527 0.389303 0.399819 0.389303 0.398917 0.388626 0.398014 0.388626 0.397112 0.387949 0.396209 0.387949 0.395307 0.387271 0.394404 0.387271 0.393502 0.384563 0.389892 0.384563 0.388989 0.383209 0.387184 0.383209 0.386282 0.381855 0.384477 0.381855 0.379964 0.381178 0.379061 0.381178 0.369134 0.380501 0.368231 0.380501 0.366426 0.379824 0.365523 0.379147 0.365523 0.378470 0.364621 0.377793 0.364621 0.377116 0.363718 0.376439 0.363718 0.375762 0.362816 0.374408 0.362816 0.373731 0.361913 0.371699 0.361913 0.371022 0.362816 0.368991 0.362816 0.366960 0.365523 0.366960 0.372744 0.366283 0.373646 0.366283 0.381769 0.366960 0.382671 0.366960 0.383574 0.368991 0.386282 0.369668 0.386282 0.372376 0.389892 0.372376 0.392599 0.373053 0.393502 0.373053 0.397112 0.373731 0.398014 0.373731 0.398917 0.374408 0.399819 0.374408 0.400722 0.375085 0.400722 0.377116 0.403430 0.377116 0.404332 0.377793 0.405235 0.377793 0.407040 0.378470 0.407942 0.378470 0.410650 0.379147 0.411552 0.379147 0.413357 0.379824 0.414260 0.379824 0.417870 0.378470 0.419675 0.377793 0.419675 0.377116 0.420578 0.363575 0.420578 0.362898 0.419675 0.358835 0.419675 0.358158 0.418773 0.356804 0.418773 0.356127 0.417870 0.354096 0.417870 0.353419 0.416968 0.350711 0.416968 0.350034 0.416065 0.347326 0.416065 0.346649 0.415162 0.345295 0.415162 0.344617 0.414260 0.344617 0.413357 0.345295 0.412455 0.345295 0.410650 0.346649 0.408845 0.346649 0.407942 0.347326 0.407040 0.348003 0.407040 0.351388 0.402527 0.352065 0.402527 0.352742 0.401625 0.353419 0.401625 0.354773 0.399819 0.355450 0.399819 0.357481 0.397112 0.357481 0.396209 0.358835 0.394404 0.358835 0.392599 0.359513 0.391697 0.359513 0.390794 0.358835 0.389892 0.358835 0.388989 0.356804 0.386282 0.356804 0.385379 0.355450 0.383574 0.355450 0.382671 0.354773 0.381769 0.354773 0.380866 0.354096 0.379964 0.354096 0.379061 0.351388 0.375451 0.351388 0.374549 0.350711 0.373646 0.350711 0.372744 0.349357 0.370939 0.349357 0.370036 0.348003 0.368231 0.348003 0.367329 0.347326 0.366426 0.347326 0.365523 0.346649 0.364621 0.346649 0.363718 0.345972 0.362816 0.345972 0.361913 0.345295 0.361011 0.345295 0.360108 0.341232 0.354693 0.340555 0.354693 0.339878 0.353791 0.339201 0.353791 0.337847 0.351986 0.337170 0.351986 0.335816 0.350181 0.335139 0.350181 0.334462 0.349278 0.333108 0.349278 0.332431 0.348375 0.328368 0.348375 0.327691 0.347473
0 0.417739 0.564982 0.417062 0.565884 0.417062 0.568592 0.416385 0.569495 0.416385 0.576715 0.415708 0.577617 0.415708 0.598375 0.416385 0.599278 0.416385 0.601986 0.417062 0.602888 0.417062 0.603791 0.417739 0.604693 0.419770 0.604693 0.420447 0.603791 0.421801 0.603791 0.422478 0.602888 0.422478 0.594765 0.421801 0.593863 0.421801 0.585740 0.421124 0.584838 0.421124 0.580325 0.420447 0.579422 0.420447 0.576715 0.419770 0.575812 0.419770 0.574007 0.419093 0.573105 0.419093 0.569495 0.418416 0.568592 0.418416 0.565884
0 0.407583 0.344765 0.406906 0.345668 0.404875 0.345668 0.404198 0.346570 0.403521 0.346570 0.401490 0.349278 0.401490 0.350181 0.400135 0.351986 0.400135 0.353791 0.399458 0.354693 0.399458 0.355596 0.398781 0.356498 0.398781 0.362816 0.398104 0.363718 0.398104 0.367329 0.398781 0.368231 0.398781 0.371841 0.399458 0.372744 0.399458 0.374549 0.400135 0.375451 0.400135 0.377256 0.400812 0.378159 0.400812 0.382671 0.399458 0.384477 0.399458 0.385379 0.398781 0.386282 0.398781 0.387184 0.397427 0.388989 0.396750 0.388989 0.394719 0.391697 0.394042 0.391697 0.393365 0.392599 0.392011 0.392599 0.391334 0.393502 0.390657 0.393502 0.390657 0.398014 0.392011 0.399819 0.392011 0.400722 0.393365 0.402527 0.393365 0.403430 0.394719 0.405235 0.394719 0.406137 0.396073 0.407942 0.396073 0.408845 0.396750 0.409747 0.396750 0.410650 0.397427 0.411552 0.397427 0.412455 0.398104 0.412455 0.399458 0.414260 0.399458 0.417870 0.400135 0.418773 0.400135 0.423285 0.400812 0.424188 0.400812 0.431408 0.400135 0.432310 0.400135 0.433213 0.399458 0.434116 0.399458 0.435018 0.398781 0.435921 0.398781 0.436823 0.397427 0.438628 0.396750 0.438628 0.395396 0.440433 0.394719 0.440433 0.394042 0.441336 0.393365 0.441336 0.392688 0.442238 0.392688 0.443141 0.389980 0.446751 0.389980 0.447653 0.388626 0.449458 0.388626 0.451264 0.387949 0.452166 0.387949 0.454874 0.387271 0.455776 0.387271 0.456679 0.386594 0.457581 0.386594 0.459386 0.385917 0.460289 0.385917 0.466606 0.386594 0.467509 0.386594 0.485560 0.387271 0.486462 0.387271 0.487365 0.387949 0.488267 0.387949 0.490072 0.388626 0.490975 0.388626 0.511733 0.389303 0.512635 0.389303 0.521661 0.389980 0.522563 0.389980 0.575812 0.389303 0.576715 0.389303 0.580325 0.388626 0.581227 0.388626 0.583935 0.387949 0.584838 0.387949 0.586643 0.388626 0.587545 0.388626 0.595668 0.387949 0.596570 0.387949 0.598375 0.387271 0.599278 0.387271 0.605596 0.388626 0.607401 0.389303 0.607401 0.389980 0.608303 0.392011 0.608303 0.392688 0.609206 0.396073 0.609206 0.396750 0.608303 0.398104 0.608303 0.400812 0.604693 0.400812 0.600181 0.401490 0.599278 0.401490 0.594765 0.402844 0.592960 0.402844 0.592058 0.404198 0.590253 0.404198 0.585740 0.404875 0.584838 0.404875 0.580325 0.404198 0.579422 0.404198 0.550542 0.404875 0.549639 0.404875 0.546931 0.405552 0.546029 0.405552 0.544224 0.406229 0.543321 0.406229 0.541516 0.406906 0.540614 0.406906 0.537004 0.407583 0.536101 0.407583 0.535199 0.410291 0.531588 0.410291 0.530686 0.410968 0.529783 0.411645 0.530686 0.411645 0.532491 0.412322 0.533394 0.412322 0.536101 0.412999 0.537004 0.412999 0.538809 0.413676 0.539711 0.413676 0.544224 0.414353 0.545126 0.414353 0.547834 0.415030 0.546931 0.415030 0.545126 0.415708 0.544224 0.415708 0.541516 0.416385 0.540614 0.416385 0.539711 0.417062 0.538809 0.417062 0.537004 0.417739 0.536101 0.417062 0.535199 0.417062 0.529783 0.417739 0.528881 0.417062 0.527978 0.417062 0.527076 0.416385 0.526173 0.416385 0.515343 0.417062 0.514440 0.417062 0.511733 0.417739 0.510830 0.417739 0.509928 0.418416 0.509025 0.418416 0.505415 0.419093 0.504513 0.419093 0.499097 0.419770 0.498195 0.419770 0.490072 0.419093 0.489170 0.419093 0.483755 0.418416 0.482852 0.418416 0.479242 0.417739 0.478339 0.417739 0.477437 0.417062 0.476534 0.417062 0.473827 0.416385 0.472924 0.416385 0.470217 0.415030 0.468412 0.415030 0.466606 0.414353 0.465704 0.414353 0.462996 0.413676 0.462094 0.413676 0.458484 0.412999 0.457581 0.412999 0.455776 0.412322 0.454874 0.412322 0.453069 0.411645 0.452166 0.411645 0.451264 0.410968 0.450361 0.410968 0.448556 0.410291 0.447653 0.410291 0.446751 0.409614 0.445848 0.409614 0.439531 0.408937 0.438628 0.408937 0.434116 0.409614 0.433213 0.409614 0.432310 0.410291 0.431408 0.410291 0.430505 0.410968 0.429603 0.410968 0.428700 0.412999 0.425993 0.414353 0.425993 0.415030 0.425090 0.415708 0.425090 0.415708 0.424188 0.417062 0.422383 0.417739 0.422383 0.419770 0.419675 0.420447 0.419675 0.421124 0.418773 0.421801 0.418773 0.422478 0.417870 0.423155 0.417870 0.424509 0.416065 0.425186 0.416065 0.429248 0.410650 0.429248 0.409747 0.429926 0.408845 0.429926 0.397112 0.429248 0.396209 0.429248 0.394404 0.427894 0.392599 0.427217 0.392599 0.425186 0.389892 0.424509 0.389892 0.422478 0.387184 0.422478 0.381769 0.423155 0.380866 0.423155 0.372744 0.423832 0.371841 0.423832 0.361011 0.423155 0.360108 0.423155 0.358303 0.422478 0.357401 0.422478 0.356498 0.421801 0.355596 0.421801 0.354693 0.421124 0.353791 0.421124 0.352888 0.419770 0.351083 0.419770 0.350181 0.417739 0.347473 0.417062 0.347473 0.416385 0.346570 0.415708 0.346570 0.415030 0.345668 0.412999 0.345668 0.412322 0.344765
0 0.558565 0.345668 0.557888 0.346570 0.556534 0.346570 0.555856 0.347473 0.555179 0.347473 0.554502 0.348375 0.553825 0.348375 0.553148 0.349278 0.552471 0.349278 0.551794 0.350181 0.551117 0.350181 0.549763 0.351986 0.549086 0.351986 0.549086 0.352888 0.546378 0.356498 0.546378 0.357401 0.545024 0.359206 0.545024 0.361011 0.542993 0.363718 0.542993 0.364621 0.540961 0.367329 0.540961 0.368231 0.538253 0.371841 0.538253 0.372744 0.536222 0.375451 0.535545 0.375451 0.533514 0.378159 0.533514 0.379061 0.532837 0.379964 0.532160 0.379964 0.532160 0.383574 0.533514 0.385379 0.533514 0.386282 0.534191 0.387184 0.534191 0.392599 0.534868 0.393502 0.534868 0.401625 0.534191 0.402527 0.534191 0.404332 0.532837 0.406137 0.532160 0.406137 0.531483 0.407040 0.530806 0.407040 0.530129 0.407942 0.529452 0.407942 0.528097 0.409747 0.527420 0.409747 0.525389 0.412455 0.524712 0.412455 0.524035 0.413357 0.523358 0.413357 0.521327 0.416065 0.519973 0.416065 0.519296 0.416968 0.517942 0.416968 0.517265 0.417870 0.516588 0.417870 0.515911 0.418773 0.515911 0.419675 0.515234 0.420578 0.514557 0.420578 0.513879 0.421480 0.513879 0.425993 0.514557 0.426895 0.514557 0.431408 0.518619 0.436823 0.518619 0.437726 0.519296 0.438628 0.519973 0.438628 0.523358 0.443141 0.524035 0.443141 0.525389 0.444946 0.525389 0.445848 0.526066 0.445848 0.527420 0.447653 0.527420 0.448556 0.528097 0.449458 0.528097 0.450361 0.528775 0.451264 0.528775 0.452166 0.529452 0.453069 0.529452 0.462094 0.528775 0.462996 0.528775 0.469314 0.528097 0.470217 0.528097 0.481047 0.528775 0.481949 0.528775 0.496390 0.528097 0.497292 0.528097 0.517148 0.527420 0.518051 0.527420 0.524368 0.526743 0.525271 0.526743 0.530686 0.526066 0.531588 0.526066 0.534296 0.526743 0.535199 0.526743 0.541516 0.527420 0.542419 0.527420 0.546931 0.528097 0.547834 0.528097 0.553249 0.528775 0.554152 0.528775 0.558664 0.529452 0.559567 0.529452 0.564079 0.530129 0.564982 0.530129 0.567690 0.530806 0.568592 0.530806 0.574007 0.531483 0.574910 0.531483 0.579422 0.532160 0.580325 0.532160 0.583032 0.532837 0.583935 0.532837 0.586643 0.533514 0.587545 0.533514 0.629964 0.534191 0.630866 0.534191 0.640794 0.534868 0.641697 0.534868 0.661552 0.534191 0.662455 0.534191 0.670578 0.533514 0.671480 0.533514 0.672383 0.532837 0.673285 0.532160 0.673285 0.531483 0.674188 0.528775 0.674188 0.528097 0.675090 0.526066 0.675090 0.525389 0.675993 0.522004 0.675993 0.521327 0.676895 0.521327 0.685018 0.522004 0.685921 0.522004 0.686823 0.524712 0.690433 0.525389 0.690433 0.526066 0.691336 0.526743 0.691336 0.527420 0.692238 0.528775 0.692238 0.529452 0.693141 0.530806 0.693141 0.531483 0.694043 0.532837 0.694043 0.533514 0.694946 0.534191 0.694946 0.534868 0.695848 0.536899 0.695848 0.537576 0.696751 0.540284 0.696751 0.540961 0.697653 0.545701 0.697653 0.546378 0.696751 0.547055 0.696751 0.547732 0.695848 0.548409 0.695848 0.548409 0.694043 0.549086 0.693141 0.549086 0.684116 0.549763 0.683213 0.551794 0.683213 0.552471 0.684116 0.553825 0.684116 0.554502 0.685018 0.555179 0.685018 0.555856 0.685921 0.556534 0.685921 0.557211 0.686823 0.558565 0.686823 0.559242 0.687726 0.559919 0.687726 0.560596 0.688628 0.563304 0.688628 0.563981 0.689531 0.570752 0.689531 0.571429 0.688628 0.571429 0.686823 0.572106 0.685921 0.572106 0.678700 0.572783 0.677798 0.572783 0.673285 0.572106 0.672383 0.572106 0.666968 0.572783 0.666065 0.572783 0.661552 0.572106 0.660650 0.572106 0.657040 0.572783 0.656137 0.572783 0.651625 0.573460 0.650722 0.573460 0.648014 0.574137 0.647112 0.574137 0.641697 0.574814 0.640794 0.574814 0.614621 0.574137 0.613718 0.574137 0.608303 0.573460 0.607401 0.573460 0.604693 0.572783 0.603791 0.572783 0.599278 0.572106 0.598375 0.572106 0.574910 0.572783 0.574007 0.572783 0.570397 0.573460 0.569495 0.573460 0.566787 0.574137 0.565884 0.574137 0.563177 0.574814 0.562274 0.574814 0.558664 0.575491 0.557762 0.575491 0.555054 0.576168 0.554152 0.576168 0.545126 0.576845 0.544224 0.576845 0.538809 0.577522 0.537906 0.577522 0.536101 0.578199 0.535199 0.578199 0.532491 0.578876 0.531588 0.578876 0.525271 0.579553 0.524368 0.579553 0.518051 0.580230 0.517148 0.580230 0.486462 0.579553 0.485560 0.579553 0.474729 0.580230 0.473827 0.580230 0.467509 0.580907 0.466606 0.580907 0.462996 0.581584 0.462094 0.581584 0.453971 0.582261 0.453069 0.582261 0.451264 0.582938 0.450361 0.582938 0.449458 0.585647 0.445848 0.585647 0.444946 0.586324 0.444043 0.586324 0.443141 0.587001 0.442238 0.587001 0.441336 0.591063 0.435921 0.591063 0.435018 0.593771 0.431408 0.593771 0.429603 0.594448 0.428700 0.594448 0.426895 0.593771 0.425993 0.593771 0.422383 0.593094 0.421480 0.593094 0.419675 0.592417 0.418773 0.592417 0.416968 0.591063 0.415162 0.591063 0.414260 0.589709 0.412455 0.589709 0.411552 0.589032 0.410650 0.589032 0.409747 0.588355 0.408845 0.588355 0.407942 0.587001 0.406137 0.587001 0.405235 0.585647 0.403430 0.585647 0.402527 0.583615 0.399819 0.583615 0.398917 0.582938 0.398014 0.582938 0.391697 0.583615 0.390794 0.582938 0.389892 0.582938 0.388989 0.578876 0.383574 0.578876 0.379061 0.578199 0.378159 0.578199 0.374549 0.577522 0.373646 0.577522 0.370036 0.576845 0.369134 0.576845 0.364621 0.576168 0.363718 0.576168 0.361011 0.575491 0.360108 0.575491 0.359206 0.574137 0.357401 0.574137 0.356498 0.572783 0.354693 0.572783 0.353791 0.572106 0.352888 0.572106 0.351986 0.571429 0.351083 0.570752 0.351083 0.567366 0.346570 0.566689 0.346570 0.566012 0.345668
1 0.441435 0.347473 0.440758 0.348375 0.438727 0.348375 0.436696 0.351083 0.436019 0.351083 0.432634 0.355596 0.431957 0.355596 0.431957 0.356498 0.430603 0.358303 0.430603 0.359206 0.429926 0.360108 0.429926 0.361913 0.429248 0.362816 0.429248 0.363718 0.427894 0.365523 0.427894 0.366426 0.427217 0.367329 0.427217 0.369134 0.426540 0.370036 0.426540 0.378159 0.427217 0.379061 0.427217 0.379964 0.427894 0.379964 0.428571 0.380866 0.429248 0.380866 0.429926 0.381769 0.430603 0.381769 0.431280 0.382671 0.433311 0.382671 0.433988 0.381769 0.450914 0.381769 0.451591 0.380866 0.459716 0.380866 0.460393 0.379964 0.461070 0.379964 0.461747 0.379061 0.461747 0.378159 0.462424 0.377256 0.462424 0.375451 0.461747 0.374549 0.461747 0.370939 0.461070 0.370036 0.461070 0.365523 0.460393 0.364621 0.460393 0.362816 0.459716 0.361913 0.459716 0.361011 0.459039 0.360108 0.459039 0.359206 0.457684 0.357401 0.457684 0.356498 0.453622 0.351083 0.452945 0.351083 0.452268 0.350181 0.451591 0.350181 0.450914 0.349278 0.450237 0.349278 0.449560 0.348375 0.447529 0.348375 0.446852 0.347473
0 0.653351 0.364621 0.652674 0.365523 0.651997 0.365523 0.651320 0.366426 0.650643 0.366426 0.649289 0.368231 0.648612 0.368231 0.647935 0.369134 0.647258 0.369134 0.643873 0.373646 0.643873 0.374549 0.642519 0.376354 0.643196 0.377256 0.643196 0.378159 0.643873 0.379061 0.643873 0.379964 0.644550 0.380866 0.644550 0.381769 0.645227 0.382671 0.645227 0.384477 0.645904 0.385379 0.645904 0.387184 0.646581 0.388087 0.646581 0.391697 0.647258 0.392599 0.647258 0.404332 0.646581 0.405235 0.646581 0.407942 0.645904 0.408845 0.645904 0.410650 0.645227 0.411552 0.645227 0.414260 0.644550 0.415162 0.644550 0.416065 0.643873 0.416968 0.643873 0.423285 0.644550 0.424188 0.644550 0.425993 0.645227 0.426895 0.645227 0.435921 0.645904 0.436823 0.645904 0.440433 0.646581 0.441336 0.646581 0.444043 0.647258 0.444946 0.647258 0.446751 0.647935 0.447653 0.647935 0.453971 0.647258 0.454874 0.647258 0.457581 0.646581 0.458484 0.646581 0.461191 0.645904 0.462094 0.645904 0.463899 0.645227 0.464801 0.645227 0.465704 0.644550 0.466606 0.644550 0.473827 0.643873 0.474729 0.643873 0.475632 0.643196 0.476534 0.643196 0.477437 0.642519 0.478339 0.642519 0.480144 0.641842 0.481047 0.641842 0.482852 0.641165 0.483755 0.641165 0.484657 0.640487 0.485560 0.640487 0.490072 0.639810 0.490975 0.639810 0.507220 0.640487 0.508123 0.640487 0.509928 0.641165 0.510830 0.641165 0.537004 0.640487 0.537906 0.640487 0.541516 0.639810 0.542419 0.639810 0.544224 0.639133 0.545126 0.639133 0.546931 0.637779 0.548736 0.637779 0.549639 0.637102 0.550542 0.637102 0.551444 0.636425 0.552347 0.636425 0.554152 0.635748 0.555054 0.635748 0.557762 0.635071 0.558664 0.635071 0.585740 0.635748 0.586643 0.635748 0.592960 0.636425 0.593863 0.636425 0.603791 0.637102 0.604693 0.637102 0.624549 0.636425 0.625451 0.636425 0.634477 0.635748 0.635379 0.635748 0.638087 0.635071 0.638989 0.635071 0.641697 0.634394 0.642599 0.634394 0.644404 0.633717 0.645307 0.633717 0.646209 0.633040 0.647112 0.633040 0.649819 0.632363 0.650722 0.632363 0.658845 0.633040 0.659747 0.634394 0.659747 0.635071 0.658845 0.637779 0.658845 0.638456 0.657942 0.649966 0.657942 0.651997 0.655235 0.651997 0.654332 0.652674 0.653430 0.652674 0.652527 0.653351 0.651625 0.653351 0.648014 0.652674 0.647112 0.652674 0.644404 0.651997 0.643502 0.651997 0.638989 0.652674 0.638087 0.652674 0.625451 0.653351 0.624549 0.653351 0.613718 0.654028 0.612816 0.654028 0.592058 0.653351 0.591155 0.653351 0.584838 0.652674 0.583935 0.652674 0.580325 0.651997 0.579422 0.651997 0.575812 0.651320 0.574910 0.651320 0.571300 0.650643 0.570397 0.650643 0.565884 0.649966 0.564982 0.649966 0.562274 0.649289 0.561372 0.649289 0.547834 0.648612 0.546931 0.648612 0.545126 0.649289 0.544224 0.649289 0.542419 0.648612 0.541516 0.648612 0.538809 0.650643 0.536101 0.650643 0.535199 0.651320 0.534296 0.651320 0.533394 0.651997 0.532491 0.651997 0.531588 0.652674 0.530686 0.652674 0.529783 0.654028 0.527978 0.654028 0.527076 0.654705 0.526173 0.654705 0.525271 0.655383 0.524368 0.655383 0.522563 0.656060 0.521661 0.656060 0.519856 0.656737 0.518953 0.656737 0.518051 0.657414 0.517148 0.657414 0.515343 0.658091 0.514440 0.658091 0.511733 0.658768 0.510830 0.658768 0.509025 0.659445 0.508123 0.659445 0.503610 0.660122 0.502708 0.660122 0.500903 0.660799 0.500000 0.660799 0.499097 0.661476 0.498195 0.661476 0.497292 0.662153 0.496390 0.662153 0.490072 0.661476 0.489170 0.661476 0.488267 0.660799 0.487365 0.660799 0.485560 0.660122 0.484657 0.660122 0.481047 0.660799 0.480144 0.660799 0.475632 0.661476 0.474729 0.661476 0.469314 0.662153 0.468412 0.662153 0.464801 0.662830 0.463899 0.662830 0.462094 0.663507 0.461191 0.663507 0.459386 0.664184 0.458484 0.664184 0.455776 0.664861 0.454874 0.664861 0.446751 0.665538 0.445848 0.665538 0.444043 0.666892 0.442238 0.666892 0.441336 0.668246 0.439531 0.668246 0.429603 0.667569 0.428700 0.667569 0.426895 0.666892 0.425993 0.666892 0.424188 0.667569 0.423285 0.667569 0.421480 0.668246 0.420578 0.668246 0.418773 0.668923 0.417870 0.668923 0.412455 0.669601 0.411552 0.669601 0.400722 0.670278 0.399819 0.670278 0.398917 0.671632 0.397112 0.671632 0.379964 0.670955 0.379061 0.670955 0.377256 0.670278 0.376354 0.670278 0.375451 0.668923 0.373646 0.668923 0.372744 0.668246 0.371841 0.667569 0.371841 0.665538 0.369134 0.664861 0.369134 0.664184 0.368231 0.663507 0.368231 0.662830 0.367329 0.662153 0.367329 0.661476 0.366426 0.660122 0.366426 0.659445 0.365523 0.656737 0.365523 0.656060 0.364621
1 0.625592 0.370939 0.624915 0.371841 0.623561 0.371841 0.622884 0.372744 0.622207 0.372744 0.621530 0.373646 0.620853 0.373646 0.619499 0.375451 0.618822 0.375451 0.614083 0.381769 0.614083 0.383574 0.613406 0.384477 0.613406 0.388989 0.612729 0.389892 0.612729 0.391697 0.612051 0.392599 0.612051 0.393502 0.611374 0.394404 0.611374 0.395307 0.610020 0.397112 0.610020 0.398014 0.610697 0.398917 0.610697 0.400722 0.612051 0.400722 0.612729 0.401625 0.616114 0.401625 0.616791 0.400722 0.631686 0.400722 0.632363 0.401625 0.645227 0.401625 0.645904 0.400722 0.647258 0.400722 0.647258 0.397112 0.646581 0.396209 0.646581 0.391697 0.645904 0.390794 0.645904 0.386282 0.645227 0.385379 0.645227 0.383574 0.644550 0.382671 0.644550 0.381769 0.643196 0.379964 0.643196 0.379061 0.641842 0.377256 0.641842 0.376354 0.641165 0.376354 0.640487 0.375451 0.639810 0.375451 0.637779 0.372744 0.636425 0.372744 0.635748 0.371841 0.634394 0.371841 0.633717 0.370939
1 0.653351 0.364621 0.652674 0.365523 0.651997 0.365523 0.651320 0.366426 0.650643 0.366426 0.649289 0.368231 0.648612 0.368231 0.647935 0.369134 0.647258 0.369134 0.644550 0.372744 0.644550 0.373646 0.643196 0.375451 0.643196 0.378159 0.643873 0.379061 0.643873 0.379964 0.644550 0.380866 0.644550 0.382671 0.645904 0.384477 0.645904 0.385379 0.647258 0.387184 0.647258 0.388087 0.650643 0.388087 0.651320 0.388989 0.653351 0.388989 0.654028 0.389892 0.655383 0.389892 0.656060 0.390794 0.657414 0.390794 0.658091 0.391697 0.659445 0.391697 0.660122 0.392599 0.660799 0.392599 0.662153 0.394404 0.663507 0.394404 0.664184 0.395307 0.665538 0.395307 0.666215 0.396209 0.667569 0.396209 0.668246 0.397112 0.671632 0.397112 0.671632 0.379061 0.670955 0.378159 0.670955 0.376354 0.669601 0.374549 0.669601 0.373646 0.668246 0.371841 0.667569 0.371841 0.664861 0.368231 0.663507 0.368231 0.662830 0.367329 0.662153 0.367329 0.661476 0.366426 0.660799 0.366426 0.660122 0.365523 0.658091 0.365523 0.657414 0.364621
1 0.406906 0.344765 0.406229 0.345668 0.404875 0.345668 0.404198 0.346570 0.403521 0.346570 0.400812 0.350181 0.400812 0.351083 0.400135 0.351986 0.400135 0.352888 0.399458 0.353791 0.399458 0.354693 0.398781 0.355596 0.398781 0.362816 0.398104 0.363718 0.398104 0.364621 0.397427 0.365523 0.397427 0.367329 0.398104 0.368231 0.398104 0.369134 0.398781 0.370036 0.399458 0.370036 0.400135 0.370939 0.401490 0.370939 0.402167 0.370036 0.402844 0.370036 0.403521 0.369134 0.404198 0.369134 0.404875 0.368231 0.406906 0.368231 0.407583 0.367329 0.408937 0.367329 0.409614 0.366426 0.410968 0.366426 0.411645 0.365523 0.415030 0.365523 0.415708 0.364621 0.419770 0.364621 0.420447 0.365523 0.421801 0.365523 0.422478 0.364621 0.423155 0.364621 0.423832 0.363718 0.423832 0.360108 0.423155 0.359206 0.423155 0.358303 0.422478 0.357401 0.422478 0.356498 0.421801 0.355596 0.421801 0.354693 0.421124 0.353791 0.421124 0.351986 0.417739 0.347473 0.417062 0.347473 0.416385 0.346570 0.415708 0.346570 0.415030 0.345668 0.413676 0.345668 0.412999 0.344765
1 0.303318 0.334838 0.302640 0.335740 0.299932 0.335740 0.299255 0.336643 0.298578 0.336643 0.297901 0.337545 0.297224 0.337545 0.293839 0.342058 0.293839 0.342960 0.292485 0.344765 0.292485 0.346570 0.291808 0.347473 0.291808 0.350181 0.291131 0.351083 0.291131 0.359206 0.290454 0.360108 0.290454 0.366426 0.291131 0.367329 0.291131 0.369134 0.291808 0.370036 0.291808 0.370939 0.293162 0.372744 0.293162 0.379061 0.292485 0.379964 0.292485 0.380866 0.293162 0.381769 0.293162 0.383574 0.293839 0.383574 0.294516 0.384477 0.296547 0.384477 0.297224 0.385379 0.302640 0.385379 0.303318 0.384477 0.306703 0.384477 0.307380 0.383574 0.308734 0.383574 0.309411 0.382671 0.309411 0.372744 0.310765 0.370939 0.310765 0.370036 0.311442 0.369134 0.311442 0.368231 0.312119 0.367329 0.312119 0.366426 0.312796 0.365523 0.312796 0.363718 0.313473 0.362816 0.313473 0.361011 0.314150 0.360108 0.314150 0.358303 0.314827 0.357401 0.314827 0.356498 0.319567 0.350181 0.320244 0.350181 0.320921 0.349278 0.321598 0.349278 0.322952 0.347473 0.322952 0.346570 0.323629 0.345668 0.323629 0.344765 0.322275 0.342960 0.322275 0.342058 0.320244 0.339350 0.319567 0.339350 0.318213 0.337545 0.317536 0.337545 0.316858 0.336643 0.315504 0.336643 0.314827 0.335740 0.314150 0.335740 0.313473 0.334838
1 0.491537 0.337545 0.490860 0.338448 0.489506 0.338448 0.488829 0.339350 0.488152 0.339350 0.487475 0.340253 0.486798 0.340253 0.484766 0.342960 0.484766 0.343863 0.484089 0.344765 0.484089 0.346570 0.483412 0.347473 0.483412 0.352888 0.482735 0.353791 0.482735 0.357401 0.482058 0.358303 0.482058 0.360108 0.482735 0.361011 0.482735 0.361913 0.483412 0.362816 0.483412 0.363718 0.484089 0.363718 0.486798 0.360108 0.487475 0.360108 0.488152 0.359206 0.489506 0.359206 0.490183 0.358303 0.494922 0.358303 0.495599 0.359206 0.501016 0.359206 0.501693 0.360108 0.504401 0.360108 0.505755 0.358303 0.505755 0.353791 0.505078 0.352888 0.505078 0.350181 0.504401 0.349278 0.504401 0.347473 0.503724 0.346570 0.503724 0.345668 0.503047 0.344765 0.503047 0.343863 0.500339 0.340253 0.499661 0.340253 0.498307 0.338448 0.495599 0.338448 0.494922 0.337545
3 0.584292 0.662455 0.583615 0.663357 0.580907 0.663357 0.580230 0.664260 0.574137 0.664260 0.574137 0.665162 0.573460 0.666065 0.573460 0.666968 0.572783 0.667870 0.572783 0.671480 0.573460 0.672383 0.573460 0.674188 0.574137 0.675090 0.574137 0.675993 0.575491 0.677798 0.576845 0.677798 0.577522 0.678700 0.578876 0.678700 0.579553 0.679603 0.580907 0.679603 0.581584 0.680505 0.582938 0.680505 0.583615 0.681408 0.585647 0.681408 0.586324 0.682310 0.588355 0.682310 0.589032 0.683213 0.591740 0.683213 0.592417 0.684116 0.595802 0.684116 0.596479 0.685018 0.602573 0.685018 0.603250 0.684116 0.603927 0.684116 0.603927 0.683213 0.604604 0.682310 0.604604 0.671480 0.603250 0.669675 0.596479 0.669675 0.595802 0.668773 0.595125 0.668773 0.591740 0.664260 0.591740 0.663357 0.591063 0.663357 0.590386 0.662455
1 0.345972 0.343863 0.345295 0.344765 0.342586 0.344765 0.341909 0.345668 0.341232 0.345668 0.340555 0.346570 0.339878 0.346570 0.339201 0.347473 0.338524 0.347473 0.337847 0.348375 0.337847 0.350181 0.338524 0.351083 0.338524 0.351986 0.339201 0.351986 0.341909 0.355596 0.342586 0.355596 0.346649 0.361011 0.346649 0.361913 0.347326 0.362816 0.347326 0.363718 0.348003 0.364621 0.352065 0.364621 0.352742 0.363718 0.353419 0.363718 0.354096 0.362816 0.354096 0.361913 0.356127 0.359206 0.356127 0.358303 0.356804 0.357401 0.356804 0.356498 0.357481 0.355596 0.357481 0.352888 0.358158 0.351986 0.356127 0.349278 0.356127 0.348375 0.354773 0.346570 0.354096 0.346570 0.352065 0.343863
1 0.513879 0.583032 0.513202 0.583935 0.511848 0.583935 0.511171 0.584838 0.510494 0.584838 0.509817 0.585740 0.509140 0.585740 0.507786 0.587545 0.507109 0.587545 0.507109 0.588448 0.506432 0.589350 0.506432 0.600181 0.507109 0.601083 0.507109 0.601986 0.508463 0.603791 0.509140 0.603791 0.509817 0.604693 0.510494 0.604693 0.511171 0.605596 0.512525 0.605596 0.513202 0.606498 0.514557 0.606498 0.515234 0.607401 0.522004 0.607401 0.522681 0.606498 0.523358 0.606498 0.524035 0.605596 0.524712 0.605596 0.524712 0.604693 0.525389 0.603791 0.525389 0.602888 0.526066 0.601986 0.526066 0.599278 0.525389 0.598375 0.525389 0.596570 0.523358 0.593863 0.523358 0.592960 0.520650 0.589350 0.520650 0.588448 0.517265 0.583935 0.516588 0.583935 0.515911 0.583032
3 0.476642 0.579422 0.475965 0.580325 0.475288 0.580325 0.473934 0.582130 0.473934 0.583032 0.473257 0.583935 0.473257 0.584838 0.472580 0.585740 0.472580 0.587545 0.471903 0.588448 0.471903 0.595668 0.471225 0.596570 0.471225 0.601986 0.471903 0.602888 0.472580 0.602888 0.473257 0.603791 0.477319 0.603791 0.477996 0.602888 0.480027 0.602888 0.480704 0.601986 0.481381 0.601986 0.482735 0.600181 0.483412 0.600181 0.484766 0.598375 0.484766 0.597473 0.486121 0.595668 0.486121 0.594765 0.486798 0.593863 0.486798 0.592960 0.487475 0.592058 0.487475 0.583935 0.486798 0.583032 0.486798 0.582130 0.485443 0.580325 0.484766 0.580325 0.484089 0.579422
0 0.570752 0.337545 0.570752 0.347473 0.574137 0.347473 0.574814 0.348375 0.574137 0.349278 0.574137 0.351986 0.574814 0.352888 0.574814 0.353791 0.576845 0.356498 0.576845 0.359206 0.577522 0.360108 0.577522 0.362816 0.578199 0.363718 0.578199 0.366426 0.578876 0.367329 0.578876 0.368231 0.579553 0.369134 0.579553 0.374549 0.580230 0.375451 0.580230 0.377256 0.582261 0.379964 0.582938 0.379964 0.584970 0.382671 0.584970 0.383574 0.585647 0.384477 0.585647 0.386282 0.588355 0.389892 0.588355 0.390794 0.587678 0.391697 0.587678 0.394404 0.587001 0.395307 0.587001 0.396209 0.586324 0.397112 0.587001 0.398014 0.587001 0.398917 0.587678 0.399819 0.587678 0.400722 0.588355 0.401625 0.588355 0.402527 0.590386 0.405235 0.590386 0.407942 0.591063 0.408845 0.591063 0.410650 0.591740 0.411552 0.591740 0.412455 0.593094 0.414260 0.593094 0.415162 0.593771 0.416065 0.593771 0.417870 0.594448 0.418773 0.594448 0.420578 0.595125 0.421480 0.595125 0.422383 0.596479 0.424188 0.596479 0.425090 0.597156 0.425993 0.597156 0.426895 0.597833 0.427798 0.597833 0.428700 0.598510 0.429603 0.599188 0.429603 0.600542 0.431408 0.601219 0.431408 0.601896 0.432310 0.602573 0.432310 0.603250 0.433213 0.603927 0.433213 0.605281 0.435018 0.605281 0.435921 0.604604 0.436823 0.603250 0.436823 0.602573 0.437726 0.599865 0.437726 0.599188 0.438628 0.596479 0.438628 0.595802 0.439531 0.593094 0.439531 0.592417 0.440433 0.591740 0.440433 0.588355 0.444946 0.588355 0.445848 0.587001 0.447653 0.587001 0.448556 0.586324 0.449458 0.586324 0.450361 0.585647 0.451264 0.585647 0.452166 0.584970 0.453069 0.584970 0.459386 0.585647 0.460289 0.585647 0.461191 0.587001 0.462996 0.587001 0.463899 0.587678 0.464801 0.587678 0.465704 0.588355 0.466606 0.588355 0.467509 0.589032 0.468412 0.589032 0.469314 0.592417 0.473827 0.593771 0.473827 0.596479 0.477437 0.596479 0.478339 0.597156 0.479242 0.597156 0.489170 0.597833 0.490072 0.597833 0.496390 0.597156 0.497292 0.597156 0.499097 0.597833 0.500000 0.597833 0.537004 0.597156 0.537906 0.597156 0.564079 0.596479 0.564982 0.596479 0.569495 0.595802 0.570397 0.595802 0.574910 0.596479 0.575812 0.596479 0.593863 0.595802 0.594765 0.595802 0.596570 0.596479 0.597473 0.596479 0.601986 0.597156 0.602888 0.597156 0.603791 0.597833 0.604693 0.597833 0.613718 0.597156 0.614621 0.597156 0.624549 0.596479 0.625451 0.596479 0.638087 0.595802 0.638989 0.595802 0.644404 0.595125 0.645307 0.595125 0.651625 0.594448 0.652527 0.594448 0.654332 0.593771 0.655235 0.593771 0.657040 0.593094 0.657942 0.593094 0.658845 0.591063 0.661552 0.590386 0.661552 0.589709 0.662455 0.584970 0.662455 0.584292 0.663357 0.582261 0.663357 0.581584 0.664260 0.576845 0.664260 0.576168 0.665162 0.574814 0.665162 0.573460 0.666968 0.573460 0.672383 0.574137 0.673285 0.574137 0.674188 0.574814 0.675090 0.574814 0.675993 0.575491 0.676895 0.576168 0.676895 0.576845 0.677798 0.577522 0.677798 0.578199 0.678700 0.579553 0.678700 0.580230 0.679603 0.582261 0.679603 0.582938 0.680505 0.584970 0.680505 0.585647 0.681408 0.587678 0.681408 0.588355 0.682310 0.591063 0.682310 0.591740 0.683213 0.596479 0.683213 0.597156 0.684116 0.601219 0.684116 0.601896 0.683213 0.602573 0.683213 0.603250 0.682310 0.603927 0.682310 0.603927 0.679603 0.604604 0.678700 0.604604 0.662455 0.605281 0.661552 0.605281 0.658845 0.605958 0.657942 0.605958 0.656137 0.606635 0.655235 0.606635 0.651625 0.607312 0.650722 0.607312 0.648014 0.607989 0.647112 0.607989 0.645307 0.608666 0.644404 0.608666 0.642599 0.609343 0.641697 0.609343 0.638087 0.610020 0.637184 0.610020 0.635379 0.610697 0.634477 0.610697 0.632671 0.611374 0.631769 0.611374 0.629061 0.612051 0.628159 0.612051 0.623646 0.611374 0.622744 0.611374 0.601986 0.612051 0.601083 0.612051 0.598375 0.612729 0.597473 0.612729 0.595668 0.613406 0.594765 0.613406 0.592960 0.614083 0.592058 0.614083 0.590253 0.614760 0.589350 0.614760 0.587545 0.615437 0.586643 0.615437 0.585740 0.616114 0.584838 0.616791 0.585740 0.616791 0.586643 0.617468 0.587545 0.617468 0.588448 0.618145 0.589350 0.618145 0.590253 0.618822 0.591155 0.618822 0.592058 0.619499 0.592960 0.619499 0.593863 0.620176 0.594765 0.620176 0.595668 0.620853 0.596570 0.620853 0.597473 0.621530 0.598375 0.621530 0.599278 0.622207 0.600181 0.622207 0.601986 0.622884 0.602888 0.622884 0.606498 0.623561 0.607401 0.623561 0.624549 0.622884 0.625451 0.622884 0.634477 0.622207 0.635379 0.622207 0.640794 0.621530 0.641697 0.621530 0.650722 0.622207 0.651625 0.622207 0.655235 0.622884 0.656137 0.622884 0.658845 0.623561 0.659747 0.623561 0.660650 0.624238 0.661552 0.624238 0.663357 0.624915 0.664260 0.624915 0.666968 0.625592 0.667870 0.625592 0.668773 0.627624 0.668773 0.629655 0.666065 0.629655 0.664260 0.630332 0.663357 0.630332 0.659747 0.631009 0.658845 0.631009 0.653430 0.631686 0.652527 0.631686 0.649819 0.632363 0.648917 0.632363 0.648014 0.633040 0.647112 0.633040 0.643502 0.633717 0.642599 0.633717 0.638087 0.634394 0.637184 0.634394 0.631769 0.635071 0.630866 0.635071 0.625451 0.635748 0.624549 0.635748 0.620939 0.636425 0.620036 0.636425 0.607401 0.635748 0.606498 0.635748 0.601986 0.635071 0.601083 0.635071 0.594765 0.634394 0.593863 0.634394 0.555957 0.635071 0.555054 0.635071 0.553249 0.637102 0.550542 0.637102 0.549639 0.637779 0.548736 0.637779 0.547834 0.638456 0.546931 0.638456 0.546029 0.639133 0.545126 0.639133 0.543321 0.639810 0.542419 0.639810 0.540614 0.640487 0.539711 0.640487 0.510830 0.639810 0.509928 0.639810 0.508123 0.639133 0.507220 0.639133 0.502708 0.638456 0.501805 0.638456 0.496390 0.639133 0.495487 0.639133 0.492780 0.639810 0.491877 0.639810 0.489170 0.640487 0.488267 0.640487 0.484657 0.641165 0.483755 0.641165 0.481949 0.641842 0.481047 0.641842 0.479242 0.643196 0.477437 0.643196 0.476534 0.643873 0.475632 0.643873 0.468412 0.644550 0.467509 0.644550 0.463899 0.645227 0.462996 0.645227 0.461191 0.645904 0.460289 0.645904 0.458484 0.646581 0.457581 0.646581 0.455776 0.647258 0.454874 0.647258 0.445848 0.646581 0.444946 0.646581 0.443141 0.645904 0.442238 0.645904 0.440433 0.645227 0.439531 0.645227 0.435018 0.644550 0.434116 0.644550 0.427798 0.643873 0.426895 0.643873 0.425993 0.643196 0.425090 0.643196 0.422383 0.642519 0.421480 0.642519 0.417870 0.643196 0.416968 0.643196 0.416065 0.643873 0.415162 0.643873 0.413357 0.644550 0.412455 0.644550 0.409747 0.645227 0.408845 0.645227 0.407040 0.645904 0.406137 0.645904 0.402527 0.646581 0.401625 0.646581 0.392599 0.645904 0.391697 0.645904 0.388989 0.645227 0.388087 0.645227 0.386282 0.644550 0.385379 0.644550 0.383574 0.643873 0.382671 0.643873 0.381769 0.641842 0.379061 0.641842 0.378159 0.639810 0.375451 0.639133 0.375451 0.638456 0.374549 0.637779 0.374549 0.636425 0.372744 0.635071 0.372744 0.634394 0.371841 0.632363 0.371841 0.631686 0.370939 0.626947 0.370939 0.626269 0.371841 0.623561 0.371841 0.622884 0.372744 0.622207 0.372744 0.621530 0.373646 0.620176 0.373646 0.619499 0.374549 0.618822 0.374549 0.616114 0.378159 0.616114 0.379061 0.614760 0.380866 0.614760 0.381769 0.614083 0.382671 0.614083 0.384477 0.613406 0.385379 0.613406 0.388989 0.612729 0.389892 0.612729 0.390794 0.612051 0.391697 0.612051 0.392599 0.610697 0.394404 0.610697 0.395307 0.609343 0.397112 0.609343 0.400722 0.611374 0.403430 0.611374 0.405235 0.610020 0.407040 0.609343 0.407040 0.608666 0.406137 0.607989 0.406137 0.607312 0.405235 0.606635 0.405235 0.605958 0.404332 0.605281 0.404332 0.604604 0.403430 0.603927 0.403430 0.602573 0.401625 0.601896 0.401625 0.599865 0.398917 0.599865 0.398014 0.599188 0.397112 0.599188 0.395307 0.598510 0.394404 0.598510 0.393502 0.595125 0.388989 0.594448 0.388989 0.593771 0.388087 0.593094 0.388087 0.589709 0.383574 0.589709 0.382671 0.589032 0.381769 0.589032 0.379061 0.588355 0.378159 0.588355 0.373646 0.587678 0.372744 0.587678 0.371841 0.586324 0.370036 0.586324 0.368231 0.585647 0.367329 0.585647 0.365523 0.584970 0.364621 0.584970 0.362816 0.584292 0.361913 0.584292 0.361011 0.583615 0.360108 0.583615 0.359206 0.582938 0.358303 0.582938 0.357401 0.582261 0.356498 0.582261 0.355596 0.580907 0.353791 0.580230 0.353791 0.578876 0.351986 0.578876 0.350181 0.578199 0.349278 0.578199 0.345668 0.577522 0.344765 0.577522 0.343863 0.576845 0.343863 0.574814 0.341155 0.574814 0.340253 0.574137 0.339350 0.574137 0.338448 0.572106 0.338448 0.571429 0.337545
3 0.549763 0.674188 0.549763 0.675993 0.550440 0.675090
3 0.531483 0.673285 0.530806 0.674188 0.529452 0.674188 0.528775 0.675090 0.522004 0.675090 0.522004 0.675993 0.521327 0.676895 0.521327 0.686823 0.522004 0.687726 0.522004 0.688628 0.522681 0.689531 0.523358 0.689531 0.524035 0.690433 0.524712 0.690433 0.525389 0.691336 0.526066 0.691336 0.526743 0.692238 0.528775 0.692238 0.529452 0.693141 0.530129 0.693141 0.530806 0.694043 0.531483 0.694043 0.532160 0.694946 0.533514 0.694946 0.534191 0.695848 0.535545 0.695848 0.536222 0.696751 0.537576 0.696751 0.538253 0.697653 0.540284 0.697653 0.540961 0.698556 0.545701 0.698556 0.546378 0.697653 0.547732 0.697653 0.549086 0.695848 0.549086 0.685018 0.548409 0.684116 0.548409 0.681408 0.547055 0.679603 0.540284 0.679603 0.539607 0.678700 0.538930 0.678700 0.536222 0.675090 0.535545 0.675090 0.534868 0.674188 0.534191 0.674188 0.533514 0.673285
1 0.587001 0.354693 0.586324 0.355596 0.585647 0.355596 0.585647 0.356498 0.584970 0.357401 0.584970 0.360108 0.585647 0.361011 0.585647 0.362816 0.586324 0.363718 0.586324 0.365523 0.587001 0.366426 0.587001 0.367329 0.587678 0.368231 0.587678 0.369134 0.589032 0.370939 0.589032 0.371841 0.590386 0.373646 0.590386 0.374549 0.591740 0.376354 0.591740 0.377256 0.593771 0.379964 0.593771 0.380866 0.594448 0.381769 0.594448 0.383574 0.595125 0.384477 0.595802 0.383574 0.595802 0.382671 0.596479 0.381769 0.596479 0.380866 0.597833 0.379061 0.597833 0.378159 0.598510 0.377256 0.598510 0.370036 0.597833 0.369134 0.597833 0.367329 0.597156 0.366426 0.597156 0.363718 0.596479 0.362816 0.596479 0.361913 0.595802 0.361011 0.595802 0.360108 0.592417 0.355596 0.591063 0.355596 0.590386 0.354693
3 0.637102 0.637184 0.634394 0.640794 0.634394 0.642599 0.633717 0.643502 0.633717 0.645307 0.633040 0.646209 0.633040 0.651625 0.632363 0.652527 0.632363 0.658845 0.649966 0.658845 0.652674 0.655235 0.652674 0.654332 0.653351 0.653430 0.653351 0.652527 0.654028 0.651625 0.654028 0.648014 0.653351 0.647112 0.653351 0.646209 0.651320 0.643502 0.648612 0.643502 0.647935 0.644404 0.646581 0.644404 0.645904 0.643502 0.644550 0.643502 0.643873 0.642599 0.643196 0.642599 0.642519 0.641697 0.641842 0.641697 0.640487 0.639892 0.640487 0.638989 0.639810 0.638989 0.639133 0.638087 0.637779 0.638087
3 0.390657 0.592960 0.389980 0.593863 0.389303 0.593863 0.387949 0.595668 0.387949 0.597473 0.387271 0.598375 0.387271 0.601083 0.386594 0.601986 0.386594 0.605596 0.388626 0.608303 0.389980 0.608303 0.390657 0.609206 0.397427 0.609206 0.398104 0.608303 0.398781 0.608303 0.400812 0.605596 0.400812 0.602888 0.401490 0.601986 0.401490 0.595668 0.400135 0.593863 0.397427 0.593863 0.396750 0.592960
1 0.560596 0.344765 0.559919 0.345668 0.557211 0.345668 0.556534 0.346570 0.555179 0.346570 0.554502 0.347473 0.553825 0.347473 0.553148 0.348375 0.552471 0.348375 0.551117 0.350181 0.550440 0.350181 0.548409 0.352888 0.548409 0.353791 0.546378 0.356498 0.546378 0.357401 0.545024 0.359206 0.545024 0.361011 0.542993 0.363718 0.542993 0.364621 0.541638 0.366426 0.541638 0.367329 0.539607 0.370036 0.539607 0.370939 0.538253 0.372744 0.538253 0.374549 0.536899 0.376354 0.536899 0.377256 0.538253 0.379061 0.540284 0.379061 0.540961 0.379964 0.540961 0.380866 0.540284 0.381769 0.540284 0.386282 0.540961 0.386282 0.541638 0.387184 0.542316 0.387184 0.542993 0.388087 0.547055 0.388087 0.547732 0.388989 0.549086 0.388989 0.549763 0.389892 0.554502 0.389892 0.555179 0.390794 0.561950 0.390794 0.562627 0.391697 0.566689 0.391697 0.567366 0.390794 0.568043 0.391697 0.572106 0.391697 0.572783 0.390794 0.577522 0.390794 0.578199 0.389892 0.578199 0.388989 0.578876 0.388087 0.578876 0.386282 0.578199 0.385379 0.578199 0.381769 0.578876 0.380866 0.578876 0.376354 0.578199 0.375451 0.578199 0.370036 0.577522 0.369134 0.577522 0.366426 0.576845 0.365523 0.576845 0.363718 0.576168 0.362816 0.576168 0.361011 0.575491 0.360108 0.575491 0.359206 0.574814 0.358303 0.574814 0.356498 0.573460 0.354693 0.573460 0.353791 0.571429 0.351083 0.570752 0.351083 0.567366 0.346570 0.566689 0.346570 0.566012 0.345668 0.563304 0.345668 0.562627 0.344765
3 0.306703 0.695848 0.306026 0.696751 0.305349 0.696751 0.303995 0.698556 0.303995 0.699458 0.303318 0.700361 0.303318 0.705776 0.302640 0.706679 0.302640 0.716606 0.303318 0.717509 0.305349 0.717509 0.306026 0.718412 0.310765 0.718412 0.311442 0.717509 0.312796 0.717509 0.313473 0.716606 0.314150 0.716606 0.316181 0.713899 0.316181 0.712996 0.316858 0.712094 0.316858 0.711191 0.317536 0.710289 0.317536 0.708484 0.318213 0.707581 0.318213 0.706679 0.318890 0.705776 0.318890 0.703069 0.319567 0.702166 0.319567 0.698556 0.318890 0.697653 0.318890 0.696751 0.318213 0.695848 0.314150 0.695848 0.313473 0.696751 0.308734 0.696751 0.308057 0.695848
3 0.556534 0.669675 0.555856 0.670578 0.550440 0.670578 0.548409 0.673285 0.548409 0.682310 0.549763 0.684116 0.550440 0.684116 0.551117 0.685018 0.553148 0.685018 0.553825 0.685921 0.555179 0.685921 0.555856 0.686823 0.556534 0.686823 0.557211 0.687726 0.557888 0.687726 0.558565 0.688628 0.559919 0.688628 0.560596 0.689531 0.561950 0.689531 0.562627 0.690433 0.566012 0.690433 0.566689 0.691336 0.570752 0.691336 0.571429 0.690433 0.572106 0.690433 0.572783 0.689531 0.572783 0.673285 0.572106 0.672383 0.572106 0.671480 0.571429 0.670578 0.570752 0.670578 0.570074 0.671480 0.569397 0.671480 0.568720 0.672383 0.566012 0.672383 0.565335 0.673285 0.563981 0.673285 0.563304 0.672383 0.561950 0.672383 0.560596 0.670578 0.557888 0.670578 0.557211 0.669675
1 0.323629 0.347473 0.322952 0.348375 0.322275 0.348375 0.320921 0.350181 0.320244 0.350181 0.319567 0.351083 0.318890 0.351083 0.316858 0.353791 0.316858 0.354693 0.316181 0.355596 0.316181 0.356498 0.315504 0.357401 0.315504 0.358303 0.314827 0.359206 0.314827 0.360108 0.314150 0.361011 0.314150 0.361913 0.313473 0.362816 0.313473 0.363718 0.312796 0.364621 0.312796 0.367329 0.312119 0.368231 0.312119 0.373646 0.311442 0.374549 0.311442 0.378159 0.310765 0.379061 0.310765 0.381769 0.310088 0.382671 0.310765 0.383574 0.310765 0.384477 0.312119 0.386282 0.313473 0.386282 0.314150 0.387184 0.314827 0.386282 0.317536 0.386282 0.318213 0.385379 0.321598 0.385379 0.322275 0.384477 0.325660 0.384477 0.326337 0.383574 0.331077 0.383574 0.331754 0.382671 0.333785 0.382671 0.334462 0.381769 0.337847 0.381769 0.338524 0.380866 0.343263 0.380866 0.343940 0.379964 0.348003 0.379964 0.348680 0.379061 0.349357 0.379964 0.352065 0.379964 0.352065 0.378159 0.351388 0.377256 0.351388 0.375451 0.350711 0.374549 0.350711 0.373646 0.350034 0.372744 0.350034 0.371841 0.349357 0.370939 0.349357 0.370036 0.348680 0.369134 0.348680 0.368231 0.348003 0.367329 0.348003 0.366426 0.347326 0.365523 0.347326 0.363718 0.346649 0.362816 0.346649 0.361011 0.342586 0.355596 0.342586 0.354693 0.341909 0.353791 0.341232 0.353791 0.340555 0.352888 0.339878 0.352888 0.339201 0.351986 0.339201 0.351083 0.338524 0.351083 0.337847 0.350181 0.337170 0.350181 0.336493 0.349278 0.334462 0.349278 0.333785 0.348375 0.331754 0.348375 0.331077 0.347473
3 0.365606 0.619134 0.364252 0.620939 0.364252 0.621841 0.363575 0.622744 0.363575 0.639892 0.365606 0.642599 0.373053 0.642599 0.373731 0.643502 0.377793 0.643502 0.378470 0.642599 0.384563 0.642599 0.385240 0.641697 0.385917 0.641697 0.386594 0.640794 0.387271 0.640794 0.387271 0.639892 0.387949 0.638989 0.387949 0.636282 0.387271 0.635379 0.387271 0.633574 0.386594 0.632671 0.386594 0.631769 0.385240 0.629964 0.384563 0.629964 0.383886 0.629061 0.382532 0.629061 0.381855 0.628159 0.380501 0.628159 0.379824 0.627256 0.378470 0.627256 0.377793 0.626354 0.376439 0.626354 0.375762 0.625451 0.374408 0.625451 0.371699 0.621841 0.371022 0.621841 0.370345 0.620939 0.370345 0.620036 0.369668 0.619134
3 0.612051 0.661552 0.611374 0.662455 0.610697 0.662455 0.610020 0.663357 0.609343 0.663357 0.607989 0.665162 0.607989 0.666065 0.607312 0.666968 0.607312 0.671480 0.607989 0.672383 0.608666 0.672383 0.609343 0.673285 0.610020 0.673285 0.611374 0.675090 0.614760 0.675090 0.615437 0.675993 0.616791 0.675993 0.617468 0.675090 0.618145 0.675090 0.618822 0.674188 0.619499 0.674188 0.620176 0.673285 0.620853 0.673285 0.621530 0.672383 0.623561 0.672383 0.625592 0.675090 0.628301 0.675090 0.628978 0.675993 0.629655 0.675993 0.629655 0.670578 0.630332 0.669675 0.630332 0.663357 0.629655 0.662455 0.628301 0.662455 0.627624 0.661552 0.623561 0.661552 0.622884 0.662455 0.622884 0.666968 0.622207 0.667870 0.621530 0.667870 0.620853 0.668773 0.619499 0.668773 0.618822 0.667870 0.618145 0.667870 0.613406 0.661552
0 0.581584 0.598375 0.581584 0.601083 0.582261 0.601986 0.582938 0.601986 0.583615 0.602888 0.584970 0.602888 0.584970 0.599278 0.584292 0.598375
0 0.583615 0.466606 0.582938 0.467509 0.582261 0.467509 0.581584 0.468412 0.581584 0.470217 0.580907 0.471119 0.580907 0.530686 0.580230 0.531588 0.580230 0.544224 0.580907 0.545126 0.580907 0.546029 0.582261 0.547834 0.582261 0.548736 0.582938 0.549639 0.582938 0.554152 0.582261 0.555054 0.582261 0.578520 0.582938 0.579422 0.582938 0.580325 0.583615 0.581227 0.583615 0.582130 0.584292 0.583032 0.584970 0.583032 0.587678 0.586643 0.588355 0.586643 0.589032 0.587545 0.589709 0.587545 0.590386 0.588448 0.591063 0.588448 0.591740 0.589350 0.592417 0.588448 0.592417 0.587545 0.593094 0.586643 0.593094 0.584838 0.593771 0.583935 0.593771 0.569495 0.594448 0.568592 0.594448 0.565884 0.595125 0.564982 0.595125 0.537004 0.595802 0.536101 0.595802 0.499097 0.595125 0.498195 0.595125 0.478339 0.593771 0.476534 0.592417 0.476534 0.591740 0.475632 0.590386 0.475632 0.588355 0.472924 0.588355 0.472022 0.584970 0.467509 0.584970 0.466606
0 0.587678 0.354693 0.587001 0.355596 0.585647 0.355596 0.585647 0.356498 0.584970 0.357401 0.584970 0.361011 0.585647 0.361913 0.585647 0.362816 0.586324 0.363718 0.586324 0.365523 0.587001 0.366426 0.587001 0.367329 0.587678 0.368231 0.587678 0.369134 0.588355 0.370036 0.588355 0.370939 0.589709 0.372744 0.589709 0.374549 0.591063 0.376354 0.591063 0.382671 0.592417 0.384477 0.593094 0.384477 0.593771 0.385379 0.594448 0.385379 0.595125 0.386282 0.596479 0.386282 0.597156 0.385379 0.597833 0.385379 0.598510 0.384477 0.598510 0.372744 0.597833 0.371841 0.597833 0.369134 0.597156 0.368231 0.597156 0.365523 0.596479 0.364621 0.596479 0.362816 0.595802 0.361913 0.595802 0.361011 0.595125 0.360108 0.595125 0.359206 0.594448 0.358303 0.593771 0.358303 0.591740 0.355596 0.590386 0.355596 0.589709 0.354693
3 0.459039 0.689531 0.458362 0.690433 0.457684 0.690433 0.457007 0.691336 0.457007 0.693141 0.456330 0.694043 0.456330 0.697653 0.455653 0.698556 0.455653 0.702166 0.456330 0.703069 0.456330 0.705776 0.457007 0.706679 0.457007 0.707581 0.457684 0.708484 0.461747 0.708484 0.462424 0.707581 0.464455 0.707581 0.465132 0.706679 0.467163 0.706679 0.468517 0.704874 0.469194 0.704874 0.469871 0.703971 0.470548 0.703971 0.473934 0.699458 0.473934 0.697653 0.473257 0.696751 0.473257 0.694043 0.472580 0.693141 0.472580 0.691336 0.471225 0.689531 0.469194 0.689531 0.468517 0.690433 0.461747 0.690433 0.461070 0.689531
3 0.353419 0.698556 0.352742 0.699458 0.352065 0.699458 0.352065 0.700361 0.351388 0.701264 0.351388 0.702166 0.350711 0.703069 0.350711 0.704874 0.350034 0.705776 0.350034 0.707581 0.348003 0.710289 0.348003 0.711191 0.347326 0.712094 0.347326 0.712996 0.346649 0.713899 0.346649 0.717509 0.347326 0.718412 0.347326 0.719314 0.348003 0.720217 0.348003 0.721119 0.348680 0.722022 0.351388 0.718412 0.352065 0.718412 0.352742 0.717509 0.354096 0.717509 0.354773 0.716606 0.358158 0.716606 0.358835 0.715704 0.360867 0.715704 0.361544 0.714801 0.376439 0.714801 0.377116 0.713899 0.379824 0.713899 0.380501 0.712996 0.380501 0.712094 0.379824 0.711191 0.379824 0.710289 0.379147 0.709386 0.379147 0.708484 0.377793 0.706679 0.377793 0.705776 0.377116 0.705776 0.375085 0.703069 0.374408 0.703069 0.373053 0.701264 0.372376 0.701264 0.371022 0.699458 0.370345 0.699458 0.369668 0.698556 0.363575 0.698556 0.362898 0.699458 0.358158 0.699458 0.357481 0.698556