0 0.320397 0.692620 0.320397 0.693297 0.317690 0.695328 0.314079 0.695328 0.313177 0.696005 0.313177 0.698037 0.319495 0.698037 0.320397 0.697360 0.321300 0.697360 0.322202 0.696682 0.323105 0.696682 0.324007 0.696005 0.325812 0.696005 0.325812 0.695328 0.324007 0.695328 0.321300 0.693297 0.321300 0.692620
0 0.336643 0.689235 0.334838 0.690589 0.333935 0.690589 0.333032 0.691266 0.332130 0.691266 0.331227 0.691943 0.329422 0.691943 0.328520 0.692620 0.326715 0.692620 0.327617 0.693297 0.327617 0.693974 0.328520 0.694651 0.328520 0.700745 0.329422 0.701422 0.329422 0.702776 0.331227 0.702776 0.332130 0.703453 0.332130 0.704130 0.333032 0.704807 0.333032 0.706161 0.335740 0.708192 0.335740 0.708869 0.336643 0.709546 0.336643 0.711578 0.337545 0.712255 0.337545 0.712932 0.338448 0.713609 0.337545 0.714286 0.337545 0.714963 0.336643 0.715640 0.336643 0.719702 0.335740 0.720379 0.335740 0.721056 0.334838 0.721733 0.334838 0.723087 0.333935 0.723764 0.333935 0.725796 0.333032 0.726473 0.333032 0.727150 0.333935 0.727827 0.333935 0.728504 0.336643 0.730535 0.334838 0.731889 0.333935 0.731889 0.333032 0.732566 0.331227 0.732566 0.330325 0.733243 0.329422 0.733243 0.328520 0.733920 0.329422 0.734597 0.329422 0.735274 0.330325 0.735951 0.331227 0.735951 0.333032 0.737305 0.333032 0.740691 0.333935 0.741368 0.333935 0.742045 0.334838 0.742045 0.335740 0.741368 0.336643 0.741368 0.339350 0.739336 0.339350 0.737982 0.340253 0.737305 0.340253 0.736628 0.341155 0.735951 0.343863 0.735951 0.344765 0.736628 0.344765 0.735951 0.345668 0.735274 0.345668 0.734597 0.346570 0.733920 0.346570 0.731889 0.347473 0.731212 0.347473 0.723087 0.348375 0.722410 0.348375 0.712255 0.347473 0.711578 0.347473 0.709546 0.346570 0.708869 0.346570 0.708192 0.345668 0.707515 0.345668 0.698714 0.344765 0.698037 0.344765 0.697360 0.342960 0.696005 0.342960 0.694651 0.343863 0.693974 0.343863 0.692620 0.342960 0.691943 0.342960 0.691266 0.340253 0.689235
0 0.737365 0.546378 0.737365 0.547732 0.736462 0.548409 0.736462 0.549086 0.735560 0.549763 0.735560 0.550440 0.737365 0.551794 0.737365 0.552471 0.737365 0.551794 0.740072 0.549763 0.740072 0.549086 0.739170 0.548409 0.739170 0.547732
0 0.887184 0.513879 0.886282 0.514557 0.886282 0.515234 0.881769 0.518619 0.882671 0.518619 0.883574 0.519296 0.886282 0.519296 0.888087 0.517942 0.888087 0.516588 0.889892 0.515234 0.889892 0.513879
0 0.767148 0.459716 0.768051 0.460393 0.768953 0.459716
0 0.667870 0.445498 0.666968 0.446175 0.667870 0.446175
0 0.705776 0.435342 0.704874 0.436019 0.704874 0.438727 0.705776 0.439404 0.706679 0.438727 0.706679 0.437373 0.705776 0.436696
0 0.664260 0.431957 0.664260 0.432634 0.662455 0.433988 0.660650 0.433988 0.659747 0.434665 0.659747 0.437373 0.661552 0.438727 0.662455 0.438727 0.663357 0.439404 0.666065 0.439404 0.666968 0.438727 0.669675 0.438727 0.668773 0.438050 0.668773 0.434665 0.667870 0.433988 0.666065 0.433988 0.665162 0.433311 0.665162 0.432634
0 0.711191 0.424509 0.711191 0.425186 0.713899 0.425186 0.713899 0.424509
0 0.736462 0.421124 0.736462 0.421801 0.735560 0.422478 0.735560 0.423832 0.734657 0.424509 0.734657 0.425186 0.735560 0.425863 0.735560 0.431957 0.734657 0.432634 0.733755 0.432634 0.732852 0.431957 0.732852 0.429926 0.731949 0.429248 0.731949 0.426540 0.731047 0.426540 0.730144 0.425863 0.729242 0.425863 0.727437 0.424509 0.726534 0.424509 0.726534 0.429248 0.725632 0.429926 0.725632 0.431280 0.724729 0.431957 0.724729 0.435342 0.725632 0.436019 0.726534 0.436019 0.727437 0.436696 0.728339 0.436696 0.729242 0.437373 0.733755 0.437373 0.736462 0.435342 0.737365 0.435342 0.737365 0.431280 0.738267 0.430603 0.738267 0.429926 0.739170 0.429248 0.739170 0.424509 0.738267 0.423832 0.738267 0.421801 0.737365 0.421124
0 0.452166 0.339878 0.451264 0.340555 0.438628 0.340555 0.437726 0.341232 0.433213 0.341232 0.432310 0.341909 0.428700 0.341909 0.427798 0.342586 0.426895 0.342586 0.425993 0.343263 0.424188 0.343263 0.423285 0.343940 0.422383 0.343940 0.421480 0.344617 0.420578 0.344617 0.419675 0.345295 0.418773 0.345295 0.417870 0.345972 0.416968 0.345972 0.416065 0.346649 0.415162 0.346649 0.414260 0.347326 0.413357 0.347326 0.412455 0.348003 0.411552 0.348003 0.408845 0.350034 0.407942 0.350034 0.406137 0.351388 0.405235 0.351388 0.400722 0.354773 0.399819 0.354773 0.394404 0.358835 0.393502 0.358835 0.387184 0.363575 0.387184 0.364252 0.386282 0.364929 0.386282 0.365606 0.384477 0.366960 0.384477 0.367637 0.381769 0.369668 0.381769 0.370345 0.379964 0.371699 0.379964 0.372376 0.379061 0.373053 0.379061 0.373731 0.378159 0.374408 0.378159 0.375085 0.376354 0.376439 0.376354 0.377116 0.375451 0.377793 0.375451 0.378470 0.374549 0.379147 0.374549 0.379824 0.373646 0.380501 0.373646 0.381855 0.372744 0.382532 0.372744 0.383209 0.371841 0.383886 0.371841 0.385240 0.370036 0.386594 0.370036 0.387949 0.369134 0.388626 0.369134 0.389303 0.368231 0.389980 0.368231 0.391334 0.367329 0.392011 0.367329 0.392688 0.366426 0.393365 0.366426 0.395396 0.365523 0.396073 0.365523 0.398104 0.364621 0.398781 0.364621 0.400135 0.363718 0.400812 0.363718 0.403521 0.362816 0.404198 0.362816 0.408260 0.361913 0.408937 0.361913 0.412999 0.361011 0.413676 0.361011 0.432634 0.361913 0.433311 0.361913 0.438050 0.362816 0.438727 0.362816 0.442789 0.363718 0.443466 0.363718 0.444821 0.364621 0.445498 0.364621 0.446852 0.365523 0.447529 0.365523 0.448883 0.366426 0.449560 0.366426 0.450237 0.367329 0.450914 0.367329 0.451591 0.368231 0.452268 0.368231 0.452945 0.369134 0.453622 0.369134 0.454299 0.370036 0.454976 0.370036 0.455653 0.370939 0.456330 0.370939 0.457684 0.371841 0.458362 0.371841 0.459716 0.373646 0.461070 0.373646 0.461747 0.374549 0.462424 0.374549 0.463101 0.376354 0.464455 0.376354 0.465132 0.380866 0.468517 0.380866 0.469194 0.383574 0.471225 0.383574 0.471903 0.384477 0.471903 0.385379 0.472580 0.385379 0.473257 0.393502 0.479350 0.394404 0.479350 0.395307 0.480027 0.395307 0.480704 0.399819 0.484089 0.400722 0.484089 0.405235 0.487475 0.405235 0.489506 0.404332 0.490183 0.404332 0.490860 0.399819 0.494245 0.399819 0.494922 0.394404 0.498984 0.394404 0.499661 0.391697 0.501693 0.391697 0.502370 0.388087 0.505078 0.388087 0.505755 0.386282 0.507109 0.386282 0.507786 0.383574 0.509817 0.383574 0.510494 0.382671 0.511171 0.382671 0.511848 0.379964 0.513879 0.379964 0.514557 0.377256 0.516588 0.377256 0.517265 0.374549 0.519296 0.374549 0.519973 0.371841 0.522004 0.371841 0.522681 0.370036 0.524035 0.370036 0.524712 0.369134 0.525389 0.369134 0.526066 0.366426 0.528097 0.366426 0.528775 0.363718 0.530806 0.363718 0.531483 0.360108 0.534191 0.360108 0.534868 0.359206 0.535545 0.359206 0.536222 0.356498 0.538253 0.356498 0.538930 0.352888 0.541638 0.352888 0.542316 0.351083 0.543670 0.351083 0.544347 0.350181 0.545024 0.350181 0.545701 0.349278 0.546378 0.349278 0.547732 0.347473 0.549086 0.347473 0.549763 0.346570 0.550440 0.346570 0.551117 0.345668 0.551794 0.345668 0.552471 0.343863 0.553825 0.343863 0.554502 0.342960 0.555179 0.342960 0.555856 0.342058 0.556534 0.342058 0.557211 0.339350 0.559242 0.339350 0.559919 0.337545 0.561273 0.337545 0.561950 0.336643 0.562627 0.336643 0.563304 0.335740 0.563981 0.335740 0.564658 0.334838 0.565335 0.331227 0.565335 0.329422 0.566689 0.328520 0.566689 0.327617 0.567366 0.327617 0.568720 0.326715 0.569397 0.326715 0.572783 0.325812 0.573460 0.325812 0.575491 0.324910 0.576168 0.324910 0.576845 0.324007 0.577522 0.324007 0.578199 0.322202 0.579553 0.322202 0.580230 0.321300 0.580907 0.321300 0.581584 0.320397 0.582261 0.320397 0.583615 0.319495 0.584292 0.319495 0.586324 0.318592 0.587001 0.318592 0.589032 0.317690 0.589709 0.317690 0.593094 0.318592 0.593771 0.318592 0.595125 0.319495 0.595802 0.319495 0.598510 0.320397 0.599188 0.320397 0.600542 0.321300 0.601219 0.321300 0.601896 0.322202 0.602573 0.322202 0.603250 0.324007 0.604604 0.324007 0.605958 0.325812 0.607312 0.325812 0.607989 0.326715 0.608666 0.326715 0.609343 0.327617 0.610020 0.327617 0.610697 0.329422 0.612051 0.329422 0.612729 0.330325 0.613406 0.330325 0.614083 0.331227 0.614760 0.331227 0.615437 0.332130 0.616114 0.332130 0.617468 0.333032 0.618145 0.333032 0.619499 0.333935 0.620176 0.333935 0.621530 0.334838 0.622207 0.334838 0.623561 0.337545 0.625592 0.337545 0.626269 0.339350 0.627624 0.339350 0.628301 0.341155 0.629655 0.341155 0.630332 0.342058 0.631009 0.342058 0.631686 0.344765 0.633717 0.346570 0.632363 0.346570 0.631686 0.347473 0.631009 0.347473 0.628978 0.348375 0.628301 0.348375 0.623561 0.349278 0.622884 0.349278 0.621530 0.350181 0.620853 0.350181 0.620176 0.351083 0.619499 0.351083 0.618822 0.351986 0.618145 0.351986 0.616114 0.352888 0.615437 0.352888 0.613406 0.353791 0.612729 0.353791 0.611374 0.354693 0.610697 0.354693 0.610020 0.355596 0.609343 0.355596 0.607312 0.356498 0.606635 0.356498 0.598510 0.357401 0.597833 0.357401 0.595125 0.358303 0.594448 0.358303 0.592417 0.359206 0.591740 0.359206 0.589032 0.360108 0.588355 0.360108 0.586324 0.361011 0.585647 0.361011 0.584970 0.363718 0.582938 0.363718 0.582261 0.364621 0.581584 0.365523 0.581584 0.366426 0.580907 0.368231 0.580907 0.369134 0.580230 0.371841 0.580230 0.372744 0.579553 0.373646 0.579553 0.378159 0.576168 0.378159 0.575491 0.380866 0.573460 0.380866 0.572783 0.385379 0.569397 0.385379 0.568720 0.392599 0.563304 0.393502 0.563304 0.395307 0.561950 0.396209 0.561950 0.397112 0.561273 0.398014 0.561273 0.401625 0.558565 0.402527 0.558565 0.408845 0.553825 0.409747 0.553825 0.410650 0.553148 0.411552 0.553148 0.415162 0.550440 0.416065 0.550440 0.421480 0.546378 0.422383 0.546378 0.426895 0.542993 0.427798 0.542993 0.442238 0.532160 0.443141 0.532160 0.444043 0.531483 0.444946 0.531483 0.445848 0.530806 0.446751 0.530806 0.450361 0.528097 0.451264 0.528097 0.452166 0.527420 0.453069 0.527420 0.456679 0.524712 0.457581 0.524712 0.460289 0.522681 0.461191 0.522681 0.467509 0.517942 0.468412 0.517942 0.469314 0.517265 0.470217 0.517265 0.472924 0.515234 0.473827 0.515234 0.477437 0.512525 0.478339 0.512525 0.480144 0.511171 0.481047 0.511171 0.481949 0.510494 0.482852 0.510494 0.486462 0.507786 0.487365 0.507786 0.488267 0.507109 0.489170 0.507109 0.490072 0.506432 0.490975 0.506432 0.491877 0.505755 0.492780 0.505755 0.494585 0.504401 0.496390 0.504401 0.497292 0.503724 0.503610 0.503724 0.504513 0.503047 0.511733 0.503047 0.512635 0.503724 0.517148 0.503724 0.518051 0.503047 0.519856 0.503047 0.520758 0.502370 0.521661 0.502370 0.522563 0.501693 0.525271 0.501693 0.526173 0.501016 0.527978 0.501016 0.528881 0.500339 0.534296 0.500339 0.535199 0.499661 0.539711 0.499661 0.540614 0.500339 0.541516 0.500339 0.542419 0.501016 0.544224 0.501016 0.545126 0.501693 0.546029 0.501693 0.546931 0.502370 0.548736 0.502370 0.549639 0.503047 0.554152 0.503047 0.555054 0.503724 0.558664 0.503724 0.559567 0.504401 0.562274 0.504401 0.564982 0.506432 0.564982 0.507109 0.565884 0.507786 0.565884 0.509817 0.566787 0.510494 0.566787 0.513202 0.567690 0.513879 0.567690 0.517265 0.568592 0.517942 0.568592 0.518619 0.570397 0.519973 0.570397 0.520650 0.571300 0.521327 0.571300 0.522004 0.572202 0.522004 0.574007 0.523358 0.574910 0.523358 0.575812 0.524035 0.576715 0.524035 0.577617 0.524712 0.581227 0.524712 0.585740 0.528097 0.585740 0.529452 0.586643 0.530129 0.586643 0.531483 0.587545 0.532160 0.587545 0.542316 0.586643 0.542993 0.586643 0.543670 0.585740 0.544347 0.585740 0.545024 0.584838 0.545701 0.584838 0.546378 0.583935 0.547055 0.584838 0.547732 0.584838 0.549763 0.583935 0.550440 0.580325 0.550440 0.579422 0.549763 0.579422 0.547055 0.578520 0.546378 0.577617 0.546378 0.577617 0.547732 0.576715 0.548409 0.576715 0.549086 0.574007 0.551117 0.574007 0.551794 0.573105 0.552471 0.573105 0.553148 0.571300 0.554502 0.571300 0.555179 0.568592 0.557211 0.567690 0.557211 0.565884 0.558565 0.564982 0.558565 0.562274 0.560596 0.562274 0.561273 0.558664 0.563981 0.558664 0.564658 0.555054 0.567366 0.555054 0.568043 0.552347 0.570074 0.552347 0.570752 0.550542 0.572106 0.550542 0.572783 0.538809 0.581584 0.538809 0.582261 0.537906 0.582938 0.537906 0.583615 0.537004 0.584292 0.537004 0.584970 0.535199 0.586324 0.535199 0.587001 0.534296 0.587678 0.534296 0.588355 0.533394 0.589032 0.533394 0.589709 0.531588 0.591063 0.531588 0.591740 0.529783 0.593094 0.528881 0.593094 0.519856 0.599865 0.518953 0.599865 0.515343 0.602573 0.514440 0.602573 0.513538 0.603250 0.512635 0.603250 0.508123 0.606635 0.507220 0.606635 0.506318 0.607312 0.506318 0.607989 0.502708 0.610697 0.502708 0.611374 0.491877 0.619499 0.491877 0.620176 0.490975 0.620853 0.490072 0.620853 0.486462 0.623561 0.485560 0.623561 0.484657 0.624238 0.483755 0.624238 0.480144 0.626947 0.479242 0.626947 0.478339 0.627624 0.477437 0.627624 0.476534 0.628301 0.475632 0.628301 0.472924 0.630332 0.472022 0.630332 0.471119 0.631009 0.470217 0.631009 0.469314 0.631686 0.468412 0.631686 0.467509 0.632363 0.467509 0.633040 0.466606 0.633717 0.464801 0.633717 0.463899 0.634394 0.461191 0.634394 0.460289 0.635071 0.459386 0.635071 0.458484 0.635748 0.457581 0.635748 0.455776 0.637102 0.454874 0.637102 0.453971 0.637779 0.453069 0.637779 0.452166 0.638456 0.451264 0.638456 0.447653 0.641165 0.445848 0.641165 0.444946 0.641842 0.444043 0.641842 0.443141 0.642519 0.442238 0.642519 0.440433 0.643873 0.439531 0.643873 0.438628 0.644550 0.437726 0.644550 0.435921 0.645904 0.435018 0.645904 0.432310 0.647935 0.431408 0.647935 0.430505 0.648612 0.428700 0.648612 0.425090 0.651320 0.424188 0.651320 0.422383 0.652674 0.421480 0.652674 0.420578 0.653351 0.419675 0.653351 0.417870 0.654705 0.416065 0.654705 0.415162 0.655383 0.413357 0.655383 0.412455 0.656060 0.411552 0.656060 0.410650 0.656737 0.409747 0.656737 0.407040 0.658768 0.405235 0.658768 0.404332 0.659445 0.403430 0.659445 0.401625 0.660799 0.400722 0.660799 0.398014 0.662830 0.397112 0.662830 0.394404 0.664861 0.393502 0.664861 0.391697 0.666215 0.390794 0.666215 0.388989 0.667569 0.388087 0.667569 0.386282 0.668923 0.384477 0.668923 0.383574 0.669601 0.382671 0.669601 0.379964 0.671632 0.379061 0.671632 0.378159 0.672309 0.377256 0.672309 0.376354 0.672986 0.375451 0.672986 0.371841 0.675694 0.370939 0.675694 0.367329 0.678402 0.367329 0.682464 0.368231 0.683142 0.368231 0.685173 0.369134 0.685850 0.369134 0.688558 0.370036 0.689235 0.370036 0.691266 0.370939 0.691943 0.370939 0.694651 0.371841 0.695328 0.371841 0.697360 0.372744 0.698037 0.372744 0.698714 0.373646 0.699391 0.373646 0.702099 0.374549 0.702776 0.374549 0.704807 0.375451 0.705484 0.375451 0.706838 0.376354 0.707515 0.376354 0.708192 0.377256 0.708869 0.377256 0.709546 0.378159 0.710223 0.378159 0.710900 0.379061 0.711578 0.379061 0.712255 0.386282 0.712255 0.387184 0.711578 0.388087 0.711578 0.389892 0.710223 0.390794 0.710223 0.391697 0.709546 0.392599 0.709546 0.393502 0.708869 0.395307 0.708869 0.396209 0.708192 0.398014 0.708192 0.398917 0.707515 0.401625 0.707515 0.402527 0.706838 0.404332 0.706838 0.405235 0.706161 0.407040 0.706161 0.407942 0.705484 0.409747 0.705484 0.410650 0.704807 0.412455 0.704807 0.413357 0.704130 0.414260 0.704130 0.415162 0.703453 0.416065 0.703453 0.416968 0.702776 0.419675 0.702776 0.420578 0.702099 0.423285 0.702099 0.424188 0.701422 0.425993 0.701422 0.427798 0.700068 0.429603 0.700068 0.430505 0.699391 0.431408 0.699391 0.432310 0.698714 0.434116 0.698714 0.435018 0.698037 0.436823 0.698037 0.437726 0.697360 0.438628 0.697360 0.440433 0.696005 0.441336 0.696005 0.442238 0.695328 0.444043 0.695328 0.444946 0.694651 0.449458 0.694651 0.450361 0.693974 0.452166 0.693974 0.453069 0.693297 0.453971 0.693297 0.455776 0.691943 0.457581 0.691943 0.458484 0.691266 0.459386 0.691266 0.460289 0.690589 0.462094 0.690589 0.462996 0.689912 0.463899 0.689912 0.464801 0.689235 0.466606 0.689235 0.467509 0.688558 0.468412 0.688558 0.469314 0.687881 0.470217 0.687881 0.471119 0.687204 0.472022 0.687204 0.473827 0.685850 0.474729 0.685850 0.475632 0.685173 0.476534 0.685173 0.477437 0.684496 0.479242 0.684496 0.480144 0.683819 0.481047 0.683819 0.481949 0.683142 0.482852 0.683142 0.483755 0.682464 0.484657 0.682464 0.485560 0.681787 0.486462 0.681787 0.487365 0.681110 0.489170 0.681110 0.490072 0.680433 0.491877 0.680433 0.492780 0.679756 0.493682 0.679756 0.494585 0.679079 0.495487 0.679079 0.497292 0.677725 0.498195 0.677725 0.499097 0.677048 0.500000 0.677048 0.500903 0.676371 0.501805 0.676371 0.503610 0.675017 0.504513 0.675017 0.505415 0.674340 0.506318 0.674340 0.507220 0.673663 0.508123 0.673663 0.509025 0.672986 0.509928 0.672986 0.511733 0.671632 0.512635 0.671632 0.513538 0.670955 0.514440 0.670955 0.515343 0.670278 0.516245 0.670278 0.517148 0.669601 0.518051 0.669601 0.519856 0.668246 0.520758 0.668246 0.521661 0.667569 0.522563 0.667569 0.523466 0.666892 0.524368 0.666892 0.526173 0.665538 0.527076 0.665538 0.527978 0.664861 0.528881 0.664861 0.529783 0.664184 0.530686 0.664184 0.531588 0.663507 0.532491 0.663507 0.533394 0.662830 0.534296 0.662830 0.536101 0.661476 0.537004 0.661476 0.545126 0.655383 0.546029 0.655383 0.546931 0.654705 0.547834 0.654705 0.549639 0.653351 0.550542 0.653351 0.553249 0.651320 0.554152 0.651320 0.555054 0.650643 0.555957 0.650643 0.556859 0.649966 0.557762 0.649966 0.558664 0.649289 0.559567 0.649289 0.561372 0.647935 0.562274 0.647935 0.564079 0.646581 0.564982 0.646581 0.565884 0.645904 0.566787 0.645904 0.568592 0.644550 0.569495 0.644550 0.571300 0.643196 0.572202 0.643196 0.573105 0.642519 0.574007 0.642519 0.575812 0.641165 0.576715 0.641165 0.578520 0.639810 0.579422 0.639810 0.581227 0.638456 0.582130 0.638456 0.583935 0.637102 0.584838 0.637102 0.593863 0.630332 0.594765 0.630332 0.595668 0.629655 0.596570 0.629655 0.597473 0.628978 0.598375 0.628978 0.599278 0.628301 0.600181 0.628301 0.601083 0.627624 0.601986 0.627624 0.602888 0.626947 0.603791 0.626947 0.604693 0.626269 0.605596 0.626269 0.606498 0.625592 0.607401 0.625592 0.608303 0.624915 0.610108 0.624915 0.611011 0.624238 0.611913 0.624238 0.615523 0.621530 0.616426 0.621530 0.620939 0.618145 0.621841 0.618145 0.623646 0.616791 0.623646 0.616114 0.627256 0.613406 0.627256 0.612729 0.638989 0.603927 0.638989 0.603250 0.641697 0.601219 0.642599 0.601219 0.645307 0.599188 0.645307 0.598510 0.648917 0.595802 0.648917 0.595125 0.651625 0.593094 0.651625 0.592417 0.653430 0.591063 0.653430 0.590386 0.656137 0.588355 0.656137 0.587678 0.673285 0.574814 0.673285 0.574137 0.674188 0.573460 0.675090 0.573460 0.677798 0.571429 0.677798 0.570752 0.678700 0.570074 0.679603 0.570074 0.685921 0.565335 0.686823 0.565335 0.692238 0.561273 0.693141 0.561273 0.694043 0.560596 0.694946 0.560596 0.695848 0.559919 0.697653 0.559919 0.698556 0.559242 0.700361 0.559242 0.701264 0.558565 0.703069 0.558565 0.703971 0.557888 0.704874 0.557888 0.705776 0.557211 0.707581 0.557211 0.708484 0.556534 0.710289 0.556534 0.712996 0.554502 0.715704 0.554502 0.716606 0.553825 0.717509 0.553825 0.717509 0.553148 0.718412 0.552471 0.718412 0.551117 0.719314 0.550440 0.719314 0.544347 0.721119 0.542993 0.721119 0.542316 0.722022 0.541638 0.722022 0.540284 0.726534 0.536899 0.728339 0.536899 0.729242 0.537576 0.731047 0.537576 0.732852 0.536222 0.736462 0.536222 0.737365 0.536899 0.739170 0.536899 0.740072 0.537576 0.740975 0.537576 0.741877 0.538253 0.742780 0.538253 0.743682 0.538930 0.744585 0.538930 0.745487 0.539607 0.744585 0.540284 0.744585 0.541638 0.742780 0.542993 0.741877 0.542993 0.741877 0.543670 0.742780 0.544347 0.742780 0.545701 0.743682 0.546378 0.742780 0.547055 0.742780 0.549086 0.741877 0.549763 0.742780 0.549763 0.743682 0.550440 0.744585 0.550440 0.745487 0.551117 0.747292 0.551117 0.750903 0.553825 0.750903 0.554502 0.751805 0.555179 0.754513 0.555179 0.755415 0.554502 0.755415 0.553825 0.756318 0.553148 0.756318 0.552471 0.758123 0.551117 0.759025 0.551117 0.759928 0.550440 0.760830 0.550440 0.761733 0.549763 0.762635 0.549763 0.765343 0.547732 0.765343 0.545024 0.766245 0.544347 0.766245 0.542316 0.767148 0.541638 0.767148 0.540961 0.769856 0.538930 0.771661 0.538930 0.773466 0.537576 0.775271 0.537576 0.776173 0.536899 0.777978 0.536899 0.778881 0.537576 0.779783 0.536899 0.779783 0.536222 0.780686 0.535545 0.780686 0.534191 0.781588 0.533514 0.781588 0.531483 0.782491 0.530806 0.784296 0.532160 0.784296 0.536222 0.783394 0.536899 0.783394 0.537576 0.782491 0.538253 0.780686 0.538253 0.780686 0.539607 0.779783 0.540284 0.779783 0.540961 0.778881 0.541638 0.778881 0.542993 0.775271 0.545701 0.775271 0.547055 0.774368 0.547732 0.774368 0.548409 0.772563 0.549763 0.771661 0.549763 0.768051 0.552471 0.767148 0.552471 0.766245 0.553148 0.766245 0.554502 0.762635 0.557211 0.761733 0.557211 0.760830 0.557888 0.759928 0.557888 0.759025 0.558565 0.759025 0.559919 0.755415 0.562627 0.753610 0.562627 0.752708 0.563304 0.750903 0.563304 0.750000 0.563981 0.748195 0.563981 0.749097 0.563981 0.750903 0.565335 0.750903 0.566689 0.751805 0.567366 0.751805 0.568043 0.753610 0.569397 0.753610 0.570074 0.754513 0.570752 0.754513 0.574137 0.752708 0.575491 0.752708 0.577522 0.751805 0.578199 0.750903 0.578199 0.749097 0.579553 0.749097 0.580230 0.748195 0.580907 0.748195 0.581584 0.747292 0.582261 0.747292 0.582938 0.746390 0.583615 0.746390 0.584970 0.745487 0.585647 0.745487 0.586324 0.744585 0.587001 0.744585 0.588355 0.743682 0.589032 0.743682 0.591063 0.742780 0.591740 0.742780 0.593094 0.741877 0.593771 0.741877 0.595802 0.740975 0.596479 0.740975 0.597156 0.740072 0.597833 0.740072 0.599188 0.739170 0.599865 0.739170 0.600542 0.738267 0.601219 0.738267 0.602573 0.736462 0.603927 0.736462 0.605281 0.735560 0.605958 0.735560 0.606635 0.734657 0.607312 0.734657 0.608666 0.733755 0.609343 0.733755 0.611374 0.732852 0.612051 0.732852 0.613406 0.731949 0.614083 0.731949 0.615437 0.731047 0.616114 0.731047 0.620853 0.730144 0.621530 0.730144 0.629655 0.729242 0.630332 0.729242 0.638456 0.730144 0.639133 0.730144 0.641842 0.731047 0.642519 0.731047 0.646581 0.731949 0.647258 0.731949 0.654028 0.731047 0.654705 0.731047 0.656060 0.729242 0.657414 0.729242 0.658091 0.728339 0.658768 0.728339 0.659445 0.727437 0.660122 0.727437 0.660799 0.726534 0.661476 0.726534 0.662153 0.725632 0.662830 0.725632 0.663507 0.724729 0.664184 0.724729 0.667569 0.723827 0.668246 0.723827 0.671632 0.722924 0.672309 0.722924 0.675694 0.722022 0.676371 0.722022 0.680433 0.721119 0.681110 0.721119 0.683819 0.720217 0.684496 0.720217 0.685173 0.719314 0.685850 0.719314 0.687204 0.718412 0.687881 0.718412 0.688558 0.717509 0.689235 0.717509 0.689912 0.716606 0.690589 0.716606 0.691266 0.715704 0.691943 0.715704 0.692620 0.714801 0.693297 0.714801 0.693974 0.713899 0.694651 0.713899 0.695328 0.712996 0.696005 0.712996 0.698037 0.712094 0.698714 0.712094 0.700068 0.709386 0.702099 0.709386 0.702776 0.708484 0.703453 0.708484 0.704130 0.705776 0.706161 0.705776 0.707515 0.703069 0.709546 0.703069 0.711578 0.703971 0.711578 0.705776 0.712932 0.723827 0.712932 0.724729 0.713609 0.729242 0.713609 0.730144 0.712932 0.731047 0.712932 0.731949 0.713609 0.745487 0.713609 0.746390 0.714286 0.761733 0.714286 0.762635 0.713609 0.762635 0.710900 0.763538 0.710223 0.763538 0.696005 0.764440 0.695328 0.764440 0.694651 0.765343 0.693974 0.765343 0.693297 0.766245 0.692620 0.766245 0.691943 0.774368 0.685850 0.774368 0.685173 0.777978 0.682464 0.777978 0.681787 0.778881 0.681110 0.778881 0.680433 0.779783 0.679756 0.779783 0.679079 0.780686 0.678402 0.780686 0.677048 0.781588 0.676371 0.781588 0.675694 0.783394 0.674340 0.783394 0.673663 0.784296 0.672986 0.784296 0.672309 0.785199 0.671632 0.785199 0.670955 0.786101 0.670278 0.786101 0.669601 0.787906 0.668246 0.787906 0.667569 0.788809 0.666892 0.788809 0.666215 0.789711 0.665538 0.789711 0.664861 0.790614 0.664184 0.790614 0.663507 0.791516 0.662830 0.791516 0.661476 0.792419 0.660799 0.792419 0.660122 0.793321 0.659445 0.793321 0.658768 0.794224 0.658091 0.794224 0.657414 0.795126 0.656737 0.795126 0.655383 0.796029 0.654705 0.796029 0.652674 0.796931 0.651997 0.796931 0.647935 0.797834 0.647258 0.797834 0.639133 0.798736 0.638456 0.798736 0.634394 0.799639 0.633717 0.799639 0.631009 0.800542 0.630332 0.800542 0.628301 0.801444 0.627624 0.801444 0.625592 0.802347 0.624915 0.802347 0.624238 0.803249 0.623561 0.803249 0.622884 0.804152 0.622207 0.804152 0.621530 0.805054 0.620853 0.805054 0.620176 0.805957 0.619499 0.805957 0.618822 0.807762 0.617468 0.807762 0.616791 0.809567 0.615437 0.809567 0.614760 0.810469 0.614083 0.810469 0.613406 0.812274 0.612051 0.812274 0.611374 0.814079 0.610020 0.814079 0.609343 0.814982 0.608666 0.814982 0.607989 0.816787 0.606635 0.816787 0.605958 0.817690 0.605281 0.817690 0.604604 0.819495 0.603250 0.819495 0.602573 0.820397 0.601896 0.820397 0.601219 0.821300 0.600542 0.821300 0.599865 0.823105 0.598510 0.823105 0.597833 0.824910 0.596479 0.824910 0.595802 0.825812 0.595125 0.825812 0.594448 0.826715 0.593771 0.826715 0.593094 0.827617 0.592417 0.827617 0.591740 0.828520 0.591063 0.828520 0.590386 0.829422 0.589709 0.829422 0.589032 0.830325 0.588355 0.830325 0.587678 0.831227 0.587001 0.831227 0.586324 0.834838 0.583615 0.834838 0.582938 0.835740 0.582261 0.835740 0.581584 0.836643 0.580907 0.836643 0.579553 0.837545 0.578876 0.837545 0.578199 0.838448 0.577522 0.838448 0.576845 0.840253 0.575491 0.840253 0.574814 0.842058 0.573460 0.842058 0.572783 0.842960 0.572106 0.842960 0.571429 0.843863 0.570752 0.843863 0.570074 0.844765 0.569397 0.844765 0.568720 0.847473 0.566689 0.847473 0.566012 0.848375 0.565335 0.848375 0.563981 0.849278 0.563304 0.849278 0.562627 0.850181 0.561950 0.850181 0.560596 0.851083 0.559919 0.851083 0.559242 0.851986 0.558565 0.851986 0.557888 0.852888 0.557211 0.852888 0.556534 0.853791 0.555856 0.853791 0.555179 0.854693 0.554502 0.854693 0.553825 0.856498 0.552471 0.856498 0.551794 0.857401 0.551117 0.857401 0.550440 0.858303 0.549763 0.858303 0.548409 0.859206 0.547732 0.859206 0.547055 0.860108 0.546378 0.860108 0.545701 0.861011 0.545024 0.861011 0.544347 0.861913 0.543670 0.861913 0.542316 0.862816 0.541638 0.862816 0.540961 0.864621 0.539607 0.874549 0.539607 0.876354 0.538253 0.876354 0.534191 0.875451 0.534191 0.871841 0.531483 0.871841 0.529452 0.869134 0.527420 0.865523 0.527420 0.861913 0.524712 0.861011 0.525389 0.852888 0.525389 0.849278 0.522681 0.849278 0.521327 0.850181 0.520650 0.850181 0.517265 0.849278 0.516588 0.849278 0.514557 0.848375 0.513879 0.848375 0.510494 0.848375 0.511171 0.847473 0.511848 0.847473 0.512525 0.844765 0.514557 0.838448 0.514557 0.836643 0.513202 0.836643 0.512525 0.835740 0.511848 0.838448 0.509817 0.840253 0.509817 0.841155 0.509140 0.842058 0.509140 0.842058 0.508463 0.844765 0.506432 0.848375 0.506432 0.848375 0.504401 0.849278 0.503724 0.849278 0.502370 0.850181 0.501693 0.850181 0.499661 0.851083 0.498984 0.851083 0.498307 0.848375 0.496276 0.847473 0.496276 0.846570 0.496953 0.845668 0.496953 0.843863 0.495599 0.843863 0.494922 0.842960 0.494245 0.842960 0.493568 0.842058 0.492891 0.838448 0.492891 0.837545 0.492214 0.835740 0.492214 0.834838 0.491537 0.833935 0.491537 0.833032 0.490860 0.833032 0.490183 0.832130 0.489506 0.832130 0.488829 0.831227 0.488152 0.829422 0.488152 0.828520 0.487475 0.824910 0.487475 0.824007 0.486798 0.823105 0.486798 0.822202 0.486121 0.820397 0.486121 0.819495 0.485443 0.818592 0.485443 0.817690 0.484766 0.816787 0.484766 0.814982 0.483412 0.814982 0.482735 0.814079 0.482058 0.808664 0.482058 0.807762 0.481381 0.802347 0.481381 0.801444 0.480704 0.800542 0.480704 0.798736 0.479350 0.796931 0.479350 0.796029 0.478673 0.795126 0.478673 0.794224 0.477996 0.792419 0.477996 0.791516 0.477319 0.789711 0.477319 0.787004 0.475288 0.784296 0.475288 0.783394 0.474611 0.780686 0.474611 0.779783 0.473934 0.778881 0.473934 0.777076 0.472580 0.776173 0.472580 0.770758 0.468517 0.768953 0.468517 0.768051 0.467840 0.767148 0.467840 0.766245 0.467163 0.765343 0.467163 0.764440 0.466486 0.765343 0.465809 0.765343 0.464455 0.766245 0.463778 0.766245 0.461070 0.763538 0.461070 0.762635 0.461747 0.760830 0.461747 0.759928 0.461070 0.756318 0.461070 0.755415 0.461747 0.754513 0.461070 0.753610 0.461070 0.752708 0.460393 0.748195 0.460393 0.747292 0.459716 0.747292 0.456330 0.746390 0.455653 0.746390 0.454299 0.745487 0.453622 0.745487 0.448883 0.744585 0.448206 0.736462 0.448206 0.735560 0.447529 0.728339 0.447529 0.727437 0.446852 0.719314 0.446852 0.718412 0.447529 0.710289 0.447529 0.709386 0.446852 0.703069 0.446852 0.702166 0.447529 0.697653 0.447529 0.696751 0.446852 0.693141 0.446852 0.691336 0.448206 0.691336 0.448883 0.690433 0.449560 0.689531 0.449560 0.688628 0.450237 0.687726 0.450237 0.686823 0.450914 0.685921 0.450914 0.682310 0.453622 0.681408 0.453622 0.680505 0.454299 0.679603 0.454299 0.678700 0.454976 0.677798 0.454976 0.675090 0.452945 0.675090 0.450914 0.675993 0.450237 0.675993 0.449560 0.676895 0.448883 0.675993 0.448206 0.675993 0.447529 0.675090 0.446852 0.675090 0.444821 0.675993 0.444144 0.675993 0.440081 0.675090 0.439404 0.675090 0.432634 0.674188 0.433311 0.674188 0.434665 0.673285 0.435342 0.673285 0.438050 0.672383 0.438727 0.673285 0.439404 0.673285 0.442789 0.674188 0.443466 0.674188 0.445498 0.675090 0.446175 0.674188 0.446852 0.674188 0.450237 0.673285 0.450914 0.673285 0.451591 0.672383 0.452268 0.671480 0.452268 0.670578 0.451591 0.669675 0.451591 0.668773 0.450914 0.664260 0.450914 0.662455 0.449560 0.662455 0.446852 0.663357 0.446175 0.662455 0.446175 0.661552 0.445498 0.660650 0.445498 0.659747 0.446175 0.659747 0.450914 0.658845 0.451591 0.658845 0.452268 0.657942 0.452945 0.657040 0.452945 0.656137 0.452268 0.656137 0.443466 0.657040 0.442789 0.657040 0.438727 0.656137 0.438050 0.656137 0.437373 0.655235 0.436696 0.655235 0.434665 0.654332 0.433988 0.654332 0.433311 0.652527 0.431957 0.652527 0.431280 0.654332 0.429926 0.654332 0.428571 0.653430 0.428571 0.653430 0.430603 0.652527 0.431280 0.650722 0.431280 0.648917 0.429926 0.648917 0.427217 0.648014 0.426540 0.648014 0.425186 0.647112 0.424509 0.647112 0.423832 0.646209 0.423155 0.646209 0.422478 0.645307 0.421801 0.645307 0.420447 0.646209 0.419770 0.646209 0.417739 0.647112 0.417062 0.647112 0.416385 0.648014 0.415708 0.648014 0.412999 0.648917 0.412322 0.648917 0.411645 0.649819 0.410968 0.648917 0.410291 0.648917 0.404198 0.648014 0.403521 0.648014 0.402167 0.647112 0.401490 0.647112 0.400812 0.648014 0.400135 0.648917 0.400135 0.649819 0.399458 0.652527 0.399458 0.653430 0.400135 0.657040 0.400135 0.657942 0.400812 0.657942 0.401490 0.658845 0.402167 0.658845 0.404198 0.657942 0.404875 0.657942 0.405552 0.656137 0.406906 0.655235 0.406906 0.654332 0.407583 0.653430 0.407583 0.653430 0.408260 0.655235 0.409614 0.655235 0.410968 0.656137 0.411645 0.656137 0.412322 0.659747 0.412322 0.661552 0.410968 0.664260 0.410968 0.663357 0.410968 0.662455 0.410291 0.662455 0.408937 0.661552 0.408260 0.661552 0.404198 0.662455 0.403521 0.662455 0.402844 0.666065 0.400135 0.669675 0.400135 0.670578 0.399458 0.671480 0.399458 0.672383 0.400135 0.674188 0.400135 0.675993 0.401490 0.677798 0.401490 0.679603 0.402844 0.683213 0.402844 0.684116 0.403521 0.689531 0.403521 0.690433 0.404198 0.690433 0.405552 0.691336 0.406229 0.692238 0.406229 0.694043 0.407583 0.694043 0.408260 0.693141 0.408937 0.690433 0.408937 0.688628 0.407583 0.682310 0.407583 0.681408 0.406906 0.679603 0.406906 0.678700 0.406229 0.677798 0.406229 0.675993 0.407583 0.676895 0.408260 0.676895 0.408937 0.677798 0.409614 0.677798 0.410968 0.678700 0.411645 0.679603 0.411645 0.682310 0.413676 0.682310 0.414353 0.683213 0.414353 0.684116 0.413676 0.687726 0.413676 0.688628 0.414353 0.688628 0.415030 0.685921 0.417062 0.685921 0.417739 0.691336 0.421801 0.694043 0.421801 0.694043 0.417739 0.693141 0.417739 0.692238 0.417062 0.690433 0.417062 0.688628 0.415708 0.688628 0.413676 0.690433 0.412322 0.693141 0.412322 0.694946 0.413676 0.694946 0.416385 0.696751 0.416385 0.698556 0.417739 0.699458 0.417739 0.699458 0.417062 0.702166 0.415030 0.703069 0.415708 0.703971 0.415708 0.704874 0.416385 0.704874 0.417062 0.707581 0.419093 0.708484 0.419093 0.709386 0.419770 0.709386 0.420447 0.710289 0.420447 0.711191 0.419770 0.712996 0.419770 0.714801 0.418416 0.713899 0.417739 0.713899 0.417062 0.712094 0.415708 0.712094 0.415030 0.711191 0.414353 0.711191 0.413676 0.710289 0.412999 0.710289 0.412322 0.709386 0.411645 0.706679 0.411645 0.703069 0.408937 0.703069 0.407583 0.703971 0.406906 0.708484 0.406906 0.710289 0.408260 0.712996 0.408260 0.713899 0.408937 0.716606 0.408937 0.717509 0.409614 0.731047 0.409614 0.732852 0.408260 0.732852 0.407583 0.733755 0.406906 0.734657 0.406906 0.736462 0.408260 0.737365 0.408260 0.738267 0.407583 0.738267 0.406229 0.736462 0.404875 0.736462 0.404198 0.737365 0.403521 0.739170 0.403521 0.740072 0.404198 0.740975 0.404198 0.741877 0.404875 0.741877 0.406229 0.742780 0.406906 0.742780 0.412322 0.743682 0.412999 0.743682 0.414353 0.744585 0.415030 0.744585 0.416385 0.745487 0.417062 0.745487 0.419770 0.744585 0.420447 0.744585 0.422478 0.746390 0.423832 0.746390 0.424509 0.747292 0.424509 0.748195 0.425186 0.750903 0.425186 0.752708 0.426540 0.753610 0.426540 0.754513 0.427217 0.757220 0.427217 0.758123 0.427894 0.763538 0.427894 0.764440 0.427217 0.765343 0.427217 0.766245 0.427894 0.767148 0.427894 0.768953 0.429248 0.769856 0.429248 0.770758 0.429926 0.771661 0.429926 0.773466 0.431280 0.774368 0.431280 0.777978 0.433988 0.778881 0.433988 0.782491 0.436696 0.785199 0.436696 0.786101 0.437373 0.791516 0.437373 0.792419 0.438050 0.796029 0.438050 0.796931 0.438727 0.798736 0.438727 0.799639 0.439404 0.800542 0.439404 0.801444 0.440081 0.803249 0.440081 0.804152 0.440758 0.806859 0.440758 0.807762 0.441435 0.808664 0.441435 0.809567 0.442112 0.810469 0.442112 0.812274 0.443466 0.813177 0.443466 0.814079 0.444144 0.814982 0.444144 0.817690 0.446175 0.819495 0.446175 0.820397 0.446852 0.821300 0.446852 0.822202 0.447529 0.824007 0.447529 0.824910 0.448206 0.826715 0.448206 0.828520 0.449560 0.830325 0.449560 0.831227 0.450237 0.834838 0.450237 0.835740 0.449560 0.839350 0.449560 0.840253 0.450237 0.842058 0.450237 0.842960 0.450914 0.845668 0.450914 0.846570 0.451591 0.848375 0.451591 0.849278 0.452268 0.850181 0.452268 0.851986 0.453622 0.852888 0.453622 0.853791 0.454299 0.854693 0.454299 0.855596 0.454976 0.857401 0.454976 0.858303 0.455653 0.860108 0.455653 0.861011 0.456330 0.862816 0.456330 0.863718 0.457007 0.865523 0.457007 0.866426 0.457684 0.867329 0.457684 0.868231 0.458362 0.869134 0.458362 0.870036 0.459039 0.870939 0.459039 0.871841 0.459716 0.872744 0.459716 0.873646 0.460393 0.875451 0.460393 0.876354 0.461070 0.877256 0.461070 0.878159 0.461747 0.879061 0.461747 0.879964 0.462424 0.880866 0.462424 0.881769 0.463101 0.882671 0.463101 0.884477 0.464455 0.885379 0.464455 0.886282 0.465132 0.887184 0.465132 0.888087 0.465809 0.889892 0.465809 0.891697 0.467163 0.892599 0.467163 0.893502 0.467840 0.894404 0.467840 0.895307 0.468517 0.897112 0.468517 0.898014 0.469194 0.899819 0.469194 0.900722 0.469871 0.907040 0.469871 0.907942 0.469194 0.907942 0.468517 0.908845 0.467840 0.908845 0.465809 0.909747 0.465132 0.909747 0.463101 0.910650 0.462424 0.910650 0.461747 0.912455 0.460393 0.912455 0.459716 0.917870 0.455653 0.917870 0.454299 0.918773 0.453622 0.918773 0.445498 0.917870 0.444821 0.917870 0.443466 0.916968 0.442789 0.916968 0.441435 0.916065 0.440758 0.916065 0.439404 0.915162 0.438727 0.915162 0.438050 0.914260 0.437373 0.914260 0.436019 0.913357 0.435342 0.913357 0.434665 0.912455 0.433988 0.912455 0.432634 0.911552 0.431957 0.911552 0.431280 0.910650 0.430603 0.910650 0.429248 0.909747 0.428571 0.909747 0.426540 0.908845 0.425863 0.908845 0.424509 0.907942 0.423832 0.907942 0.422478 0.907040 0.421801 0.907040 0.421124 0.906137 0.420447 0.906137 0.419093 0.905235 0.418416 0.905235 0.417739 0.904332 0.417062 0.904332 0.416385 0.903430 0.415708 0.903430 0.414353 0.902527 0.413676 0.902527 0.412999 0.901625 0.412322 0.901625 0.410968 0.900722 0.410291 0.900722 0.409614 0.899819 0.408937 0.899819 0.408260 0.898917 0.407583 0.898917 0.406906 0.897112 0.405552 0.897112 0.404875 0.895307 0.403521 0.895307 0.402844 0.892599 0.400812 0.892599 0.400135 0.889892 0.398104 0.889892 0.397427 0.888087 0.396073 0.888087 0.395396 0.884477 0.392688 0.884477 0.392011 0.861913 0.375085 0.861011 0.375085 0.860108 0.374408 0.859206 0.374408 0.858303 0.373731 0.857401 0.373731 0.855596 0.372376 0.854693 0.372376 0.852888 0.371022 0.851986 0.371022 0.851083 0.370345 0.850181 0.370345 0.849278 0.369668 0.848375 0.369668 0.847473 0.368991 0.846570 0.368991 0.845668 0.368314 0.844765 0.368314 0.843863 0.367637 0.842960 0.367637 0.842058 0.366960 0.840253 0.366960 0.839350 0.366283 0.837545 0.366283 0.836643 0.365606 0.835740 0.365606 0.834838 0.364929 0.833032 0.364929 0.832130 0.364252 0.829422 0.364252 0.828520 0.363575 0.824910 0.363575 0.824007 0.362898 0.823105 0.362898 0.822202 0.362221 0.821300 0.362221 0.820397 0.361544 0.819495 0.361544 0.818592 0.360867 0.817690 0.360867 0.816787 0.360190 0.815884 0.360190 0.814079 0.358835 0.813177 0.358835 0.812274 0.358158 0.811372 0.358158 0.810469 0.357481 0.809567 0.357481 0.807762 0.356127 0.806859 0.356127 0.804152 0.354096 0.803249 0.354096 0.800542 0.352065 0.799639 0.352065 0.796931 0.350034 0.796029 0.350034 0.795126 0.349357 0.794224 0.349357 0.793321 0.348680 0.792419 0.348680 0.791516 0.348003 0.790614 0.348003 0.789711 0.347326 0.788809 0.347326 0.787906 0.346649 0.787004 0.346649 0.786101 0.345972 0.784296 0.345972 0.783394 0.345295 0.769856 0.345295 0.768953 0.345972 0.759928 0.345972 0.759025 0.345295 0.752708 0.345295 0.751805 0.345972 0.744585 0.345972 0.743682 0.346649 0.741877 0.346649 0.740975 0.347326 0.740072 0.347326 0.739170 0.348003 0.738267 0.348003 0.737365 0.348680 0.728339 0.348680 0.727437 0.349357 0.726534 0.349357 0.725632 0.350034 0.716606 0.350034 0.715704 0.349357 0.709386 0.349357 0.708484 0.348680 0.694946 0.348680 0.694043 0.349357 0.692238 0.349357 0.691336 0.350034 0.688628 0.350034 0.687726 0.350711 0.684116 0.350711 0.683213 0.351388 0.673285 0.351388 0.672383 0.350711 0.669675 0.350711 0.668773 0.350034 0.656137 0.350034 0.655235 0.350711 0.650722 0.350711 0.649819 0.351388 0.644404 0.351388 0.643502 0.352065 0.629964 0.352065 0.629061 0.352742 0.623646 0.352742 0.622744 0.353419 0.613718 0.353419 0.612816 0.354096 0.607401 0.354096 0.606498 0.354773 0.603791 0.354773 0.602888 0.355450 0.600181 0.355450 0.599278 0.356127 0.596570 0.356127 0.595668 0.356804 0.591155 0.356804 0.590253 0.357481 0.587545 0.357481 0.586643 0.358158 0.583935 0.358158 0.583032 0.358835 0.578520 0.358835 0.577617 0.359513 0.567690 0.359513 0.566787 0.360190 0.564079 0.360190 0.563177 0.360867 0.561372 0.360867 0.560469 0.361544 0.558664 0.361544 0.556859 0.362898 0.555957 0.362221 0.555054 0.362221 0.553249 0.360867 0.552347 0.360867 0.550542 0.359513 0.549639 0.359513 0.548736 0.358835 0.547834 0.358835 0.546931 0.358158 0.546029 0.358158 0.545126 0.357481 0.543321 0.357481 0.542419 0.356804 0.540614 0.356804 0.539711 0.357481 0.537906 0.357481 0.537004 0.356804 0.528881 0.356804 0.527978 0.356127 0.526173 0.356127 0.525271 0.355450 0.524368 0.355450 0.523466 0.354773 0.522563 0.354773 0.521661 0.354096 0.520758 0.354096 0.519856 0.353419 0.518953 0.353419 0.518051 0.352742 0.517148 0.352742 0.516245 0.352065 0.515343 0.352065 0.514440 0.351388 0.513538 0.351388 0.512635 0.350711 0.510830 0.350711 0.509928 0.350034 0.509025 0.350034 0.508123 0.349357 0.507220 0.349357 0.506318 0.348680 0.505415 0.348680 0.504513 0.348003 0.503610 0.348003 0.502708 0.347326 0.500903 0.347326 0.500000 0.346649 0.499097 0.346649 0.498195 0.345972 0.495487 0.345972 0.494585 0.345295 0.492780 0.345295 0.491877 0.344617 0.488267 0.344617 0.487365 0.343940 0.483755 0.343940 0.482852 0.343263 0.480144 0.343263 0.479242 0.342586 0.476534 0.342586 0.475632 0.341909 0.472924 0.341909 0.472022 0.341232 0.467509 0.341232 0.466606 0.340555 0.460289 0.340555 0.459386 0.339878
1 0.440433 0.339878 0.439531 0.340555 0.435921 0.340555 0.435018 0.341232 0.431408 0.341232 0.430505 0.341909 0.428700 0.341909 0.427798 0.342586 0.426895 0.342586 0.425993 0.343263 0.424188 0.343263 0.423285 0.343940 0.422383 0.343940 0.421480 0.344617 0.419675 0.344617 0.418773 0.345295 0.417870 0.345295 0.416968 0.345972 0.416065 0.345972 0.415162 0.346649 0.414260 0.346649 0.413357 0.347326 0.412455 0.347326 0.410650 0.348680 0.409747 0.348680 0.407942 0.350034 0.407040 0.350034 0.401625 0.354096 0.400722 0.354096 0.398917 0.355450 0.398014 0.355450 0.386282 0.364252 0.386282 0.364929 0.385379 0.365606 0.385379 0.366283 0.383574 0.367637 0.383574 0.368314 0.381769 0.369668 0.381769 0.370345 0.379061 0.372376 0.379061 0.373053 0.378159 0.373731 0.378159 0.374408 0.376354 0.375762 0.376354 0.376439 0.375451 0.377116 0.375451 0.377793 0.374549 0.378470 0.374549 0.379147 0.373646 0.379824 0.373646 0.380501 0.372744 0.381178 0.372744 0.381855 0.371841 0.382532 0.371841 0.383886 0.370939 0.384563 0.370939 0.385240 0.370036 0.385917 0.370036 0.386594 0.369134 0.387271 0.369134 0.387949 0.368231 0.388626 0.368231 0.389303 0.367329 0.389980 0.367329 0.391334 0.366426 0.392011 0.366426 0.392688 0.365523 0.393365 0.365523 0.394719 0.364621 0.395396 0.364621 0.397427 0.363718 0.398104 0.363718 0.400135 0.362816 0.400812 0.362816 0.402844 0.361913 0.403521 0.361913 0.406229 0.361011 0.406906 0.361011 0.410291 0.360108 0.410968 0.360108 0.433988 0.361011 0.434665 0.361011 0.438050 0.361913 0.438727 0.361913 0.442112 0.362816 0.442789 0.362816 0.444821 0.363718 0.445498 0.363718 0.446852 0.364621 0.447529 0.364621 0.448883 0.365523 0.449560 0.365523 0.450237 0.366426 0.450914 0.366426 0.451591 0.367329 0.452268 0.367329 0.452945 0.368231 0.453622 0.368231 0.454299 0.369134 0.454976 0.369134 0.455653 0.370036 0.456330 0.370036 0.457007 0.370939 0.457684 0.370939 0.459039 0.371841 0.459716 0.371841 0.460393 0.373646 0.461747 0.373646 0.462424 0.375451 0.463778 0.375451 0.464455 0.378159 0.466486 0.378159 0.467163 0.380866 0.469194 0.380866 0.469871 0.386282 0.473934 0.386282 0.474611 0.387184 0.475288 0.388087 0.475288 0.397112 0.482058 0.398014 0.482058 0.401625 0.484766 0.402527 0.484766 0.405235 0.486798 0.406137 0.486798 0.407942 0.488152 0.408845 0.488152 0.414260 0.492214 0.414260 0.492891 0.415162 0.493568 0.415162 0.494245 0.416065 0.494922 0.416065 0.497630 0.416968 0.498307 0.416968 0.500339 0.417870 0.501016 0.417870 0.502370 0.418773 0.503047 0.418773 0.504401 0.419675 0.505078 0.419675 0.505755 0.420578 0.506432 0.420578 0.507109 0.426895 0.511848 0.427798 0.511848 0.428700 0.512525 0.429603 0.512525 0.430505 0.513202 0.432310 0.513202 0.433213 0.513879 0.442238 0.513879 0.443141 0.513202 0.444946 0.513202 0.445848 0.512525 0.447653 0.512525 0.448556 0.511848 0.450361 0.511848 0.451264 0.511171 0.452166 0.511171 0.453069 0.510494 0.453971 0.510494 0.454874 0.509817 0.455776 0.509817 0.456679 0.509140 0.457581 0.509140 0.459386 0.507786 0.460289 0.507786 0.462094 0.506432 0.462996 0.506432 0.464801 0.505078 0.465704 0.505078 0.467509 0.503724 0.468412 0.503724 0.470217 0.502370 0.472022 0.502370 0.473827 0.501016 0.474729 0.501016 0.476534 0.499661 0.478339 0.499661 0.479242 0.498984 0.480144 0.498984 0.481047 0.498307 0.481949 0.498307 0.493682 0.489506 0.494585 0.489506 0.500000 0.485443 0.500903 0.485443 0.504513 0.482735 0.505415 0.482735 0.509928 0.479350 0.510830 0.479350 0.512635 0.477996 0.513538 0.477996 0.518051 0.474611 0.518953 0.474611 0.520758 0.473257 0.520758 0.472580 0.521661 0.471903 0.522563 0.471903 0.522563 0.471225 0.526173 0.468517 0.526173 0.467840 0.528881 0.465809 0.528881 0.465132 0.530686 0.463778 0.530686 0.463101 0.535199 0.459716 0.535199 0.459039 0.537004 0.457684 0.537004 0.457007 0.537906 0.456330 0.537906 0.455653 0.538809 0.454976 0.538809 0.454299 0.540614 0.452945 0.540614 0.452268 0.543321 0.450237 0.543321 0.449560 0.544224 0.448883 0.544224 0.448206 0.545126 0.447529 0.545126 0.446852 0.547834 0.444821 0.547834 0.444144 0.548736 0.443466 0.548736 0.442789 0.549639 0.442112 0.549639 0.441435 0.551444 0.440081 0.551444 0.439404 0.552347 0.438727 0.552347 0.437373 0.553249 0.436696 0.553249 0.436019 0.554152 0.435342 0.554152 0.434665 0.555054 0.433988 0.555054 0.432634 0.555957 0.431957 0.555957 0.431280 0.556859 0.430603 0.556859 0.429926 0.557762 0.429248 0.557762 0.428571 0.558664 0.427894 0.558664 0.426540 0.559567 0.425863 0.559567 0.423832 0.560469 0.423155 0.560469 0.421801 0.561372 0.421124 0.561372 0.419770 0.562274 0.419093 0.562274 0.417062 0.563177 0.416385 0.563177 0.412322 0.564079 0.411645 0.564079 0.404875 0.564982 0.404198 0.564982 0.398104 0.565884 0.397427 0.565884 0.384563 0.564982 0.383886 0.564982 0.381178 0.564079 0.380501 0.564079 0.377116 0.563177 0.376439 0.563177 0.375085 0.562274 0.374408 0.562274 0.373053 0.561372 0.372376 0.561372 0.371022 0.560469 0.370345 0.560469 0.368991 0.558664 0.367637 0.558664 0.366960 0.556859 0.365606 0.556859 0.364929 0.554152 0.362898 0.554152 0.362221 0.549639 0.358835 0.548736 0.358835 0.547834 0.358158 0.546931 0.358158 0.546029 0.357481 0.545126 0.357481 0.544224 0.356804 0.543321 0.356804 0.542419 0.356127 0.541516 0.356804 0.528881 0.356804 0.527978 0.356127 0.527076 0.356127 0.526173 0.355450 0.525271 0.355450 0.524368 0.354773 0.522563 0.354773 0.521661 0.354096 0.520758 0.354096 0.519856 0.353419 0.518953 0.353419 0.518051 0.352742 0.517148 0.352742 0.515343 0.351388 0.513538 0.351388 0.512635 0.350711 0.511733 0.350711 0.510830 0.350034 0.509928 0.350034 0.509025 0.349357 0.508123 0.349357 0.507220 0.348680 0.506318 0.348680 0.505415 0.348003 0.503610 0.348003 0.502708 0.347326 0.501805 0.347326 0.500903 0.346649 0.499097 0.346649 0.498195 0.345972 0.497292 0.345972 0.496390 0.345295 0.493682 0.345295 0.492780 0.344617 0.490072 0.344617 0.489170 0.343940 0.486462 0.343940 0.485560 0.343263 0.482852 0.343263 0.481949 0.342586 0.480144 0.342586 0.479242 0.341909 0.476534 0.341909 0.475632 0.341232 0.471119 0.341232 0.470217 0.340555 0.464801 0.340555 0.463899 0.339878
2 0.721119 0.690589 0.720217 0.691266 0.716606 0.691266 0.714801 0.692620 0.714801 0.693297 0.712094 0.695328 0.712094 0.696682 0.711191 0.697360 0.711191 0.698037 0.709386 0.699391 0.709386 0.700068 0.708484 0.700745 0.708484 0.701422 0.707581 0.702099 0.707581 0.702776 0.705776 0.704130 0.705776 0.704807 0.703971 0.706161 0.703971 0.706838 0.702166 0.708192 0.702166 0.708869 0.700361 0.710223 0.700361 0.710900 0.698556 0.712255 0.698556 0.714286 0.699458 0.714963 0.701264 0.714963 0.702166 0.715640 0.717509 0.715640 0.718412 0.714963 0.741877 0.714963 0.742780 0.715640 0.757220 0.715640 0.758123 0.716317 0.762635 0.716317 0.763538 0.715640 0.763538 0.714286 0.764440 0.713609 0.764440 0.704130 0.763538 0.703453 0.763538 0.697360 0.762635 0.696682 0.760830 0.696682 0.759928 0.697360 0.759025 0.697360 0.758123 0.698037 0.740975 0.698037 0.740072 0.697360 0.737365 0.697360 0.735560 0.696005 0.734657 0.696005 0.733755 0.695328 0.732852 0.695328 0.731949 0.694651 0.730144 0.694651 0.729242 0.693974 0.728339 0.693974 0.723827 0.690589
3 0.326715 0.688558 0.325812 0.689235 0.324007 0.689235 0.323105 0.689912 0.322202 0.689912 0.321300 0.690589 0.320397 0.690589 0.319495 0.691266 0.318592 0.691266 0.317690 0.691943 0.316787 0.691943 0.315884 0.692620 0.314982 0.692620 0.310469 0.696005 0.310469 0.696682 0.302347 0.702776 0.302347 0.703453 0.299639 0.705484 0.299639 0.706161 0.298736 0.706838 0.298736 0.708869 0.297834 0.709546 0.297834 0.721733 0.298736 0.722410 0.298736 0.725118 0.299639 0.725796 0.299639 0.726473 0.300542 0.727150 0.300542 0.729181 0.301444 0.729858 0.301444 0.731212 0.302347 0.731889 0.302347 0.733243 0.303249 0.733920 0.303249 0.734597 0.305054 0.735951 0.305054 0.736628 0.305957 0.737305 0.305957 0.737982 0.307762 0.739336 0.307762 0.740014 0.308664 0.740691 0.308664 0.742045 0.309567 0.742722 0.309567 0.743399 0.310469 0.744076 0.310469 0.744753 0.311372 0.745430 0.311372 0.746107 0.312274 0.746784 0.312274 0.748138 0.313177 0.748815 0.313177 0.749492 0.314079 0.750169 0.314079 0.750846 0.314982 0.751523 0.314982 0.752200 0.315884 0.752877 0.315884 0.754232 0.316787 0.754909 0.316787 0.756263 0.317690 0.756940 0.317690 0.757617 0.318592 0.758294 0.328520 0.758294 0.329422 0.757617 0.333032 0.757617 0.333935 0.756940 0.335740 0.756940 0.336643 0.756263 0.337545 0.756263 0.338448 0.755586 0.339350 0.755586 0.342058 0.753555 0.342058 0.752877 0.342960 0.752200 0.342960 0.746107 0.343863 0.745430 0.343863 0.743399 0.344765 0.742722 0.344765 0.742045 0.346570 0.740691 0.346570 0.739336 0.347473 0.738659 0.347473 0.737305 0.348375 0.736628 0.348375 0.735274 0.349278 0.734597 0.349278 0.732566 0.350181 0.731889 0.350181 0.726473 0.351083 0.725796 0.351083 0.720379 0.350181 0.719702 0.350181 0.719025 0.349278 0.718348 0.349278 0.717671 0.346570 0.715640 0.345668 0.715640 0.340253 0.711578 0.339350 0.711578 0.332130 0.706161 0.332130 0.705484 0.331227 0.704807 0.331227 0.704130 0.330325 0.703453 0.330325 0.700068 0.329422 0.699391 0.330325 0.698714 0.330325 0.695328 0.332130 0.693974 0.332130 0.693297 0.333032 0.692620 0.333032 0.691943 0.335740 0.689912 0.335740 0.688558 0.333032 0.688558 0.332130 0.689235 0.330325 0.689235 0.329422 0.688558
3 0.744585 0.346649 0.743682 0.347326 0.741877 0.347326 0.740975 0.348003 0.740072 0.348003 0.739170 0.348680 0.738267 0.348680 0.737365 0.349357 0.736462 0.348680 0.712996 0.348680 0.712094 0.349357 0.711191 0.349357 0.708484 0.351388 0.708484 0.352065 0.712996 0.355450 0.712996 0.356127 0.718412 0.360190 0.719314 0.360190 0.720217 0.360867 0.721119 0.360867 0.722022 0.361544 0.728339 0.361544 0.729242 0.362221 0.732852 0.362221 0.733755 0.361544 0.734657 0.361544 0.735560 0.362221 0.744585 0.362221 0.744585 0.361544 0.747292 0.359513 0.747292 0.358835 0.749097 0.357481 0.752708 0.357481 0.753610 0.358158 0.754513 0.358158 0.755415 0.358835 0.756318 0.358835 0.757220 0.359513 0.758123 0.359513 0.759025 0.360190 0.762635 0.360190 0.763538 0.360867 0.765343 0.360867 0.768051 0.362898 0.768953 0.362898 0.769856 0.363575 0.771661 0.363575 0.772563 0.364252 0.776173 0.364252 0.778881 0.366283 0.779783 0.366283 0.781588 0.367637 0.782491 0.367637 0.789711 0.373053 0.789711 0.373731 0.790614 0.373731 0.792419 0.375085 0.792419 0.375762 0.796029 0.378470 0.796029 0.379147 0.798736 0.381178 0.798736 0.382532 0.799639 0.383209 0.799639 0.383886 0.800542 0.384563 0.800542 0.385240 0.801444 0.385917 0.801444 0.386594 0.802347 0.387271 0.802347 0.388626 0.803249 0.389303 0.803249 0.391334 0.804152 0.392011 0.804152 0.393365 0.805054 0.394042 0.805054 0.397427 0.805957 0.398104 0.805957 0.399458 0.806859 0.400135 0.806859 0.403521 0.807762 0.404198 0.807762 0.406229 0.808664 0.406906 0.808664 0.415708 0.809567 0.416385 0.809567 0.419093 0.808664 0.419770 0.808664 0.433311 0.807762 0.433988 0.807762 0.436019 0.808664 0.436696 0.808664 0.438050 0.809567 0.438727 0.806859 0.440758 0.801444 0.440758 0.800542 0.440081 0.797834 0.440081 0.796931 0.439404 0.796029 0.439404 0.795126 0.438727 0.791516 0.438727 0.790614 0.438050 0.787906 0.438050 0.787004 0.438727 0.785199 0.438727 0.784296 0.438050 0.783394 0.438050 0.777978 0.433988 0.777076 0.433988 0.772563 0.430603 0.771661 0.430603 0.769856 0.429248 0.768953 0.429248 0.768051 0.428571 0.766245 0.428571 0.765343 0.427894 0.764440 0.428571 0.758123 0.428571 0.757220 0.427894 0.755415 0.427894 0.752708 0.425863 0.752708 0.425186 0.751805 0.424509 0.751805 0.423155 0.750903 0.422478 0.750903 0.421801 0.750000 0.421124 0.750000 0.415708 0.750903 0.415030 0.750903 0.412322 0.751805 0.411645 0.751805 0.408260 0.752708 0.407583 0.752708 0.402844 0.751805 0.402167 0.751805 0.399458 0.750903 0.398781 0.750903 0.397427 0.750000 0.396750 0.750000 0.395396 0.749097 0.394719 0.749097 0.393365 0.748195 0.392688 0.748195 0.392011 0.746390 0.390657 0.746390 0.389980 0.745487 0.389303 0.745487 0.388626 0.741877 0.385917 0.741877 0.385240 0.740975 0.384563 0.740975 0.383209 0.740072 0.382532 0.738267 0.382532 0.738267 0.385917 0.737365 0.386594 0.737365 0.387949 0.736462 0.388626 0.736462 0.389303 0.734657 0.390657 0.734657 0.391334 0.725632 0.398104 0.725632 0.407583 0.723827 0.408937 0.720217 0.408937 0.719314 0.408260 0.713899 0.408260 0.712996 0.407583 0.711191 0.407583 0.710289 0.406906 0.708484 0.406906 0.707581 0.406229 0.705776 0.406229 0.704874 0.405552 0.702166 0.405552 0.701264 0.404875 0.698556 0.404875 0.697653 0.404198 0.694946 0.404198 0.694043 0.403521 0.691336 0.403521 0.690433 0.402844 0.687726 0.402844 0.686823 0.402167 0.685921 0.402167 0.685018 0.401490 0.684116 0.401490 0.683213 0.400812 0.681408 0.400812 0.680505 0.400135 0.678700 0.400135 0.677798 0.399458 0.675993 0.399458 0.675090 0.398781 0.671480 0.398781 0.670578 0.398104 0.667870 0.398104 0.666968 0.397427 0.660650 0.397427 0.659747 0.398104 0.657942 0.398104 0.657040 0.398781 0.647112 0.398781 0.646209 0.398104 0.644404 0.398104 0.643502 0.397427 0.640794 0.397427 0.639892 0.396750 0.631769 0.396750 0.630866 0.396073 0.627256 0.396073 0.626354 0.395396 0.623646 0.395396 0.622744 0.394719 0.620939 0.394719 0.620036 0.394042 0.619134 0.394042 0.618231 0.393365 0.615523 0.393365 0.614621 0.392688 0.606498 0.392688 0.605596 0.392011 0.600181 0.392011 0.599278 0.391334 0.587545 0.391334 0.586643 0.392011 0.585740 0.392011 0.584838 0.392688 0.582130 0.392688 0.581227 0.392011 0.580325 0.392688 0.580325 0.394042 0.581227 0.394719 0.581227 0.395396 0.588448 0.400812 0.589350 0.400812 0.590253 0.401490 0.591155 0.401490 0.592058 0.402167 0.592960 0.402167 0.593863 0.402844 0.594765 0.402844 0.595668 0.403521 0.596570 0.403521 0.598375 0.404875 0.598375 0.405552 0.599278 0.405552 0.601083 0.406906 0.601986 0.406906 0.603791 0.408260 0.604693 0.408260 0.606498 0.409614 0.607401 0.409614 0.611913 0.412999 0.612816 0.412999 0.614621 0.414353 0.615523 0.414353 0.620939 0.418416 0.621841 0.418416 0.623646 0.419770 0.624549 0.419770 0.625451 0.420447 0.626354 0.420447 0.627256 0.421124 0.628159 0.421124 0.629964 0.422478 0.630866 0.422478 0.631769 0.423155 0.632671 0.423155 0.633574 0.423832 0.637184 0.423832 0.638989 0.425186 0.638989 0.425863 0.639892 0.426540 0.639892 0.428571 0.638087 0.429926 0.637184 0.429926 0.636282 0.430603 0.635379 0.430603 0.630866 0.433988 0.629964 0.433988 0.628159 0.435342 0.627256 0.435342 0.614621 0.444821 0.614621 0.445498 0.612816 0.446852 0.612816 0.447529 0.611913 0.448206 0.611913 0.448883 0.611011 0.449560 0.611011 0.450914 0.610108 0.451591 0.610108 0.453622 0.609206 0.454299 0.609206 0.457007 0.608303 0.457684 0.608303 0.466486 0.607401 0.467163 0.607401 0.469871 0.606498 0.470548 0.606498 0.471903 0.605596 0.472580 0.605596 0.474611 0.604693 0.475288 0.604693 0.477996 0.603791 0.478673 0.603791 0.482058 0.602888 0.482735 0.602888 0.492891 0.603791 0.493568 0.603791 0.507109 0.604693 0.507786 0.604693 0.510494 0.605596 0.511171 0.608303 0.509140 0.608303 0.508463 0.609206 0.507786 0.609206 0.507109 0.610108 0.506432 0.610108 0.505078 0.611011 0.504401 0.611011 0.503047 0.611913 0.502370 0.611913 0.501016 0.612816 0.500339 0.612816 0.498984 0.613718 0.498307 0.613718 0.496953 0.614621 0.496276 0.614621 0.494245 0.615523 0.493568 0.615523 0.492891 0.616426 0.492214 0.616426 0.491537 0.617329 0.490860 0.617329 0.489506 0.618231 0.488829 0.618231 0.487475 0.620036 0.486121 0.620036 0.485443 0.620939 0.484766 0.620939 0.484089 0.621841 0.483412 0.621841 0.482735 0.623646 0.481381 0.623646 0.480704 0.624549 0.480027 0.624549 0.479350 0.625451 0.478673 0.625451 0.477319 0.627256 0.475965 0.627256 0.475288 0.628159 0.474611 0.628159 0.473934 0.629061 0.473257 0.629061 0.472580 0.631769 0.470548 0.631769 0.469871 0.639892 0.463778 0.640794 0.463778 0.643502 0.461747 0.644404 0.461747 0.646209 0.460393 0.647112 0.460393 0.650722 0.457684 0.652527 0.457684 0.653430 0.457007 0.655235 0.457007 0.656137 0.456330 0.657040 0.456330 0.657942 0.455653 0.658845 0.455653 0.659747 0.454976 0.662455 0.454976 0.663357 0.454299 0.666065 0.454299 0.666968 0.454976 0.668773 0.454976 0.670578 0.456330 0.678700 0.456330 0.680505 0.454976 0.682310 0.454976 0.683213 0.454299 0.684116 0.454299 0.685018 0.453622 0.686823 0.453622 0.687726 0.452945 0.688628 0.452945 0.689531 0.452268 0.690433 0.452268 0.691336 0.451591 0.692238 0.451591 0.693141 0.450914 0.696751 0.450914 0.697653 0.450237 0.702166 0.450237 0.703069 0.449560 0.703971 0.450237 0.706679 0.450237 0.707581 0.450914 0.708484 0.450914 0.709386 0.451591 0.718412 0.451591 0.719314 0.452268 0.723827 0.452268 0.724729 0.452945 0.725632 0.452945 0.726534 0.453622 0.727437 0.453622 0.728339 0.454299 0.730144 0.454299 0.731047 0.454976 0.732852 0.454976 0.733755 0.455653 0.735560 0.455653 0.736462 0.456330 0.738267 0.456330 0.739170 0.457007 0.740072 0.457007 0.741877 0.458362 0.742780 0.458362 0.744585 0.459716 0.746390 0.459716 0.747292 0.460393 0.748195 0.460393 0.749097 0.461070 0.750000 0.461070 0.751805 0.462424 0.752708 0.462424 0.754513 0.463778 0.755415 0.463778 0.756318 0.464455 0.757220 0.464455 0.758123 0.465132 0.759025 0.465132 0.761733 0.467163 0.764440 0.467163 0.765343 0.467840 0.766245 0.467840 0.768051 0.469194 0.768953 0.469194 0.769856 0.469871 0.770758 0.469871 0.771661 0.470548 0.773466 0.470548 0.774368 0.471225 0.775271 0.471225 0.776173 0.471903 0.777076 0.471903 0.777978 0.472580 0.778881 0.472580 0.779783 0.473257 0.781588 0.473257 0.782491 0.473934 0.783394 0.473934 0.784296 0.474611 0.786101 0.474611 0.787004 0.475288 0.787906 0.475288 0.788809 0.475965 0.789711 0.475965 0.790614 0.476642 0.792419 0.476642 0.793321 0.477319 0.794224 0.477319 0.795126 0.477996 0.796931 0.477996 0.797834 0.478673 0.798736 0.478673 0.799639 0.479350 0.801444 0.479350 0.802347 0.480027 0.803249 0.480027 0.804152 0.480704 0.805054 0.480704 0.805957 0.481381 0.807762 0.481381 0.808664 0.482058 0.810469 0.482058 0.813177 0.484089 0.814982 0.484089 0.815884 0.484766 0.816787 0.484766 0.817690 0.485443 0.818592 0.485443 0.819495 0.486121 0.820397 0.486121 0.822202 0.487475 0.823105 0.487475 0.824910 0.488829 0.825812 0.488829 0.826715 0.489506 0.831227 0.489506 0.832130 0.490183 0.833032 0.490183 0.833935 0.490860 0.834838 0.490860 0.835740 0.491537 0.836643 0.491537 0.837545 0.492214 0.838448 0.492214 0.839350 0.492891 0.840253 0.492891 0.843863 0.495599 0.843863 0.496276 0.844765 0.496953 0.844765 0.497630 0.845668 0.498307 0.845668 0.498984 0.846570 0.499661 0.846570 0.501016 0.844765 0.502370 0.844765 0.503047 0.843863 0.503724 0.843863 0.505078 0.841155 0.507109 0.840253 0.507109 0.839350 0.507786 0.838448 0.507786 0.837545 0.508463 0.836643 0.508463 0.835740 0.509140 0.833935 0.509140 0.833032 0.509817 0.832130 0.509817 0.831227 0.510494 0.830325 0.510494 0.829422 0.511171 0.827617 0.511171 0.826715 0.511848 0.825812 0.511848 0.824910 0.512525 0.822202 0.512525 0.821300 0.513202 0.817690 0.513202 0.816787 0.513879 0.815884 0.513879 0.814982 0.514557 0.814079 0.514557 0.813177 0.515234 0.811372 0.515234 0.808664 0.517265 0.807762 0.517265 0.805957 0.518619 0.805054 0.518619 0.804152 0.519296 0.803249 0.519296 0.801444 0.520650 0.800542 0.520650 0.799639 0.521327 0.796931 0.521327 0.796029 0.522004 0.794224 0.522004 0.793321 0.522681 0.792419 0.522681 0.791516 0.523358 0.790614 0.523358 0.789711 0.524035 0.786101 0.524035 0.785199 0.524712 0.782491 0.524712 0.781588 0.525389 0.777076 0.525389 0.776173 0.526066 0.774368 0.526066 0.773466 0.526743 0.771661 0.526743 0.770758 0.527420 0.768953 0.527420 0.768051 0.528097 0.765343 0.528097 0.764440 0.528775 0.758123 0.528775 0.757220 0.529452 0.756318 0.529452 0.755415 0.530129 0.753610 0.530129 0.752708 0.530806 0.750000 0.530806 0.749097 0.531483 0.746390 0.531483 0.745487 0.532160 0.744585 0.532160 0.740072 0.535545 0.739170 0.535545 0.739170 0.536222 0.734657 0.539607 0.734657 0.540284 0.731047 0.542993 0.730144 0.542993 0.728339 0.544347 0.727437 0.544347 0.726534 0.545024 0.724729 0.545024 0.723827 0.545701 0.722022 0.545701 0.721119 0.545024 0.720217 0.545024 0.719314 0.545701 0.718412 0.545701 0.717509 0.546378 0.716606 0.546378 0.715704 0.547055 0.715704 0.547732 0.714801 0.548409 0.714801 0.549086 0.713899 0.549763 0.713899 0.550440 0.714801 0.551117 0.714801 0.552471 0.716606 0.553825 0.723827 0.553825 0.725632 0.555179 0.725632 0.556534 0.726534 0.557211 0.725632 0.557888 0.725632 0.561950 0.724729 0.562627 0.724729 0.563981 0.725632 0.564658 0.725632 0.565335 0.727437 0.566689 0.727437 0.567366 0.729242 0.567366 0.731047 0.568720 0.731949 0.568720 0.732852 0.569397 0.733755 0.569397 0.734657 0.570074 0.735560 0.570074 0.736462 0.570752 0.738267 0.570752 0.739170 0.571429 0.740975 0.571429 0.741877 0.572106 0.742780 0.572106 0.745487 0.574137 0.747292 0.574137 0.748195 0.574814 0.755415 0.574814 0.757220 0.573460 0.757220 0.572783 0.758123 0.572106 0.758123 0.571429 0.759025 0.570752 0.759025 0.570074 0.759928 0.569397 0.759928 0.568720 0.761733 0.567366 0.761733 0.563981 0.763538 0.562627 0.764440 0.562627 0.767148 0.560596 0.768051 0.560596 0.771661 0.557888 0.772563 0.557888 0.777978 0.553825 0.778881 0.553825 0.779783 0.553148 0.779783 0.552471 0.780686 0.551794 0.781588 0.551794 0.782491 0.551117 0.783394 0.551117 0.794224 0.542993 0.794224 0.542316 0.795126 0.541638 0.795126 0.540961 0.796931 0.539607 0.796931 0.538930 0.797834 0.538253 0.797834 0.537576 0.799639 0.536222 0.799639 0.535545 0.800542 0.534868 0.800542 0.533514 0.801444 0.532837 0.801444 0.532160 0.803249 0.530806 0.804152 0.530806 0.805957 0.529452 0.809567 0.529452 0.810469 0.528775 0.812274 0.528775 0.813177 0.528097 0.815884 0.528097 0.816787 0.527420 0.833032 0.527420 0.833935 0.526743 0.837545 0.526743 0.838448 0.527420 0.844765 0.527420 0.845668 0.526743 0.850181 0.526743 0.851083 0.527420 0.857401 0.527420 0.858303 0.526743 0.863718 0.526743 0.864621 0.526066 0.868231 0.526066 0.869134 0.526743 0.870036 0.526066 0.872744 0.526066 0.874549 0.524712 0.875451 0.524712 0.876354 0.524035 0.879061 0.524035 0.879964 0.523358 0.881769 0.523358 0.882671 0.522681 0.884477 0.522681 0.885379 0.522004 0.886282 0.522004 0.887184 0.521327 0.888087 0.521327 0.891697 0.518619 0.891697 0.517265 0.892599 0.516588 0.892599 0.515911 0.893502 0.515234 0.893502 0.511171 0.894404 0.510494 0.894404 0.507109 0.895307 0.506432 0.895307 0.504401 0.896209 0.503724 0.896209 0.503047 0.897112 0.502370 0.902527 0.502370 0.903430 0.503047 0.907942 0.503047 0.908845 0.502370 0.912455 0.502370 0.913357 0.501693 0.914260 0.501693 0.915162 0.501016 0.916065 0.501016 0.916968 0.500339 0.919675 0.500339 0.920578 0.499661 0.921480 0.499661 0.922383 0.500339 0.923285 0.500339 0.924188 0.501016 0.925090 0.501016 0.925993 0.501693 0.927798 0.501693 0.928700 0.502370 0.930505 0.502370 0.931408 0.503047 0.932310 0.503047 0.934116 0.504401 0.935018 0.504401 0.935921 0.505078 0.936823 0.505078 0.937726 0.505755 0.939531 0.505755 0.940433 0.506432 0.941336 0.506432 0.943141 0.507786 0.944043 0.507786 0.944946 0.508463 0.947653 0.508463 0.948556 0.509140 0.951264 0.509140 0.952166 0.509817 0.954874 0.509817 0.955776 0.510494 0.957581 0.510494 0.958484 0.511171 0.959386 0.511171 0.960289 0.511848 0.962996 0.511848 0.963899 0.512525 0.964801 0.512525 0.965704 0.513202 0.966606 0.513202 0.969314 0.515234 0.970217 0.515234 0.971119 0.515911 0.972022 0.515911 0.972924 0.516588 0.975632 0.516588 0.976534 0.517265 0.977437 0.517265 0.978339 0.517942 0.979242 0.517942 0.980144 0.518619 0.981047 0.518619 0.981949 0.519296 0.982852 0.519296 0.983755 0.519973 0.984657 0.519973 0.987365 0.522004 0.988267 0.522004 0.989170 0.522681 0.990072 0.522681 0.990975 0.523358 0.991877 0.523358 0.993682 0.524712 0.993682 0.525389 0.996390 0.525389 0.997292 0.526066 0.999097 0.526066 0.999097 0.490183 0.993682 0.490183 0.992780 0.490860 0.991877 0.490860 0.990975 0.491537 0.990072 0.491537 0.989170 0.490860 0.984657 0.490860 0.983755 0.490183 0.975632 0.490183 0.974729 0.489506 0.972924 0.489506 0.972022 0.488829 0.971119 0.488829 0.970217 0.488152 0.969314 0.488152 0.968412 0.487475 0.963899 0.487475 0.962996 0.486798 0.954874 0.486798 0.953971 0.487475 0.944043 0.487475 0.943141 0.486798 0.939531 0.486798 0.938628 0.486121 0.935921 0.486121 0.933213 0.484089 0.930505 0.484089 0.929603 0.483412 0.926895 0.483412 0.925090 0.482058 0.925090 0.481381 0.923285 0.480027 0.923285 0.479350 0.921480 0.477996 0.921480 0.477319 0.920578 0.477319 0.919675 0.476642 0.918773 0.476642 0.917870 0.475965 0.916065 0.475965 0.915162 0.475288 0.913357 0.475288 0.912455 0.474611 0.911552 0.474611 0.910650 0.473934 0.909747 0.473934 0.908845 0.473257 0.906137 0.473257 0.905235 0.472580 0.902527 0.472580 0.901625 0.471903 0.899819 0.471903 0.897112 0.469871 0.895307 0.469871 0.894404 0.469194 0.892599 0.469194 0.891697 0.468517 0.890794 0.468517 0.889892 0.467840 0.888989 0.467840 0.887184 0.466486 0.885379 0.466486 0.884477 0.465809 0.882671 0.465809 0.881769 0.465132 0.880866 0.465132 0.879061 0.463778 0.878159 0.463778 0.877256 0.463101 0.875451 0.463101 0.874549 0.462424 0.871841 0.462424 0.870939 0.461747 0.870036 0.461747 0.869134 0.461070 0.868231 0.461070 0.866426 0.459716 0.864621 0.459716 0.863718 0.459039 0.861011 0.459039 0.860108 0.458362 0.859206 0.458362 0.858303 0.457684 0.857401 0.457684 0.855596 0.456330 0.853791 0.456330 0.852888 0.455653 0.851986 0.455653 0.851083 0.454976 0.850181 0.454976 0.848375 0.453622 0.847473 0.453622 0.846570 0.452945 0.844765 0.452945 0.843863 0.452268 0.841155 0.452268 0.840253 0.451591 0.835740 0.451591 0.834838 0.452268 0.829422 0.452268 0.828520 0.451591 0.826715 0.451591 0.823105 0.448883 0.824007 0.448206 0.824007 0.445498 0.824910 0.444821 0.824910 0.444144 0.825812 0.443466 0.825812 0.442112 0.826715 0.441435 0.826715 0.440758 0.827617 0.440081 0.827617 0.437373 0.828520 0.436696 0.828520 0.429926 0.829422 0.429248 0.829422 0.407583 0.828520 0.406906 0.828520 0.402167 0.827617 0.401490 0.827617 0.396073 0.826715 0.395396 0.826715 0.393365 0.825812 0.392688 0.825812 0.388626 0.824910 0.387949 0.824910 0.385917 0.824007 0.385240 0.824007 0.384563 0.823105 0.383886 0.823105 0.383209 0.822202 0.382532 0.822202 0.381178 0.821300 0.380501 0.821300 0.379147 0.820397 0.378470 0.820397 0.377793 0.819495 0.377116 0.819495 0.376439 0.817690 0.375085 0.817690 0.374408 0.816787 0.373731 0.816787 0.373053 0.813177 0.370345 0.813177 0.369668 0.812274 0.368991 0.811372 0.368991 0.806859 0.365606 0.805957 0.365606 0.803249 0.363575 0.802347 0.363575 0.800542 0.362221 0.798736 0.362221 0.797834 0.361544 0.796931 0.361544 0.796029 0.360867 0.795126 0.360867 0.794224 0.360190 0.793321 0.360190 0.792419 0.359513 0.791516 0.359513 0.790614 0.358835 0.788809 0.358835 0.787004 0.357481 0.786101 0.357481 0.784296 0.356127 0.783394 0.356127 0.782491 0.355450 0.778881 0.355450 0.777978 0.354773 0.776173 0.354773 0.775271 0.354096 0.774368 0.354096 0.771661 0.352065 0.770758 0.352065 0.769856 0.351388 0.768953 0.351388 0.768051 0.350711 0.767148 0.350711 0.765343 0.349357 0.765343 0.348680 0.763538 0.348680 0.762635 0.348003 0.759025 0.348003 0.758123 0.347326 0.745487 0.347326