0 0.493473 0.457807 0.036669 0.072924
0 0.386594 0.465844 0.249560 0.527771
0 0.580694 0.468222 0.031706 0.072509
0 0.331181 0.527229 0.096608 0.138989
0 0.698422 0.462423 0.026919 0.040099
0 0.228233 0.458538 0.118917 0.134639
0 0.639316 0.475054 0.029235 0.041245
1 0.493202 0.434012 0.014692 0.025857
1 0.329797 0.450776 0.018795 0.026805
1 0.817576 0.487658 0.010386 0.011218
1 0.260609 0.417062 0.026215 0.046616
1 0.299374 0.483903 0.033101 0.051525
1 0.689993 0.446859 0.009005 0.009531
1 0.373497 0.232671 0.060521 0.060993
1 0.632251 0.464116 0.013507 0.019513
3 0.251239 0.516570 0.014638 0.018827
3 0.398954 0.688515 0.055335 0.030984
3 0.235988 0.513678 0.016608 0.014341
3 0.196117 0.519824 0.024421 0.024810
3 0.441188 0.700776 0.143189 0.055830
3 0.497305 0.706024 0.029167 0.048168
3 0.243114 0.516769 0.029072 0.019585
