0 0.630794 0.545344 0.132186 0.583167
0 0.480838 0.589807 0.139050 0.750281
0 0.906196 0.465115 0.020340 0.091375
0 0.048039 0.549391 0.096079 0.788802
0 0.145498 0.390318 0.012462 0.067406
1 0.905029 0.427948 0.010961 0.017313
1 0.028417 0.201344 0.056835 0.090458
1 0.146246 0.361932 0.008435 0.010615
1 0.632655 0.282276 0.044513 0.055781
1 0.495982 0.253063 0.053816 0.076354
1 0.755132 0.442083 0.012831 0.013292
1 0.429727 0.902172 0.030393 0.044781
3 0.627564 0.824198 0.033359 0.024479
3 0.592482 0.797542 0.037251 0.046479
3 0.067277 0.909641 0.057110 0.069969
3 0.491002 0.936161 0.047960 0.058990
