0 0.024557 0.332155 0.049114 0.085621
0 0.421521 0.444599 0.183228 0.133246
0 0.946661 0.449942 0.106678 0.107415
0 0.357885 0.313112 0.092669 0.066277
0 0.660624 0.375215 0.126678 0.070073
1 0.009108 0.294153 0.018217 0.010708
1 0.422675 0.393859 0.073834 0.031704
1 0.940723 0.419381 0.095664 0.046125
1 0.698275 0.365522 0.048345 0.033131
1 0.598555 0.359848 0.033333 0.021300
1 0.361952 0.284531 0.019779 0.007918
1 0.511667 0.294386 0.013683 0.006256
1 0.334837 0.501235 0.033030 0.013985
1 0.560548 0.416935 0.035128 0.016177
3 0.009691 0.373445 0.017611 0.007184
3 0.974918 0.504449 0.050163 0.010461
3 0.606078 0.421099 0.049709 0.023298
3 0.458357 0.502984 0.051119 0.016403
3 0.637943 0.420986 0.042366 0.017462
