0 0.706777 0.554671 0.076839 0.425270
0 0.551791 0.558748 0.062429 0.403820
0 0.413616 0.539473 0.071411 0.389667
0 0.346866 0.535302 0.086893 0.389937
0 0.725502 0.086234 0.027001 0.050865
0 0.627598 0.546784 0.064545 0.404018
0 0.490282 0.552423 0.059166 0.385135
1 0.550631 0.373541 0.034953 0.034631
1 0.727941 0.066973 0.016560 0.013135
1 0.412242 0.359315 0.036750 0.029766
1 0.334210 0.359383 0.034824 0.038333
1 0.622819 0.364270 0.039355 0.040901
1 0.492296 0.377473 0.038379 0.034856
1 0.706367 0.359599 0.044647 0.034243
1 0.563653 0.709743 0.035828 0.025468
1 0.701143 0.749788 0.033168 0.033000
1 0.408036 0.718176 0.035963 0.030784
3 0.713416 0.731288 0.026140 0.027928
3 0.342642 0.712937 0.042626 0.035405
3 0.428270 0.697140 0.040733 0.022730
3 0.622120 0.734032 0.046832 0.027991
3 0.536625 0.742676 0.021350 0.032865
3 0.480037 0.728207 0.033060 0.030721
3 0.501503 0.705126 0.034376 0.021532
3 0.635621 0.722423 0.025027 0.022432
3 0.369301 0.691860 0.042429 0.026928
