0 0.669394 0.537518 0.148605 0.575848
0 0.397563 0.445465 0.053690 0.223511
0 0.484022 0.595212 0.204631 0.684540
0 0.568551 0.492599 0.117332 0.521173
0 0.966571 0.395952 0.066858 0.207193
1 0.190284 0.385262 0.010237 0.014206
1 0.124760 0.375320 0.013351 0.015767
1 0.678111 0.276981 0.066513 0.053818
1 0.990626 0.301656 0.018747 0.019684
1 0.421869 0.293434 0.067502 0.080875
1 0.155369 0.386060 0.010995 0.012572
2 0.605667 0.733421 0.027339 0.037112
3 0.725619 0.799621 0.037224 0.052220
3 0.588768 0.686006 0.008301 0.013691
3 0.555166 0.904228 0.062261 0.069395
3 0.395819 0.537545 0.014672 0.043231
3 0.472271 0.853881 0.060345 0.046390
3 0.978084 0.491728 0.018131 0.014016
3 0.661212 0.774991 0.051997 0.044260
3 0.940203 0.494007 0.014936 0.012256
