0 0.873028 0.412771 0.020299 0.042188
0 0.777043 0.662052 0.109326 0.224812
0 0.671377 0.415797 0.025909 0.054323
0 0.249936 0.573750 0.101899 0.538729
0 0.496676 0.621036 0.090903 0.520760
0 0.842831 0.402073 0.015088 0.023583
1 0.878019 0.398641 0.011020 0.013510
1 0.790138 0.575406 0.051577 0.048875
1 0.281099 0.344245 0.039795 0.081469
1 0.503335 0.394432 0.046225 0.067906
1 0.676591 0.395005 0.013875 0.011969
1 0.842353 0.393292 0.007157 0.007042
1 0.500481 0.808693 0.021032 0.031885
3 0.240522 0.820417 0.035018 0.047938
3 0.511756 0.859641 0.047204 0.041865
