0 0.476682 0.576814 0.182762 0.759206
0 0.902082 0.449932 0.074645 0.208042
0 0.832593 0.227694 0.037102 0.042951
0 0.860609 0.284743 0.021016 0.047536
1 0.893328 0.357658 0.026967 0.024829
1 0.865332 0.267085 0.013074 0.012978
1 0.527062 0.259612 0.077143 0.124440
1 0.828138 0.213601 0.014096 0.014097
1 0.303165 0.964526 0.167089 0.070442
3 0.928175 0.542071 0.021496 0.026471
3 0.427319 0.922396 0.074584 0.069287
3 0.869926 0.536963 0.009831 0.014973
3 0.469320 0.867581 0.077190 0.062852
5 0.469956 0.522491 0.128890 0.179134
5 0.906784 0.404535 0.028003 0.063673
5 0.510738 0.298371 0.034083 0.077247
