0 0.645852 0.555832 0.280672 0.702367
0 0.364848 0.508137 0.165867 0.522570
0 0.577434 0.471047 0.164180 0.532062
0 0.303207 0.568730 0.261070 0.689664
1 0.712496 0.234738 0.112820 0.061930
1 0.236523 0.256063 0.109359 0.068812
1 0.357516 0.279043 0.077344 0.066195
1 0.593996 0.236723 0.103570 0.066273
1 0.299340 0.880145 0.091852 0.067352
1 0.619398 0.710684 0.025859 0.052539
1 0.538180 0.683305 0.063328 0.050922
1 0.648941 0.872578 0.084961 0.069844
2 0.319512 0.748840 0.050805 0.039852
2 0.716734 0.850047 0.039266 0.017172
2 0.312820 0.797391 0.046344 0.037656
2 0.398387 0.701617 0.078820 0.028313
