0 0.642116 0.414585 0.026534 0.042653
0 0.821229 0.473944 0.093927 0.351823
0 0.034018 0.499486 0.068037 0.134531
0 0.455430 0.470916 0.045254 0.071291
0 0.175088 0.463615 0.061293 0.282049
0 0.223009 0.539977 0.121713 0.176525
0 0.699089 0.454549 0.054536 0.165866
0 0.759536 0.506534 0.051693 0.120560
0 0.531527 0.426977 0.037150 0.079549
0 0.733003 0.466426 0.031056 0.100596
1 0.847001 0.327974 0.042573 0.057428
1 0.182326 0.512022 0.039655 0.060469
1 0.648697 0.398263 0.009391 0.011092
1 0.034672 0.443849 0.028206 0.025190
1 0.764915 0.464829 0.021611 0.033394
1 0.177305 0.358312 0.039377 0.026516
1 0.456642 0.444215 0.018267 0.018032
1 0.181215 0.343330 0.040467 0.041354
1 0.773744 0.441169 0.009641 0.014070
1 0.694885 0.385018 0.035105 0.026715
1 0.524221 0.396832 0.016798 0.019134
1 0.722668 0.455018 0.010372 0.025542
1 0.742089 0.503755 0.014807 0.030162
2 0.035223 0.567793 0.031747 0.012247
2 0.690142 0.530948 0.012092 0.011931
3 0.803666 0.643574 0.027007 0.015812
3 0.171622 0.603755 0.026872 0.016137
3 0.814787 0.636358 0.018971 0.016399
3 0.185010 0.592026 0.028233 0.024522
3 0.751266 0.548687 0.013866 0.013005
3 0.184628 0.609937 0.029513 0.018123
3 0.275623 0.631566 0.018693 0.016200
3 0.709739 0.534544 0.012749 0.011561
3 0.204140 0.628014 0.013521 0.014440
