0 0.651375 0.559047 0.221917 0.267732
0 0.357854 0.517142 0.083104 0.179959
0 0.228995 0.521893 0.131927 0.189144
0 0.189578 0.577940 0.177927 0.264168
0 0.691271 0.518754 0.199542 0.241612
0 0.099823 0.557846 0.106625 0.238036
0 0.460240 0.582447 0.132583 0.282761
0 0.500036 0.504698 0.078115 0.205387
0 0.589083 0.519511 0.119063 0.213195
1 0.714042 0.410671 0.071042 0.025961
1 0.083391 0.452907 0.072615 0.028394
1 0.691937 0.439552 0.076271 0.029068
1 0.126073 0.453558 0.021688 0.014162
1 0.193526 0.441228 0.061302 0.027544
1 0.354036 0.440132 0.048823 0.025762
1 0.162542 0.462330 0.089292 0.033839
1 0.446370 0.461647 0.086635 0.038968
1 0.491063 0.415003 0.060646 0.025340
1 0.617896 0.423450 0.053729 0.021166
1 0.100281 0.659294 0.011333 0.017544
1 0.239995 0.633810 0.010969 0.008746
2 0.247797 0.610970 0.017927 0.010088
2 0.732099 0.681161 0.053573 0.022098
3 0.525312 0.598151 0.014563 0.017040
3 0.141109 0.638640 0.026781 0.012087
3 0.486318 0.712606 0.041760 0.023277
3 0.126979 0.665768 0.049063 0.021137
3 0.240385 0.701073 0.072813 0.018324
3 0.388776 0.601990 0.015219 0.012163
3 0.731047 0.632658 0.069365 0.020381
3 0.354063 0.598151 0.021104 0.013077
3 0.705005 0.637617 0.021365 0.012409
3 0.777328 0.619273 0.030885 0.016671
3 0.627792 0.677632 0.071792 0.021208
3 0.421047 0.709985 0.034698 0.021846
3 0.182646 0.698162 0.045062 0.020768
3 0.604078 0.617775 0.048448 0.016958
