0 0.942884 0.493511 0.066999 0.134241
0 0.756660 0.644517 0.098471 0.207678
0 0.943024 0.725897 0.111795 0.344023
0 0.382581 0.567000 0.068051 0.423839
0 0.701899 0.458247 0.026272 0.173023
0 0.695223 0.582201 0.045571 0.091023
0 0.482990 0.560374 0.072448 0.481414
1 0.925287 0.447868 0.024785 0.044609
1 0.766665 0.570454 0.043537 0.058471
1 0.398035 0.371333 0.022655 0.033862
1 0.703603 0.567207 0.022852 0.060437
1 0.395611 0.380948 0.029384 0.055782
1 0.996670 0.583586 0.006660 0.035494
1 0.479742 0.350822 0.031349 0.063207
1 0.706290 0.382540 0.019049 0.022552
1 0.380828 0.764161 0.013298 0.025218
1 0.398351 0.758167 0.025125 0.038586
3 0.906973 0.844925 0.027392 0.045460
3 0.977374 0.883741 0.027164 0.032540
3 0.488176 0.755856 0.014121 0.025529
3 0.995207 0.761948 0.009586 0.025345
3 0.498951 0.779707 0.024679 0.040701
3 0.519623 0.629672 0.006182 0.013184
