0 0.183879 0.451751 0.046432 0.201859
0 0.899661 0.722753 0.200677 0.437599
0 0.462305 0.436575 0.053196 0.252554
0 0.291638 0.543100 0.131591 0.348060
0 0.395085 0.433105 0.061503 0.143574
1 0.179435 0.362053 0.027441 0.024648
1 0.993040 0.518186 0.013920 0.054152
1 0.400853 0.368804 0.009993 0.013962
1 0.993656 0.505239 0.012688 0.028565
1 0.469079 0.325144 0.023534 0.030830
1 0.617001 0.352933 0.012390 0.010144
1 0.296435 0.388967 0.042607 0.040695
1 0.295288 0.419851 0.046743 0.030695
1 0.453412 0.524950 0.021557 0.049648
2 0.398808 0.470889 0.025064 0.023421
2 0.467925 0.534341 0.019560 0.056282
2 0.377390 0.488759 0.017353 0.031724
2 0.869326 0.906579 0.059749 0.072076
2 0.186892 0.540478 0.012458 0.010397
2 0.164100 0.543574 0.008890 0.011588
2 0.928538 0.878976 0.066391 0.039016
2 0.179617 0.545713 0.030921 0.015740
2 0.235467 0.665618 0.019208 0.033926
2 0.175684 0.551191 0.020210 0.009982
2 0.449032 0.544188 0.014570 0.012112
2 0.466791 0.556521 0.018700 0.015262
2 0.376107 0.501160 0.015762 0.010135
3 0.994675 0.760009 0.010650 0.022924
3 0.324418 0.686760 0.019072 0.022094
3 0.316310 0.693416 0.034692 0.034161
3 0.307840 0.708493 0.017603 0.019892
