0 0.816317 0.613538 0.130779 0.492112
0 0.093954 0.574919 0.187908 0.540758
0 0.344228 0.436394 0.014983 0.074088
0 0.270383 0.541810 0.140995 0.323186
0 0.677512 0.614251 0.101022 0.143177
0 0.509103 0.700280 0.198504 0.288628
0 0.470928 0.445930 0.035789 0.124603
1 0.805738 0.388375 0.059208 0.040848
1 0.048223 0.334301 0.096445 0.059251
1 0.346381 0.406733 0.011747 0.011679
1 0.262366 0.401638 0.046913 0.042644
1 0.482464 0.615875 0.070846 0.024404
1 0.622183 0.218917 0.012613 0.016661
1 0.746947 0.476891 0.012255 0.012969
1 0.480267 0.581688 0.058341 0.052058
1 0.659844 0.566512 0.038131 0.045460
1 0.466016 0.390925 0.014062 0.016002
1 0.696730 0.492374 0.021300 0.023412
1 0.786953 0.837247 0.071510 0.044513
3 0.529154 0.724707 0.033297 0.029251
3 0.815856 0.809774 0.073758 0.046209
3 0.447079 0.855713 0.065613 0.060054
3 0.156557 0.768579 0.065965 0.049016
3 0.462729 0.505126 0.010196 0.012094
3 0.609326 0.827252 0.045288 0.033186
3 0.117542 0.823917 0.070318 0.043159
3 0.274147 0.684400 0.027332 0.035695
3 0.324323 0.657044 0.032749 0.031832
3 0.501940 0.817184 0.050677 0.043123
3 0.474235 0.506755 0.009377 0.013168
