0 0.566572 0.395563 0.062246 0.320966
0 0.038457 0.438466 0.076914 0.518057
0 0.300080 0.419661 0.069612 0.399943
0 0.189044 0.429879 0.063654 0.299000
0 0.470871 0.363098 0.035996 0.137805
0 0.434865 0.403517 0.040605 0.268736
0 0.396221 0.415460 0.061620 0.337310
0 0.603070 0.386534 0.038948 0.240908
1 0.014607 0.215626 0.029214 0.073322
1 0.464434 0.303230 0.012469 0.019034
1 0.443380 0.292276 0.012050 0.023149
1 0.386753 0.264805 0.026718 0.039149
1 0.425385 0.284552 0.023516 0.030414
1 0.588287 0.273259 0.008640 0.019092
1 0.574315 0.248701 0.028428 0.026782
2 0.412114 0.542799 0.027552 0.079598
2 0.612977 0.479776 0.020409 0.052770
2 0.006062 0.674632 0.012050 0.048000
2 0.191028 0.553184 0.017764 0.056115
2 0.031755 0.679310 0.032815 0.033770
2 0.024732 0.661989 0.044758 0.070230
2 0.391670 0.551954 0.015130 0.068322
2 0.294251 0.582046 0.018986 0.068667
2 0.533988 0.435851 0.019926 0.024598
2 0.326622 0.586954 0.017568 0.066736
2 0.426248 0.485799 0.011965 0.037989
2 0.561917 0.531287 0.013606 0.043034
2 0.576981 0.517925 0.015183 0.074655
2 0.436553 0.508080 0.014902 0.060000
2 0.591933 0.485368 0.013266 0.043425
