0 0.708890 0.502604 0.065308 0.309666
0 0.402749 0.444856 0.036845 0.135018
0 0.294648 0.416498 0.013182 0.056065
0 0.578754 0.404684 0.027610 0.075812
0 0.743334 0.423615 0.031165 0.060587
1 0.578172 0.372338 0.009397 0.010957
1 0.712116 0.361755 0.034360 0.028565
1 0.294045 0.393958 0.008605 0.010298
1 0.936107 0.396476 0.013351 0.014612
1 0.688802 0.391977 0.008422 0.010000
1 0.402092 0.385718 0.016791 0.016381
1 0.733568 0.399233 0.012038 0.011552
3 0.696581 0.646521 0.034259 0.021236
3 0.407745 0.509621 0.011361 0.007762
3 0.389526 0.509666 0.017089 0.009061
3 0.686963 0.644201 0.015525 0.018240
3 0.691009 0.618042 0.019201 0.016408
