0 0.835890 0.500397 0.278253 0.995415
0 0.328812 0.654111 0.202309 0.433764
0 0.459519 0.278912 0.125538 0.339179
1 0.896490 0.047572 0.165450 0.095144
1 0.268717 0.482338 0.083595 0.088502
1 0.431601 0.130898 0.031395 0.042915
1 0.545169 0.314440 0.008619 0.008682
3 0.787302 0.982505 0.022282 0.034919
3 0.474458 0.435930 0.026114 0.019946
3 0.669225 0.994373 0.035457 0.011255
3 0.381625 0.834305 0.039025 0.076426
3 0.700955 0.992757 0.013243 0.014486
3 0.442271 0.437297 0.021117 0.022789
3 0.441293 0.280862 0.063886 0.224341
3 0.846100 0.149774 0.050928 0.148303
5 0.339780 0.700582 0.132275 0.325009
5 0.434458 0.334616 0.032072 0.115135
5 0.822654 0.472915 0.074611 0.073177
