0 0.367035 0.660707 0.149986 0.678586
0 0.677419 0.645964 0.200604 0.623063
0 0.276279 0.616144 0.074199 0.518378
0 0.610444 0.575662 0.109830 0.433234
0 0.491353 0.551914 0.079016 0.381973
0 0.616391 0.111721 0.024532 0.050432
1 0.733053 0.364311 0.074084 0.060964
1 0.497103 0.377613 0.033948 0.034018
1 0.620132 0.094266 0.016900 0.015523
1 0.347554 0.347419 0.077076 0.054171
1 0.279864 0.381455 0.066404 0.049919
1 0.637110 0.390505 0.055115 0.063910
1 0.308104 0.769982 0.006180 0.023279
1 0.622890 0.775860 0.040570 0.031054
3 0.507174 0.728545 0.020292 0.025667
3 0.703616 0.928054 0.072809 0.056523
3 0.682646 0.870608 0.046811 0.042802
3 0.408640 0.984419 0.037144 0.028622
3 0.270811 0.853649 0.054213 0.041910
3 0.410706 0.748410 0.008263 0.015306
3 0.292391 0.814185 0.030862 0.027414
3 0.603826 0.759081 0.040773 0.025838
3 0.469569 0.724176 0.023209 0.029703
3 0.317327 0.972324 0.037490 0.054378
