0 0.715440 0.600790 0.119303 0.489179
0 0.500850 0.443809 0.022810 0.026264
0 0.327965 0.565686 0.116378 0.381444
0 0.532522 0.424797 0.015674 0.059738
0 0.269235 0.422911 0.015721 0.044756
0 0.215179 0.593127 0.180785 0.505695
1 0.141364 0.404869 0.017163 0.018818
1 0.309986 0.398443 0.042519 0.045821
1 0.532336 0.399752 0.008883 0.010208
1 0.267952 0.404337 0.006940 0.008312
1 0.506395 0.434427 0.008687 0.008980
1 0.712830 0.390672 0.048477 0.067807
3 0.536395 0.452924 0.004746 0.004964
3 0.704939 0.824819 0.033629 0.038809
3 0.775809 0.818633 0.051713 0.049883
3 0.321439 0.743019 0.035173 0.025208
3 0.144651 0.519192 0.009276 0.009449
3 0.774350 0.805866 0.046723 0.024603
3 0.151896 0.827644 0.054123 0.037220
3 0.275450 0.809319 0.061666 0.040785
3 0.337827 0.803908 0.016628 0.013357
3 0.363328 0.726728 0.046019 0.029486
3 0.696672 0.825903 0.016635 0.035523
3 0.713974 0.822144 0.015504 0.030713
3 0.761385 0.798032 0.023514 0.028989
