0 0.536022 0.602509 0.009783 0.041516
0 0.551070 0.599932 0.011266 0.042735
0 0.148341 0.621322 0.040745 0.139034
0 0.309790 0.628145 0.031659 0.061453
0 0.238341 0.614341 0.019594 0.088141
0 0.643998 0.644774 0.061090 0.196877
0 0.634919 0.601954 0.017204 0.095623
0 0.468707 0.608051 0.014218 0.060830
0 0.097596 0.625284 0.037644 0.130208
0 0.499174 0.603655 0.014056 0.053736
0 0.316547 0.585230 0.019932 0.035713
0 0.611398 0.602153 0.020440 0.079251
0 0.201049 0.731579 0.114624 0.346949
1 0.299181 0.610970 0.011280 0.014179
1 0.097336 0.567662 0.014766 0.015271
1 0.522539 0.583696 0.006202 0.007644
1 0.526950 0.583831 0.005477 0.007536
1 0.235200 0.575077 0.012390 0.012374
1 0.468213 0.582098 0.008111 0.010749
1 0.657485 0.559458 0.018788 0.025903
1 0.507370 0.579436 0.006303 0.006886
1 0.511831 0.585063 0.006019 0.007726
1 0.496869 0.579797 0.008240 0.008691
1 0.494028 0.580167 0.007380 0.008691
1 0.779438 0.605523 0.008517 0.010884
1 0.634022 0.558177 0.010332 0.010361
1 0.569238 0.615948 0.008483 0.011606
1 0.523771 0.586241 0.007001 0.008745
1 0.191764 0.583384 0.052938 0.050957
1 0.316825 0.572699 0.011158 0.011191
1 0.515616 0.583682 0.005911 0.007653
1 0.449970 0.590582 0.007035 0.007969
1 0.158849 0.563014 0.019309 0.021913
1 0.570420 0.577486 0.008125 0.010226
1 0.514262 0.584007 0.005789 0.007816
1 0.517211 0.629783 0.009533 0.016606
1 0.500196 0.579720 0.006825 0.008014
1 0.535988 0.585077 0.005572 0.007085
1 0.507312 0.583055 0.006026 0.008042
1 0.549012 0.580609 0.005471 0.006471
1 0.579042 0.603669 0.008971 0.010316
1 0.519506 0.584486 0.006107 0.007942
1 0.532552 0.584120 0.006053 0.007735
1 0.188111 0.574269 0.031442 0.029278
1 0.611412 0.567477 0.009269 0.010153
1 0.293020 0.611647 0.010792 0.016110
1 0.609001 0.641124 0.008795 0.006309
1 0.603030 0.639292 0.006276 0.006327
1 0.468422 0.636701 0.006500 0.006273
1 0.605694 0.640826 0.007217 0.005930
1 0.579675 0.638136 0.006432 0.005894
1 0.627749 0.662829 0.008849 0.009810
1 0.490460 0.634093 0.005362 0.005424
1 0.518832 0.639201 0.006899 0.006074
1 0.203070 0.879973 0.022471 0.036986
1 0.207146 0.869422 0.011056 0.018899
1 0.236869 0.660388 0.008307 0.008159
1 0.104895 0.688190 0.011320 0.009269
1 0.172566 0.901674 0.019783 0.010659
1 0.659668 0.738398 0.013893 0.009106
1 0.623480 0.737229 0.025335 0.011534
1 0.616290 0.642270 0.007908 0.006056