0 0.037394 0.245865 0.041249 0.067500
0 0.555246 0.620516 0.171419 0.399802
0 0.011527 0.496448 0.023054 0.101521
0 0.982969 0.825443 0.033910 0.231406
0 0.148391 0.351620 0.047239 0.177594
0 0.212239 0.095990 0.089672 0.191979
0 0.402679 0.527828 0.151817 0.815448
1 0.021269 0.220995 0.010264 0.011740
1 0.002389 0.452906 0.004777 0.016188
1 0.145815 0.065417 0.011430 0.015646
1 0.136764 0.274641 0.017948 0.019531
1 0.130712 0.052479 0.005328 0.014479
1 0.214420 0.008708 0.026506 0.017417
1 0.524807 0.453896 0.051489 0.069375
1 0.446474 0.179135 0.063605 0.117125
1 0.150569 0.435427 0.005803 0.011250
3 0.431688 0.879510 0.031594 0.109729
3 0.225747 0.382172 0.011682 0.014531
3 0.051876 0.275682 0.009871 0.009385
3 0.392521 0.675135 0.008277 0.028500
3 0.460451 0.817078 0.018253 0.042490
3 0.011032 0.533203 0.022063 0.027906
3 0.225062 0.225234 0.015129 0.012302
3 0.224789 0.373385 0.012802 0.031250
3 0.352295 0.474089 0.006454 0.014740
3 0.079431 0.375318 0.015522 0.014594
3 0.030384 0.254953 0.009420 0.010510
3 0.229045 0.196854 0.011864 0.020688
3 0.510788 0.794312 0.031471 0.054771
3 0.526539 0.749885 0.015059 0.025167
3 0.160645 0.433875 0.021536 0.013604
3 0.966627 0.763781 0.066747 0.133896
3 0.140953 0.323219 0.031120 0.066479
4 0.985015 0.806609 0.029971 0.048677
4 0.223259 0.076932 0.039543 0.106490
4 0.437849 0.191719 0.043025 0.138896
4 0.438195 0.162646 0.018042 0.081583