0 0.409066 0.493664 0.034435 0.128357
0 0.567871 0.512058 0.044245 0.143123
0 0.033138 0.772053 0.066276 0.269287
0 0.093033 0.543317 0.068260 0.242103
0 0.670941 0.544580 0.043886 0.190948
0 0.605203 0.559404 0.099804 0.278773
0 0.587678 0.479477 0.025836 0.084711
0 0.673084 0.449878 0.031435 0.043782
1 0.551256 0.450424 0.018016 0.021643
1 0.677949 0.462279 0.029614 0.026218
1 0.586645 0.444743 0.013683 0.015117
1 0.603152 0.433457 0.015647 0.015740
2 0.553869 0.573005 0.011679 0.024314
2 0.618802 0.673466 0.018253 0.048014
2 0.077390 0.651417 0.021266 0.027130
2 0.423957 0.556336 0.011963 0.013051
2 0.104804 0.643353 0.016947 0.019558
2 0.098064 0.624422 0.019012 0.022978
2 0.568351 0.671083 0.027089 0.051354
2 0.658226 0.650158 0.016412 0.040641
2 0.582620 0.552121 0.008599 0.022545
2 0.058629 0.781963 0.020399 0.053962
2 0.658595 0.636029 0.014198 0.015307
2 0.616801 0.688326 0.015701 0.019576