0 0.823731 0.414607 0.049560 0.158601
0 0.966178 0.296814 0.067644 0.086227
0 0.072431 0.503132 0.046554 0.075162
0 0.263599 0.587523 0.104584 0.155695
0 0.968876 0.103308 0.028558 0.092085
0 0.500098 0.911864 0.058558 0.066616
0 0.128446 0.572766 0.099749 0.206688
0 0.731303 0.417604 0.056324 0.093312
0 0.153202 0.469449 0.040704 0.189838
0 0.982014 0.223375 0.035972 0.097780
1 0.546385 0.861480 0.017387 0.030812
1 0.734211 0.380140 0.017454 0.019052
1 0.963903 0.266069 0.021916 0.024305
1 0.076219 0.482202 0.024827 0.032762
1 0.152150 0.398745 0.022106 0.016895
1 0.963974 0.069892 0.020217 0.025993
1 0.511195 0.895226 0.023067 0.029386
1 0.221740 0.527067 0.020122 0.035433
1 0.163903 0.490704 0.028714 0.044079
1 0.818605 0.343854 0.018714 0.018159
1 0.147664 0.389170 0.031429 0.029242
1 0.757028 0.393159 0.008599 0.013412
1 0.985159 0.187175 0.019675 0.025523
1 0.122177 0.665623 0.029039 0.021083
3 0.164665 0.558042 0.013934 0.015343
3 0.165108 0.561868 0.013507 0.009206
3 0.152779 0.547947 0.010515 0.013005
3 0.820454 0.487229 0.010372 0.011968
3 0.142319 0.641462 0.025261 0.017870
3 0.827404 0.494043 0.010298 0.010830
3 0.273016 0.657234 0.025599 0.019233