0 0.385829 0.535104 0.029032 0.065496
0 0.730237 0.489829 0.023304 0.073051
0 0.351154 0.492685 0.015768 0.058637
0 0.170826 0.583606 0.085836 0.292879
0 0.392993 0.489490 0.014083 0.052771
0 0.313219 0.475266 0.016473 0.027644
0 0.034357 0.617775 0.068714 0.509287
0 0.871889 0.497753 0.023304 0.026877
0 0.323517 0.513588 0.037529 0.117157
0 0.091638 0.702094 0.148490 0.571697
0 0.607079 0.472455 0.013737 0.034043
0 0.628988 0.497875 0.024570 0.089973
0 0.373829 0.490903 0.019492 0.057094
0 0.260203 0.525772 0.030900 0.114215
0 0.577823 0.480185 0.016107 0.047500
0 0.981422 0.479625 0.012092 0.037897
0 0.527867 0.506376 0.030440 0.081616
0 0.594381 0.536751 0.039919 0.174386
0 0.468497 0.492148 0.017427 0.061264
0 0.421181 0.533551 0.032735 0.069287
0 0.547420 0.488484 0.016019 0.068935
0 0.765129 0.477243 0.023351 0.063023
1 0.384797 0.507297 0.011530 0.013023
1 0.551273 0.461900 0.007001 0.009215
1 0.526686 0.462559 0.007319 0.008872
1 0.470010 0.464332 0.006723 0.007238
1 0.507725 0.463046 0.007691 0.008998
1 0.151259 0.450857 0.027299 0.028628
1 0.935596 0.505041 0.012451 0.011327
1 0.352316 0.467581 0.006784 0.008899
1 0.318426 0.465894 0.006696 0.009097
1 0.017519 0.387802 0.035037 0.049630
1 0.876814 0.489445 0.008510 0.009449
1 0.616662 0.458551 0.008206 0.009251
1 0.108930 0.456643 0.070819 0.083556
1 0.392441 0.467911 0.007969 0.009955
1 0.544137 0.454486 0.007935 0.009946
1 0.326401 0.461295 0.012722 0.013421
1 0.733351 0.458109 0.009452 0.009955
1 0.259272 0.475812 0.012058 0.014134
1 0.630146 0.459395 0.011381 0.012112
1 0.376963 0.466999 0.007793 0.010767
1 0.417109 0.506710 0.012200 0.014792
1 0.582048 0.462631 0.007062 0.010280
1 0.979235 0.463836 0.007339 0.007708
1 0.479299 0.491160 0.007644 0.009865
1 0.531066 0.471119 0.009973 0.010036
1 0.604529 0.462026 0.010156 0.012428
1 0.764164 0.449215 0.007624 0.007924
1 0.591537 0.454558 0.016655 0.015686
1 0.410870 0.561958 0.008700 0.012978
2 0.009892 0.847360 0.019296 0.051471
2 0.327800 0.550316 0.006825 0.015036
2 0.380420 0.563091 0.007150 0.012446
2 0.396500 0.560930 0.009425 0.013123
2 0.627684 0.536002 0.007651 0.013177
2 0.465206 0.517730 0.005647 0.010984
2 0.538517 0.538348 0.007461 0.012906
2 0.034695 0.838136 0.030907 0.062175
2 0.637901 0.534111 0.006919 0.011706
2 0.637150 0.538949 0.007840 0.022265
2 0.433077 0.562211 0.008429 0.009675
2 0.320944 0.568267 0.009932 0.011047
2 0.342014 0.563696 0.008334 0.012843
2 0.735941 0.524197 0.007536 0.005939
2 0.765880 0.507116 0.005680 0.005514
2 0.090701 0.977329 0.045491 0.022996
2 0.189702 0.719481 0.042356 0.013475
2 0.727464 0.523881 0.006723 0.006336
2 0.759712 0.505988 0.005653 0.006525
2 0.465396 0.520456 0.005240 0.006074
2 0.156364 0.748809 0.009560 0.024224
2 0.634898 0.548890 0.007671 0.007653
2 0.518169 0.543687 0.006655 0.008800
2 0.595579 0.618588 0.011699 0.011236
3 0.603250 0.601710 0.008355 0.011146
3 0.549519 0.521936 0.006581 0.005569