0 0.909096 0.455659 0.022715 0.068177
0 0.513571 0.440162 0.017596 0.062726
0 0.021808 0.445596 0.019621 0.031606
0 0.615575 0.485036 0.032600 0.164440
0 0.228551 0.452098 0.016642 0.028836
0 0.258771 0.638060 0.154347 0.370397
0 0.438659 0.474779 0.044631 0.158836
0 0.954672 0.519634 0.077576 0.122951
0 0.188111 0.615257 0.096710 0.130894
0 0.126456 0.591399 0.091693 0.436047
0 0.057376 0.445099 0.017664 0.023755
0 0.202468 0.429260 0.014983 0.044982
0 0.483534 0.482856 0.035626 0.149883
0 0.496862 0.433213 0.013128 0.047690
1 0.467244 0.453010 0.012024 0.017699
1 0.156991 0.442541 0.014753 0.023511
1 0.514269 0.413619 0.007684 0.009729
1 0.904634 0.426358 0.010569 0.010532
1 0.234438 0.449571 0.009905 0.016832
1 0.026706 0.435555 0.008741 0.011597
1 0.227045 0.444612 0.012844 0.014170
1 0.054496 0.439644 0.008896 0.011706
1 0.200078 0.408470 0.006710 0.008457
1 0.543558 0.415289 0.006980 0.009350
1 0.149252 0.403082 0.045166 0.058727
1 0.207932 0.485059 0.054821 0.066255
1 0.439137 0.408813 0.017827 0.024594
1 0.619160 0.411602 0.017373 0.016399
1 0.477586 0.417550 0.020305 0.020803
1 0.496791 0.413087 0.009059 0.008863
1 0.152837 0.564242 0.024116 0.030487
1 0.713128 0.416904 0.007339 0.011318
2 0.489042 0.543159 0.011476 0.028448
2 0.474387 0.541986 0.011903 0.030848
2 0.516669 0.469449 0.006351 0.006191
2 0.219211 0.664711 0.025234 0.027292
2 0.137214 0.767811 0.015796 0.021850
2 0.424648 0.546746 0.013060 0.013150
2 0.125227 0.794215 0.060041 0.033556
2 0.250010 0.805235 0.054171 0.037112
2 0.188358 0.663263 0.039411 0.028150
2 0.441297 0.547974 0.011259 0.013619
2 0.908345 0.488538 0.009160 0.005921
3 0.621943 0.568511 0.014489 0.016390
3 0.305088 0.785059 0.024976 0.035785
3 0.507508 0.469427 0.006161 0.007103
3 0.621676 0.564075 0.013263 0.011056