0 0.887193 0.406327 0.035000 0.020102
0 0.042473 0.420491 0.033249 0.046831
0 0.012464 0.416344 0.024928 0.074096
0 0.130871 0.390762 0.016056 0.021401
0 0.976051 0.414391 0.034648 0.047901
0 0.236119 0.387796 0.013935 0.023026
0 0.089937 0.399445 0.045740 0.039079
0 0.152333 0.393334 0.027301 0.039221
0 0.701304 0.430433 0.076327 0.109194
0 0.524070 0.395518 0.015740 0.034164
0 0.759012 0.412200 0.034468 0.027800
1 0.588863 0.400840 0.008303 0.005741
1 0.521764 0.380975 0.008403 0.005674
1 0.496602 0.378659 0.008330 0.005295
1 0.764007 0.398507 0.010939 0.007170
1 0.734616 0.392380 0.010532 0.007143
1 0.007464 0.385670 0.014928 0.011909
1 0.039143 0.400799 0.015560 0.008856
1 0.711710 0.381571 0.020532 0.011077
1 0.237536 0.379296 0.007906 0.005362
1 0.132383 0.383016 0.009079 0.006655
1 0.975361 0.394973 0.015794 0.009702
1 0.096701 0.390183 0.011038 0.008328
1 0.896178 0.402082 0.008565 0.006222
1 0.525447 0.382153 0.009829 0.006256
1 0.080451 0.384448 0.027455 0.017833
1 0.088985 0.390900 0.024070 0.010399
1 0.686868 0.363135 0.008989 0.006229
1 0.150623 0.376957 0.009928 0.006385
1 0.496620 0.381821 0.008384 0.006540
1 0.778010 0.402150 0.010244 0.007224
1 0.754959 0.402106 0.011345 0.006947
3 0.664847 0.475474 0.016895 0.006899
3 0.709680 0.482661 0.013727 0.004902
3 0.678533 0.480088 0.017843 0.005349