0 0.690924 0.567915 0.243555 0.863303
0 0.810257 0.590271 0.108639 0.621534
0 0.382339 0.533651 0.113101 0.475334
0 0.333341 0.524468 0.173480 0.951065
0 0.583165 0.505609 0.121957 0.528637
0 0.457356 0.466209 0.088253 0.558105
1 0.352915 0.314684 0.022417 0.040596
1 0.825467 0.403159 0.059695 0.079350
1 0.291385 0.272965 0.070176 0.086904
1 0.734858 0.286282 0.104056 0.084567
1 0.595129 0.305023 0.045748 0.044106
1 0.470545 0.301119 0.054942 0.049729
3 0.545636 0.718317 0.044408 0.033168
3 0.617464 0.748764 0.024232 0.039910
3 0.473355 0.713755 0.027481 0.035433
3 0.374106 0.749639 0.042580 0.042599
3 0.426083 0.723646 0.022295 0.040812
3 0.784716 0.879057 0.056134 0.043782
3 0.765559 0.844937 0.017102 0.020596
3 0.269238 0.960311 0.031936 0.052951
3 0.348118 0.979486 0.072525 0.040307
3 0.712640 0.899783 0.010440 0.040794
3 0.587397 0.424391 0.086005 0.137085