0 0.909302 0.491870 0.125708 0.195709
0 0.105578 0.520281 0.129802 0.204185
0 0.327484 0.504452 0.078719 0.177720
0 0.217495 0.510469 0.086656 0.172544
0 0.158333 0.515305 0.073125 0.181137
0 0.661120 0.486987 0.088531 0.189343
0 0.556438 0.500466 0.078042 0.173113
0 0.777375 0.495469 0.098042 0.181184
0 0.485396 0.496547 0.073396 0.176026
0 0.408443 0.507295 0.079510 0.168623
1 0.075802 0.428974 0.057083 0.020246
1 0.560865 0.403936 0.033063 0.008728
1 0.327813 0.428634 0.052125 0.027128
1 0.219078 0.433329 0.058135 0.019613
1 0.151833 0.436187 0.058917 0.023429
1 0.663464 0.405314 0.058406 0.025445
1 0.559859 0.425724 0.046573 0.023828
1 0.903292 0.404692 0.047583 0.019912
1 0.485245 0.421164 0.050510 0.024672
1 0.398964 0.432682 0.043740 0.017849
1 0.779859 0.413309 0.042406 0.016290
1 0.681068 0.569663 0.050969 0.012104
1 0.873677 0.581574 0.026729 0.015680
1 0.661786 0.570800 0.021365 0.011448
1 0.097828 0.606281 0.059385 0.012011
3 0.309583 0.581506 0.042042 0.013845
3 0.159260 0.599619 0.046229 0.012274
3 0.335729 0.584349 0.039854 0.015111
3 0.943167 0.581961 0.044479 0.015328
3 0.574656 0.580428 0.029854 0.012638
3 0.101583 0.614842 0.062667 0.014807
3 0.392714 0.580519 0.021677 0.007532
3 0.226911 0.590780 0.043490 0.010492
3 0.174240 0.593069 0.029187 0.011319
3 0.644292 0.574244 0.032083 0.015287
3 0.239438 0.583253 0.026208 0.011196
3 0.549896 0.574851 0.035667 0.012515
3 0.751797 0.578391 0.022531 0.015551
3 0.424365 0.585944 0.043271 0.010399
3 0.481521 0.577685 0.035625 0.012860
3 0.503120 0.573992 0.034365 0.011946
3 0.802573 0.574880 0.050021 0.012198
3 0.904250 0.459361 0.079479 0.060164