0 0.569459 0.533510 0.060031 0.401921
0 0.111724 0.516251 0.042493 0.493062
0 0.161633 0.631112 0.135265 0.737776
0 0.388241 0.455052 0.049407 0.264610
1 0.112155 0.312235 0.039869 0.084494
1 0.567428 0.352963 0.030026 0.042433
1 0.155310 0.304889 0.049202 0.084540
1 0.386942 0.337363 0.017832 0.028766
3 0.395940 0.609395 0.012457 0.023655
3 0.396774 0.613912 0.010829 0.014785
3 0.195717 0.986310 0.023622 0.027381
3 0.404273 0.567194 0.010194 0.023632
3 0.566588 0.717107 0.055192 0.032119
3 0.587008 0.720937 0.017911 0.027346
3 0.551627 0.710885 0.026037 0.020373