0 0.080627 0.327080 0.034509 0.111333
0 0.553417 0.690575 0.144010 0.618851
0 0.336075 0.332851 0.022103 0.047080
0 0.023216 0.342333 0.046272 0.064023
0 0.237215 0.367782 0.036989 0.222138
0 0.147127 0.348385 0.042963 0.192149
0 0.196726 0.349259 0.027164 0.153690
0 0.473927 0.329374 0.022682 0.122586
0 0.117979 0.324132 0.032454 0.127644
1 0.083752 0.278034 0.015587 0.014483
1 0.334105 0.286626 0.008986 0.020356
1 0.109206 0.267805 0.012602 0.014713
1 0.028489 0.319908 0.013261 0.018253
1 0.132270 0.262276 0.016065 0.020460
1 0.188311 0.282190 0.013787 0.019414
1 0.237653 0.268534 0.017483 0.024195
1 0.472682 0.275115 0.011917 0.015333
2 0.249472 0.471511 0.010329 0.016931
2 0.130130 0.372489 0.011168 0.028080
2 0.203603 0.415914 0.012655 0.024264
2 0.250520 0.463684 0.010080 0.032310
2 0.120712 0.370011 0.011694 0.037172
2 0.005382 0.378839 0.010765 0.018368
2 0.586729 0.982109 0.031482 0.035437
2 0.032483 0.371672 0.010074 0.012770
2 0.506585 0.991379 0.034339 0.017241
2 0.092013 0.367902 0.015550 0.029736
2 0.164060 0.436069 0.010032 0.024874
2 0.122722 0.380891 0.008630 0.019276
2 0.170181 0.431569 0.008805 0.019621
2 0.468813 0.384115 0.009373 0.012736
2 0.068107 0.367316 0.011540 0.030241
2 0.131705 0.379207 0.008253 0.015862
2 0.256091 0.335368 0.006447 0.011793
2 0.343298 0.353695 0.010324 0.006563
2 0.326158 0.352776 0.005465 0.007253
2 0.225066 0.475328 0.010834 0.009713
2 0.093548 0.379144 0.015645 0.010103
2 0.123056 0.383931 0.007801 0.012322
2 0.066622 0.379908 0.008285 0.009402