0 0.824035 0.414743 0.049763 0.158998
0 0.966303 0.296412 0.067393 0.085352
0 0.072847 0.502965 0.045450 0.074883
0 0.263612 0.587595 0.104746 0.155514
0 0.969049 0.103366 0.028538 0.092058
0 0.500619 0.911931 0.058720 0.066209
0 0.128406 0.572820 0.099777 0.206760
0 0.731622 0.417820 0.057271 0.092789
0 0.152955 0.469571 0.041036 0.189810
0 0.982481 0.223294 0.035037 0.097960
1 0.546435 0.861250 0.017542 0.030478
1 0.734296 0.380478 0.017651 0.019801
1 0.963683 0.266205 0.021381 0.024359
1 0.076144 0.482274 0.024760 0.032816
1 0.964140 0.069734 0.020074 0.025605
1 0.152197 0.398764 0.022918 0.017329
1 0.513030 0.899594 0.027820 0.039711
1 0.221669 0.527144 0.020061 0.035406
1 0.163714 0.490785 0.028700 0.044061
1 0.818632 0.343664 0.018673 0.018087
1 0.147363 0.389400 0.031571 0.029558
1 0.757214 0.393236 0.008605 0.013764
1 0.985237 0.186819 0.019519 0.025406
1 0.122079 0.665803 0.029276 0.021029
3 0.164614 0.557866 0.013995 0.015894
3 0.164946 0.561999 0.013751 0.009125
3 0.820308 0.487477 0.010487 0.011796
3 0.142332 0.641557 0.025261 0.017572
3 0.827627 0.493800 0.010420 0.011751
3 0.273375 0.657319 0.026209 0.019296
3 0.152498 0.547956 0.010521 0.012771
3 0.975088 0.341751 0.016107 0.007653