0 0.669435 0.537545 0.148673 0.575704
0 0.397478 0.445194 0.053643 0.225262
0 0.484160 0.595199 0.204462 0.684657
0 0.568555 0.492387 0.117271 0.521020
0 0.966408 0.395898 0.067183 0.207356
1 0.124733 0.375347 0.013257 0.016020
1 0.190305 0.385018 0.010535 0.013448
1 0.678091 0.277216 0.066608 0.054106
1 0.990518 0.301453 0.018964 0.019675
1 0.421970 0.293285 0.067502 0.080884
2 0.605603 0.733312 0.027360 0.036823
3 0.725677 0.799603 0.037109 0.052274
3 0.588761 0.686232 0.008490 0.013601
3 0.555210 0.903809 0.062417 0.070199
3 0.395738 0.537847 0.014482 0.043601
3 0.472309 0.854093 0.060772 0.046002
3 0.978037 0.491710 0.018199 0.013872
3 0.661137 0.774874 0.051686 0.044350
3 0.939932 0.494179 0.015112 0.012238