0 0.503036 0.450427 0.009766 0.020604
0 0.387852 0.490885 0.007954 0.027646
0 0.949528 0.578526 0.022644 0.066802
0 0.303268 0.529354 0.037415 0.087896
0 0.911597 0.456922 0.010487 0.039219
0 0.556208 0.614526 0.304877 0.768094
0 0.757978 0.525380 0.012872 0.032823
1 0.297280 0.326833 0.006659 0.012375
1 0.044851 0.350036 0.008576 0.016260
1 0.953787 0.550510 0.010387 0.011625
1 0.386975 0.479687 0.005311 0.006375
1 0.257515 0.362750 0.009285 0.011292
1 0.294282 0.494563 0.021717 0.018854
1 0.609651 0.340135 0.137450 0.220292
1 0.760120 0.513208 0.008283 0.008396
1 0.912438 0.441552 0.006143 0.008083
1 0.958511 0.608750 0.006424 0.009146
3 0.939933 0.606344 0.006758 0.006000
3 0.626196 0.747620 0.147468 0.493885