0 0.693475 0.522461 0.112148 0.227752
0 0.552545 0.501919 0.051390 0.157014
0 0.347509 0.491676 0.064621 0.185870
0 0.435158 0.513338 0.126579 0.243521
0 0.790009 0.520281 0.068466 0.212234
0 0.315569 0.496544 0.125542 0.230555
0 0.464052 0.496622 0.042166 0.163873
0 0.584066 0.524699 0.092301 0.233609
0 0.630596 0.494729 0.022166 0.099980
0 0.656724 0.513084 0.056354 0.159546
0 0.752387 0.510968 0.045875 0.197007
1 0.633962 0.447451 0.015199 0.008903
1 0.280695 0.393118 0.042274 0.024259
1 0.722947 0.420132 0.042229 0.024963
1 0.264571 0.410030 0.009269 0.011774
1 0.422288 0.403957 0.045930 0.028565
1 0.592243 0.420687 0.042139 0.026439
1 0.353001 0.408135 0.032662 0.017881
1 0.801805 0.424810 0.042310 0.021970
1 0.456692 0.420897 0.028258 0.013277
1 0.565496 0.427965 0.016209 0.009336
1 0.565036 0.434661 0.022942 0.020697
1 0.669887 0.440298 0.030424 0.015071
1 0.757004 0.420880 0.028773 0.018077
3 0.292789 0.596804 0.019549 0.010440
3 0.439373 0.628172 0.032681 0.014245
3 0.641557 0.585200 0.026146 0.010508
3 0.272658 0.587397 0.046543 0.007170
3 0.467220 0.573142 0.023484 0.009397
3 0.677685 0.628446 0.046164 0.014469