0 0.879395 0.405504 0.032852 0.042112
0 0.822744 0.544160 0.131264 0.265355
0 0.203520 0.659986 0.196101 0.292959
0 0.595952 0.385115 0.022247 0.060481
0 0.257978 0.493636 0.097347 0.144956
0 0.725727 0.409225 0.089395 0.298531
0 0.308005 0.382844 0.103339 0.200474
0 0.680979 0.398653 0.068908 0.246906
0 0.438818 0.404986 0.087040 0.246195
0 0.626701 0.386659 0.022374 0.070433
1 0.598046 0.357864 0.011886 0.008808
1 0.848989 0.429827 0.078755 0.037569
1 0.629391 0.356148 0.015731 0.009194
1 0.842374 0.442908 0.093032 0.062079
1 0.261855 0.437715 0.046597 0.033764
1 0.193637 0.534956 0.079079 0.043412
1 0.309206 0.297498 0.036444 0.027048
1 0.957189 0.358111 0.006778 0.007583
1 0.840532 0.454313 0.087744 0.038741
1 0.725803 0.275921 0.058953 0.030311
1 0.420952 0.294844 0.041616 0.024990
1 0.884657 0.392055 0.013628 0.014739
1 0.686602 0.286974 0.032193 0.022762
1 0.773809 0.357106 0.006733 0.008944
2 0.465366 0.517488 0.021236 0.019120
2 0.627401 0.420667 0.012004 0.004326
3 0.594892 0.414425 0.012798 0.007048
3 0.730862 0.546906 0.054847 0.030521
3 0.254851 0.562810 0.029341 0.018592
3 0.706697 0.527187 0.017545 0.009783