0 0.787380 0.270311 0.025200 0.062374
0 0.946957 0.685663 0.068213 0.214197
0 0.897833 0.441864 0.048517 0.098908
0 0.675504 0.486088 0.025552 0.031904
0 0.223494 0.595799 0.078510 0.199792
0 0.050975 0.427301 0.101950 0.405235
0 0.844252 0.310632 0.037508 0.060758
0 0.429851 0.313249 0.027935 0.096300
0 0.725961 0.381940 0.029851 0.120433
0 0.833483 0.394368 0.035782 0.117599
1 0.796361 0.243398 0.008551 0.010099
1 0.013731 0.255943 0.027461 0.061417
1 0.958856 0.593944 0.030454 0.032220
1 0.857451 0.285636 0.009716 0.012175
1 0.913341 0.402902 0.017326 0.023168
1 0.733202 0.329806 0.017211 0.016670
1 0.200213 0.509463 0.031490 0.026182
1 0.798615 0.339675 0.012221 0.016011
1 0.437095 0.271020 0.012024 0.012220
1 0.802417 0.732590 0.032485 0.020487
1 0.837282 0.341250 0.016026 0.015460
3 0.790024 0.387153 0.010000 0.008673
3 0.921513 0.781074 0.019262 0.026173
3 0.954309 0.758953 0.028646 0.018736
3 0.834695 0.454192 0.011192 0.008475
3 0.197786 0.688321 0.024211 0.016805
3 0.421821 0.357870 0.006500 0.006101
3 0.440471 0.357121 0.006967 0.006787
3 0.256710 0.662514 0.013934 0.020208
3 0.777590 0.376561 0.009587 0.006661