0 0.464763 0.494919 0.044448 0.129657
0 0.767793 0.495144 0.043764 0.181101
0 0.572048 0.512437 0.029269 0.061661
0 0.504039 0.500384 0.032316 0.143060
0 0.628944 0.497708 0.031320 0.152347
0 0.115339 0.470523 0.033886 0.131480
0 0.602817 0.517324 0.029533 0.044756
0 0.679377 0.476539 0.036831 0.110226
1 0.116510 0.411886 0.019898 0.015036
1 0.768551 0.414188 0.023548 0.020235
1 0.634025 0.431097 0.017434 0.020244
1 0.592546 0.502130 0.012715 0.016679
1 0.508202 0.438118 0.017569 0.019341
1 0.597712 0.506688 0.013825 0.018989
1 0.576743 0.492559 0.014868 0.020569
1 0.275389 0.501692 0.012986 0.014070
1 0.669022 0.430144 0.015403 0.018231
1 0.454594 0.443705 0.014563 0.021399
2 0.500809 0.560411 0.015999 0.023601
2 0.667644 0.522726 0.013094 0.021462
2 0.514794 0.558276 0.008571 0.030542
2 0.688612 0.521918 0.011591 0.020496
2 0.122674 0.532681 0.012552 0.008195
2 0.573592 0.544707 0.008280 0.007103
2 0.665846 0.529097 0.013656 0.011047
2 0.475058 0.556629 0.010305 0.012193
2 0.770579 0.580325 0.017800 0.011227
3 0.563372 0.543060 0.005565 0.006426
3 0.457136 0.553687 0.008490 0.008403
3 0.755948 0.574725 0.021401 0.010767