0 0.673727 0.523150 0.052031 0.254639
0 0.741134 0.488854 0.070785 0.183953
0 0.480190 0.533750 0.050548 0.236688
0 0.865281 0.507207 0.082139 0.258529
0 0.573426 0.512712 0.045917 0.173637
0 0.634384 0.551548 0.041767 0.074756
0 0.409956 0.520740 0.059804 0.210650
1 0.862068 0.397685 0.028375 0.037392
1 0.579719 0.446868 0.024624 0.018664
1 0.486774 0.427653 0.034970 0.024296
1 0.628280 0.529865 0.029100 0.030866
1 0.419628 0.427351 0.021977 0.022644
1 0.996764 0.564630 0.006473 0.014332
1 0.672011 0.408551 0.028152 0.025605
1 0.429817 0.447667 0.013365 0.023384
1 0.581195 0.440199 0.029160 0.030469
1 0.715894 0.411579 0.020278 0.029116
1 0.563849 0.585442 0.021063 0.028538
1 0.463416 0.625853 0.019777 0.048493
2 0.739401 0.560677 0.019479 0.039513
2 0.489665 0.629905 0.012979 0.046850
2 0.767559 0.559413 0.019831 0.040686
2 0.566655 0.599761 0.019418 0.011940
2 0.568815 0.589454 0.014083 0.013637
2 0.386449 0.623597 0.013426 0.011092
2 0.461842 0.639932 0.018510 0.022771
2 0.860223 0.628732 0.023846 0.016652
2 0.556320 0.581458 0.007630 0.020316
2 0.658324 0.633745 0.007007 0.017617
2 0.874567 0.605826 0.012519 0.027825