0 0.531977 0.396002 0.107745 0.124458
0 0.740332 0.423371 0.071198 0.177518
0 0.274929 0.468281 0.123290 0.414630
0 0.604056 0.387527 0.082613 0.261931
0 0.414225 0.335749 0.083182 0.251282
1 0.725200 0.349707 0.028219 0.029143
1 0.250917 0.285032 0.056093 0.048980
1 0.596313 0.272378 0.035904 0.031904
1 0.420274 0.222920 0.028984 0.026309
3 0.714997 0.499639 0.021165 0.024747
3 0.578490 0.452726 0.014462 0.013773
3 0.712549 0.507437 0.017840 0.012816
3 0.521947 0.430722 0.014875 0.016137
3 0.739942 0.510000 0.019668 0.018502
3 0.321219 0.678515 0.029695 0.024612
3 0.743578 0.506363 0.011571 0.012780
3 0.275674 0.715727 0.030508 0.030262
3 0.380423 0.450614 0.014482 0.020957
3 0.734394 0.514995 0.013338 0.011958
3 0.558402 0.436155 0.011483 0.009819
3 0.583443 0.509887 0.027170 0.016543
3 0.489780 0.444734 0.023514 0.018204
3 0.643037 0.492992 0.020142 0.020713
3 0.638314 0.492044 0.012431 0.017103
3 0.425044 0.449616 0.024997 0.016363