0 0.835873 0.500316 0.278991 0.995289
0 0.329343 0.654440 0.201422 0.433881
0 0.459435 0.278881 0.125206 0.339621
1 0.896412 0.047649 0.165362 0.095298
1 0.269042 0.479301 0.083446 0.085135
1 0.431642 0.130844 0.031666 0.042356
1 0.545149 0.314675 0.008673 0.008682
3 0.787607 0.982419 0.022376 0.034892
3 0.474397 0.435957 0.026114 0.020036
3 0.669682 0.994463 0.036723 0.011074
3 0.381669 0.834237 0.039208 0.076652
3 0.442204 0.437613 0.021009 0.022662
3 0.441500 0.280952 0.064976 0.223980
3 0.846253 0.150068 0.051029 0.148042
4 0.859448 0.388908 0.150650 0.239332
4 0.339770 0.700618 0.132701 0.325153
4 0.434909 0.334594 0.032119 0.115650