0 0.495474 0.512242 0.145427 0.287169
0 0.772182 0.523989 0.183365 0.307720
0 0.011594 0.458889 0.023188 0.116630
0 0.729745 0.582773 0.266302 0.365850
0 0.133594 0.408118 0.072083 0.068511
0 0.269677 0.527611 0.134917 0.343054
0 0.634448 0.489335 0.154729 0.294449
0 0.422672 0.567324 0.259260 0.441237
1 0.818505 0.390689 0.083823 0.034977
1 0.496193 0.378224 0.024719 0.022122
1 0.782505 0.418690 0.113427 0.038013
1 0.469286 0.386260 0.077656 0.037233
1 0.260193 0.375182 0.081948 0.035721
1 0.269865 0.382655 0.104083 0.050950
1 0.380536 0.370815 0.121906 0.046999
1 0.882740 0.487951 0.018125 0.019326
1 0.810396 0.404519 0.061021 0.019215
1 0.659687 0.363587 0.066958 0.038183
1 0.415432 0.769959 0.118740 0.036120
3 0.514344 0.643983 0.035771 0.021893
3 0.674927 0.623631 0.019437 0.024883
3 0.819703 0.746307 0.063323 0.035768
3 0.610948 0.620970 0.067229 0.024027
3 0.467219 0.626568 0.021604 0.012245
3 0.329073 0.657389 0.012063 0.015317
3 0.007005 0.513813 0.014010 0.008283
3 0.350458 0.746108 0.023563 0.014760
3 0.265021 0.685161 0.070542 0.026372
3 0.839120 0.662008 0.021385 0.008154
3 0.698552 0.748461 0.085979 0.031178