0 0.568504 0.453912 0.010386 0.047915
0 0.385657 0.470023 0.034103 0.097590
0 0.279100 0.558069 0.054462 0.300397
0 0.667925 0.705108 0.196811 0.589783
0 0.417803 0.480329 0.022715 0.122067
0 0.278835 0.694756 0.209154 0.610487
0 0.633802 0.559463 0.098395 0.306868
0 0.512464 0.541498 0.076750 0.254350
0 0.460372 0.491643 0.025904 0.127960
0 0.502678 0.476918 0.025545 0.098330
1 0.504181 0.433064 0.011422 0.011453
1 0.661043 0.420984 0.033568 0.031462
1 0.383456 0.427920 0.011693 0.011381
1 0.415762 0.427640 0.014475 0.015153
1 0.722126 0.446304 0.084780 0.071706
1 0.524485 0.425988 0.023825 0.022067
1 0.356381 0.426164 0.009336 0.009892
1 0.360227 0.423213 0.008389 0.009856
1 0.274147 0.434039 0.046046 0.054016
1 0.265619 0.420966 0.029289 0.026119
1 0.218571 0.421029 0.090467 0.063285
1 0.459049 0.436837 0.014401 0.017681
1 0.568500 0.434219 0.006154 0.008529
1 0.467004 0.552626 0.013913 0.010036
3 0.696032 0.953488 0.027935 0.093023
3 0.214997 0.943285 0.012864 0.022148
3 0.395088 0.516606 0.009147 0.006986
3 0.298561 0.701015 0.020914 0.016850
3 0.418636 0.533655 0.018125 0.017202
3 0.291300 0.696706 0.011253 0.019513