0 0.655498 0.327324 0.021814 0.045226
0 0.046012 0.313642 0.016791 0.040298
0 0.809953 0.367626 0.023710 0.176570
0 0.013639 0.319355 0.018531 0.035551
0 0.339560 0.360415 0.038917 0.167292
0 0.418257 0.361476 0.031923 0.086038
0 0.864878 0.378700 0.072613 0.209964
0 0.093629 0.314941 0.016073 0.039341
0 0.905728 0.384237 0.053108 0.231363
0 0.234814 0.357211 0.021950 0.043213
0 0.207942 0.352888 0.028246 0.037708
0 0.157316 0.323867 0.016676 0.061489
0 0.309854 0.325167 0.023040 0.070496
0 0.252312 0.332617 0.020047 0.084477
0 0.946232 0.341909 0.022187 0.070984
0 0.549509 0.358434 0.027495 0.038782
0 0.591473 0.376060 0.025220 0.064287
0 0.447546 0.354233 0.023893 0.136877
0 0.187062 0.306449 0.014150 0.019774
0 0.445694 0.380199 0.030074 0.055090
0 0.466293 0.343028 0.017380 0.064756
0 0.792217 0.356557 0.026222 0.165984
0 0.845288 0.367405 0.031131 0.163186
1 0.890708 0.287559 0.022079 0.028222
1 0.658971 0.310718 0.007434 0.011020
1 0.434970 0.362653 0.010846 0.018881
1 0.078869 0.323673 0.007624 0.008646
1 0.047255 0.298154 0.008009 0.009449
1 0.453846 0.308470 0.007095 0.009738
1 0.814228 0.287951 0.013047 0.016101