0 0.700182 0.518655 0.186052 0.241178
0 0.105901 0.555695 0.102552 0.237614
0 0.654885 0.558746 0.223417 0.268394
0 0.194000 0.575991 0.184062 0.265522
0 0.351859 0.505390 0.092365 0.197345
0 0.613193 0.505914 0.089260 0.241419
0 0.448609 0.580132 0.143802 0.285692
0 0.482807 0.502427 0.123656 0.211747
0 0.237234 0.515580 0.125177 0.194338
1 0.729297 0.409812 0.062302 0.024701
1 0.091495 0.451011 0.077198 0.025774
1 0.698703 0.439393 0.071969 0.030311
1 0.213161 0.439707 0.041594 0.026331
1 0.166578 0.462195 0.090240 0.036161
1 0.355969 0.439616 0.047438 0.025528
1 0.127036 0.448746 0.024010 0.009941
1 0.617495 0.423886 0.054552 0.021032
1 0.431344 0.460525 0.075646 0.037309
1 0.497292 0.413426 0.048292 0.021272
1 0.103224 0.657828 0.011052 0.017626
1 0.242792 0.699622 0.073208 0.017825
3 0.734099 0.681366 0.053198 0.021864
3 0.606703 0.618013 0.048510 0.017362
3 0.144297 0.637283 0.027281 0.012022
3 0.227396 0.632403 0.043333 0.006038
3 0.252203 0.610466 0.017115 0.008517
3 0.356766 0.597225 0.022177 0.013804
3 0.733411 0.633716 0.070010 0.019285
3 0.244760 0.632743 0.007375 0.006436
3 0.705521 0.638523 0.017937 0.011442