0 0.503881 0.563741 0.078141 0.225599
0 0.302193 0.570704 0.055542 0.233338
0 0.351060 0.614976 0.131002 0.369167
0 0.729278 0.598192 0.118267 0.294895
0 0.244797 0.602383 0.120478 0.288923
0 0.596227 0.620166 0.156625 0.369485
0 0.657423 0.588781 0.098926 0.238186
1 0.502523 0.460098 0.036670 0.018693
1 0.312365 0.465295 0.036300 0.021963
1 0.754720 0.464777 0.057292 0.028253
1 0.619937 0.454100 0.064170 0.037854
1 0.223132 0.473355 0.058375 0.030704
1 0.665731 0.481029 0.041011 0.023223
1 0.356381 0.447190 0.060325 0.034922
3 0.528597 0.668666 0.022969 0.016493
3 0.190510 0.728656 0.015966 0.014780
3 0.377008 0.786490 0.071255 0.028389
3 0.747879 0.737180 0.062491 0.017055
3 0.617441 0.689262 0.022843 0.012891
3 0.287699 0.678409 0.020018 0.019364
3 0.306602 0.780108 0.036922 0.025132
3 0.231449 0.736750 0.061200 0.020745
3 0.731363 0.720298 0.042870 0.015667
3 0.479296 0.666266 0.025668 0.016567
3 0.550826 0.790870 0.060875 0.030447
3 0.656904 0.785247 0.024350 0.021043
3 0.694156 0.698676 0.023836 0.020210