0 0.717050 0.272282 0.012613 0.059230
0 0.742063 0.276046 0.019612 0.061517
0 0.792201 0.354937 0.046537 0.237023
0 0.633861 0.284483 0.013054 0.076092
0 0.413407 0.340115 0.041917 0.232805
1 0.636476 0.253580 0.006580 0.013713
1 0.748176 0.254299 0.008810 0.015885
1 0.801928 0.254724 0.026118 0.037034
1 0.721352 0.247730 0.006336 0.010264
1 0.764987 0.306741 0.008550 0.017506
1 0.740497 0.311506 0.009873 0.019172
1 0.406705 0.236563 0.018285 0.026069
1 0.747392 0.319310 0.021869 0.037103
1 0.754039 0.304385 0.009798 0.012517
3 0.777148 0.467759 0.018906 0.022874
3 0.415850 0.453230 0.010988 0.011977