0 0.263271 0.391328 0.075751 0.300425
0 0.482995 0.353943 0.076102 0.324299
0 0.932329 0.393034 0.135343 0.785287
0 0.196713 0.200264 0.061105 0.178184
0 0.232576 0.495454 0.136718 0.695805
0 0.710916 0.332356 0.093133 0.407356
0 0.373189 0.332603 0.048407 0.302402
1 0.975961 0.039402 0.048078 0.078805
1 0.367775 0.199333 0.018651 0.036276
1 0.233258 0.202052 0.009798 0.015851
1 0.466827 0.219000 0.024785 0.053241
1 0.739870 0.148017 0.038646 0.039092
1 0.258409 0.505218 0.016628 0.072000
2 0.287204 0.503109 0.027323 0.081437
2 0.392233 0.444299 0.012294 0.067586
2 0.256787 0.487828 0.009846 0.038437
2 0.947610 0.728431 0.042092 0.115483
2 0.268555 0.785822 0.064939 0.122195
2 0.720011 0.502241 0.026606 0.071057
2 0.379729 0.450948 0.017685 0.065552
2 0.890088 0.737925 0.047993 0.063644
2 0.490061 0.494167 0.014429 0.048103
2 0.456437 0.485879 0.015369 0.047575
2 0.228659 0.777805 0.026516 0.091011
2 0.673229 0.495339 0.017663 0.057483