0 0.337109 1.000000 0.487596 1.000000
0 0.695054 0.647744 0.264841 0.703538
0 0.655704 0.435000 0.115430 0.452130
0 0.445711 0.713488 0.152546 0.272753
0 0.560816 0.507392 0.284651 0.758574
0 0.326974 0.386412 0.254936 0.707103
0 0.221808 0.748326 0.166242 0.634792
0 0.617718 0.412617 0.208219 0.723502
0 0.204502 0.555036 0.171726 0.542726
0 0.206591 0.545203 0.178612 0.572301
0 0.248588 0.798994 0.301334 0.410641
0 0.465779 0.387653 0.108808 0.430162
0 0.534986 0.596331 0.165626 0.571164
0 0.303815 0.562004 0.184056 0.604152
0 0.666337 0.605122 0.225958 0.752644
0 0.713375 0.491850 0.393412 0.749152
0 0.498656 0.364359 0.191828 0.350000
0 0.855833 0.443303 0.428795 0.846245
0 0.225515 0.502441 0.192519 0.479919
0 0.578639 0.546421 0.343101 0.783529
0 0.394526 0.430194 0.212248 0.564973
0 0.306009 0.965352 0.182363 0.529657
0 0.204120 0.485718 0.168158 0.418547
0 0.766899 0.482198 0.359783 0.663258
0 0.582657 1.000000 0.329391 0.489170
0 0.590603 1.000000 0.319133 0.568881
0 0.268033 0.430578 0.156770 0.422184
0 0.443152 1.000000 0.285884 0.514215
0 0.705542 0.542238 0.183595 0.485921
0 0.530379 0.334765 0.162018 0.451498