0 0.147058 0.442685 0.107847 0.353854
0 0.545213 0.455050 0.092227 0.398619
0 0.430647 0.451873 0.093940 0.387554
0 0.473944 0.406859 0.053290 0.282347
0 0.624421 0.464477 0.086202 0.361986
0 0.683747 0.449964 0.058829 0.343556
0 0.367908 0.421318 0.055789 0.308827
0 0.304821 0.457726 0.080474 0.389440
1 0.433473 0.281236 0.042979 0.046968
1 0.691561 0.298398 0.040142 0.041002
1 0.551368 0.278664 0.042586 0.046444
1 0.325071 0.272920 0.043521 0.039883
1 0.633785 0.302071 0.044144 0.038691
1 0.373318 0.281205 0.037414 0.030280
1 0.126537 0.283768 0.048510 0.036688
1 0.471286 0.279152 0.027204 0.027329
0 0.326412 0.430474 0.049506 0.355334
1 0.673883 0.284887 0.028971 0.032283
1 0.648230 0.282906 0.024949 0.027870
0 0.571584 0.399847 0.036913 0.292653
1 0.295017 0.283958 0.048788 0.043186
3 0.188392 0.559449 0.025531 0.048375
3 0.521364 0.639986 0.024042 0.029287
3 0.483991 0.539147 0.026032 0.017933
3 0.553527 0.634043 0.022397 0.028123
3 0.674204 0.604305 0.038280 0.031715
3 0.146032 0.604260 0.033257 0.030993
3 0.596381 0.631431 0.028619 0.027572
1 0.563463 0.264350 0.019885 0.024097
3 0.637789 0.630302 0.021334 0.022301