0 0.804113 0.342031 0.144990 0.423231
0 0.885169 0.628565 0.163893 0.322996
1 0.187048 0.243001 0.073663 0.109702
1 0.751794 0.485582 0.076940 0.118980
0 0.679272 0.607870 0.219208 0.364765
0 0.122014 0.449616 0.230325 0.520551
0 0.687959 0.281128 0.079601 0.320379
0 0.552085 0.205144 0.033162 0.140523
1 0.894391 0.497247 0.073534 0.062022
0 0.580457 0.216706 0.027861 0.143051
1 0.838460 0.155469 0.053940 0.051408
0 0.624181 0.214102 0.044963 0.130153
1 0.635525 0.158705 0.020244 0.019973
1 0.692505 0.141900 0.040907 0.043764
1 0.562024 0.142875 0.016114 0.017356
0 0.658541 0.221611 0.033060 0.071110
0 0.296940 0.166029 0.017712 0.089693
1 0.586151 0.154959 0.017759 0.020099
3 0.778260 0.542473 0.038984 0.023881
3 0.639336 0.770496 0.062965 0.044675
1 0.667969 0.194544 0.016087 0.017590
1 0.297464 0.126155 0.013236 0.011498
3 0.666259 0.432644 0.039533 0.015090
3 0.282007 0.410122 0.028646 0.018240
0 0.257793 0.368755 0.074516 0.105975
3 0.810420 0.744874 0.025511 0.041155
3 0.794628 0.302067 0.108835 0.242076
3 0.550359 0.271223 0.013121 0.008565
3 0.205359 0.645113 0.032058 0.023854
3 0.690041 0.422771 0.015775 0.015866