0 0.386439 0.456796 0.022573 0.149567
0 0.409794 0.461133 0.041632 0.161381
0 0.862153 0.497856 0.081638 0.204991
0 0.092684 0.499084 0.072072 0.196922
0 0.248849 0.482238 0.041476 0.160921
0 0.486022 0.468114 0.020955 0.104765
0 0.472701 0.477879 0.048179 0.143213
0 0.447573 0.455171 0.035484 0.143773
1 0.850146 0.405686 0.018328 0.021408
1 0.403165 0.388105 0.020237 0.017112
1 0.850592 0.412658 0.017244 0.036940
1 0.393507 0.388407 0.011077 0.015803
1 0.244445 0.416209 0.029932 0.029170
1 0.486039 0.417532 0.022261 0.023312
1 0.449628 0.390411 0.020745 0.017193
2 0.400907 0.534346 0.014367 0.017626
2 0.415697 0.520063 0.011259 0.042022
2 0.092613 0.581688 0.009438 0.025505
2 0.101845 0.581214 0.015349 0.031092
2 0.382776 0.513190 0.012688 0.036977
2 0.247905 0.548542 0.012722 0.024431
2 0.233937 0.548980 0.012830 0.027166
2 0.415433 0.532509 0.011029 0.018809
2 0.463869 0.536209 0.013087 0.026011
2 0.400460 0.519463 0.014232 0.043854
2 0.453114 0.507004 0.011307 0.038917