0 0.669472 0.525984 0.104292 0.128231
0 0.876134 0.523660 0.093541 0.180821
0 0.614760 0.484183 0.044428 0.077735
0 0.470914 0.421539 0.030129 0.107356
0 0.518673 0.449752 0.034286 0.060442
1 0.617563 0.459919 0.019973 0.030433
1 0.879394 0.447225 0.034929 0.028583
1 0.666456 0.478267 0.032546 0.031209
0 0.977031 0.486069 0.045938 0.128655
0 0.817444 0.504431 0.066100 0.118087
0 0.802129 0.443263 0.030582 0.067554
0 0.498334 0.420379 0.017508 0.031336
1 0.522302 0.428014 0.011537 0.015054
1 0.808751 0.418163 0.017705 0.016543
1 0.510135 0.426958 0.014110 0.016245
0 0.538683 0.441079 0.031611 0.041255
1 0.820460 0.459644 0.030142 0.029179
1 0.471412 0.374657 0.013263 0.012942
3 0.844496 0.604007 0.031077 0.020884
1 0.993527 0.430740 0.012945 0.020794
3 0.871767 0.580573 0.020528 0.019287
2 0.783409 0.553430 0.023040 0.014892
2 0.605318 0.515921 0.012018 0.013592
3 0.463192 0.472270 0.009485 0.007500
3 0.987211 0.546746 0.025579 0.011020
2 0.483148 0.470090 0.011672 0.009856
3 0.815467 0.552784 0.017800 0.020352
3 0.553206 0.475546 0.008077 0.016327
1 0.631032 0.575677 0.016500 0.018375
3 0.669167 0.572288 0.014624 0.015280