0 0.560816 0.507392 0.284651 0.758574
1 0.598727 0.171692 0.091212 0.088258
0 0.928599 0.327288 0.065091 0.199377
0 0.848670 0.332157 0.071706 0.212870
0 0.270484 0.308303 0.035931 0.103394
0 0.241967 0.305830 0.030190 0.107365
0 0.876534 0.343348 0.047339 0.169892
0 0.321720 0.303208 0.021097 0.113800
0 0.172837 0.310957 0.022153 0.108177
1 0.913785 0.242256 0.029086 0.028339
0 0.685017 0.271322 0.034204 0.080623
0 0.825640 0.319237 0.049492 0.174377
1 0.885281 0.269553 0.024008 0.023565
1 0.861462 0.238660 0.024496 0.025930
1 0.840948 0.243579 0.019120 0.022536
1 0.316794 0.254007 0.014211 0.014314
1 0.167769 0.262852 0.013656 0.012617
1 0.245095 0.258199 0.012925 0.013078
1 0.260054 0.261819 0.011903 0.011724
1 0.679005 0.237924 0.012539 0.013195
3 0.535322 0.784341 0.071916 0.071300
3 0.615958 0.844540 0.039391 0.082184
3 0.807590 0.400158 0.017211 0.014504
1 0.401161 0.254070 0.009716 0.009874
2 0.837861 0.434603 0.020122 0.010217
3 0.871967 0.424449 0.018179 0.010144
2 0.905173 0.423497 0.017278 0.013709
3 0.820708 0.431471 0.014915 0.010361
3 0.938612 0.416710 0.014340 0.010641
2 0.177898 0.354928 0.010108 0.021300