0 0.810264 0.500045 0.122167 0.465181
0 0.007542 0.373899 0.015085 0.083736
0 0.054614 0.347838 0.041997 0.056507
0 0.312353 0.429693 0.073439 0.248339
0 0.367908 0.444201 0.094299 0.317139
1 0.064482 0.326236 0.014584 0.014675
1 0.002583 0.335244 0.005166 0.012292
1 0.431381 0.376656 0.009912 0.017807
1 0.810477 0.294350 0.059573 0.055199
1 0.376429 0.310785 0.032803 0.050686
1 0.310217 0.322726 0.027177 0.034224
2 0.771198 0.685253 0.037833 0.033610
2 0.390589 0.550641 0.018023 0.037870
2 0.336273 0.544007 0.024570 0.021480
2 0.367329 0.587631 0.024367 0.030569
2 0.296510 0.482347 0.005261 0.012292
2 0.837292 0.713163 0.033216 0.039143
3 0.305108 0.538181 0.018409 0.020605
3 0.308020 0.386476 0.045545 0.083745