0 0.621083 0.445212 0.058619 0.199973
0 0.820149 0.415212 0.038984 0.166597
0 0.566848 0.494666 0.042417 0.274206
0 0.723365 0.405749 0.029465 0.104170
0 0.217634 0.502198 0.054577 0.093511
1 0.205051 0.468434 0.022925 0.025713
0 0.404218 0.484102 0.026567 0.084486
1 0.822979 0.339910 0.018389 0.015957
1 0.564733 0.370519 0.033081 0.027283
1 0.396794 0.450555 0.011706 0.017283
1 0.620934 0.357022 0.022695 0.022563
0 0.171852 0.522216 0.081523 0.106453
1 0.721842 0.359513 0.011483 0.011444
0 0.991148 0.468353 0.017705 0.037789
1 0.166385 0.478330 0.020623 0.023321
3 0.827468 0.492234 0.012404 0.011597
3 0.809631 0.492387 0.009729 0.010821
1 0.724739 0.453890 0.010575 0.008899
3 0.625311 0.538380 0.016567 0.016634
1 0.564631 0.383588 0.036588 0.024431
3 0.601215 0.533470 0.015132 0.015767
1 0.358974 0.384874 0.009824 0.018538
2 0.567150 0.621124 0.033974 0.024901
3 0.405027 0.525108 0.016053 0.008863
1 0.358978 0.394395 0.010467 0.036408
1 0.304350 0.410781 0.009580 0.010948
3 0.512596 0.613046 0.024381 0.025587
3 0.575450 0.622838 0.016872 0.020460
3 0.559824 0.619946 0.021896 0.022996
3 0.402620 0.520095 0.015206 0.016164