0 0.699888 0.563520 0.050190 0.091570
0 0.608145 0.542762 0.053947 0.079549
0 0.012925 0.463439 0.022505 0.108285
0 0.048886 0.491205 0.037502 0.057265
0 0.074113 0.463294 0.025003 0.098375
1 0.606781 0.514093 0.018097 0.022319
0 0.312749 0.463696 0.026743 0.080352
1 0.566909 0.429716 0.018558 0.026507
1 0.017143 0.419057 0.014814 0.018457
0 0.354922 0.487026 0.016520 0.025695
0 0.908338 0.529743 0.035146 0.060966
1 0.352373 0.482053 0.010122 0.014287
1 0.077891 0.420217 0.013142 0.013538
1 0.306374 0.483154 0.012126 0.014034
0 0.304800 0.501318 0.030237 0.051191
1 0.061743 0.469896 0.012031 0.014756
1 0.116530 0.477292 0.012221 0.015957
0 0.860653 0.486160 0.021253 0.020839
1 0.182035 0.484034 0.011909 0.012202
1 0.443226 0.425961 0.007725 0.010912
0 0.179523 0.499517 0.019966 0.042681
0 0.337126 0.489973 0.021862 0.030740
1 0.314733 0.427541 0.009086 0.010370
1 0.918724 0.506191 0.009445 0.015884
1 0.705284 0.529905 0.021686 0.021652
1 0.196960 0.463994 0.008951 0.010821
1 0.322322 0.488150 0.006432 0.016119
1 0.681991 0.523579 0.013202 0.020280
3 0.007850 0.514273 0.009689 0.009576
3 0.552705 0.592098 0.008944 0.015767