0 0.845007 0.542951 0.137123 0.345018
0 0.154208 0.541873 0.059194 0.281616
0 0.758795 0.580704 0.087610 0.132022
0 0.023023 0.581214 0.046046 0.134468
0 0.767021 0.515438 0.048964 0.083836
1 0.892833 0.398019 0.041049 0.054522
0 0.200762 0.625871 0.125924 0.193276
0 0.674089 0.520343 0.051225 0.158664
0 0.511473 0.496724 0.037136 0.080253
1 0.012519 0.525542 0.025037 0.024025
1 0.505345 0.466169 0.015850 0.018836
1 0.767393 0.485930 0.020433 0.025939
1 0.746378 0.536227 0.034096 0.043520
1 0.162549 0.421056 0.040914 0.040903
1 0.158050 0.585984 0.039675 0.064404
1 0.699800 0.521196 0.014685 0.031507
1 0.438020 0.515668 0.016852 0.016625
3 0.793179 0.700424 0.031787 0.028899
3 0.861682 0.704684 0.046317 0.021625
0 0.436324 0.542721 0.045389 0.070316
3 0.162935 0.669084 0.026804 0.023511
0 0.620948 0.482884 0.024171 0.041832
1 0.626950 0.467261 0.008348 0.010226
3 0.778575 0.640424 0.030284 0.018213
3 0.185315 0.723475 0.028599 0.024892
1 0.666662 0.453060 0.030765 0.022924
3 0.826246 0.656196 0.011205 0.023655
3 0.256540 0.708294 0.019892 0.017238
3 0.446259 0.625162 0.014469 0.020361
3 0.814188 0.688245 0.017055 0.039973