0 0.225343 0.197835 0.123306 0.161811
0 0.500215 0.224218 0.185972 0.287218
1 0.500902 0.440304 0.210652 0.126373
0 0.379680 0.503743 0.450000 0.368399
0 0.088842 0.313549 0.177683 0.238310
0 0.721135 0.157564 0.062363 0.103234
0 0.640151 0.180669 0.097043 0.166504
0 0.372159 0.199711 0.094959 0.155024
0 0.411310 0.192026 0.081106 0.133564
1 0.447625 0.104386 0.084913 0.049087
1 0.651071 0.106997 0.051711 0.019969
1 0.344162 0.129499 0.040780 0.014997
0 0.810879 0.166097 0.073492 0.151795
1 0.390774 0.134919 0.040850 0.018562
1 0.200221 0.125333 0.043795 0.015874
1 0.805925 0.097730 0.045588 0.017349
1 0.715332 0.113050 0.030780 0.015276
1 0.568003 0.341719 0.052189 0.051228
3 0.101461 0.422840 0.077660 0.022551
2 0.052596 0.408000 0.024517 0.021270
3 0.462142 0.609948 0.114808 0.029617
0 0.021769 0.169241 0.043539 0.060593
1 0.524139 0.325134 0.040268 0.029869
3 0.269424 0.271184 0.036519 0.012803
3 0.228085 0.273399 0.026577 0.010598
2 0.407113 0.670717 0.067893 0.040184
0 0.784709 0.163803 0.046554 0.101328
3 0.376123 0.271559 0.042095 0.010089
3 0.659913 0.254774 0.058219 0.014703
3 0.740891 0.205934 0.026787 0.006514