0 0.497630 0.258123 0.483412 0.278881 0.480027 0.298736 0.480704 0.310469 0.491537 0.313177 0.487475 0.390794 0.493568 0.402527 0.494245 0.413357 0.490183 0.425090 0.498307 0.426895 0.506432 0.414260 0.511848 0.416968 0.514557 0.428700 0.517942 0.429603 0.522004 0.419675 0.522004 0.409747 0.515234 0.405235 0.505755 0.390794 0.512525 0.354693 0.517942 0.301444 0.507786 0.286101 0.508463 0.271661 0.505755 0.262635
0 0.999323 0.234657 0.986459 0.236462 0.981043 0.249097 0.973595 0.255415 0.973595 0.261733 0.978334 0.268953 0.966825 0.276173 0.959377 0.286101 0.955992 0.287004 0.954638 0.283394 0.956669 0.261733 0.947867 0.275271 0.951930 0.278881 0.947190 0.283394 0.949221 0.303249 0.960731 0.306859 0.951253 0.334838 0.962085 0.363718 0.970887 0.355596 0.989167 0.355596 0.993907 0.351083 0.997292 0.305054 0.999323 0.304152
0 0.989844 0.359206 0.972918 0.356498 0.960731 0.370036 0.956669 0.383574 0.966148 0.390794 0.960731 0.431408 0.950575 0.433213 0.950575 0.452166 0.941774 0.467509 0.932295 0.473827 0.898443 0.472022 0.886933 0.481047 0.895735 0.487365 0.889641 0.522563 0.892349 0.564982 0.911984 0.567690 0.918077 0.527076 0.927556 0.555957 0.939743 0.558664 0.945159 0.530686 0.983074 0.534296 0.983751 0.502708 0.985105 0.527076 0.999323 0.524368 0.999323 0.403430 0.995261 0.398014 0.999323 0.377256
0 0.341232 0.264440 0.334462 0.272563 0.333785 0.282491 0.341909 0.305957 0.349357 0.313177 0.350711 0.319495 0.349357 0.325812 0.341909 0.329422 0.339878 0.334838 0.340555 0.355596 0.345972 0.359206 0.345295 0.380866 0.352065 0.420578 0.362221 0.446751 0.354773 0.459386 0.374408 0.461191 0.378470 0.456679 0.376439 0.449458 0.377793 0.389892 0.380501 0.376354 0.379824 0.355596 0.375085 0.338448 0.376439 0.327617 0.369668 0.305957 0.361544 0.294224 0.356127 0.271661 0.348680 0.264440
0 0.877454 0.259928 0.861882 0.264440 0.847664 0.285199 0.856466 0.299639 0.844279 0.322202 0.833446 0.384477 0.834123 0.400722 0.838863 0.403430 0.840894 0.471119 0.826676 0.483755 0.849018 0.487365 0.851726 0.498195 0.859174 0.494585 0.873392 0.473827 0.892349 0.413357 0.893026 0.399819 0.899120 0.416968 0.905213 0.407040 0.903859 0.319495 0.897766 0.302347 0.886256 0.289711 0.883548 0.266245
0 0.276236 0.218412 0.267434 0.230144 0.271496 0.258123 0.259309 0.271661 0.255247 0.306859 0.262695 0.449458 0.274882 0.459386 0.279621 0.420578 0.288422 0.466606 0.309411 0.470217 0.317536 0.462094 0.298578 0.452166 0.299932 0.370939 0.294516 0.315884 0.327691 0.308664 0.336493 0.312274 0.340555 0.306859 0.334462 0.296931 0.313473 0.297834 0.303318 0.288809 0.293839 0.268051 0.297224 0.255415 0.294516 0.231047
0 0.666892 0.244585 0.655383 0.250903 0.654028 0.272563 0.628978 0.304152 0.629655 0.310469 0.644550 0.305957 0.639133 0.393502 0.641165 0.417870 0.646581 0.425090 0.651997 0.417870 0.652674 0.382671 0.657414 0.373646 0.658768 0.417870 0.663507 0.425993 0.668246 0.423285 0.677048 0.379964 0.677048 0.361913 0.683142 0.346570 0.679756 0.303249 0.695328 0.302347 0.698037 0.297834 0.696005 0.259928 0.685850 0.261733 0.688558 0.280686 0.685173 0.283394 0.669601 0.272563 0.672309 0.251805
0 0.950575 0.338448 0.945159 0.336643 0.935680 0.340253 0.926202 0.355596 0.929587 0.363718 0.928233 0.376354 0.910630 0.391697 0.905890 0.412455 0.890318 0.438628 0.891672 0.471119 0.906567 0.468412 0.922817 0.472022 0.928233 0.466606 0.940420 0.462996 0.948544 0.452166 0.949898 0.445848 0.947190 0.442238 0.947190 0.435018 0.959377 0.423285 0.961408 0.390794 0.954638 0.383574 0.959377 0.365523 0.955992 0.346570
1 0.881517 0.261733 0.878131 0.259928 0.870007 0.259928 0.861205 0.264440 0.856466 0.270758 0.851726 0.274368 0.851049 0.276173 0.851049 0.284296 0.853758 0.288809 0.856466 0.290614 0.861205 0.290614 0.861882 0.291516 0.876777 0.290614 0.884902 0.287004 0.886933 0.282491 0.886933 0.277978 0.884225 0.268051
1 0.356127 0.270758 0.352065 0.266245 0.349357 0.264440 0.346649 0.264440 0.345972 0.263538 0.340555 0.264440 0.337847 0.266245 0.335139 0.269856 0.333785 0.273466 0.333785 0.286101 0.334462 0.287004 0.335816 0.287004 0.337170 0.285199 0.338524 0.278881 0.341909 0.274368 0.345295 0.272563 0.348680 0.272563 0.352065 0.274368 0.354773 0.279783 0.356127 0.280686 0.357481 0.276173
1 0.955992 0.382671 0.958700 0.385379 0.973595 0.390794 0.987813 0.390794 0.993230 0.389892 0.999323 0.386282 0.999323 0.375451 0.997292 0.374549 0.995938 0.366426 0.989167 0.358303 0.981720 0.355596 0.975626 0.355596 0.969533 0.358303 0.962085 0.367329
1 0.267434 0.230144 0.267434 0.238267 0.268111 0.239170 0.268788 0.246390 0.270142 0.248195 0.274204 0.248195 0.274882 0.247292 0.276236 0.247292 0.283006 0.239170 0.285714 0.238267 0.287745 0.236462 0.293839 0.236462 0.295193 0.235560 0.295870 0.233755 0.294516 0.230144 0.291131 0.228339 0.287745 0.222924 0.281652 0.218412 0.275559 0.218412 0.274204 0.219314 0.268788 0.225632
1 0.505755 0.261733 0.505078 0.260830 0.504401 0.260830 0.502370 0.259025 0.501016 0.259025 0.500338 0.258123 0.496953 0.258123 0.496276 0.259025 0.494922 0.259025 0.492891 0.261733 0.492891 0.262635 0.490860 0.266245 0.490860 0.268051 0.490183 0.268953 0.490183 0.270758 0.489506 0.271661 0.490183 0.276173 0.490860 0.277076 0.494922 0.277076 0.496276 0.275271 0.496953 0.275271 0.498984 0.273466 0.501016 0.273466 0.501693 0.272563 0.505755 0.272563 0.506432 0.271661 0.507109 0.271661 0.507786 0.270758 0.507786 0.268051 0.507109 0.267148 0.507109 0.265343 0.506432 0.264440
1 0.999323 0.234657 0.997292 0.234657 0.996615 0.233755 0.989844 0.233755 0.986459 0.236462 0.982397 0.242780 0.980366 0.249097 0.979012 0.250903 0.976303 0.251805 0.973595 0.254513 0.972918 0.259025 0.974272 0.263538 0.976980 0.266245 0.979689 0.265343 0.981043 0.263538 0.982397 0.257220 0.984428 0.255415 0.995938 0.255415 0.996615 0.254513 0.999323 0.254513
1 0.672986 0.252708 0.672309 0.251805 0.671632 0.249097 0.668246 0.244585 0.666892 0.244585 0.666215 0.243682 0.663507 0.243682 0.662830 0.244585 0.660799 0.244585 0.660122 0.245487 0.658091 0.246390 0.656060 0.249097 0.656060 0.250000 0.654028 0.254513 0.654028 0.256318 0.655383 0.258123 0.657414 0.258123 0.658091 0.257220 0.659445 0.257220 0.660122 0.256318 0.663507 0.256318 0.664184 0.255415 0.664861 0.256318 0.669601 0.256318 0.671632 0.258123 0.672986 0.256318
1 0.958023 0.351986 0.955992 0.346570 0.955992 0.344765 0.952607 0.339350 0.949221 0.336643 0.941774 0.336643 0.941097 0.337545 0.938389 0.337545 0.937035 0.339350 0.935003 0.340253 0.928233 0.351083 0.926202 0.355596 0.926202 0.357401 0.927556 0.360108 0.929587 0.361913 0.943128 0.362816 0.943805 0.361913 0.945836 0.361913 0.947867 0.360108 0.951253 0.360108 0.951930 0.359206 0.955992 0.359206 0.957346 0.358303 0.958023 0.356498
1 0.550440 0.459386 0.553148 0.463899 0.554502 0.463899 0.555179 0.464801 0.557888 0.464801 0.558565 0.465704 0.562627 0.465704 0.563304 0.466606 0.571429 0.466606 0.572106 0.465704 0.574814 0.464801 0.575491 0.462996 0.575491 0.457581 0.574814 0.455776 0.574137 0.455776 0.572106 0.453069 0.569397 0.452166 0.568720 0.451264 0.565335 0.451264 0.564658 0.450361 0.561273 0.450361 0.560596 0.449458 0.559242 0.450361 0.555179 0.450361 0.553825 0.451264
3 0.694651 0.368231 0.693974 0.369134 0.693297 0.369134 0.693297 0.370036 0.692620 0.370939 0.692620 0.373646 0.693297 0.374549 0.693297 0.376354 0.692620 0.377256 0.692620 0.379964 0.691943 0.380866 0.691943 0.383574 0.692620 0.384477 0.692620 0.388087 0.693297 0.388989 0.693297 0.390794 0.694651 0.392599 0.695328 0.392599 0.696005 0.393502 0.696682 0.392599 0.698714 0.391697 0.698714 0.390794 0.699391 0.389892 0.699391 0.388087 0.700068 0.387184 0.700068 0.371841 0.699391 0.370939 0.699391 0.370036 0.698714 0.370036 0.696682 0.368231
3 0.642519 0.421480 0.643196 0.422383 0.643196 0.424188 0.643873 0.425090 0.644550 0.425090 0.645227 0.425993 0.648612 0.425993 0.649966 0.424188 0.649966 0.420578 0.649289 0.419675 0.643873 0.419675
3 0.870684 0.571300 0.871361 0.574007 0.872715 0.574910 0.878131 0.575812 0.878808 0.576715 0.882194 0.576715 0.886933 0.574910 0.891672 0.571300 0.895058 0.571300 0.895735 0.572202 0.905213 0.572202 0.905890 0.571300 0.911307 0.571300 0.911984 0.570397 0.911307 0.568592 0.907244 0.568592 0.903859 0.566787 0.899797 0.566787 0.890318 0.562274 0.886256 0.562274 0.880840 0.565884 0.873392 0.567690 0.872038 0.568592
3 0.354773 0.456679 0.354773 0.460289 0.355450 0.461191 0.356804 0.461191 0.357481 0.462094 0.359513 0.462094 0.360190 0.462996 0.366960 0.462996 0.367637 0.462094 0.375085 0.461191 0.375762 0.460289 0.377116 0.460289 0.378470 0.457581 0.378470 0.455776 0.376439 0.450361 0.376439 0.448556 0.371022 0.448556 0.370345 0.449458 0.367637 0.449458 0.366960 0.448556 0.364929 0.448556 0.364252 0.449458 0.362898 0.449458 0.361544 0.451264 0.356127 0.454874
3 0.501016 0.424188 0.500338 0.423285 0.498307 0.423285 0.494922 0.420578 0.491537 0.420578 0.490860 0.421480 0.487475 0.421480 0.486798 0.422383 0.485443 0.422383 0.484766 0.423285 0.484089 0.423285 0.482058 0.425993 0.482058 0.428700 0.484089 0.430505 0.496276 0.430505 0.496953 0.429603 0.498984 0.429603 0.499661 0.428700 0.501016 0.428700
3 0.262695 0.455776 0.265403 0.459386 0.266757 0.459386 0.267434 0.460289 0.269465 0.460289 0.270142 0.461191 0.272850 0.461191 0.273527 0.462094 0.276913 0.462094 0.278267 0.460289 0.278267 0.459386 0.273527 0.453069 0.264049 0.453069 0.263372 0.453971 0.263372 0.454874
3 0.788761 0.442238 0.784699 0.446751 0.784699 0.447653 0.782668 0.451264 0.782668 0.456679 0.783345 0.457581 0.783345 0.459386 0.784699 0.460289 0.786053 0.460289 0.788761 0.462996 0.791469 0.464801 0.792823 0.464801 0.793500 0.465704 0.794177 0.464801 0.797563 0.464801 0.800271 0.462996 0.800271 0.461191 0.800948 0.460289 0.800948 0.453971 0.800271 0.453069 0.800271 0.450361 0.798240 0.446751 0.798240 0.445848 0.795532 0.442238 0.794177 0.442238 0.793500 0.441336
3 0.287068 0.462996 0.287068 0.466606 0.287745 0.467509 0.289100 0.467509 0.289777 0.468412 0.293162 0.468412 0.293839 0.469314 0.295870 0.469314 0.296547 0.470217 0.299932 0.470217 0.300609 0.471119 0.308734 0.471119 0.309411 0.470217 0.314827 0.469314 0.318213 0.466606 0.318213 0.462996 0.317536 0.461191 0.313473 0.460289 0.312796 0.459386 0.310088 0.459386 0.309411 0.458484 0.307380 0.458484 0.306703 0.457581 0.304672 0.457581 0.303995 0.456679 0.299255 0.456679 0.297901 0.458484 0.296547 0.458484 0.293162 0.461191 0.291808 0.460289 0.289100 0.460289
3 0.495599 0.411552 0.494245 0.413357 0.494245 0.415162 0.492891 0.417870 0.492891 0.420578 0.492214 0.421480 0.492891 0.422383 0.492891 0.423285 0.494245 0.425993 0.494922 0.425993 0.496953 0.427798 0.501693 0.427798 0.501693 0.426895 0.503047 0.425090 0.503047 0.424188 0.503724 0.423285 0.503724 0.413357 0.501693 0.410650 0.497630 0.410650 0.496953 0.411552
3 0.518619 0.407040 0.517265 0.408845 0.516588 0.408845 0.515911 0.411552 0.513879 0.414260 0.513879 0.415162 0.513202 0.416065 0.513202 0.425090 0.513879 0.425993 0.513879 0.428700 0.515234 0.430505 0.518619 0.430505 0.520650 0.427798 0.520650 0.425993 0.521327 0.425090 0.521327 0.423285 0.522004 0.422383 0.522004 0.419675 0.522681 0.418773 0.522681 0.416065 0.523358 0.415162 0.523358 0.412455 0.522681 0.411552 0.522681 0.409747 0.522004 0.408845 0.521327 0.408845 0.520650 0.407942 0.519296 0.407942
3 0.888287 0.564079 0.887610 0.564079 0.886933 0.563177 0.884902 0.563177 0.884225 0.564079 0.882871 0.564079 0.882194 0.564982 0.880840 0.564982 0.880162 0.565884 0.878131 0.565884 0.877454 0.566787 0.874069 0.566787 0.870684 0.569495 0.870684 0.570397 0.870007 0.571300 0.870684 0.572202 0.870684 0.574007 0.871361 0.574007 0.872038 0.574910 0.873392 0.574910 0.874069 0.575812 0.876777 0.575812 0.877454 0.576715 0.880840 0.576715 0.884225 0.574007 0.884902 0.571300 0.887610 0.566787 0.887610 0.564982
3 0.855789 0.477437 0.855112 0.475632 0.853758 0.474729 0.848341 0.474729 0.847664 0.473827 0.845633 0.473827 0.842925 0.472022 0.840217 0.472022 0.839540 0.472924 0.838185 0.472924 0.835477 0.475632 0.832092 0.476534 0.830061 0.478339 0.828707 0.478339 0.825999 0.480144 0.825322 0.483755 0.827353 0.485560 0.834800 0.486462 0.835477 0.487365 0.838185 0.487365 0.838863 0.488267 0.849018 0.488267 0.851049 0.486462 0.852404 0.486462 0.854435 0.483755 0.855112 0.483755 0.855789 0.481949
3 0.659445 0.421480 0.659445 0.422383 0.660122 0.423285 0.660122 0.425090 0.661476 0.426895 0.662830 0.426895 0.663507 0.427798 0.666892 0.427798 0.667569 0.426895 0.668246 0.426895 0.668923 0.425993 0.668923 0.423285 0.668246 0.422383 0.668246 0.421480 0.667569 0.421480 0.666892 0.420578 0.663507 0.420578 0.662830 0.419675 0.660799 0.419675
3 0.730535 0.459386 0.730535 0.460289 0.732566 0.462996 0.733920 0.462996 0.734597 0.463899 0.736628 0.463899 0.737305 0.464801 0.740014 0.464801 0.740691 0.465704 0.746107 0.465704 0.746784 0.466606 0.754909 0.466606 0.756263 0.464801 0.756263 0.462094 0.754232 0.459386 0.753555 0.457581 0.750846 0.455776 0.749492 0.455776 0.748815 0.454874 0.745430 0.454874 0.744753 0.453971 0.742722 0.453971 0.742045 0.453069 0.737305 0.453069 0.735274 0.454874 0.733920 0.454874
3 0.800271 0.449458 0.800271 0.451264 0.799594 0.452166 0.799594 0.455776 0.800948 0.459386 0.803656 0.462996 0.805010 0.462996 0.805687 0.463899 0.809072 0.463899 0.809749 0.464801 0.813135 0.464801 0.817197 0.467509 0.818551 0.465704 0.820582 0.464801 0.822613 0.461191 0.822613 0.456679 0.821259 0.453069 0.817197 0.448556 0.815166 0.447653 0.813812 0.445848 0.812458 0.445848 0.811781 0.444946 0.805010 0.444946 0.802302 0.446751
3 0.862559 0.484657 0.859174 0.481949 0.855112 0.481949 0.851049 0.487365 0.850372 0.490072 0.847664 0.493682 0.847664 0.495487 0.846987 0.496390 0.846987 0.499097 0.848341 0.500903 0.852404 0.500903 0.853758 0.499097 0.855112 0.499097 0.855789 0.498195 0.856466 0.498195 0.857820 0.496390 0.859851 0.495487 0.860528 0.494585 0.860528 0.493682 0.861882 0.491877 0.861882 0.490975 0.863236 0.488267 0.863236 0.486462 0.862559 0.485560
3 0.770481 0.472924 0.771158 0.474729 0.773866 0.477437 0.775897 0.477437 0.776574 0.478339 0.784022 0.478339 0.784699 0.477437 0.787407 0.477437 0.788761 0.475632 0.791469 0.468412 0.792823 0.466606 0.794177 0.466606 0.792823 0.466606 0.789438 0.462996 0.788084 0.462094 0.786053 0.462094 0.785376 0.461191 0.779959 0.461191 0.779282 0.462094 0.775897 0.462094 0.774543 0.462996 0.772512 0.465704 0.772512 0.466606 0.770481 0.470217
3 0.787407 0.472924 0.787407 0.476534 0.789438 0.478339 0.791469 0.478339 0.792146 0.479242 0.798240 0.480144 0.798917 0.481047 0.810427 0.481949 0.811104 0.481047 0.815843 0.481047 0.817197 0.480144 0.817874 0.478339 0.817874 0.474729 0.814489 0.470217 0.811781 0.468412 0.808395 0.467509 0.807718 0.466606 0.796886 0.466606 0.796209 0.467509 0.793500 0.467509 0.792823 0.468412 0.790792 0.468412 0.789438 0.469314
3 0.914692 0.549639 0.914692 0.551444 0.914015 0.552347 0.914015 0.558664 0.914692 0.559567 0.914692 0.560469 0.920108 0.560469 0.920785 0.559567 0.921462 0.559567 0.922139 0.560469 0.924171 0.560469 0.924848 0.561372 0.925525 0.560469 0.927556 0.560469 0.928233 0.559567 0.928910 0.559567 0.928910 0.557762 0.929587 0.556859 0.926202 0.552347 0.925525 0.552347 0.924848 0.551444 0.924171 0.551444 0.922139 0.549639 0.920785 0.549639 0.920108 0.548736 0.916046 0.548736 0.915369 0.549639
