0 0.856319 0.378788 0.838490 0.382284 0.832197 0.416084 0.834819 0.423077 0.845307 0.410256 0.846880 0.414918 0.838490 0.433566 0.821710 0.447552 0.820136 0.473193 0.807027 0.503497 0.813319 0.530303 0.792868 0.529138 0.785527 0.540793 0.789722 0.572261 0.810697 0.587413 0.811222 0.552448 0.815941 0.532634 0.837441 0.536131 0.861563 0.548951 0.863136 0.567599 0.859465 0.593240 0.866282 0.587413 0.869428 0.539627 0.882538 0.520979 0.884111 0.502331 0.871002 0.451049 0.856843 0.432401 0.860514 0.420746
0 0.447299 0.127040 0.443629 0.128205 0.441531 0.134033 0.442056 0.152681 0.438909 0.166667 0.437861 0.184149 0.438385 0.203963 0.441531 0.222611 0.443104 0.238928 0.442580 0.244755 0.449921 0.242424 0.452019 0.235431 0.452543 0.205128 0.451494 0.178322 0.449397 0.170163 0.448348 0.159674 0.450446 0.132867
0 0.153644 0.166667 0.154169 0.178322 0.153120 0.182984 0.155218 0.245921 0.160461 0.272727 0.164657 0.277389 0.166230 0.272727 0.165705 0.258741 0.164657 0.252914 0.164657 0.220280 0.165705 0.207459 0.164657 0.187646 0.163083 0.179487 0.157315 0.168998
0 0.324069 0.182984 0.322496 0.187646 0.320399 0.201632 0.318825 0.220280 0.320923 0.264569 0.323545 0.269231 0.326167 0.268065 0.325642 0.261072 0.326167 0.256410 0.327740 0.252914 0.329837 0.258741 0.329837 0.265734 0.334557 0.266900 0.335081 0.259907 0.333508 0.254079 0.333508 0.245921 0.331935 0.235431 0.333508 0.214452 0.332459 0.194639 0.328264 0.182984
0 0.291033 0.062937 0.270058 0.088578 0.263765 0.146853 0.276350 0.200466 0.250655 0.300699 0.259570 0.536131 0.272680 0.625874 0.262192 0.891608 0.282643 0.906760 0.288936 0.953380 0.331935 0.962704 0.351862 0.941725 0.324069 0.906760 0.323020 0.812354 0.337179 0.728438 0.334033 0.614219 0.349764 0.601399 0.354483 0.567599 0.330886 0.405594 0.329837 0.320513 0.305191 0.234266 0.317252 0.220280 0.327216 0.134033 0.307813 0.068765
0 0.216571 0.220280 0.212375 0.222611 0.209754 0.234266 0.209754 0.240093 0.212375 0.242424 0.213424 0.247086 0.212375 0.249417 0.206083 0.251748 0.202937 0.257576 0.202937 0.262238 0.206607 0.268065 0.206083 0.280886 0.208180 0.292541 0.209754 0.294872 0.214473 0.292541 0.216571 0.285548 0.223912 0.285548 0.228631 0.280886 0.230205 0.276224 0.230729 0.264569 0.229156 0.250583 0.227058 0.241259
0 0.133718 0.233100 0.132145 0.238928 0.131096 0.255245 0.135291 0.268065 0.135815 0.276224 0.132145 0.287879 0.121133 0.305361 0.121133 0.314685 0.124279 0.317016 0.127950 0.305361 0.135291 0.301865 0.144206 0.312354 0.146303 0.317016 0.147352 0.326340 0.154693 0.324009 0.158888 0.318182 0.169376 0.317016 0.169900 0.313520 0.165705 0.306527 0.163608 0.287879 0.155218 0.256410 0.139486 0.230769
0 0.714211 0.162005 0.705296 0.170163 0.705821 0.193473 0.695857 0.230769 0.700052 0.290210 0.697430 0.317016 0.682748 0.363636 0.688516 0.376457 0.696906 0.376457 0.692187 0.362471 0.694284 0.351981 0.709491 0.315851 0.716308 0.375291 0.724174 0.376457 0.730467 0.369464 0.721028 0.350816 0.714735 0.283217 0.715784 0.236597 0.741479 0.209790 0.743576 0.201632 0.739381 0.194639 0.727845 0.212121 0.718930 0.208625 0.715784 0.198135 0.718930 0.192308 0.719979 0.171329
0 0.574200 0.124709 0.548505 0.198135 0.557944 0.203963 0.564237 0.250583 0.579969 0.277389 0.569481 0.313520 0.562140 0.418415 0.578920 0.716783 0.574725 0.751748 0.556896 0.766900 0.555322 0.782051 0.594127 0.813520 0.570005 0.869464 0.574725 0.886946 0.593603 0.891608 0.621919 0.874126 0.603041 0.646853 0.604615 0.575758 0.613529 0.559441 0.615627 0.525641 0.631358 0.525641 0.635029 0.504662 0.628736 0.488345 0.618249 0.317016 0.602517 0.256410 0.603041 0.157343 0.593078 0.132867
0 0.404300 0.065268 0.388044 0.073427 0.375983 0.118881 0.382800 0.132867 0.387520 0.177156 0.366020 0.214452 0.358679 0.275058 0.362349 0.455711 0.376508 0.503497 0.372837 0.600233 0.377032 0.675991 0.371788 0.716783 0.379654 0.726107 0.390666 0.716783 0.394337 0.688811 0.396434 0.473193 0.403251 0.364802 0.412690 0.310023 0.442056 0.237762 0.437336 0.201632 0.416361 0.178322 0.418983 0.136364 0.424751 0.130536 0.414788 0.082751
0 0.485055 0.067599 0.456214 0.096737 0.455690 0.237762 0.420031 0.297203 0.403776 0.381119 0.399056 0.555944 0.422653 0.701632 0.411641 0.998834 0.448348 0.994173 0.462507 0.776224 0.475616 0.727273 0.488201 0.776224 0.498689 0.994173 0.531725 0.994173 0.531201 0.706294 0.547981 0.667832 0.557420 0.590909 0.556896 0.428904 0.540115 0.315851 0.503408 0.238928 0.508128 0.125874
0 0.532774 0.143357 0.528579 0.146853 0.514421 0.200466 0.513896 0.255245 0.521238 0.272727 0.544310 0.307692 0.550079 0.361305 0.554274 0.365967 0.560042 0.351981 0.556896 0.341492 0.553225 0.291375 0.549030 0.282051 0.533823 0.268065 0.547457 0.249417 0.548505 0.243590 0.546932 0.237762 0.539591 0.240093 0.536445 0.234266 0.536445 0.206294 0.533823 0.185315 0.540115 0.163170 0.538018 0.149184
0 0.768747 0.277389 0.757210 0.283217 0.754588 0.300699 0.744625 0.321678 0.741479 0.350816 0.743052 0.404429 0.735711 0.458042 0.735186 0.476690 0.740430 0.506993 0.740954 0.525641 0.744625 0.533800 0.748296 0.531469 0.749345 0.518648 0.760881 0.494172 0.764027 0.470862 0.765600 0.378788 0.770844 0.364802 0.771369 0.347319 0.769271 0.334499 0.776088 0.317016 0.772417 0.306527 0.775564 0.299534 0.772417 0.282051
1 0.719979 0.171329 0.718930 0.167832 0.718406 0.167832 0.716833 0.164336 0.716308 0.164336 0.713686 0.160839 0.711589 0.160839 0.711065 0.162005 0.709491 0.162005 0.707394 0.165501 0.706869 0.165501 0.705296 0.168998 0.705296 0.170163 0.704772 0.171329 0.704772 0.173660 0.704248 0.174825 0.704248 0.180653 0.705296 0.182984 0.706869 0.184149 0.707394 0.182984 0.710016 0.182984 0.712638 0.179487 0.717357 0.179487 0.717882 0.178322 0.718930 0.178322 0.719979 0.175991
1 0.523335 0.164336 0.523859 0.167832 0.524908 0.168998 0.526481 0.168998 0.527006 0.167832 0.529103 0.167832 0.529628 0.166667 0.539591 0.166667 0.540115 0.165501 0.540115 0.160839 0.539591 0.159674 0.539591 0.155012 0.539067 0.153846 0.539067 0.151515 0.538542 0.149184 0.536969 0.145688 0.535920 0.144522 0.534347 0.144522 0.533823 0.143357 0.531201 0.143357 0.530676 0.144522 0.529628 0.144522 0.527006 0.150350 0.525957 0.155012 0.525957 0.157343 0.525433 0.159674
1 0.153120 0.164336 0.153120 0.172494 0.154169 0.174825 0.158888 0.174825 0.158888 0.173660 0.158364 0.172494 0.158364 0.170163 0.157840 0.168998 0.157840 0.167832 0.156791 0.165501 0.156266 0.165501 0.155742 0.164336 0.155218 0.164336 0.154693 0.163170 0.154169 0.163170 0.153644 0.164336
1 0.831148 0.413753 0.832197 0.416084 0.837441 0.416084 0.846356 0.409091 0.856843 0.417249 0.858941 0.421911 0.859465 0.420746 0.858941 0.407925 0.857368 0.397436 0.858416 0.393939 0.857892 0.381119 0.856319 0.377622 0.854221 0.376457 0.843734 0.376457 0.840063 0.378788 0.836917 0.386946 0.835868 0.395105 0.831673 0.407925
1 0.323020 0.171329 0.323020 0.178322 0.324594 0.181818 0.325118 0.180653 0.328264 0.180653 0.328789 0.179487 0.330886 0.179487 0.331411 0.178322 0.331935 0.178322 0.332459 0.177156 0.332459 0.174825 0.331935 0.173660 0.331935 0.171329 0.331411 0.170163 0.329313 0.170163 0.328789 0.168998 0.325118 0.168998 0.324594 0.167832
1 0.221290 0.230769 0.220241 0.228438 0.220241 0.227273 0.219192 0.224942 0.219192 0.223776 0.218668 0.222611 0.218144 0.222611 0.216571 0.220280 0.214997 0.220280 0.214473 0.221445 0.212900 0.221445 0.211851 0.223776 0.211851 0.224942 0.210802 0.227273 0.210802 0.228438 0.210278 0.229604 0.210278 0.231935 0.209754 0.233100 0.209754 0.240093 0.213424 0.240093 0.213949 0.238928 0.214473 0.238928 0.216046 0.236597 0.217095 0.236597 0.217619 0.235431 0.219192 0.235431 0.219717 0.234266 0.220766 0.234266 0.221290 0.233100
1 0.603041 0.157343 0.596224 0.137529 0.589407 0.128205 0.581542 0.123543 0.571054 0.125874 0.563713 0.137529 0.556371 0.164336 0.555322 0.181818 0.546408 0.199301 0.550079 0.203963 0.555322 0.202797 0.566335 0.188811 0.574200 0.186480 0.586786 0.187646 0.590456 0.191142 0.591505 0.196970 0.596224 0.191142 0.602517 0.191142 0.604090 0.188811
1 0.263765 0.149184 0.267436 0.155012 0.331935 0.139860 0.327740 0.134033 0.319874 0.095571 0.309386 0.069930 0.300472 0.062937 0.288411 0.062937 0.278972 0.069930 0.270582 0.085082 0.265338 0.118881
1 0.131096 0.254079 0.131620 0.254079 0.132145 0.255245 0.135815 0.255245 0.136340 0.254079 0.138437 0.254079 0.138962 0.252914 0.141059 0.252914 0.141584 0.251748 0.142632 0.251748 0.143157 0.250583 0.146827 0.247086 0.146827 0.243590 0.145254 0.240093 0.144730 0.240093 0.141059 0.231935 0.140535 0.231935 0.140010 0.230769 0.137389 0.230769 0.136864 0.229604 0.136340 0.230769 0.134767 0.230769 0.132145 0.237762 0.132145 0.242424 0.131620 0.243590 0.131620 0.250583 0.131096 0.251748
1 0.375459 0.120047 0.377032 0.123543 0.389093 0.127040 0.396434 0.131702 0.425275 0.132867 0.425275 0.129371 0.420031 0.117716 0.418983 0.101399 0.415312 0.082751 0.409544 0.069930 0.404824 0.065268 0.395910 0.065268 0.388044 0.073427 0.383325 0.086247 0.380178 0.111888
1 0.455165 0.099068 0.451494 0.122378 0.448873 0.160839 0.454641 0.166667 0.456214 0.174825 0.461458 0.178322 0.464080 0.170163 0.472470 0.170163 0.476665 0.174825 0.466177 0.178322 0.484531 0.178322 0.484531 0.170163 0.490299 0.170163 0.490823 0.178322 0.498165 0.178322 0.498165 0.171329 0.501311 0.172494 0.511274 0.160839 0.504982 0.102564 0.499213 0.083916 0.488201 0.068765 0.470372 0.068765 0.463031 0.079254
3 0.145779 0.327506 0.146827 0.327506 0.147352 0.328671 0.147876 0.328671 0.148401 0.327506 0.151547 0.327506 0.152071 0.326340 0.153120 0.326340 0.153644 0.325175 0.154693 0.325175 0.155218 0.324009 0.155742 0.324009 0.155742 0.322844 0.156266 0.321678 0.156266 0.320513 0.155742 0.320513 0.154693 0.318182 0.153644 0.318182 0.152071 0.315851 0.151023 0.315851 0.150498 0.314685 0.148925 0.314685 0.148401 0.313520 0.146827 0.313520 0.146303 0.314685 0.146303 0.319347 0.145779 0.320513
3 0.715784 0.375291 0.716833 0.377622 0.722077 0.377622 0.722601 0.376457 0.726272 0.376457 0.726796 0.375291 0.727845 0.375291 0.728369 0.374126 0.728894 0.374126 0.729942 0.371795 0.730467 0.371795 0.730467 0.370629 0.730991 0.369464 0.730991 0.365967 0.730467 0.365967 0.729942 0.364802 0.728894 0.364802 0.727320 0.362471 0.725747 0.362471 0.725223 0.361305 0.723125 0.361305 0.722601 0.360140 0.719979 0.360140 0.717357 0.365967 0.716833 0.365967 0.716833 0.368298 0.716308 0.369464 0.716308 0.371795 0.715784 0.372960
3 0.449397 0.981352 0.449397 0.988345 0.448873 0.989510 0.448873 0.993007 0.448348 0.994173 0.448348 0.995338 0.448873 0.996503 0.448873 0.998834 0.454116 0.998834 0.454116 0.993007 0.453592 0.991841 0.453592 0.987179 0.453068 0.986014 0.453068 0.983683 0.452543 0.982517 0.452019 0.982517 0.451494 0.981352
3 0.283692 0.895105 0.283692 0.886946 0.283167 0.885781 0.280021 0.889277 0.278972 0.889277 0.276875 0.891608 0.274777 0.891608 0.274253 0.892774 0.270058 0.892774 0.269533 0.891608 0.267960 0.891608 0.266387 0.889277 0.263241 0.888112 0.262716 0.886946 0.261668 0.886946 0.261668 0.889277 0.261143 0.890443 0.261668 0.891608 0.261668 0.896270 0.263241 0.904429 0.267436 0.907925 0.277399 0.907925 0.277923 0.906760 0.281070 0.905594 0.282643 0.902098 0.282643 0.899767
3 0.386995 0.659674 0.382800 0.658508 0.378605 0.667832 0.378605 0.674825 0.376508 0.685315 0.376508 0.689977 0.372837 0.702797 0.371788 0.714452 0.372313 0.720280 0.375459 0.724942 0.378605 0.726107 0.385422 0.724942 0.388568 0.721445 0.391190 0.714452 0.391715 0.707459 0.393812 0.696970 0.393812 0.674825 0.392239 0.668998
3 0.748820 0.557110 0.748820 0.560606 0.750393 0.564103 0.752491 0.566434 0.753540 0.566434 0.754064 0.567599 0.756162 0.567599 0.756686 0.568765 0.758259 0.568765 0.758783 0.569930 0.760357 0.569930 0.760881 0.571096 0.766649 0.571096 0.767174 0.569930 0.767174 0.567599 0.765600 0.560606 0.765600 0.555944 0.763503 0.551282 0.762454 0.550117 0.757735 0.550117 0.757210 0.551282 0.754064 0.551282 0.753540 0.552448 0.751966 0.552448 0.751442 0.553613 0.750393 0.553613
3 0.166230 0.311189 0.166230 0.312354 0.165705 0.313520 0.165705 0.315851 0.165181 0.317016 0.165705 0.318182 0.166230 0.318182 0.166754 0.319347 0.171474 0.319347 0.171474 0.318182 0.171998 0.317016 0.171998 0.315851 0.171474 0.314685 0.171474 0.310023 0.170425 0.310023 0.169900 0.308858 0.167803 0.308858 0.167278 0.310023 0.166754 0.310023
3 0.554798 0.769231 0.555322 0.785548 0.560042 0.792541 0.566859 0.796037 0.575773 0.797203 0.584688 0.807692 0.592029 0.811189 0.593603 0.808858 0.589932 0.793706 0.588883 0.778555 0.587834 0.776224 0.582066 0.775058 0.579444 0.769231 0.574725 0.752914 0.569481 0.759907 0.557420 0.764569
3 0.754588 0.513986 0.754588 0.516317 0.755113 0.517483 0.755113 0.518648 0.757210 0.523310 0.757735 0.523310 0.758783 0.525641 0.760357 0.525641 0.760881 0.526807 0.762454 0.526807 0.762978 0.525641 0.762978 0.523310 0.763503 0.522144 0.763503 0.520979 0.762978 0.519814 0.762978 0.518648 0.762454 0.517483 0.762454 0.516317 0.760881 0.512821 0.760357 0.512821 0.759832 0.511655 0.756686 0.511655 0.756162 0.512821 0.755113 0.512821
3 0.682223 0.365967 0.682223 0.369464 0.683797 0.372960 0.684321 0.372960 0.685894 0.375291 0.686943 0.375291 0.687467 0.376457 0.688516 0.376457 0.689040 0.377622 0.695333 0.377622 0.695857 0.378788 0.696382 0.377622 0.697430 0.377622 0.697955 0.376457 0.696382 0.372960 0.695857 0.372960 0.692711 0.365967 0.692711 0.364802 0.691662 0.362471 0.690614 0.362471 0.690089 0.361305 0.685894 0.361305 0.685370 0.360140 0.684845 0.361305 0.683272 0.362471 0.683272 0.363636
3 0.570005 0.869464 0.570005 0.878788 0.573676 0.886946 0.581542 0.891608 0.592029 0.892774 0.597798 0.890443 0.604615 0.883450 0.620346 0.879953 0.622444 0.872960 0.622444 0.861305 0.619297 0.841492 0.615627 0.841492 0.613005 0.846154 0.607761 0.847319 0.598846 0.828671 0.594127 0.825175 0.585212 0.847319 0.574200 0.860140
3 0.740954 0.519814 0.740954 0.529138 0.742003 0.531469 0.742003 0.532634 0.743052 0.534965 0.743576 0.534965 0.744101 0.536131 0.748296 0.536131 0.749345 0.533800 0.749345 0.531469 0.749869 0.530303 0.749869 0.525641 0.749345 0.524476 0.749345 0.523310 0.747771 0.519814
3 0.566335 0.348485 0.565810 0.348485 0.565286 0.347319 0.563188 0.347319 0.561091 0.350816 0.560566 0.350816 0.558993 0.353147 0.557944 0.353147 0.556371 0.355478 0.555322 0.355478 0.554798 0.356643 0.550603 0.356643 0.550079 0.357809 0.550079 0.360140 0.551127 0.363636 0.551127 0.367133 0.552701 0.370629 0.553225 0.370629 0.553749 0.371795 0.554274 0.371795 0.554798 0.370629 0.556371 0.370629 0.557420 0.368298 0.558993 0.368298 0.561091 0.363636 0.561615 0.363636 0.562664 0.361305 0.563188 0.361305 0.565810 0.355478 0.565810 0.353147 0.566335 0.351981
3 0.352386 0.932401 0.348715 0.924242 0.336654 0.921911 0.328264 0.913753 0.324594 0.913753 0.318301 0.925408 0.310435 0.933566 0.293131 0.941725 0.286314 0.937063 0.285265 0.946387 0.286838 0.952214 0.292082 0.955711 0.331935 0.963869 0.340325 0.960373 0.348191 0.952214 0.352386 0.941725
