0 0.647935 0.380866 0.639810 0.390794 0.635071 0.416065 0.651997 0.443141 0.662153 0.448556 0.661476 0.459386 0.639810 0.481949 0.599865 0.491877 0.612728 0.503610 0.622884 0.500000 0.623561 0.506318 0.612051 0.511733 0.626269 0.522563 0.628978 0.502708 0.646581 0.503610 0.638456 0.507220 0.638456 0.520758 0.670955 0.537004 0.674340 0.546029 0.655383 0.564079 0.657414 0.572202 0.700068 0.574007 0.702776 0.554152 0.712255 0.553249 0.730535 0.537004 0.730535 0.481949 0.710223 0.448556 0.679756 0.424188 0.679756 0.407942 0.668246 0.382671
0 0.383209 0.185018 0.358835 0.203069 0.354773 0.227437 0.362221 0.259025 0.333108 0.299639 0.322275 0.369134 0.319567 0.456679 0.332431 0.468412 0.333785 0.501805 0.342586 0.511733 0.342586 0.612816 0.355450 0.708484 0.387949 0.690433 0.385240 0.641697 0.397427 0.598375 0.403521 0.520758 0.415030 0.501805 0.406906 0.472022 0.399458 0.339350 0.387271 0.301444 0.404198 0.270758 0.406906 0.243682 0.417739 0.240975 0.401489 0.195848
0 0.306703 0.316787 0.292485 0.316787 0.283006 0.329422 0.253893 0.333935 0.215301 0.397112 0.238998 0.550542 0.249154 0.567690 0.262018 0.567690 0.266757 0.559567 0.252539 0.473827 0.257278 0.449458 0.276913 0.495487 0.288422 0.555957 0.300609 0.559567 0.308057 0.543321 0.296547 0.427798 0.319567 0.335740
1 0.955315 0.299639 0.956669 0.301444 0.959377 0.301444 0.960054 0.302347 0.963439 0.302347 0.964116 0.301444 0.966148 0.301444 0.966825 0.300542 0.968856 0.300542 0.969533 0.299639 0.970210 0.299639 0.970210 0.296029 0.969533 0.296029 0.967502 0.294224 0.965471 0.294224 0.964794 0.293321 0.960731 0.293321 0.960054 0.294224 0.958023 0.294224 0.957346 0.295126 0.956669 0.295126 0.955992 0.296029 0.955992 0.298736
1 0.851049 0.293321 0.849695 0.295126 0.849695 0.298736 0.851049 0.300542 0.854435 0.300542 0.855789 0.298736 0.855789 0.296029 0.855112 0.295126 0.855112 0.294224 0.854435 0.294224 0.853758 0.293321
1 0.290454 0.317690 0.287745 0.322202 0.288422 0.326715 0.293162 0.324007 0.297224 0.324007 0.304672 0.332130 0.305349 0.334838 0.303995 0.337545 0.308734 0.344765 0.312119 0.352888 0.314150 0.367329 0.318890 0.349278 0.318890 0.344765 0.320244 0.340253 0.319567 0.333032 0.317536 0.327617 0.312119 0.320397 0.305349 0.315884 0.296547 0.314982
1 0.837508 0.295126 0.837508 0.299639 0.838185 0.300542 0.839540 0.300542 0.840217 0.301444 0.841571 0.301444 0.842248 0.300542 0.843602 0.300542 0.844279 0.299639 0.844956 0.299639 0.844956 0.297834 0.845633 0.296931 0.844956 0.296029 0.844956 0.295126 0.844279 0.295126 0.842925 0.293321 0.839540 0.293321 0.838863 0.294224 0.838185 0.294224
1 0.358835 0.202166 0.355450 0.217509 0.354773 0.229242 0.356127 0.231047 0.387271 0.231949 0.404198 0.236462 0.409614 0.241877 0.417739 0.242780 0.419770 0.240975 0.411645 0.232852 0.408260 0.209386 0.400812 0.194043 0.395396 0.188628 0.387271 0.185018 0.373731 0.185921 0.362221 0.194946
1 0.988490 0.299639 0.988490 0.303249 0.989844 0.303249 0.990521 0.304152 0.993907 0.304152 0.994584 0.305054 0.995261 0.304152 0.995938 0.304152 0.996615 0.303249 0.996615 0.298736 0.995261 0.296931 0.990521 0.296931
1 0.679079 0.407942 0.676371 0.402527 0.674340 0.393502 0.667569 0.381769 0.658091 0.378159 0.651320 0.379061 0.644550 0.382671 0.641165 0.386282 0.638456 0.393502 0.635748 0.407040 0.631686 0.417870 0.633040 0.419675 0.636425 0.419675 0.643873 0.413357 0.658091 0.409747 0.664861 0.409747 0.666892 0.411552 0.666892 0.414260 0.675017 0.415162 0.678402 0.411552
1 0.956669 0.293321 0.955315 0.295126 0.955315 0.296029 0.954638 0.296931 0.954638 0.299639 0.955992 0.301444 0.958700 0.301444 0.959377 0.300542 0.960731 0.300542 0.961408 0.299639 0.961408 0.298736 0.962085 0.297834 0.962085 0.296029 0.960054 0.293321
3 0.685850 0.553249 0.685173 0.553249 0.683142 0.549639 0.679756 0.547834 0.678402 0.546029 0.671632 0.545126 0.669601 0.547834 0.667569 0.548736 0.666215 0.550542 0.665538 0.553249 0.662830 0.556859 0.661476 0.556859 0.659445 0.559567 0.656737 0.560469 0.656737 0.562274 0.654028 0.565884 0.654028 0.567690 0.654705 0.567690 0.654705 0.564982 0.655383 0.564079 0.658091 0.564079 0.660122 0.562274 0.665538 0.562274 0.672309 0.558664 0.675694 0.554152 0.675694 0.553249 0.677725 0.551444 0.683819 0.552347 0.685173 0.554152
3 0.653351 0.566787 0.654028 0.569495 0.658091 0.574007 0.665538 0.576715 0.699391 0.574910 0.703453 0.571300 0.702776 0.563177 0.699391 0.555054 0.690589 0.555957 0.682464 0.548736 0.679079 0.547834 0.672309 0.549639 0.666892 0.555957 0.657414 0.560469 0.654028 0.564079
3 0.284360 0.550542 0.282329 0.548736 0.276236 0.548736 0.275559 0.549639 0.270142 0.549639 0.269465 0.550542 0.268788 0.550542 0.266757 0.554152 0.266757 0.556859 0.266080 0.557762 0.266080 0.564079 0.268111 0.565884 0.270142 0.565884 0.270819 0.564982 0.272173 0.564982 0.274882 0.562274 0.278267 0.562274 0.278944 0.561372 0.279621 0.561372 0.283683 0.556859 0.283683 0.555957 0.285037 0.553249
3 0.240352 0.563177 0.240352 0.564079 0.241029 0.564982 0.241029 0.566787 0.243060 0.571300 0.249831 0.571300 0.250508 0.570397 0.253893 0.570397 0.254570 0.569495 0.255247 0.569495 0.255924 0.570397 0.257278 0.570397 0.257955 0.571300 0.259309 0.571300 0.259986 0.570397 0.262018 0.570397 0.262018 0.569495 0.263372 0.567690 0.263372 0.566787 0.253893 0.566787 0.253216 0.565884 0.251862 0.565884 0.248477 0.563177 0.247123 0.563177 0.246445 0.562274 0.245091 0.562274 0.244414 0.561372 0.242383 0.561372 0.241706 0.560469 0.241029 0.560469 0.241029 0.562274
3 0.350711 0.687726 0.350034 0.695848 0.351388 0.700361 0.351388 0.710289 0.352065 0.712094 0.356127 0.710289 0.358835 0.710289 0.362898 0.707581 0.377116 0.704874 0.379824 0.703069 0.381855 0.699458 0.383886 0.699458 0.379147 0.699458 0.378470 0.700361 0.368991 0.699458 0.364929 0.697653 0.358158 0.692238 0.352742 0.684116 0.352065 0.684116
3 0.682464 0.549639 0.680433 0.548736 0.678402 0.546029 0.677048 0.546029 0.672986 0.543321 0.670955 0.543321 0.664184 0.551444 0.664184 0.553249 0.662153 0.555957 0.661476 0.555957 0.658768 0.559567 0.656737 0.559567 0.655383 0.560469 0.655383 0.562274 0.654028 0.563177 0.654028 0.564982 0.656060 0.562274 0.658091 0.562274 0.658768 0.561372 0.662153 0.561372 0.662830 0.560469 0.668246 0.559567 0.670278 0.557762 0.671632 0.557762 0.675694 0.552347 0.678402 0.550542 0.681787 0.550542
3 0.285037 0.555957 0.289100 0.560469 0.290454 0.560469 0.291131 0.561372 0.292485 0.561372 0.293162 0.562274 0.300609 0.562274 0.301286 0.561372 0.303318 0.560469 0.306703 0.555957 0.306703 0.555054 0.307380 0.554152 0.307380 0.551444 0.301286 0.551444 0.300609 0.552347 0.290454 0.552347 0.289777 0.551444 0.289100 0.551444 0.288422 0.552347 0.286391 0.552347 0.285037 0.554152
3 0.350711 0.656137 0.348680 0.651625 0.344617 0.652527 0.341232 0.656137 0.337170 0.656137 0.334462 0.652527 0.331754 0.653430 0.330399 0.656137 0.330399 0.657942 0.328368 0.663357 0.328368 0.667870 0.329722 0.669675 0.331754 0.669675 0.332431 0.670578 0.334462 0.670578 0.335139 0.671480 0.338524 0.671480 0.339201 0.672383 0.343263 0.672383 0.343940 0.673285 0.348680 0.673285 0.349357 0.672383 0.350711 0.672383 0.351388 0.671480 0.351388 0.668773 0.352065 0.667870 0.352065 0.664260 0.351388 0.663357
3 0.266080 0.560469 0.267434 0.565884 0.268788 0.566787 0.272173 0.564982 0.275559 0.567690 0.280975 0.567690 0.287745 0.561372 0.290454 0.561372 0.294516 0.563177 0.299932 0.563177 0.302640 0.561372 0.307380 0.555054 0.308057 0.552347 0.307380 0.550542 0.292485 0.552347 0.283683 0.547834 0.274204 0.548736 0.273527 0.549639 0.270819 0.549639 0.267434 0.553249
3 0.731889 0.529783 0.729858 0.528881 0.729181 0.529783 0.724441 0.529783 0.723764 0.530686 0.720379 0.530686 0.719702 0.531588 0.719025 0.531588 0.719025 0.536101 0.720379 0.537906 0.720379 0.538809 0.721056 0.539711 0.721056 0.541516 0.721733 0.542419 0.721733 0.544224 0.723087 0.546029 0.725796 0.546029 0.726473 0.545126 0.727827 0.545126 0.728504 0.544224 0.730535 0.544224 0.731212 0.543321 0.732566 0.543321 0.733920 0.541516 0.733920 0.540614 0.734597 0.539711 0.734597 0.536101 0.733920 0.535199 0.733920 0.532491
3 0.699391 0.556859 0.700068 0.557762 0.700068 0.558664 0.701422 0.560469 0.701422 0.561372 0.702099 0.562274 0.702099 0.563177 0.702776 0.564079 0.702776 0.564982 0.703453 0.564982 0.704130 0.564079 0.706161 0.564079 0.711578 0.556859 0.711578 0.555054 0.712932 0.553249 0.713609 0.553249 0.708192 0.553249 0.707515 0.552347 0.700068 0.552347 0.699391 0.553249
