0 0.508463 0.443141 0.507786 0.455776 0.515234 0.479242 0.512525 0.494585 0.498984 0.466606 0.492214 0.467509 0.486798 0.482852 0.490183 0.500903 0.485443 0.520758 0.483412 0.628159 0.479350 0.636282 0.482058 0.641697 0.487475 0.640794 0.491537 0.632671 0.497630 0.578520 0.500338 0.586643 0.498984 0.641697 0.503724 0.644404 0.507786 0.638087 0.512525 0.519856 0.523358 0.489170 0.516588 0.453971
0 0.630332 0.435018 0.625592 0.441336 0.625592 0.466606 0.629655 0.487365 0.638456 0.501805 0.612728 0.510830 0.612051 0.518953 0.639133 0.521661 0.641165 0.524368 0.640487 0.548736 0.675017 0.548736 0.681787 0.506318 0.675017 0.483755 0.677048 0.468412 0.675017 0.451264 0.667569 0.445848 0.658091 0.447653 0.648612 0.462996 0.651997 0.468412 0.652674 0.481047 0.640487 0.482852 0.633040 0.454874 0.633717 0.435018
0 0.702099 0.422383 0.704130 0.458484 0.725118 0.519856 0.724441 0.543321 0.716994 0.548736 0.703453 0.531588 0.702776 0.517148 0.691943 0.490975 0.690589 0.500903 0.682464 0.508123 0.690589 0.547834 0.643873 0.547834 0.641165 0.560469 0.696682 0.575812 0.718348 0.558664 0.726473 0.558664 0.759648 0.578520 0.769804 0.546931 0.763033 0.499097 0.771158 0.490975 0.769804 0.479242 0.763033 0.468412 0.750169 0.462094 0.727827 0.475632 0.714286 0.444946 0.712932 0.424188
0 0.364252 0.453069 0.360867 0.458484 0.363575 0.484657 0.355450 0.481047 0.349357 0.482852 0.343263 0.494585 0.344617 0.509025 0.335139 0.522563 0.335816 0.534296 0.343940 0.549639 0.343263 0.572202 0.346649 0.597473 0.343263 0.634477 0.345295 0.661552 0.355450 0.659747 0.360190 0.654332 0.358835 0.619134 0.368314 0.598375 0.370345 0.573105 0.374408 0.564079 0.373731 0.546029 0.366283 0.519856 0.371022 0.475632
0 0.553148 0.433213 0.547732 0.439531 0.546378 0.465704 0.547732 0.488267 0.555179 0.509928 0.548409 0.521661 0.555179 0.530686 0.551117 0.556859 0.552471 0.616426 0.549763 0.638989 0.538930 0.650722 0.550440 0.655235 0.558565 0.648917 0.567366 0.595668 0.573460 0.644404 0.580907 0.661552 0.587678 0.665162 0.590386 0.656137 0.582261 0.629061 0.580907 0.535199 0.584970 0.511733 0.575491 0.495487 0.578199 0.473827 0.573460 0.466606 0.567366 0.464801 0.555856 0.480144
0 0.727827 0.560469 0.669601 0.594765 0.696005 0.663357 0.610697 0.617329 0.586324 0.626354 0.591740 0.638989 0.601896 0.632671 0.668923 0.724729 0.656060 0.793321 0.652674 0.892599 0.668246 0.999097 0.695328 0.994585 0.685173 0.936823 0.691943 0.908845 0.700745 0.943141 0.696682 0.993682 0.724441 0.990975 0.721056 0.887184 0.735951 0.823105 0.731889 0.787004 0.765064 0.686823 0.761002 0.588448
0 0.175355 0.457581 0.192282 0.494585 0.182126 0.575812 0.174001 0.556859 0.140149 0.537906 0.108328 0.548736 0.094110 0.571300 0.119838 0.642599 0.117129 0.679603 0.136087 0.748195 0.132024 0.805957 0.148274 0.849278 0.146919 0.999097 0.200406 0.994585 0.190928 0.936823 0.214624 0.841155 0.218009 0.768051 0.196344 0.657942 0.277590 0.618231 0.272850 0.607401 0.203114 0.615523 0.212593 0.507220 0.205146 0.466606
0 0.406906 0.438628 0.398781 0.446751 0.394719 0.474729 0.404875 0.518051 0.404875 0.584838 0.415030 0.592960 0.421801 0.576715 0.431957 0.619134 0.440081 0.621841 0.442112 0.615523 0.432634 0.533394 0.436696 0.521661 0.425186 0.490975 0.426540 0.481047 0.422478 0.471119 0.413676 0.470217 0.408937 0.477437 0.409614 0.489170 0.406229 0.488267 0.402844 0.471119 0.408260 0.445848
0 0.158429 0.441336 0.117806 0.486462 0.087339 0.479242 0.073798 0.489170 0.070413 0.504513 0.079892 0.536101 0.065674 0.568592 0.089370 0.631769 0.089370 0.680505 0.100880 0.747292 0.100880 0.879964 0.140826 0.878159 0.146242 0.861011 0.132701 0.845668 0.134056 0.744585 0.113067 0.663357 0.116452 0.641697 0.096141 0.600181 0.093433 0.568592 0.168585 0.456679
0 0.473934 0.477437 0.463101 0.476534 0.465809 0.547834 0.442112 0.627256 0.425186 0.629964 0.427894 0.612816 0.394719 0.581227 0.373053 0.594765 0.360867 0.622744 0.362898 0.661552 0.373731 0.667870 0.364252 0.707581 0.383209 0.859206 0.375085 0.999097 0.394719 0.992780 0.410968 0.889892 0.423155 0.897112 0.422478 0.994585 0.452268 0.992780 0.459716 0.898014 0.475288 0.842058 0.453622 0.724729 0.484766 0.547834 0.486121 0.494585
0 0.253216 0.437726 0.245768 0.442238 0.240352 0.500000 0.250508 0.551444 0.249154 0.592058 0.254570 0.609206 0.274204 0.605596 0.280298 0.616426 0.252539 0.636282 0.247123 0.720217 0.262695 0.713899 0.272173 0.630866 0.276236 0.699458 0.296547 0.689531 0.289777 0.671480 0.287068 0.546931 0.332431 0.543321 0.327691 0.533394 0.275559 0.517148 0.276913 0.487365 0.256601 0.476534 0.258632 0.444043
1 0.429248 0.612816 0.421124 0.605596 0.414353 0.594765 0.394042 0.580325 0.389980 0.580325 0.379824 0.586643 0.365606 0.603791 0.359513 0.620939 0.362221 0.661552 0.366283 0.665162 0.374408 0.665162 0.397427 0.653430 0.418416 0.631769 0.429248 0.615523
1 0.114421 0.486462 0.113067 0.483755 0.108328 0.479242 0.103588 0.476534 0.092079 0.477437 0.083954 0.480144 0.077183 0.484657 0.072444 0.490975 0.071090 0.496390 0.070413 0.509025 0.071767 0.510830 0.074475 0.511733 0.084631 0.509025 0.092079 0.505415 0.102234 0.504513 0.104942 0.502708 0.113744 0.490072
1 0.492214 0.466606 0.489506 0.470217 0.488829 0.474729 0.487475 0.477437 0.487475 0.481949 0.486798 0.482852 0.487475 0.485560 0.488152 0.484657 0.491537 0.484657 0.493568 0.482852 0.497630 0.482852 0.498307 0.483755 0.501016 0.483755 0.503724 0.485560 0.504401 0.487365 0.505078 0.487365 0.505755 0.485560 0.505755 0.483755 0.504401 0.480144 0.504401 0.472924 0.503047 0.471119 0.503047 0.470217 0.499661 0.466606 0.496276 0.466606 0.495599 0.465704
1 0.647935 0.462996 0.647935 0.463899 0.649289 0.464801 0.653351 0.464801 0.656737 0.462996 0.667569 0.462996 0.668246 0.463899 0.672986 0.464801 0.675017 0.466606 0.678402 0.465704 0.678402 0.462094 0.677048 0.458484 0.677048 0.455776 0.675017 0.450361 0.672309 0.447653 0.670955 0.447653 0.668246 0.445848 0.661476 0.445848 0.656737 0.448556 0.654705 0.452166 0.653351 0.456679
1 0.343940 0.490072 0.343940 0.494585 0.345295 0.496390 0.346649 0.496390 0.347326 0.497292 0.349357 0.497292 0.350034 0.498195 0.351388 0.498195 0.352065 0.499097 0.354096 0.499097 0.354773 0.500000 0.356804 0.500000 0.357481 0.500903 0.362221 0.500903 0.363575 0.499097 0.363575 0.490975 0.362898 0.490072 0.362221 0.487365 0.359513 0.483755 0.358835 0.483755 0.355450 0.481047 0.352065 0.481047 0.351388 0.481949 0.349357 0.482852
1 0.683819 0.590253 0.684496 0.600181 0.707515 0.620939 0.730535 0.634477 0.740014 0.638087 0.753555 0.638087 0.761002 0.634477 0.763033 0.630866 0.763033 0.601083 0.759648 0.584838 0.749492 0.573105 0.733243 0.562274 0.720379 0.559567 0.706161 0.569495
1 0.557888 0.477437 0.557888 0.481047 0.559242 0.481047 0.559919 0.481949 0.561950 0.481949 0.562627 0.481047 0.571429 0.481047 0.572106 0.481949 0.575491 0.482852 0.576168 0.481949 0.577522 0.481949 0.578199 0.481047 0.578199 0.479242 0.578876 0.478339 0.578876 0.474729 0.576845 0.471119 0.576845 0.470217 0.574137 0.466606 0.573460 0.466606 0.571429 0.464801 0.567366 0.464801 0.566012 0.466606 0.565335 0.466606 0.563981 0.468412 0.563304 0.468412 0.559919 0.472924 0.559919 0.473827
1 0.714963 0.490975 0.716317 0.498195 0.723764 0.508123 0.727150 0.509928 0.730535 0.506318 0.744753 0.506318 0.749492 0.511733 0.750846 0.516245 0.754909 0.522563 0.760325 0.527076 0.765064 0.527978 0.765741 0.521661 0.763033 0.512635 0.763033 0.498195 0.761679 0.495487 0.745430 0.490072 0.730535 0.490072 0.725796 0.487365 0.722410 0.487365
1 0.176032 0.556859 0.172647 0.554152 0.164523 0.555957 0.151659 0.543321 0.141503 0.537906 0.132701 0.537906 0.115775 0.544224 0.100880 0.555957 0.094787 0.567690 0.094110 0.584838 0.096818 0.594765 0.096818 0.601986 0.101557 0.604693 0.111713 0.603791 0.129316 0.596570 0.142180 0.585740 0.155044 0.578520 0.165200 0.565884 0.174678 0.561372
1 0.252539 0.489170 0.252539 0.494585 0.253893 0.496390 0.256601 0.496390 0.257278 0.495487 0.264726 0.495487 0.265403 0.496390 0.272850 0.496390 0.275559 0.498195 0.276913 0.497292 0.278267 0.494585 0.278267 0.490975 0.275559 0.483755 0.274882 0.483755 0.271496 0.479242 0.268788 0.478339 0.268111 0.477437 0.262018 0.477437 0.257278 0.480144 0.253893 0.484657 0.253216 0.488267
1 0.410968 0.472924 0.410291 0.475632 0.408937 0.477437 0.408937 0.483755 0.410968 0.487365 0.411645 0.487365 0.412322 0.488267 0.425186 0.488267 0.425863 0.487365 0.425863 0.486462 0.426540 0.485560 0.426540 0.480144 0.425863 0.479242 0.424509 0.474729 0.421801 0.471119 0.421124 0.471119 0.420447 0.470217 0.419093 0.470217 0.418416 0.469314 0.417062 0.469314 0.416385 0.470217 0.414353 0.470217 0.411645 0.472924
1 0.724441 0.487365 0.738659 0.488267 0.747461 0.491877 0.757617 0.493682 0.760325 0.495487 0.769804 0.495487 0.771158 0.494585 0.771835 0.490975 0.771158 0.482852 0.768450 0.474729 0.762356 0.467509 0.752200 0.462094 0.743399 0.462094 0.740691 0.463899 0.731889 0.473827 0.729858 0.479242 0.725796 0.483755
1 0.226811 0.998195 0.226811 0.999097 0.239675 0.999097 0.239675 0.998195 0.238998 0.998195 0.238321 0.997292 0.228842 0.997292 0.228165 0.998195
3 0.136764 0.824910 0.134056 0.827617 0.134056 0.831227 0.133378 0.832130 0.133378 0.833935 0.132024 0.837545 0.132024 0.842058 0.132701 0.842960 0.132701 0.844765 0.134056 0.848375 0.137441 0.851986 0.142857 0.855596 0.146242 0.855596 0.146919 0.856498 0.148274 0.851083 0.147596 0.850181 0.147596 0.842058 0.146919 0.841155 0.146919 0.838448 0.145565 0.835740 0.145565 0.833935 0.144211 0.830325 0.141503 0.826715
3 0.298578 0.688628 0.295870 0.685921 0.292485 0.685018 0.286391 0.689531 0.284360 0.689531 0.283683 0.690433 0.280975 0.690433 0.280298 0.691336 0.275559 0.691336 0.274882 0.695848 0.275559 0.696751 0.275559 0.698556 0.276236 0.700361 0.278944 0.702166 0.279621 0.701264 0.281652 0.701264 0.282329 0.700361 0.285714 0.699458 0.287745 0.697653 0.291131 0.696751 0.295870 0.693141 0.297224 0.693141 0.298578 0.691336
3 0.737982 0.825812 0.735951 0.828520 0.735951 0.829422 0.735274 0.830325 0.735274 0.832130 0.734597 0.833032 0.734597 0.833935 0.733920 0.834838 0.733920 0.836643 0.733243 0.837545 0.733243 0.842058 0.733920 0.842960 0.733920 0.843863 0.737305 0.843863 0.737982 0.844765 0.742722 0.844765 0.743399 0.845668 0.745430 0.845668 0.746107 0.844765 0.747461 0.844765 0.747461 0.828520 0.746784 0.827617 0.746784 0.826715 0.746107 0.826715 0.745430 0.825812
3 0.427217 0.622744 0.427217 0.624549 0.427894 0.625451 0.429248 0.625451 0.429926 0.624549 0.433311 0.624549 0.433988 0.623646 0.436019 0.623646 0.436696 0.624549 0.438727 0.624549 0.439404 0.625451 0.440081 0.625451 0.441435 0.627256 0.442112 0.627256 0.442789 0.626354 0.442789 0.625451 0.444144 0.622744 0.443466 0.621841 0.443466 0.620036 0.442789 0.619134 0.442789 0.618231 0.442112 0.618231 0.441435 0.617329 0.437373 0.617329 0.436696 0.616426 0.433988 0.616426 0.431957 0.614621 0.431957 0.615523 0.430603 0.617329 0.430603 0.618231 0.429926 0.619134 0.429248 0.619134 0.428571 0.621841 0.427894 0.622744
3 0.146919 0.859206 0.142857 0.854693 0.134056 0.849278 0.131347 0.849278 0.123223 0.856498 0.112390 0.863718 0.108328 0.868231 0.102234 0.870939 0.100203 0.876354 0.100203 0.879964 0.102234 0.882671 0.104942 0.883574 0.115775 0.883574 0.116452 0.884477 0.130670 0.883574 0.144211 0.877256 0.145565 0.875451 0.146919 0.869134
3 0.261341 0.702166 0.259309 0.700361 0.252539 0.700361 0.251862 0.701264 0.248477 0.701264 0.246445 0.703971 0.246445 0.706679 0.245768 0.707581 0.245768 0.711191 0.245091 0.712094 0.245091 0.719314 0.246445 0.721119 0.252539 0.721119 0.253216 0.720217 0.256601 0.720217 0.257278 0.719314 0.260664 0.718412 0.262695 0.715704 0.262695 0.713899 0.263372 0.712996 0.262695 0.712094 0.262695 0.708484 0.262018 0.707581 0.262018 0.703971 0.261341 0.703069
3 0.664184 0.984657 0.663507 0.984657 0.662830 0.985560 0.661476 0.985560 0.660122 0.987365 0.660122 0.988267 0.659445 0.989170 0.659445 0.990072 0.657414 0.992780 0.657414 0.993682 0.656737 0.994585 0.656737 0.999097 0.667569 0.999097 0.667569 0.998195 0.666215 0.996390 0.666215 0.993682 0.665538 0.992780 0.665538 0.988267 0.664861 0.987365 0.664861 0.985560
3 0.490183 0.631769 0.489506 0.631769 0.488829 0.630866 0.484089 0.630866 0.482735 0.632671 0.482058 0.632671 0.480704 0.634477 0.480027 0.634477 0.479350 0.635379 0.478673 0.635379 0.477319 0.637184 0.477996 0.638087 0.477996 0.639892 0.479350 0.641697 0.480027 0.641697 0.480704 0.642599 0.482735 0.642599 0.483412 0.643502 0.484766 0.643502 0.485443 0.642599 0.486798 0.642599 0.487475 0.641697 0.488152 0.641697 0.490183 0.638989 0.490183 0.638087 0.490860 0.637184 0.490860 0.632671
3 0.359513 0.648014 0.358835 0.647112 0.357481 0.647112 0.356804 0.648014 0.352065 0.648014 0.351388 0.648917 0.349357 0.648917 0.348680 0.649819 0.348003 0.648917 0.344617 0.648917 0.344617 0.649819 0.343263 0.652527 0.343263 0.655235 0.343940 0.656137 0.343940 0.662455 0.344617 0.663357 0.344617 0.664260 0.347326 0.664260 0.348003 0.663357 0.352742 0.663357 0.355450 0.660650 0.358835 0.661552 0.358835 0.660650 0.359513 0.659747 0.359513 0.657040 0.360190 0.656137 0.360190 0.650722 0.359513 0.649819
3 0.501016 0.630866 0.499661 0.632671 0.499661 0.634477 0.498984 0.635379 0.498984 0.644404 0.499661 0.644404 0.500338 0.645307 0.502370 0.645307 0.503047 0.644404 0.505078 0.644404 0.505755 0.643502 0.506432 0.643502 0.507786 0.641697 0.507786 0.640794 0.508463 0.639892 0.508463 0.638087 0.507786 0.637184 0.507786 0.633574 0.507109 0.632671 0.507109 0.631769 0.506432 0.631769 0.505755 0.630866
3 0.558565 0.646209 0.557211 0.643502 0.555179 0.643502 0.554502 0.642599 0.553148 0.642599 0.551794 0.640794 0.551117 0.640794 0.550440 0.639892 0.549086 0.639892 0.548409 0.640794 0.545024 0.642599 0.541638 0.646209 0.540961 0.646209 0.538930 0.648917 0.538930 0.649819 0.538253 0.650722 0.538930 0.651625 0.538930 0.653430 0.540961 0.655235 0.542315 0.655235 0.542993 0.656137 0.547732 0.656137 0.548409 0.655235 0.551117 0.655235 0.551794 0.654332 0.553825 0.654332 0.554502 0.653430 0.555179 0.653430 0.556534 0.651625 0.557211 0.651625 0.558565 0.649819
3 0.578876 0.647112 0.577522 0.649819 0.577522 0.651625 0.579553 0.656137 0.579553 0.657942 0.580230 0.658845 0.580230 0.660650 0.582938 0.664260 0.583615 0.664260 0.584292 0.665162 0.589032 0.665162 0.590386 0.663357 0.590386 0.662455 0.591063 0.661552 0.591063 0.657942 0.590386 0.657040 0.590386 0.655235 0.589032 0.652527 0.589032 0.650722 0.588355 0.649819 0.587678 0.647112 0.587001 0.647112 0.585647 0.645307 0.581584 0.645307 0.580907 0.646209
3 0.557888 0.643502 0.557888 0.650722 0.558565 0.650722 0.559919 0.652527 0.561273 0.652527 0.561950 0.653430 0.562627 0.653430 0.563304 0.654332 0.564658 0.654332 0.565335 0.655235 0.570752 0.655235 0.571429 0.654332 0.573460 0.653430 0.575491 0.650722 0.575491 0.647112 0.570074 0.639892 0.568720 0.639892 0.568043 0.638989 0.563981 0.638989 0.563304 0.639892 0.562627 0.639892 0.561950 0.640794 0.559919 0.641697 0.558565 0.643502
3 0.602573 0.620036 0.598511 0.619134 0.597833 0.618231 0.595802 0.618231 0.595125 0.617329 0.591740 0.617329 0.591063 0.618231 0.587001 0.619134 0.584970 0.621841 0.584970 0.623646 0.583615 0.626354 0.583615 0.636282 0.584970 0.638087 0.584970 0.638989 0.585647 0.638989 0.587678 0.641697 0.589709 0.641697 0.590386 0.642599 0.595125 0.641697 0.595802 0.640794 0.597156 0.640794 0.599865 0.638989 0.601896 0.636282 0.602573 0.629964 0.603927 0.626354 0.603927 0.621841
3 0.222072 0.940433 0.217332 0.938628 0.214624 0.939531 0.195667 0.953069 0.194990 0.955776 0.195667 0.957581 0.195667 0.965704 0.194990 0.966606 0.194313 0.975632 0.196344 0.982852 0.199052 0.981949 0.206500 0.976534 0.218687 0.962996 0.222749 0.955776 0.224103 0.949458 0.224103 0.944946
