0 0.310674 0.245977 0.299522 0.267816 0.299522 0.320690 0.289963 0.341379 0.309081 0.567816 0.306957 0.590805 0.318640 0.587356 0.320765 0.493103 0.333510 0.528736 0.338290 0.560920 0.332979 0.588506 0.343070 0.590805 0.348380 0.575862 0.337759 0.454023 0.332979 0.435632 0.329793 0.359770 0.347318 0.341379 0.348911 0.329885 0.321827 0.254023
0 0.390335 0.237931 0.376527 0.255172 0.378120 0.291954 0.360064 0.347126 0.357408 0.459770 0.371747 0.496552 0.374934 0.537931 0.352629 0.647126 0.355284 0.666667 0.365374 0.678161 0.370154 0.674713 0.368030 0.634483 0.387148 0.563218 0.389272 0.674713 0.420074 0.659770 0.417419 0.645977 0.402549 0.635632 0.409453 0.465517 0.403080 0.365517 0.395114 0.324138 0.415826 0.285057
0 0.105151 0.393103 0.101434 0.402299 0.099841 0.436782 0.090281 0.465517 0.091875 0.496552 0.089750 0.524138 0.093999 0.535632 0.109931 0.540230 0.122677 0.533333 0.130112 0.534483 0.137015 0.522988 0.140202 0.511494 0.139671 0.470115 0.142857 0.459770 0.141264 0.454023 0.129580 0.445977 0.122677 0.435632 0.122146 0.428736 0.126394 0.411494 0.122146 0.406897 0.117897 0.395402 0.114179 0.391954
0 0.171004 0.263218 0.166224 0.267816 0.163038 0.280460 0.165693 0.305747 0.153478 0.320690 0.153478 0.378161 0.171535 0.498851 0.178439 0.504598 0.177377 0.533333 0.189060 0.539080 0.184811 0.521839 0.187467 0.505747 0.190122 0.403448 0.195964 0.379310 0.195964 0.356322 0.189591 0.316092 0.179501 0.305747 0.179501 0.273563
0 0.555497 0.266667 0.548593 0.271264 0.544344 0.285057 0.547531 0.322989 0.533723 0.349425 0.524164 0.433333 0.525226 0.462069 0.534254 0.460920 0.532130 0.585057 0.540627 0.580460 0.541689 0.533333 0.549124 0.483908 0.554434 0.495402 0.554965 0.558621 0.561869 0.563218 0.568773 0.470115 0.574615 0.450575 0.580457 0.460920 0.584705 0.452874 0.578864 0.351724 0.562931 0.325287 0.565587 0.288506
0 0.243760 0.382759 0.237387 0.382759 0.232076 0.394253 0.232076 0.414943 0.224642 0.436782 0.215613 0.496552 0.212427 0.528736 0.213489 0.536782 0.220393 0.526437 0.227297 0.481609 0.231545 0.483908 0.237387 0.503448 0.241105 0.508046 0.248540 0.502299 0.247477 0.480460 0.251726 0.475862 0.255975 0.478161 0.254912 0.493103 0.258099 0.501149 0.274562 0.497701 0.270844 0.427586 0.265534 0.419540 0.258099 0.422989 0.251195 0.409195 0.248009 0.390805
0 0.448221 0.233333 0.435475 0.255172 0.433882 0.289655 0.417419 0.325287 0.412108 0.371264 0.419543 0.477012 0.429634 0.532184 0.428571 0.603448 0.435475 0.700000 0.445566 0.703448 0.456187 0.687356 0.457780 0.712644 0.468933 0.716092 0.488582 0.704598 0.492300 0.689655 0.477430 0.678161 0.472650 0.660920 0.475305 0.552874 0.467870 0.456322 0.462029 0.433333 0.468401 0.390805 0.467870 0.358621 0.453532 0.313793 0.464153 0.293103 0.465215 0.267816 0.459373 0.240230
0 0.487520 0.432184 0.485927 0.437931 0.481678 0.447126 0.477430 0.451724 0.475836 0.451724 0.474243 0.454023 0.469464 0.456322 0.468933 0.458621 0.469464 0.479310 0.469995 0.482759 0.471588 0.486207 0.477430 0.486207 0.479554 0.483908 0.480085 0.477012 0.481678 0.473563 0.484865 0.471264 0.486458 0.467816 0.488582 0.466667 0.491237 0.460920 0.491237 0.450575 0.490175 0.445977 0.489644 0.439080
1 0.416357 0.286207 0.406798 0.273563 0.400425 0.251724 0.396707 0.243678 0.390335 0.237931 0.385555 0.239080 0.380775 0.244828 0.376527 0.256322 0.374403 0.275862 0.377589 0.285057 0.378120 0.291954 0.370154 0.303448 0.370154 0.306897 0.376527 0.310345 0.391397 0.310345 0.415295 0.290805
1 0.549655 0.268966 0.546468 0.275862 0.544344 0.285057 0.543813 0.297701 0.544344 0.298851 0.544875 0.305747 0.546468 0.309195 0.555497 0.309195 0.556028 0.308046 0.558683 0.308046 0.559214 0.306897 0.562400 0.306897 0.563463 0.305747 0.565056 0.301149 0.565587 0.287356 0.563994 0.279310 0.561869 0.273563 0.557090 0.266667 0.552310 0.266667
1 0.255443 0.337931 0.251726 0.337931 0.249602 0.342529 0.249602 0.343678 0.248540 0.345977 0.248540 0.350575 0.249602 0.352874 0.250133 0.352874 0.250664 0.354023 0.252257 0.354023 0.252788 0.352874 0.253319 0.352874 0.253850 0.351724 0.254381 0.351724 0.255443 0.349425 0.255443 0.348276 0.255975 0.347126 0.255975 0.345977 0.256506 0.344828 0.256506 0.341379 0.255975 0.340230 0.255975 0.339080
1 0.228890 0.334483 0.228890 0.339080 0.229421 0.340230 0.229421 0.341379 0.230483 0.343678 0.231014 0.343678 0.231545 0.344828 0.233139 0.344828 0.233670 0.345977 0.234201 0.345977 0.234732 0.344828 0.234732 0.339080 0.234201 0.337931 0.234201 0.334483 0.233670 0.333333 0.233670 0.332184 0.230483 0.332184 0.229421 0.334483
1 0.234201 0.386207 0.232076 0.393103 0.232076 0.396552 0.231545 0.397701 0.231545 0.402299 0.232076 0.403448 0.231545 0.408046 0.232076 0.409195 0.232076 0.411494 0.234201 0.416092 0.235263 0.416092 0.237387 0.418391 0.245884 0.418391 0.246415 0.417241 0.247477 0.417241 0.250664 0.410345 0.250133 0.402299 0.248540 0.395402 0.248540 0.393103 0.245884 0.385057 0.244291 0.382759 0.239511 0.381609 0.238980 0.382759 0.236856 0.382759
1 0.100372 0.411494 0.100372 0.418391 0.101965 0.422989 0.103558 0.424138 0.109400 0.424138 0.109931 0.422989 0.116835 0.422989 0.117366 0.421839 0.120021 0.421839 0.122146 0.419540 0.123739 0.419540 0.126925 0.414943 0.126925 0.412644 0.122677 0.406897 0.116835 0.393103 0.113648 0.391954 0.113117 0.390805 0.108869 0.390805 0.108338 0.391954 0.105151 0.393103 0.102496 0.396552 0.101434 0.401149 0.100903 0.410345
1 0.374403 0.268966 0.374403 0.277011 0.375996 0.280460 0.389272 0.279310 0.397238 0.274713 0.400425 0.274713 0.403611 0.279310 0.405736 0.279310 0.408391 0.275862 0.405204 0.271264 0.401487 0.254023 0.396176 0.242529 0.390866 0.237931 0.387148 0.237931 0.381306 0.243678 0.376527 0.255172
1 0.298460 0.314943 0.300053 0.318391 0.303771 0.319540 0.314923 0.312644 0.321296 0.311494 0.324482 0.306897 0.324482 0.302299 0.322889 0.296552 0.322889 0.291954 0.325013 0.288506 0.318109 0.283908 0.313330 0.283908 0.310674 0.281609 0.303240 0.280460 0.300053 0.287356 0.300053 0.297701 0.299522 0.298851 0.299522 0.305747 0.298460 0.310345
1 0.166755 0.266667 0.164100 0.273563 0.163569 0.278161 0.163038 0.279310 0.163038 0.282759 0.162507 0.283908 0.163038 0.290805 0.165162 0.295402 0.166224 0.296552 0.168348 0.296552 0.168879 0.297701 0.172066 0.297701 0.172597 0.296552 0.176845 0.296552 0.177377 0.295402 0.178970 0.295402 0.180563 0.291954 0.181094 0.289655 0.181094 0.279310 0.178439 0.270115 0.177908 0.270115 0.175783 0.265517 0.174721 0.264368 0.173128 0.264368 0.172597 0.263218 0.169942 0.263218
1 0.261816 0.406897 0.261285 0.408046 0.261285 0.409195 0.260754 0.410345 0.260754 0.416092 0.262347 0.419540 0.265534 0.419540 0.266065 0.418391 0.266065 0.411494 0.265534 0.410345 0.265534 0.408046 0.265003 0.406897
1 0.286776 0.425287 0.285714 0.422989 0.285183 0.424138 0.283059 0.424138 0.282528 0.425287 0.282528 0.428736 0.283059 0.429885 0.284652 0.429885 0.285183 0.431034 0.286245 0.431034 0.286776 0.429885
1 0.292087 0.436782 0.292087 0.439080 0.292618 0.440230 0.296336 0.440230 0.296336 0.436782 0.295805 0.435632 0.292618 0.435632
1 0.299522 0.267816 0.299522 0.272414 0.300584 0.275862 0.305895 0.280460 0.308019 0.280460 0.311206 0.282759 0.314923 0.282759 0.315454 0.283908 0.319703 0.283908 0.322889 0.286207 0.325544 0.286207 0.328200 0.282759 0.328200 0.279310 0.324482 0.264368 0.323951 0.259770 0.320765 0.250575 0.317578 0.247126 0.310143 0.245977 0.305895 0.249425 0.302708 0.256322
1 0.435475 0.254023 0.434944 0.257471 0.435475 0.259770 0.437600 0.258621 0.445035 0.259770 0.455125 0.273563 0.462029 0.280460 0.463091 0.282759 0.463091 0.285057 0.465215 0.280460 0.465215 0.266667 0.465746 0.265517 0.465215 0.264368 0.465215 0.256322 0.460967 0.242529 0.454594 0.233333 0.445566 0.234483 0.441848 0.239080
1 0.167817 0.470115 0.167817 0.477012 0.168348 0.478161 0.168348 0.480460 0.169411 0.483908 0.169411 0.486207 0.169942 0.487356 0.169942 0.489655 0.170473 0.490805 0.170473 0.494253 0.171004 0.495402 0.171004 0.500000 0.171535 0.501149 0.171535 0.502299 0.173659 0.502299 0.174190 0.503448 0.176845 0.502299 0.177908 0.500000 0.177908 0.496552 0.178439 0.495402 0.178439 0.490805 0.176314 0.482759 0.176314 0.480460 0.175783 0.479310 0.175252 0.473563 0.174721 0.473563 0.173128 0.471264 0.172066 0.471264 0.171535 0.470115
2 0.138609 0.526437 0.137546 0.524138 0.134360 0.524138 0.133829 0.525287 0.131705 0.525287 0.131174 0.526437 0.130112 0.526437 0.129580 0.527586 0.126394 0.527586 0.123208 0.532184 0.123208 0.533333 0.122677 0.534483 0.122677 0.536782 0.123739 0.536782 0.124270 0.537931 0.125332 0.537931 0.125863 0.539080 0.130643 0.539080 0.131174 0.537931 0.133829 0.537931 0.134360 0.536782 0.135953 0.536782 0.136484 0.535632 0.138078 0.535632 0.138609 0.534483
2 0.306957 0.535632 0.305895 0.537931 0.305895 0.547126 0.308550 0.563218 0.309081 0.578161 0.306426 0.585057 0.305895 0.591954 0.306957 0.593103 0.316516 0.593103 0.318640 0.590805 0.318640 0.578161 0.318109 0.577011 0.318109 0.559770 0.317047 0.551724 0.317047 0.540230 0.317578 0.539080 0.316516 0.535632 0.312268 0.535632 0.311737 0.536782
2 0.420605 0.652874 0.417950 0.645977 0.414764 0.642529 0.408922 0.640230 0.402549 0.640230 0.397770 0.645977 0.394583 0.645977 0.391397 0.648276 0.390335 0.650575 0.390335 0.655172 0.388210 0.662069 0.387679 0.670115 0.389803 0.678161 0.398832 0.678161 0.402018 0.675862 0.405204 0.675862 0.408391 0.673563 0.411046 0.668966 0.419012 0.664368 0.420605 0.658621
2 0.180563 0.488506 0.179501 0.489655 0.178439 0.493103 0.177377 0.536782 0.182156 0.540230 0.187998 0.540230 0.189591 0.539080 0.190122 0.535632 0.189060 0.532184 0.184811 0.525287 0.184811 0.521839 0.185874 0.518391 0.187467 0.506897 0.187998 0.490805 0.186936 0.488506
2 0.342007 0.524138 0.337759 0.525287 0.334041 0.528736 0.335635 0.542529 0.335635 0.549425 0.337759 0.559770 0.338821 0.570115 0.337759 0.574713 0.332979 0.585057 0.332448 0.589655 0.333510 0.591954 0.345194 0.590805 0.347318 0.588506 0.348911 0.582759 0.347849 0.565517 0.345725 0.550575 0.345194 0.537931 0.343601 0.528736
2 0.357408 0.628736 0.354753 0.633333 0.352629 0.642529 0.352629 0.650575 0.354753 0.657471 0.354753 0.665517 0.355284 0.668966 0.362188 0.678161 0.364843 0.678161 0.365374 0.679310 0.369623 0.678161 0.370154 0.675862 0.369623 0.649425 0.368030 0.642529 0.367499 0.636782 0.366437 0.633333 0.364843 0.631034 0.363250 0.631034 0.360064 0.627586
2 0.492831 0.688506 0.491237 0.683908 0.488582 0.681609 0.480085 0.681609 0.475836 0.675862 0.474243 0.671264 0.470526 0.673563 0.467339 0.680460 0.464153 0.683908 0.458311 0.685057 0.457249 0.687356 0.456718 0.712644 0.459373 0.716092 0.471057 0.716092 0.474243 0.712644 0.483802 0.710345 0.488051 0.706897 0.491768 0.700000 0.492831 0.694253
2 0.529474 0.575862 0.529474 0.580460 0.528943 0.581609 0.528943 0.587356 0.529474 0.588506 0.536909 0.588506 0.537440 0.587356 0.540096 0.587356 0.540627 0.586207 0.541158 0.586207 0.541158 0.585057 0.541689 0.583908 0.541158 0.582759 0.541158 0.578161 0.540627 0.577011 0.540096 0.573563 0.539033 0.571264 0.535847 0.571264 0.535316 0.570115 0.533723 0.570115 0.533192 0.568965 0.532661 0.568965 0.532130 0.570115 0.531599 0.570115 0.530005 0.573563 0.530005 0.574713
2 0.453001 0.668966 0.451938 0.670115 0.449814 0.670115 0.445035 0.677011 0.439724 0.679310 0.439193 0.680460 0.437600 0.680460 0.436537 0.682759 0.434944 0.691954 0.434944 0.700000 0.436537 0.704598 0.437600 0.704598 0.438131 0.705747 0.444503 0.705747 0.448752 0.702299 0.452469 0.695402 0.454594 0.694253 0.455125 0.691954 0.455125 0.681609 0.454594 0.680460 0.454063 0.672414
2 0.555497 0.570115 0.554965 0.571264 0.554965 0.574713 0.555497 0.575862 0.555497 0.578161 0.556028 0.579310 0.556028 0.580460 0.556559 0.581609 0.556559 0.582759 0.557090 0.583908 0.557090 0.585057 0.557621 0.585057 0.558152 0.586207 0.559214 0.586207 0.559745 0.587356 0.560807 0.587356 0.561338 0.586207 0.561869 0.586207 0.563994 0.581609 0.563994 0.580460 0.565056 0.577011 0.565056 0.573563 0.563994 0.570115 0.561869 0.570115 0.561338 0.568965 0.558683 0.568965 0.558152 0.570115
2 0.249071 0.500000 0.248009 0.496552 0.243229 0.496552 0.242698 0.497701 0.236856 0.497701 0.236856 0.503448 0.237387 0.504598 0.237387 0.505747 0.238449 0.508046 0.239511 0.508046 0.240042 0.509195 0.244291 0.509195 0.244822 0.508046 0.246415 0.508046 0.246946 0.506897 0.247477 0.506897 0.248540 0.504598 0.248540 0.503448 0.249071 0.502299
2 0.275624 0.496552 0.274562 0.493103 0.274031 0.493103 0.272438 0.490805 0.270844 0.490805 0.270313 0.491954 0.266065 0.491954 0.265534 0.493103 0.265003 0.493103 0.265003 0.494253 0.264472 0.495402 0.264472 0.496552 0.263941 0.497701 0.263941 0.498851 0.264472 0.500000 0.264472 0.501149 0.266596 0.501149 0.267127 0.502299 0.272969 0.502299 0.273500 0.501149 0.275093 0.501149 0.275093 0.500000 0.275624 0.498851
