0 0.591063 0.259025 0.587678 0.261733 0.587678 0.262635 0.586324 0.264440 0.586324 0.266245 0.584970 0.269856 0.584970 0.281588 0.585647 0.282491 0.585647 0.284296 0.587678 0.287004 0.592417 0.287004 0.593094 0.286101 0.596479 0.286101 0.597156 0.287004 0.599188 0.287004 0.599865 0.286101 0.599188 0.284296 0.599188 0.273466 0.599865 0.272563 0.599188 0.271661 0.599188 0.267148 0.598511 0.266245 0.598511 0.264440 0.595125 0.259025
0 0.431957 0.252708 0.427894 0.296931 0.393365 0.342960 0.389980 0.379964 0.398104 0.404332 0.410968 0.403430 0.436696 0.420578 0.439404 0.445848 0.430603 0.456679 0.448206 0.589350 0.457684 0.592960 0.473257 0.584838 0.455653 0.564982 0.450237 0.527076 0.459039 0.469314 0.467163 0.474729 0.473934 0.467509 0.470548 0.396209 0.463778 0.344765 0.441435 0.317690 0.447529 0.294224 0.446175 0.268953
0 0.941774 0.194946 0.849018 0.220217 0.799594 0.326715 0.828707 0.324007 0.835477 0.392599 0.764387 0.414260 0.744753 0.440433 0.758971 0.462094 0.818551 0.461191 0.751523 0.645307 0.760325 0.667870 0.733243 0.827617 0.691943 0.861011 0.708869 0.883574 0.758294 0.873646 0.788084 0.796029 0.785376 0.999097 0.823290 0.994585 0.819905 0.935921 0.847664 0.842058 0.980366 0.611913 0.999323 0.641697 0.999323 0.418773 0.966825 0.390794 0.968856 0.329422 0.949898 0.313177 0.991875 0.266245
0 0.296547 0.318592 0.293839 0.318592 0.293162 0.317690 0.289777 0.321300 0.289777 0.324007 0.287745 0.328520 0.285714 0.331227 0.285714 0.333032 0.283683 0.337545 0.283006 0.342960 0.283683 0.344765 0.287068 0.348375 0.295193 0.348375 0.295870 0.347473 0.300609 0.346570 0.307380 0.342058 0.306703 0.334838 0.305349 0.333935 0.304672 0.332130 0.299932 0.325812 0.297901 0.320397
0 0.403521 0.222924 0.372376 0.238267 0.363575 0.281588 0.333785 0.313177 0.317536 0.364621 0.321598 0.442238 0.350034 0.497292 0.339878 0.511733 0.355450 0.555957 0.362221 0.754513 0.368314 0.761733 0.400812 0.725632 0.388626 0.702166 0.394042 0.644404 0.415030 0.637184 0.411645 0.625451 0.400135 0.631769 0.414353 0.529783 0.406229 0.449458 0.414353 0.439531 0.429926 0.450361 0.437373 0.443141 0.432634 0.416065 0.398104 0.406137 0.387949 0.378159 0.392688 0.333032 0.427894 0.293321 0.431280 0.272563 0.425863 0.240975
0 0.552471 0.466606 0.559242 0.563177 0.554502 0.573105 0.536222 0.587545 0.534868 0.594765 0.549763 0.601986 0.574137 0.591155 0.580907 0.525271 0.587678 0.592058 0.573460 0.643502 0.578876 0.650722 0.589032 0.651625 0.597833 0.640794 0.606635 0.609206 0.604604 0.484657
1 0.991875 0.265343 0.974272 0.224729 0.953961 0.200361 0.926202 0.190433 0.889641 0.195848 0.847664 0.221119 0.819905 0.277978 0.814489 0.309567 0.796209 0.327617 0.814489 0.326715 0.842925 0.309567 0.897766 0.298736 0.918077 0.289711 0.938389 0.288809 0.942451 0.301444 0.943805 0.288809 0.983074 0.276173
1 0.431957 0.251805 0.430603 0.254513 0.430603 0.258123 0.431280 0.259025 0.431280 0.277978 0.429926 0.283394 0.429926 0.288809 0.427894 0.293321 0.427217 0.299639 0.427894 0.300542 0.429926 0.299639 0.439404 0.299639 0.440081 0.300542 0.445498 0.299639 0.446852 0.297834 0.448206 0.292419 0.448206 0.279783 0.446175 0.268051 0.444144 0.262635 0.439404 0.256318
1 0.372376 0.237365 0.372376 0.259025 0.375762 0.265343 0.385917 0.269856 0.389980 0.274368 0.398781 0.270758 0.404875 0.271661 0.413676 0.279783 0.414353 0.286101 0.411645 0.289711 0.421801 0.299639 0.426540 0.299639 0.431280 0.272563 0.429926 0.250903 0.426540 0.240975 0.419770 0.231949 0.412322 0.225632 0.405552 0.222924 0.390657 0.222924 0.379147 0.230144
1 0.289777 0.320397 0.289777 0.324007 0.290454 0.324007 0.291131 0.324910 0.297901 0.324910 0.298578 0.324007 0.298578 0.321300 0.296547 0.318592 0.294516 0.318592 0.293839 0.317690 0.292485 0.317690 0.291808 0.318592 0.291131 0.318592
1 0.463101 0.475632 0.459716 0.474729 0.458362 0.477437 0.457684 0.485560 0.456330 0.489170 0.455653 0.496390 0.454976 0.497292 0.454976 0.500903 0.452945 0.505415 0.452945 0.508123 0.450914 0.511733 0.449560 0.518953 0.454299 0.518953 0.455653 0.517148 0.459716 0.515343 0.463778 0.510830 0.467163 0.505415 0.469194 0.487365 0.467840 0.481949
1 0.554502 0.246390 0.549763 0.243682 0.539607 0.245487 0.530806 0.251805 0.525389 0.259928 0.523358 0.266245 0.523358 0.280686 0.526066 0.297834 0.526066 0.314079 0.530129 0.314079 0.533514 0.311372 0.540961 0.299639 0.550440 0.291516 0.559242 0.277978 0.568043 0.274368 0.568720 0.269856 0.567366 0.259928
1 0.763710 0.864621 0.759648 0.861011 0.742722 0.855596 0.740014 0.851986 0.738659 0.843863 0.734597 0.833935 0.731889 0.831227 0.699391 0.842960 0.693974 0.848375 0.691266 0.854693 0.691266 0.860108 0.696005 0.874549 0.700745 0.880866 0.706838 0.884477 0.716994 0.884477 0.733243 0.877256 0.741368 0.878159 0.746784 0.881769 0.752200 0.880866 0.761679 0.876354
1 0.446852 0.573105 0.446852 0.574910 0.446175 0.575812 0.446852 0.583935 0.447529 0.584838 0.448206 0.591155 0.449560 0.593863 0.459039 0.593863 0.459716 0.592960 0.466486 0.592058 0.472580 0.588448 0.474611 0.584838 0.473934 0.581227 0.469871 0.576715 0.459039 0.569495 0.457007 0.569495 0.456330 0.568592 0.455653 0.569495 0.452945 0.569495 0.450914 0.571300 0.448883 0.571300
3 0.786053 0.918773 0.781991 0.934116 0.779959 0.972924 0.781313 0.990975 0.784022 0.999097 0.822613 0.999097 0.823968 0.992780 0.823968 0.964801 0.819228 0.937726 0.806364 0.935018 0.794854 0.927798
3 0.574814 0.583935 0.574137 0.581227 0.572783 0.583032 0.566689 0.583935 0.561950 0.578520 0.559242 0.573105 0.555856 0.572202 0.550440 0.576715 0.542315 0.580325 0.538253 0.583935 0.534868 0.589350 0.533514 0.594765 0.536899 0.598375 0.542993 0.601986 0.546378 0.602888 0.547055 0.601986 0.550440 0.601986 0.553148 0.600181 0.566689 0.596570 0.574137 0.592058
3 0.421124 0.572202 0.415030 0.575812 0.413676 0.575812 0.412999 0.574910 0.409614 0.574910 0.407583 0.578520 0.407583 0.586643 0.408937 0.589350 0.408937 0.591155 0.410291 0.594765 0.413676 0.599278 0.413676 0.600181 0.417062 0.604693 0.417739 0.606498 0.419093 0.606498 0.421124 0.603791 0.421124 0.601986 0.421801 0.601083 0.421801 0.592960 0.422478 0.592058 0.422478 0.575812
3 0.421801 0.573105 0.416385 0.576715 0.413676 0.576715 0.410968 0.574910 0.408260 0.577617 0.407583 0.580325 0.407583 0.584838 0.409614 0.590253 0.409614 0.592058 0.417739 0.607401 0.422478 0.607401 0.424509 0.605596 0.425863 0.605596 0.430603 0.601986 0.431957 0.601986 0.433311 0.598375 0.433311 0.592960 0.431957 0.590253 0.429926 0.590253 0.429248 0.589350 0.425186 0.590253 0.423832 0.588448 0.423155 0.575812
3 0.416385 0.629061 0.413676 0.625451 0.412322 0.624549 0.409614 0.624549 0.408937 0.623646 0.404198 0.623646 0.401489 0.625451 0.397427 0.633574 0.395396 0.639892 0.394042 0.641697 0.392011 0.647112 0.392011 0.652527 0.394042 0.654332 0.394719 0.653430 0.400135 0.651625 0.415708 0.641697 0.417062 0.639892 0.417062 0.631769 0.416385 0.630866
3 0.601896 0.615523 0.597156 0.611913 0.591063 0.609206 0.585647 0.610108 0.582938 0.615523 0.580907 0.623646 0.574814 0.634477 0.573460 0.641697 0.574814 0.648014 0.578199 0.650722 0.584292 0.651625 0.584970 0.652527 0.590386 0.651625 0.595802 0.646209 0.603250 0.625451 0.603250 0.618231
3 0.410968 0.725632 0.401489 0.720217 0.397427 0.720217 0.393365 0.712094 0.390657 0.711191 0.389303 0.720217 0.385240 0.731047 0.380501 0.737365 0.373731 0.737365 0.365606 0.731949 0.361544 0.751805 0.362898 0.759025 0.367637 0.762635 0.379147 0.761733 0.380501 0.745487 0.385917 0.737365 0.406229 0.731047 0.410968 0.727437
