0 0.811104 0.327617 0.778605 0.342058 0.754909 0.379964 0.768450 0.410650 0.733243 0.430505 0.687204 0.568592 0.688558 0.591155 0.699391 0.591155 0.727150 0.508123 0.706161 0.731047 0.720379 0.768051 0.729858 0.762635 0.733243 0.692238 0.754909 0.617329 0.756263 0.720217 0.781313 0.762635 0.798917 0.765343 0.780636 0.711191 0.817197 0.507220 0.839540 0.565884 0.834800 0.610108 0.857143 0.597473 0.846987 0.446751 0.813135 0.415162 0.828030 0.407942 0.838863 0.366426 0.830061 0.339350
0 0.333108 0.379061 0.326337 0.378159 0.320921 0.383574 0.314827 0.385379 0.307380 0.394404 0.303318 0.401625 0.300609 0.408845 0.300609 0.419675 0.302640 0.430505 0.307380 0.444043 0.317536 0.444946 0.323629 0.442238 0.324983 0.434116 0.322275 0.422383 0.322275 0.403430 0.323629 0.400722 0.331754 0.398014 0.335139 0.394404 0.335816 0.383574
0 0.207177 0.259928 0.176710 0.287906 0.189573 0.340253 0.144211 0.376354 0.117129 0.550542 0.136764 0.567690 0.161137 0.486462 0.176710 0.638989 0.174678 0.769856 0.155721 0.812274 0.161137 0.829422 0.182126 0.818592 0.199052 0.784296 0.230873 0.576715 0.246445 0.605596 0.246445 0.699458 0.292485 0.696751 0.270142 0.677798 0.273527 0.506318 0.281652 0.550542 0.294516 0.543321 0.282329 0.448556 0.263372 0.378159 0.230873 0.351083 0.234936 0.284296
0 0.345295 0.341155 0.339878 0.349278 0.341909 0.366426 0.335816 0.379061 0.336493 0.416968 0.340555 0.433213 0.345972 0.435018 0.346649 0.444946 0.352742 0.457581 0.360190 0.453069 0.363575 0.425993 0.366283 0.418773 0.366960 0.409747 0.369668 0.405235 0.371022 0.393502 0.366283 0.376354 0.354096 0.363718 0.354773 0.351986 0.352742 0.344765 0.348680 0.341155
0 0.599188 0.463899 0.572783 0.464801 0.530129 0.483755 0.516588 0.498195 0.510494 0.516245 0.512525 0.538809 0.524035 0.564079 0.539607 0.574007 0.543670 0.647112 0.553148 0.647112 0.557888 0.629964 0.554502 0.643502 0.560596 0.646209 0.568043 0.678700 0.559919 0.708484 0.570752 0.724729 0.580907 0.717509 0.587001 0.695848 0.579553 0.682310 0.580907 0.638087 0.570074 0.593863 0.601896 0.583935 0.611374 0.629964 0.616791 0.618231 0.641165 0.606498 0.640487 0.533394 0.631009 0.498195 0.622884 0.482852
0 0.442112 0.300542 0.425186 0.304152 0.415030 0.324007 0.415708 0.343863 0.379824 0.371841 0.366960 0.422383 0.373053 0.451264 0.392688 0.442238 0.402167 0.483755 0.407583 0.578520 0.389980 0.590253 0.388626 0.667870 0.400135 0.690433 0.412999 0.682310 0.405552 0.626354 0.421801 0.546029 0.423832 0.647112 0.445498 0.666968 0.457684 0.660650 0.441435 0.617329 0.452268 0.500903 0.465132 0.476534 0.459039 0.388087 0.448883 0.368231 0.460393 0.348375 0.454299 0.314079
0 0.482735 0.337545 0.480704 0.339350 0.479350 0.345668 0.477319 0.348375 0.471225 0.351083 0.466486 0.355596 0.473934 0.360108 0.477319 0.365523 0.473934 0.382671 0.473257 0.401625 0.477319 0.402527 0.479350 0.399819 0.479350 0.382671 0.481381 0.379964 0.483412 0.385379 0.482735 0.407942 0.485443 0.407942 0.487475 0.406137 0.488152 0.393502 0.487475 0.383574 0.484766 0.379061 0.486121 0.371841 0.491537 0.361011 0.491537 0.355596 0.487475 0.348375 0.486121 0.339350
1 0.839540 0.369134 0.834800 0.351083 0.827353 0.334838 0.810427 0.326715 0.800948 0.326715 0.778605 0.342058 0.771835 0.351986 0.767095 0.365523 0.754909 0.379061 0.753555 0.385379 0.756263 0.390794 0.767095 0.398917 0.786730 0.401625 0.829384 0.383574 0.838185 0.375451
1 0.482735 0.337545 0.482058 0.338448 0.481381 0.338448 0.481381 0.340253 0.480704 0.341155 0.480704 0.346570 0.482058 0.348375 0.485443 0.348375 0.486798 0.346570 0.486798 0.341155 0.486121 0.340253 0.486121 0.339350 0.484766 0.337545
1 0.339878 0.348375 0.339878 0.353791 0.341232 0.355596 0.350034 0.355596 0.350711 0.356498 0.352742 0.356498 0.354773 0.354693 0.354773 0.350181 0.354096 0.349278 0.354096 0.347473 0.353419 0.346570 0.353419 0.345668 0.350711 0.342058 0.349357 0.342058 0.348680 0.341155 0.345295 0.341155 0.344617 0.342058 0.343940 0.342058 0.340555 0.346570 0.340555 0.347473
1 0.188896 0.264440 0.184157 0.270758 0.176032 0.289711 0.176710 0.297834 0.182126 0.311372 0.188219 0.316787 0.198375 0.331227 0.224103 0.338448 0.236290 0.337545 0.239675 0.327617 0.239675 0.305957 0.237644 0.291516 0.232905 0.279783 0.223426 0.268051 0.213270 0.260830 0.199052 0.259928
1 0.324306 0.379061 0.322952 0.380866 0.322952 0.381769 0.322275 0.382671 0.322275 0.386282 0.322952 0.387184 0.322952 0.388087 0.327014 0.393502 0.327014 0.394404 0.327691 0.395307 0.333108 0.395307 0.333785 0.394404 0.334462 0.394404 0.335816 0.391697 0.335816 0.385379 0.335139 0.384477 0.335139 0.382671 0.334462 0.381769 0.334462 0.380866 0.333785 0.379964 0.333108 0.379964 0.332431 0.379061 0.331077 0.379061 0.330399 0.378159 0.326337 0.378159 0.325660 0.379061
1 0.545024 0.481949 0.533514 0.482852 0.527420 0.485560 0.514557 0.501805 0.510494 0.515343 0.511848 0.537004 0.522004 0.560469 0.528775 0.568592 0.538253 0.572202 0.545024 0.571300 0.549086 0.568592 0.553148 0.562274 0.557888 0.546029 0.557888 0.529783 0.561273 0.511733 0.561273 0.503610 0.557211 0.492780 0.553148 0.487365
1 0.425863 0.303249 0.421124 0.310469 0.415030 0.324007 0.416385 0.331227 0.425863 0.342058 0.442789 0.353791 0.450914 0.356498 0.460393 0.355596 0.461070 0.349278 0.457684 0.324007 0.455653 0.316787 0.450914 0.307762 0.446175 0.302347 0.438050 0.299639 0.430603 0.300542
3 0.389980 0.649819 0.388626 0.653430 0.387949 0.665162 0.393365 0.682310 0.397427 0.688628 0.400812 0.691336 0.404198 0.691336 0.409614 0.688628 0.412322 0.685018 0.413676 0.678700 0.411645 0.669675 0.406229 0.658845 0.404875 0.650722 0.402844 0.648917
3 0.243737 0.686823 0.244414 0.695848 0.251185 0.705776 0.266757 0.705776 0.272173 0.707581 0.281652 0.707581 0.289777 0.703069 0.293162 0.698556 0.293162 0.690433 0.290454 0.685921 0.272850 0.680505 0.268788 0.680505 0.265403 0.685018 0.257955 0.688628 0.253216 0.688628 0.247800 0.682310 0.245091 0.682310
3 0.340555 0.515343 0.340555 0.517148 0.341232 0.518051 0.341232 0.518953 0.342586 0.518953 0.343263 0.519856 0.345972 0.519856 0.346649 0.520758 0.354773 0.520758 0.355450 0.521661 0.356804 0.518953 0.353419 0.514440 0.353419 0.513538 0.352065 0.511733 0.351388 0.511733 0.350711 0.510830 0.350034 0.510830 0.348680 0.509025 0.348003 0.509928 0.347326 0.509928 0.345972 0.511733 0.345295 0.511733 0.344617 0.512635 0.343940 0.512635 0.343263 0.513538 0.342586 0.513538 0.341232 0.515343
3 0.754909 0.714801 0.754909 0.719314 0.757617 0.725632 0.767095 0.737365 0.781313 0.762635 0.792146 0.769856 0.796209 0.769856 0.799594 0.765343 0.799594 0.758123 0.798240 0.754513 0.794177 0.749097 0.792823 0.744585 0.781991 0.724729 0.764387 0.723827 0.758971 0.717509 0.758294 0.714801
3 0.568720 0.680505 0.566689 0.682310 0.563304 0.688628 0.563304 0.691336 0.559242 0.706679 0.563304 0.721119 0.568043 0.724729 0.572783 0.724729 0.578199 0.722022 0.580907 0.718412 0.582938 0.707581 0.585647 0.703069 0.587001 0.698556 0.587001 0.694946 0.585647 0.691336 0.578876 0.683213 0.574814 0.681408
3 0.199052 0.761733 0.184157 0.761733 0.177387 0.765343 0.175355 0.768051 0.170616 0.782491 0.163846 0.792419 0.156398 0.809567 0.154367 0.819495 0.154367 0.825812 0.156398 0.829422 0.165877 0.830325 0.172647 0.828520 0.178064 0.824007 0.184157 0.815884 0.188219 0.800542 0.199729 0.783394 0.201083 0.769856
3 0.709546 0.721119 0.707515 0.723827 0.706161 0.729242 0.706161 0.735560 0.705484 0.736462 0.706161 0.751805 0.708192 0.757220 0.712255 0.762635 0.719702 0.768953 0.724441 0.769856 0.727150 0.768051 0.730535 0.762635 0.730535 0.757220 0.729181 0.752708 0.729858 0.743682 0.729181 0.742780 0.728504 0.726534 0.725796 0.722022 0.721733 0.720217
3 0.616114 0.692238 0.610020 0.694946 0.605958 0.698556 0.601219 0.717509 0.598511 0.722022 0.598511 0.725632 0.603250 0.725632 0.606635 0.727437 0.614083 0.742780 0.619499 0.745487 0.624238 0.745487 0.629655 0.741877 0.631009 0.735560 0.631009 0.723827 0.627624 0.706679 0.630332 0.695848 0.628301 0.692238
3 0.423155 0.641697 0.423155 0.646209 0.425863 0.650722 0.436019 0.655235 0.444821 0.666968 0.450914 0.667870 0.455653 0.665162 0.457684 0.662455 0.458362 0.656137 0.457007 0.652527 0.452268 0.648014 0.443466 0.636282 0.442112 0.632671 0.438727 0.632671 0.437373 0.634477 0.433988 0.636282 0.431957 0.638989 0.424509 0.639892
