0 0.893026 0.470217 0.888287 0.481949 0.881517 0.484657 0.880840 0.487365 0.882871 0.490975 0.870684 0.501805 0.871361 0.508123 0.876777 0.511733 0.874746 0.523466 0.876100 0.530686 0.879485 0.525271 0.890995 0.525271 0.896412 0.528881 0.897766 0.537004 0.904536 0.537906 0.911984 0.536101 0.918077 0.537906 0.918077 0.531588 0.915369 0.526173 0.914692 0.518051 0.908598 0.499097 0.909276 0.487365 0.904536 0.482852 0.900474 0.470217
0 0.965471 0.467509 0.962762 0.469314 0.958700 0.476534 0.954638 0.491877 0.953284 0.493682 0.952607 0.500903 0.955315 0.505415 0.955992 0.509928 0.958023 0.513538 0.962085 0.515343 0.974272 0.515343 0.979689 0.509928 0.981043 0.509928 0.983751 0.506318 0.984428 0.501805 0.983751 0.500000 0.983751 0.490072 0.979012 0.480144 0.978334 0.476534 0.972918 0.468412
0 0.409614 0.350181 0.407583 0.352888 0.405552 0.360108 0.401489 0.365523 0.400812 0.370036 0.400812 0.380866 0.403521 0.390794 0.404198 0.397112 0.403521 0.407040 0.406229 0.408845 0.410968 0.408845 0.414353 0.414260 0.417739 0.414260 0.417739 0.398917 0.419770 0.389892 0.419770 0.372744 0.415030 0.359206 0.414353 0.351083
0 0.259309 0.259928 0.236967 0.277076 0.244414 0.351083 0.211916 0.407040 0.226811 0.549639 0.216655 0.595668 0.246445 0.642599 0.264726 0.834838 0.287068 0.861913 0.303318 0.853791 0.283683 0.764440 0.293162 0.670578 0.332431 0.781588 0.335139 0.820397 0.383209 0.804152 0.394719 0.785199 0.359513 0.769856 0.337847 0.723827 0.295193 0.443141 0.305349 0.395307 0.297224 0.310469 0.308057 0.305957 0.278944 0.264440
0 0.672309 0.229242 0.636425 0.254513 0.635748 0.344765 0.580907 0.405235 0.553825 0.496390 0.557211 0.554152 0.589709 0.619134 0.590386 0.894404 0.572106 0.902527 0.570074 0.935018 0.609343 0.980144 0.629655 0.967509 0.620853 0.928700 0.649966 0.748195 0.662830 0.956679 0.696005 0.962996 0.700745 0.714801 0.719702 0.587545 0.755586 0.552347 0.778605 0.498195 0.756940 0.395307 0.689235 0.338448 0.696682 0.262635
0 0.536899 0.305054 0.513202 0.320397 0.504401 0.348375 0.506432 0.366426 0.482058 0.412455 0.474611 0.464801 0.498307 0.591155 0.488152 0.753610 0.504401 0.776173 0.517942 0.779783 0.528775 0.772563 0.521327 0.745487 0.541638 0.752708 0.557888 0.747292 0.531483 0.699458 0.557888 0.576715 0.551794 0.490975 0.561273 0.435018 0.561273 0.400722 0.551117 0.382671 0.552471 0.334838 0.561950 0.327617
0 0.852404 0.472022 0.850372 0.474729 0.848341 0.481949 0.844279 0.487365 0.842925 0.493682 0.835477 0.508123 0.834800 0.514440 0.836831 0.516245 0.847664 0.518953 0.863236 0.519856 0.867299 0.516245 0.870007 0.509025 0.870007 0.504513 0.866622 0.499097 0.863913 0.491877 0.863913 0.490072 0.867976 0.484657 0.867976 0.482852 0.865267 0.480144 0.861882 0.479242 0.857143 0.472924
0 0.914015 0.453069 0.907244 0.457581 0.903859 0.462996 0.903859 0.467509 0.905213 0.470217 0.903859 0.472924 0.903859 0.481047 0.909953 0.488267 0.910630 0.490072 0.909953 0.497292 0.911984 0.501805 0.924171 0.502708 0.928910 0.499097 0.932295 0.491877 0.932972 0.488267 0.932295 0.480144 0.927556 0.466606 0.928233 0.464801 0.927556 0.459386 0.919431 0.453069
1 0.565335 0.327617 0.553825 0.323105 0.547732 0.311372 0.542315 0.305957 0.530806 0.305054 0.524712 0.306859 0.519296 0.310469 0.514557 0.316787 0.511848 0.324007 0.511848 0.335740 0.503724 0.348375 0.504401 0.360108 0.506432 0.362816 0.509140 0.362816 0.513879 0.346570 0.517942 0.342960 0.522681 0.346570 0.530129 0.338448 0.538930 0.336643 0.545701 0.333032 0.553148 0.333032
1 0.407583 0.350181 0.407583 0.351083 0.406906 0.351986 0.406906 0.352888 0.407583 0.353791 0.407583 0.356498 0.413676 0.356498 0.414353 0.357401 0.414353 0.356498 0.415030 0.355596 0.415030 0.351083 0.413676 0.349278 0.408937 0.349278 0.408260 0.350181
1 0.880840 0.486462 0.880840 0.487365 0.883548 0.489170 0.892349 0.488267 0.895058 0.486462 0.901151 0.486462 0.907244 0.491877 0.911307 0.490975 0.910630 0.488267 0.906567 0.484657 0.903859 0.481047 0.902505 0.472924 0.900474 0.470217 0.899120 0.470217 0.898443 0.469314 0.893026 0.470217 0.890995 0.472924 0.889641 0.479242 0.886256 0.482852 0.882194 0.483755
1 0.958700 0.476534 0.958700 0.479242 0.960054 0.481047 0.960731 0.481047 0.962762 0.482852 0.970887 0.482852 0.971564 0.483755 0.973595 0.483755 0.974272 0.484657 0.975626 0.484657 0.976303 0.485560 0.976980 0.485560 0.978334 0.482852 0.978334 0.477437 0.977657 0.476534 0.976980 0.473827 0.976303 0.473827 0.974949 0.472022 0.974949 0.471119 0.972918 0.468412 0.972241 0.468412 0.971564 0.467509 0.968179 0.467509 0.967502 0.466606 0.966825 0.466606 0.966148 0.467509 0.964794 0.467509 0.964116 0.468412 0.963439 0.468412 0.962085 0.470217 0.962085 0.471119 0.959377 0.474729 0.959377 0.475632
1 0.928233 0.460289 0.924848 0.456679 0.923494 0.456679 0.920785 0.453971 0.918077 0.452166 0.916723 0.452166 0.916046 0.453069 0.913338 0.453069 0.912661 0.453971 0.911307 0.453971 0.909953 0.455776 0.907244 0.457581 0.904536 0.461191 0.903859 0.462996 0.903859 0.466606 0.907244 0.470217 0.914692 0.470217 0.916723 0.468412 0.918077 0.468412 0.918754 0.467509 0.920108 0.467509 0.922817 0.465704 0.924848 0.465704 0.925525 0.464801 0.926879 0.464801 0.928233 0.462996
1 0.234936 0.283394 0.232905 0.306859 0.234259 0.314079 0.245091 0.307762 0.262018 0.305054 0.269465 0.300542 0.286391 0.301444 0.295870 0.308664 0.309411 0.307762 0.307380 0.303249 0.300609 0.299639 0.300609 0.296029 0.282329 0.267148 0.272173 0.259928 0.261341 0.259025 0.248477 0.263538 0.239675 0.271661
1 0.693974 0.248195 0.682464 0.232852 0.671632 0.228339 0.656737 0.230144 0.647258 0.237365 0.638456 0.249097 0.628301 0.282491 0.637102 0.293321 0.651320 0.297834 0.693297 0.297834 0.697360 0.293321 0.697360 0.264440
1 0.515234 0.728339 0.514557 0.737365 0.519973 0.744585 0.527420 0.745487 0.540961 0.752708 0.551117 0.752708 0.555856 0.750903 0.558565 0.748195 0.558565 0.742780 0.556534 0.737365 0.553148 0.733755 0.547732 0.731047 0.540284 0.721119 0.538930 0.716606 0.536222 0.712996 0.532837 0.717509 0.527420 0.722022
3 0.396073 0.786101 0.392688 0.780686 0.377116 0.779783 0.371022 0.777076 0.365606 0.770758 0.362221 0.770758 0.356804 0.783394 0.350711 0.790614 0.335139 0.791516 0.332431 0.817690 0.336493 0.822202 0.345972 0.822202 0.362221 0.811372 0.379824 0.806859 0.389980 0.799639 0.394042 0.794224
3 0.702776 0.917870 0.699391 0.922383 0.696005 0.930505 0.688558 0.938628 0.679079 0.939531 0.671632 0.936823 0.668246 0.933213 0.662830 0.953069 0.662830 0.960289 0.668923 0.965704 0.687881 0.972022 0.692620 0.970217 0.696005 0.964801 0.697360 0.947653 0.702776 0.935921
3 0.289777 0.808664 0.265403 0.814079 0.264049 0.827617 0.264726 0.836643 0.268788 0.844765 0.270819 0.855596 0.275559 0.860108 0.283683 0.862816 0.289100 0.862816 0.299255 0.860108 0.303318 0.855596 0.303318 0.846570 0.299932 0.835740 0.296547 0.829422 0.293839 0.820397 0.293162 0.813177
3 0.488829 0.741877 0.487475 0.749097 0.489506 0.758123 0.503047 0.775271 0.513879 0.779783 0.522004 0.779783 0.528775 0.775271 0.528775 0.769856 0.527420 0.765343 0.519973 0.753610 0.519296 0.747292 0.513879 0.736462 0.511848 0.735560 0.508463 0.736462 0.498984 0.741877 0.494245 0.741877 0.490860 0.739170
3 0.572783 0.900722 0.570074 0.907942 0.569397 0.930505 0.570752 0.939531 0.574137 0.946751 0.593094 0.966606 0.599188 0.975632 0.606635 0.981047 0.614083 0.980144 0.629655 0.971119 0.629655 0.962094 0.619499 0.931408 0.610020 0.931408 0.598511 0.935018 0.591063 0.934116 0.585647 0.927798 0.586324 0.901625 0.580907 0.898014
