0 0.977657 0.461191 0.958023 0.452166 0.934326 0.460289 0.917400 0.480144 0.905213 0.512635 0.858497 0.537906 0.813812 0.589350 0.811781 0.602888 0.828707 0.656137 0.824645 0.684116 0.836154 0.706679 0.846987 0.707581 0.856466 0.689531 0.877454 0.693141 0.911307 0.676895 0.938389 0.644404 0.945159 0.670578 0.976980 0.666968 0.999323 0.681408 0.999323 0.654332 0.965471 0.609206 0.955992 0.546931 0.989167 0.530686 0.986459 0.477437
0 0.155044 0.209386 0.127285 0.254513 0.161137 0.299639 0.149628 0.351083 0.143534 0.478339 0.173324 0.490072 0.196344 0.602888 0.216655 0.606498 0.220041 0.541516 0.245768 0.610108 0.266080 0.616426 0.245768 0.513538 0.236290 0.314982 0.204469 0.275271 0.208531 0.265343 0.185511 0.216606
0 0.694651 0.205776 0.685850 0.213899 0.683819 0.221119 0.685173 0.232852 0.696682 0.250903 0.685850 0.319495 0.696682 0.323105 0.697360 0.367329 0.704130 0.401625 0.702776 0.410650 0.691943 0.427798 0.718348 0.428700 0.721056 0.425993 0.721056 0.406137 0.715640 0.358303 0.725796 0.322202 0.725796 0.259025 0.721733 0.247292 0.710223 0.237365 0.704130 0.209386
0 0.583615 0.177798 0.571429 0.189531 0.563981 0.215704 0.582261 0.240975 0.585647 0.254513 0.573460 0.323105 0.574814 0.362816 0.569397 0.388989 0.578876 0.397112 0.578876 0.443141 0.595125 0.492780 0.613406 0.484657 0.607989 0.416065 0.614083 0.369134 0.620176 0.354693 0.614760 0.329422 0.618822 0.278881 0.616114 0.251805 0.604604 0.222924 0.603250 0.194946 0.593094 0.179603
0 0.739336 0.227437 0.729858 0.230144 0.727150 0.238267 0.728504 0.302347 0.726473 0.327617 0.723087 0.338448 0.723087 0.369134 0.727150 0.379061 0.734597 0.374549 0.737305 0.362816 0.739336 0.296029 0.742045 0.294224 0.753555 0.301444 0.760325 0.299639 0.749492 0.285199 0.742722 0.266245 0.741368 0.256318 0.744753 0.235560
1 0.758971 0.231047 0.758971 0.232852 0.761002 0.235560 0.761679 0.235560 0.762356 0.236462 0.766418 0.236462 0.767095 0.235560 0.770481 0.235560 0.771158 0.234657 0.772512 0.234657 0.773866 0.231949 0.773866 0.229242 0.773189 0.228339 0.773189 0.226534 0.772512 0.225632 0.772512 0.224729 0.770481 0.222022 0.769804 0.222022 0.768450 0.220217 0.765064 0.220217 0.763710 0.222022 0.763033 0.222022 0.763033 0.222924 0.760325 0.226534 0.760325 0.227437 0.759648 0.228339 0.759648 0.230144
1 0.935003 0.459386 0.916723 0.481047 0.915369 0.488267 0.909276 0.499097 0.907921 0.510830 0.914015 0.524368 0.930941 0.536101 0.954638 0.544224 0.970887 0.543321 0.988490 0.533394 0.989844 0.518051 0.986459 0.508123 0.987813 0.483755 0.981720 0.466606 0.974949 0.458484 0.960731 0.452166 0.945836 0.453971
1 0.758294 0.232852 0.757617 0.233755 0.754909 0.233755 0.752200 0.237365 0.752200 0.245487 0.752877 0.246390 0.754232 0.246390 0.754909 0.247292 0.755586 0.246390 0.756263 0.246390 0.756940 0.245487 0.757617 0.245487 0.760325 0.241877 0.760325 0.240975 0.761002 0.240072 0.761002 0.237365 0.760325 0.236462 0.760325 0.235560
1 0.126608 0.254513 0.126608 0.258123 0.134056 0.266245 0.165200 0.264440 0.174001 0.268953 0.197698 0.271661 0.205823 0.269856 0.208531 0.265343 0.199729 0.258123 0.200406 0.254513 0.196344 0.237365 0.188219 0.219314 0.180772 0.212094 0.166554 0.206679 0.158429 0.207581 0.148274 0.214801 0.141503 0.226534 0.137441 0.247292
1 0.563304 0.215704 0.563981 0.218412 0.569397 0.218412 0.576168 0.211191 0.582938 0.211191 0.589709 0.213899 0.597833 0.219314 0.602573 0.218412 0.604604 0.216606 0.605281 0.213899 0.604604 0.198556 0.603250 0.193141 0.595125 0.180505 0.590386 0.177798 0.581584 0.177798 0.574814 0.183213 0.570752 0.190433 0.567366 0.200361 0.566689 0.210289
1 0.707515 0.216606 0.705484 0.211191 0.702099 0.206679 0.698714 0.204874 0.695328 0.204874 0.693297 0.206679 0.691943 0.206679 0.689235 0.208484 0.685850 0.212996 0.683819 0.219314 0.683142 0.227437 0.685850 0.228339 0.687204 0.226534 0.691943 0.223827 0.694651 0.223827 0.698037 0.222022 0.703453 0.222022 0.704807 0.223827 0.704807 0.225632 0.706161 0.228339 0.706838 0.222924 0.707515 0.222022
1 0.743399 0.231047 0.741368 0.228339 0.740691 0.228339 0.740014 0.227437 0.737982 0.227437 0.737305 0.226534 0.736628 0.227437 0.733920 0.227437 0.733243 0.228339 0.729858 0.230144 0.727827 0.233755 0.727827 0.235560 0.727150 0.236462 0.727150 0.242780 0.729181 0.245487 0.731889 0.245487 0.732566 0.244585 0.734597 0.244585 0.735274 0.243682 0.738659 0.243682 0.739336 0.244585 0.741368 0.244585 0.742045 0.243682 0.744076 0.242780 0.744076 0.241877 0.744753 0.240975 0.744753 0.235560 0.744076 0.234657 0.744076 0.232852 0.743399 0.231949
1 0.999323 0.459386 0.990521 0.459386 0.987813 0.462094 0.986459 0.465704 0.985782 0.471119 0.986459 0.472022 0.987813 0.481047 0.989167 0.483755 0.989167 0.489170 0.989844 0.490072 0.989844 0.494585 0.990521 0.495487 0.990521 0.499097 0.991198 0.500903 0.994584 0.500903 0.997969 0.497292 0.999323 0.497292
1 0.728504 0.376354 0.725118 0.376354 0.724441 0.375451 0.723764 0.375451 0.723087 0.376354 0.722410 0.376354 0.721056 0.378159 0.720379 0.378159 0.719702 0.379061 0.719025 0.379061 0.719025 0.385379 0.720379 0.387184 0.721056 0.386282 0.722410 0.386282 0.723087 0.385379 0.724441 0.385379 0.725118 0.384477 0.726473 0.384477 0.729181 0.380866 0.729181 0.378159 0.728504 0.377256
3 0.708869 0.416065 0.708192 0.415162 0.708192 0.414260 0.707515 0.414260 0.706838 0.413357 0.705484 0.413357 0.704807 0.412455 0.703453 0.412455 0.702776 0.411552 0.700745 0.413357 0.699391 0.413357 0.698714 0.414260 0.698714 0.415162 0.696682 0.417870 0.696005 0.417870 0.693974 0.420578 0.691943 0.421480 0.689235 0.425090 0.688558 0.427798 0.689235 0.428700 0.691266 0.428700 0.691943 0.429603 0.702776 0.429603 0.703453 0.428700 0.705484 0.428700 0.706161 0.427798 0.706838 0.427798 0.708192 0.425090 0.708192 0.421480 0.708869 0.420578
3 0.821259 0.578520 0.820582 0.578520 0.819228 0.580325 0.817874 0.580325 0.811781 0.587545 0.811781 0.588448 0.810427 0.590253 0.810427 0.592058 0.808395 0.598375 0.808395 0.601986 0.811781 0.611913 0.814489 0.616426 0.817874 0.618231 0.818551 0.616426 0.818551 0.598375 0.819228 0.597473 0.819228 0.589350 0.819905 0.588448 0.819905 0.585740 0.821259 0.582130
3 0.209885 0.665162 0.209208 0.664260 0.205146 0.663357 0.204469 0.662455 0.193636 0.662455 0.192959 0.663357 0.188219 0.663357 0.187542 0.664260 0.186188 0.664260 0.184157 0.666065 0.182803 0.669675 0.182803 0.672383 0.182126 0.673285 0.182126 0.677798 0.182803 0.678700 0.182803 0.680505 0.184157 0.681408 0.194313 0.681408 0.194990 0.680505 0.199729 0.679603 0.205146 0.675090 0.207854 0.671480 0.207854 0.670578 0.209885 0.667870
3 0.941097 0.657040 0.941097 0.668773 0.941774 0.671480 0.943805 0.672383 0.962762 0.673285 0.966825 0.675090 0.967502 0.674188 0.973595 0.674188 0.978334 0.671480 0.973595 0.664260 0.966825 0.657942 0.961408 0.657040 0.959377 0.655235 0.956669 0.655235 0.952607 0.652527 0.949898 0.652527 0.947190 0.650722 0.942451 0.652527
3 0.250508 0.670578 0.250508 0.679603 0.251185 0.680505 0.252539 0.680505 0.253216 0.681408 0.259309 0.681408 0.259986 0.680505 0.264049 0.680505 0.264726 0.679603 0.267434 0.679603 0.268111 0.678700 0.270142 0.677798 0.271496 0.675090 0.271496 0.674188 0.269465 0.671480 0.268111 0.671480 0.267434 0.670578 0.265403 0.670578 0.264726 0.669675 0.262695 0.669675 0.262018 0.668773 0.255924 0.668773 0.255247 0.667870 0.251862 0.667870
3 0.708869 0.416968 0.708869 0.417870 0.708192 0.418773 0.708192 0.420578 0.707515 0.421480 0.707515 0.424188 0.706838 0.425090 0.707515 0.425993 0.707515 0.427798 0.708192 0.428700 0.708869 0.428700 0.709546 0.429603 0.710900 0.429603 0.711578 0.430505 0.715640 0.430505 0.716317 0.429603 0.719025 0.429603 0.719702 0.428700 0.721056 0.428700 0.721056 0.427798 0.722410 0.425993 0.722410 0.421480 0.721733 0.420578 0.721733 0.417870 0.721056 0.416968 0.721056 0.416065 0.719702 0.414260 0.711578 0.414260 0.709546 0.416968
3 0.623561 0.515343 0.620176 0.515343 0.619499 0.516245 0.619499 0.518953 0.618822 0.519856 0.618822 0.529783 0.619499 0.530686 0.619499 0.531588 0.620176 0.530686 0.620853 0.530686 0.621530 0.529783 0.622884 0.529783 0.623561 0.528881 0.624238 0.528881 0.624915 0.527978 0.626269 0.527978 0.627624 0.526173 0.627624 0.521661 0.626269 0.519856 0.626269 0.518953
3 0.605958 0.518953 0.605281 0.518051 0.600542 0.523466 0.593094 0.527978 0.591063 0.530686 0.590386 0.530686 0.588355 0.533394 0.588355 0.537004 0.591063 0.539711 0.593771 0.539711 0.594448 0.540614 0.600542 0.540614 0.601219 0.539711 0.604604 0.539711 0.605958 0.537906 0.605958 0.534296 0.606635 0.533394 0.606635 0.522563 0.605958 0.521661
3 0.578199 0.518953 0.578876 0.522563 0.581584 0.524368 0.596479 0.524368 0.597156 0.523466 0.602573 0.523466 0.605281 0.521661 0.605958 0.519856 0.605958 0.515343 0.604604 0.513538 0.603250 0.513538 0.599865 0.510830 0.598511 0.510830 0.595125 0.506318 0.595125 0.505415 0.591740 0.505415 0.589032 0.509025 0.588355 0.509025 0.582938 0.514440 0.580230 0.515343
3 0.734597 0.372744 0.732566 0.372744 0.731889 0.371841 0.730535 0.371841 0.729858 0.372744 0.728504 0.372744 0.727827 0.373646 0.725796 0.373646 0.725118 0.374549 0.724441 0.374549 0.723764 0.375451 0.723764 0.376354 0.723087 0.377256 0.723087 0.378159 0.721733 0.379964 0.722410 0.380866 0.722410 0.381769 0.723087 0.382671 0.725796 0.382671 0.726473 0.383574 0.727827 0.383574 0.728504 0.382671 0.731212 0.382671 0.733243 0.379964 0.733243 0.379061 0.733920 0.378159 0.733920 0.374549 0.734597 0.373646
