0 0.409614 0.429603 0.403521 0.435921 0.401489 0.441336 0.402167 0.449458 0.394719 0.460289 0.392688 0.467509 0.392011 0.502708 0.393365 0.511733 0.398104 0.518953 0.397427 0.550542 0.400812 0.555054 0.404875 0.553249 0.406906 0.530686 0.410968 0.527076 0.419770 0.553249 0.425186 0.556859 0.426540 0.552347 0.421801 0.525271 0.421124 0.471119 0.419770 0.462996 0.415030 0.453971 0.419770 0.441336 0.419770 0.435018 0.417739 0.431408
0 0.557211 0.445848 0.545701 0.474729 0.552471 0.497292 0.553148 0.527076 0.549086 0.559567 0.549086 0.577617 0.551794 0.583032 0.556534 0.580325 0.559242 0.557762 0.570074 0.529783 0.576168 0.535199 0.580907 0.557762 0.589032 0.536101 0.589032 0.530686 0.581584 0.512635 0.578199 0.467509 0.567366 0.459386 0.562627 0.449458
0 0.032498 0.638989 0.000000 0.638989 0.000000 0.688628 0.002708 0.691336 0.000000 0.697653 0.000000 0.808664 0.002708 0.813177 0.000000 0.908845 0.034529 0.867329 0.043331 0.837545 0.064320 0.707581 0.057549 0.711191 0.052133 0.707581 0.055518 0.675090 0.052810 0.651625
0 0.092079 0.422383 0.075152 0.431408 0.075152 0.450361 0.061611 0.478339 0.058226 0.499097 0.060257 0.564982 0.062965 0.572202 0.071767 0.574910 0.073798 0.583935 0.067028 0.654332 0.077861 0.661552 0.085308 0.657040 0.088693 0.635379 0.104265 0.628159 0.106974 0.612816 0.119160 0.587545 0.117129 0.575812 0.106297 0.564982 0.096141 0.542419 0.097495 0.519856 0.128639 0.505415 0.126608 0.500000 0.095464 0.502708 0.090724 0.473827 0.109682 0.438628
0 0.680433 0.448556 0.661476 0.460289 0.662830 0.478339 0.651320 0.483755 0.656060 0.527076 0.656060 0.581227 0.650643 0.598375 0.654028 0.633574 0.657414 0.638989 0.662830 0.637184 0.668923 0.622744 0.673663 0.581227 0.677725 0.569495 0.683819 0.583935 0.689912 0.573105 0.690589 0.500903 0.685850 0.481047 0.691266 0.473827 0.686527 0.453069
0 0.633717 0.421480 0.622207 0.420578 0.607312 0.435921 0.610020 0.462996 0.601896 0.464801 0.591740 0.481949 0.593094 0.525271 0.555856 0.687726 0.560596 0.694946 0.571429 0.694043 0.581584 0.651625 0.605281 0.600181 0.610697 0.692238 0.621530 0.693141 0.631686 0.647112 0.636425 0.531588 0.654028 0.588448 0.651997 0.491877 0.641165 0.472022 0.647935 0.445848
0 0.583615 0.437726 0.580230 0.442238 0.579553 0.449458 0.576845 0.453971 0.576168 0.462094 0.578876 0.470217 0.578876 0.474729 0.582261 0.480144 0.581584 0.489170 0.582938 0.492780 0.582938 0.513538 0.584970 0.521661 0.588355 0.523466 0.591740 0.509928 0.591740 0.502708 0.589709 0.494585 0.590386 0.481949 0.593094 0.472924 0.599865 0.462094 0.599188 0.455776 0.594448 0.450361 0.593094 0.442238 0.589032 0.437726
0 0.682464 0.430505 0.679079 0.428700 0.675694 0.428700 0.672309 0.430505 0.670278 0.433213 0.666892 0.441336 0.664184 0.444946 0.661476 0.445848 0.659445 0.449458 0.660122 0.450361 0.660122 0.459386 0.657414 0.468412 0.657414 0.472022 0.658768 0.473827 0.662153 0.473827 0.663507 0.472022 0.664184 0.462996 0.670278 0.457581 0.675017 0.450361 0.677725 0.448556 0.685850 0.450361 0.687881 0.447653 0.688558 0.444043 0.687881 0.439531
1 0.559242 0.444043 0.557888 0.442238 0.557211 0.442238 0.556534 0.441336 0.554502 0.441336 0.553825 0.440433 0.550440 0.440433 0.548409 0.442238 0.547055 0.442238 0.543670 0.446751 0.543670 0.448556 0.542993 0.449458 0.542993 0.457581 0.543670 0.458484 0.543670 0.459386 0.544347 0.459386 0.545024 0.460289 0.548409 0.460289 0.549086 0.459386 0.549763 0.459386 0.550440 0.458484 0.553825 0.456679 0.555856 0.453971 0.556534 0.453971 0.557211 0.453069 0.557211 0.452166 0.559919 0.445848 0.559242 0.444946
1 0.664184 0.461191 0.664184 0.463899 0.666892 0.467509 0.681110 0.474729 0.683142 0.474729 0.683819 0.475632 0.688558 0.475632 0.691943 0.473827 0.691943 0.472022 0.692620 0.471119 0.692620 0.469314 0.689912 0.462996 0.689912 0.461191 0.687881 0.454874 0.684496 0.450361 0.683142 0.450361 0.682464 0.449458 0.679756 0.449458 0.679079 0.448556 0.675694 0.449458 0.673663 0.451264 0.672986 0.453971 0.670278 0.457581 0.665538 0.459386
1 0.583615 0.437726 0.581584 0.440433 0.580907 0.440433 0.580907 0.441336 0.580230 0.442238 0.580230 0.444946 0.579553 0.445848 0.580230 0.446751 0.580230 0.449458 0.580907 0.450361 0.582261 0.450361 0.582938 0.451264 0.588355 0.451264 0.589709 0.449458 0.590386 0.449458 0.592417 0.446751 0.592417 0.441336 0.590386 0.438628 0.589709 0.438628 0.589032 0.437726
1 0.610020 0.428700 0.608666 0.426895 0.607989 0.426895 0.607312 0.425993 0.601896 0.425993 0.601219 0.426895 0.599865 0.426895 0.599188 0.427798 0.598511 0.427798 0.597156 0.429603 0.597156 0.430505 0.596479 0.431408 0.596479 0.433213 0.595802 0.434116 0.595802 0.436823 0.596479 0.437726 0.596479 0.438628 0.597833 0.440433 0.601896 0.440433 0.603250 0.438628 0.603927 0.438628 0.604604 0.437726 0.605281 0.437726 0.608666 0.433213 0.609343 0.433213 0.610020 0.432310
2 0.557211 0.561372 0.550440 0.561372 0.549086 0.563177 0.549086 0.565884 0.548409 0.566787 0.548409 0.575812 0.549086 0.576715 0.549086 0.580325 0.549763 0.581227 0.549763 0.582130 0.551117 0.583935 0.551794 0.583935 0.552471 0.584838 0.553825 0.584838 0.554502 0.583935 0.555179 0.583935 0.556534 0.582130 0.556534 0.580325 0.557211 0.579422 0.557211 0.575812 0.557888 0.574910 0.557888 0.568592 0.558565 0.567690 0.558565 0.564079
2 0.626269 0.649819 0.614760 0.649819 0.612728 0.650722 0.612051 0.653430 0.612728 0.654332 0.612728 0.666065 0.612051 0.666968 0.612051 0.670578 0.609343 0.685018 0.610020 0.694043 0.612051 0.696751 0.617468 0.697653 0.620176 0.696751 0.622884 0.694043 0.622884 0.690433 0.623561 0.689531 0.622884 0.681408 0.624238 0.677798 0.624238 0.674188 0.626269 0.664260 0.626269 0.658845 0.627624 0.654332 0.627624 0.651625
2 0.086662 0.639892 0.085308 0.638087 0.083277 0.638087 0.082600 0.638989 0.076506 0.638989 0.075829 0.639892 0.070413 0.639892 0.069059 0.641697 0.067705 0.645307 0.067705 0.647112 0.067028 0.648014 0.067028 0.651625 0.066351 0.652527 0.067028 0.656137 0.069059 0.657942 0.073121 0.658845 0.077861 0.663357 0.081923 0.661552 0.083954 0.658845 0.084631 0.658845 0.086662 0.655235
2 0.428571 0.550542 0.427894 0.549639 0.426540 0.549639 0.425863 0.548736 0.424509 0.548736 0.423832 0.549639 0.422478 0.549639 0.421801 0.550542 0.421801 0.551444 0.419770 0.554152 0.419770 0.555054 0.419093 0.555957 0.419093 0.556859 0.418416 0.557762 0.418416 0.558664 0.417739 0.559567 0.417739 0.560469 0.418416 0.561372 0.424509 0.561372 0.425186 0.560469 0.427217 0.560469 0.429248 0.557762 0.429248 0.552347 0.428571 0.551444
2 0.092756 0.637184 0.093433 0.638087 0.096818 0.638087 0.097495 0.638989 0.098849 0.638989 0.099526 0.639892 0.099526 0.643502 0.100203 0.644404 0.100203 0.645307 0.100880 0.645307 0.102911 0.647112 0.102911 0.650722 0.104942 0.652527 0.109682 0.652527 0.112390 0.649819 0.113067 0.649819 0.113067 0.648917 0.113744 0.648014 0.113744 0.646209 0.113067 0.645307 0.113067 0.644404 0.112390 0.644404 0.105619 0.636282 0.105619 0.633574 0.101557 0.633574 0.100880 0.634477 0.099526 0.634477 0.098849 0.635379 0.096141 0.635379 0.095464 0.636282 0.093433 0.636282
2 0.106297 0.614621 0.105619 0.613718 0.094787 0.613718 0.094110 0.616426 0.090724 0.621841 0.090724 0.622744 0.088693 0.627256 0.088693 0.629061 0.088016 0.629964 0.088693 0.630866 0.088693 0.634477 0.089370 0.634477 0.090047 0.635379 0.094110 0.635379 0.094787 0.634477 0.097495 0.634477 0.098172 0.633574 0.100203 0.633574 0.101557 0.631769 0.102234 0.631769 0.105619 0.627256 0.105619 0.625451 0.106297 0.624549 0.106297 0.620939 0.106974 0.620036 0.106974 0.617329 0.106297 0.616426
2 0.579553 0.647112 0.574137 0.647112 0.573460 0.646209 0.567366 0.646209 0.566689 0.647112 0.561950 0.672383 0.554502 0.689531 0.557211 0.694946 0.567366 0.697653 0.572106 0.695848 0.574137 0.679603 0.578876 0.665162 0.582261 0.650722
2 0.654028 0.627256 0.651997 0.629964 0.652674 0.645307 0.649289 0.650722 0.648612 0.653430 0.648612 0.659747 0.647935 0.660650 0.648612 0.661552 0.648612 0.665162 0.649289 0.666968 0.650643 0.667870 0.658768 0.667870 0.660799 0.669675 0.660799 0.667870 0.662153 0.666065 0.664184 0.658845 0.664184 0.656137 0.663507 0.655235 0.664184 0.648014 0.663507 0.647112 0.666215 0.641697 0.666215 0.636282 0.664861 0.630866 0.658768 0.629964
2 0.577522 0.539711 0.577522 0.544224 0.576845 0.545126 0.576845 0.547834 0.576168 0.548736 0.576168 0.550542 0.576845 0.551444 0.576845 0.553249 0.578199 0.555054 0.578199 0.556859 0.578876 0.557762 0.578876 0.558664 0.579553 0.559567 0.579553 0.560469 0.581584 0.564982 0.582261 0.564079 0.583615 0.564079 0.584292 0.563177 0.584292 0.559567 0.584970 0.558664 0.584970 0.546931 0.581584 0.543321 0.579553 0.542419 0.578876 0.541516 0.578876 0.540614 0.578199 0.539711
2 0.057549 0.753610 0.054841 0.759025 0.054841 0.765343 0.053487 0.768051 0.052810 0.778881 0.050102 0.789711 0.048070 0.804152 0.048747 0.808664 0.056195 0.806859 0.060257 0.804152 0.064320 0.798736 0.065674 0.792419 0.060257 0.784296 0.057549 0.782491 0.060257 0.778881 0.067028 0.779783 0.069059 0.776173 0.068382 0.767148 0.065674 0.759025 0.064320 0.757220
2 0.652674 0.629061 0.652674 0.629964 0.651997 0.630866 0.651997 0.636282 0.652674 0.637184 0.652674 0.638989 0.653351 0.639892 0.653351 0.640794 0.654705 0.642599 0.655383 0.642599 0.656060 0.643502 0.661476 0.643502 0.662153 0.642599 0.662830 0.642599 0.664184 0.640794 0.664861 0.640794 0.664861 0.638989 0.665538 0.638087 0.665538 0.631769 0.664861 0.630866 0.664861 0.629964 0.659445 0.629964 0.658768 0.629061 0.656060 0.629061 0.654028 0.627256
2 0.612728 0.677798 0.610020 0.681408 0.610020 0.683213 0.609343 0.684116 0.609343 0.691336 0.610020 0.692238 0.610020 0.694946 0.611374 0.696751 0.612051 0.696751 0.612728 0.697653 0.619499 0.697653 0.620176 0.696751 0.622207 0.695848 0.622884 0.694946 0.622884 0.693141 0.623561 0.692238 0.623561 0.687726 0.622884 0.686823 0.622884 0.681408 0.622207 0.681408 0.621530 0.680505 0.616114 0.680505 0.615437 0.679603 0.614083 0.679603
