0 0.498307 0.356498 0.496953 0.358303 0.496953 0.360108 0.496276 0.361011 0.496276 0.366426 0.495599 0.367329 0.495599 0.376354 0.496953 0.379061 0.496953 0.381769 0.497630 0.382671 0.497630 0.383574 0.499661 0.386282 0.503724 0.386282 0.505078 0.384477 0.505078 0.379061 0.505755 0.378159 0.506432 0.371841 0.505755 0.370939 0.505755 0.369134 0.503047 0.362816 0.502370 0.358303 0.501016 0.356498
0 0.756263 0.384477 0.752877 0.387184 0.752877 0.398014 0.751523 0.402527 0.744076 0.411552 0.739336 0.424188 0.737305 0.435018 0.737982 0.447653 0.740691 0.457581 0.747461 0.472924 0.750846 0.486462 0.754909 0.489170 0.757617 0.483755 0.756940 0.465704 0.758294 0.459386 0.758294 0.395307 0.756940 0.393502 0.757617 0.387184
0 0.300609 0.388989 0.292485 0.393502 0.284360 0.400722 0.282329 0.406137 0.282329 0.415162 0.283683 0.416968 0.285037 0.417870 0.295870 0.417870 0.296547 0.416968 0.300609 0.416968 0.303995 0.415162 0.304672 0.413357 0.304672 0.402527 0.303995 0.401625 0.303318 0.394404
0 0.422478 0.337545 0.418416 0.337545 0.417739 0.338448 0.417062 0.342960 0.414353 0.349278 0.414353 0.351986 0.412999 0.355596 0.413676 0.357401 0.413676 0.369134 0.414353 0.370036 0.414353 0.380866 0.412999 0.388087 0.412999 0.397112 0.414353 0.398917 0.415708 0.398917 0.417062 0.397112 0.419770 0.382671 0.422478 0.377256 0.423155 0.364621 0.423832 0.363718 0.423832 0.350181 0.422478 0.345668
0 0.331754 0.391697 0.327014 0.390794 0.322275 0.393502 0.320244 0.400722 0.319567 0.415162 0.313473 0.425993 0.306703 0.453971 0.306703 0.462996 0.310088 0.471119 0.314827 0.473827 0.324306 0.474729 0.334462 0.472924 0.348680 0.442238 0.348680 0.431408 0.339878 0.400722
0 0.410968 0.582130 0.388626 0.609206 0.377793 0.650722 0.387271 0.703069 0.352065 0.740072 0.332431 0.811372 0.324983 0.975632 0.341909 0.999097 0.450914 0.999097 0.490860 0.932310 0.489506 0.996390 0.535545 0.996390 0.526066 0.795126 0.511848 0.775271 0.483412 0.768953 0.426540 0.731949 0.446852 0.696751 0.460393 0.636282 0.441435 0.595668 0.427217 0.581227
0 0.425186 0.333935 0.422478 0.338448 0.423155 0.342960 0.422478 0.378159 0.424509 0.398014 0.426540 0.405235 0.428571 0.407040 0.432634 0.400722 0.440081 0.371841 0.435342 0.353791 0.431280 0.345668 0.430603 0.337545 0.428571 0.334838
1 0.906567 0.344765 0.906567 0.355596 0.909953 0.359206 0.913338 0.359206 0.914015 0.360108 0.919431 0.360108 0.920108 0.359206 0.921462 0.359206 0.922139 0.358303 0.922139 0.357401 0.924171 0.352888 0.924171 0.349278 0.924848 0.348375 0.924171 0.347473 0.924171 0.342960 0.923494 0.342058 0.923494 0.341155 0.920785 0.338448 0.919431 0.338448 0.918754 0.337545 0.914692 0.337545 0.912661 0.339350 0.911307 0.339350 0.910630 0.340253 0.909953 0.340253
1 0.804333 0.366426 0.802302 0.366426 0.801625 0.365523 0.796886 0.366426 0.794177 0.368231 0.792146 0.370939 0.791469 0.372744 0.791469 0.375451 0.790792 0.376354 0.790792 0.381769 0.790115 0.382671 0.790792 0.383574 0.790792 0.387184 0.792146 0.390794 0.793500 0.391697 0.795532 0.391697 0.796209 0.392599 0.799594 0.392599 0.800271 0.391697 0.801625 0.391697 0.802979 0.390794 0.805687 0.387184 0.807041 0.383574 0.807041 0.381769 0.807718 0.380866 0.807718 0.370939 0.807041 0.369134
1 0.422478 0.334838 0.421124 0.334838 0.420447 0.333935 0.419093 0.333935 0.417739 0.332130 0.417062 0.333032 0.416385 0.333032 0.415030 0.334838 0.415030 0.339350 0.414353 0.340253 0.414353 0.344765 0.415708 0.346570 0.418416 0.346570 0.419093 0.345668 0.420447 0.345668 0.421801 0.343863 0.421801 0.342058 0.422478 0.341155
1 0.140826 0.387184 0.140826 0.395307 0.141503 0.396209 0.141503 0.397112 0.142180 0.397112 0.142857 0.398014 0.144211 0.398014 0.144888 0.397112 0.144888 0.396209 0.145565 0.395307 0.145565 0.392599 0.144888 0.391697 0.144888 0.388989 0.144211 0.388087 0.144211 0.387184
1 0.303318 0.385379 0.302640 0.386282 0.300609 0.386282 0.299932 0.387184 0.299932 0.388087 0.298578 0.389892 0.298578 0.391697 0.299255 0.392599 0.299255 0.393502 0.301286 0.393502 0.301963 0.394404 0.303318 0.394404 0.304672 0.392599 0.304672 0.391697 0.305349 0.390794 0.305349 0.388989 0.304672 0.388087 0.304672 0.387184
1 0.320921 0.396209 0.320921 0.398917 0.320244 0.399819 0.320244 0.404332 0.319567 0.405235 0.319567 0.410650 0.320244 0.411552 0.326337 0.411552 0.327014 0.410650 0.334462 0.410650 0.335139 0.409747 0.337847 0.409747 0.340555 0.407942 0.341232 0.406137 0.341232 0.404332 0.339878 0.400722 0.337170 0.397112 0.337170 0.396209 0.335816 0.394404 0.331754 0.391697 0.329722 0.391697 0.329045 0.390794 0.326337 0.390794 0.325660 0.391697 0.324306 0.391697 0.322952 0.392599
1 0.758294 0.379964 0.757617 0.380866 0.754909 0.380866 0.752200 0.384477 0.752200 0.385379 0.750169 0.388087 0.750169 0.388989 0.749492 0.389892 0.749492 0.393502 0.750169 0.393502 0.750846 0.394404 0.755586 0.394404 0.756263 0.393502 0.758294 0.393502 0.758294 0.390794 0.758971 0.389892 0.758971 0.382671 0.758294 0.381769
1 0.293839 0.393502 0.294516 0.394404 0.294516 0.395307 0.295870 0.397112 0.297224 0.397112 0.297901 0.398014 0.298578 0.398014 0.299255 0.398917 0.301286 0.398917 0.301963 0.398014 0.302640 0.398014 0.303318 0.397112 0.303318 0.395307 0.302640 0.394404 0.303318 0.393502 0.303318 0.388087 0.299932 0.388087 0.298578 0.389892 0.297224 0.389892 0.296547 0.390794 0.295870 0.390794
1 0.498307 0.356498 0.496953 0.358303 0.496953 0.361011 0.498307 0.362816 0.501693 0.362816 0.502370 0.361913 0.502370 0.358303 0.501693 0.357401 0.501693 0.356498
1 0.423155 0.334838 0.423155 0.335740 0.422478 0.336643 0.422478 0.337545 0.421801 0.338448 0.421801 0.342058 0.423832 0.344765 0.428571 0.344765 0.429248 0.343863 0.429926 0.343863 0.430603 0.342960 0.430603 0.342058 0.431280 0.341155 0.431280 0.338448 0.430603 0.337545 0.430603 0.336643 0.428571 0.333935 0.424509 0.333935 0.423832 0.334838
1 0.429248 0.582130 0.425863 0.580325 0.410968 0.582130 0.389980 0.605596 0.383209 0.625451 0.382532 0.640794 0.377116 0.652527 0.378470 0.660650 0.384563 0.668773 0.387271 0.678700 0.419770 0.681408 0.425863 0.678700 0.429248 0.670578 0.447529 0.661552 0.459716 0.648917 0.460393 0.636282 0.454299 0.627256 0.450237 0.610108 0.446175 0.601986
1 0.523358 0.317690 0.520650 0.317690 0.519973 0.318592 0.518619 0.318592 0.515911 0.322202 0.515911 0.323105 0.515234 0.324007 0.515234 0.325812 0.514557 0.326715 0.514557 0.332130 0.515234 0.333032 0.515234 0.333935 0.518619 0.338448 0.521327 0.338448 0.522004 0.339350 0.522681 0.338448 0.524035 0.338448 0.525389 0.336643 0.526066 0.336643 0.526066 0.335740 0.527420 0.333032 0.527420 0.324007 0.526743 0.323105 0.526743 0.321300 0.524712 0.318592 0.524035 0.318592
3 0.446852 0.400722 0.444821 0.400722 0.444144 0.399819 0.442789 0.399819 0.442112 0.400722 0.442112 0.411552 0.442789 0.412455 0.443466 0.411552 0.445498 0.411552 0.446852 0.409747 0.446852 0.408845 0.447529 0.407942 0.447529 0.406137 0.448206 0.405235 0.448206 0.403430 0.447529 0.402527 0.447529 0.401625
3 0.417062 0.394404 0.414353 0.394404 0.412322 0.397112 0.412999 0.398014 0.412999 0.400722 0.413676 0.401625 0.414353 0.401625 0.415030 0.402527 0.415708 0.401625 0.417062 0.401625 0.417739 0.400722 0.417739 0.398917 0.418416 0.398014 0.418416 0.396209
3 0.428571 0.427798 0.427894 0.428700 0.427894 0.429603 0.427217 0.430505 0.427217 0.435921 0.427894 0.436823 0.429926 0.436823 0.431957 0.434116 0.431957 0.431408 0.431280 0.430505 0.431280 0.429603 0.430603 0.428700 0.429926 0.428700 0.429248 0.427798
3 0.552471 0.959386 0.549086 0.957581 0.545024 0.957581 0.540961 0.959386 0.538930 0.962094 0.538930 0.965704 0.538253 0.966606 0.538930 0.967509 0.538930 0.988267 0.535545 0.996390 0.535545 0.999097 0.552471 0.999097 0.553148 0.997292 0.556534 0.994585 0.558565 0.987365 0.558565 0.978339 0.559242 0.976534 0.557211 0.966606
