0 0.000000 0.287887 0.000000 0.369166 0.004662 0.374410 0.009324 0.374934 0.016317 0.372313 0.018648 0.363398 0.027972 0.355532 0.023310 0.331935 0.025641 0.330886 0.041958 0.340325 0.046620 0.339276 0.046620 0.334557 0.029138 0.321972 0.022145 0.309911 0.016317 0.306240 0.016317 0.291033 0.008159 0.287887
0 0.424242 0.378081 0.402098 0.383325 0.386946 0.396959 0.383450 0.410593 0.360140 0.421080 0.358974 0.444678 0.333333 0.488726 0.339161 0.496592 0.355478 0.502360 0.432401 0.502884 0.439394 0.508652 0.476690 0.509177 0.480186 0.504457 0.463869 0.497640 0.463869 0.490823 0.482517 0.469848 0.508159 0.466177 0.508159 0.442580 0.496504 0.430519 0.483683 0.431044 0.458042 0.420556 0.461538 0.410593 0.481352 0.403776 0.480186 0.396434 0.446387 0.381751
0 0.926573 0.396959 0.911422 0.400105 0.895105 0.410593 0.900932 0.428422 0.895105 0.439958 0.900932 0.442580 0.914918 0.442580 0.945221 0.436812 0.954545 0.448348 0.934732 0.460409 0.903263 0.472994 0.898601 0.477189 0.900932 0.485055 0.927739 0.493445 0.960373 0.488726 0.970862 0.491872 0.976690 0.500262 0.998834 0.500787 0.998834 0.413739 0.982517 0.404824 0.967366 0.404300 0.941725 0.396959
0 0.358974 0.280545 0.353147 0.283167 0.354312 0.291557 0.348485 0.298374 0.334499 0.297850 0.313520 0.294704 0.312354 0.297326 0.335664 0.303618 0.344988 0.304143 0.354312 0.302045 0.358974 0.304143 0.363636 0.320399 0.358974 0.345045 0.362471 0.345569 0.369464 0.341374 0.375291 0.332459 0.385781 0.336654 0.390443 0.342423 0.393939 0.342423 0.390443 0.331935 0.379953 0.319874 0.393939 0.312008 0.400932 0.312533 0.404429 0.310435 0.383450 0.293655 0.372960 0.288411 0.368298 0.282118
0 0.637529 0.340325 0.623543 0.345045 0.610723 0.358679 0.599068 0.393812 0.600233 0.406397 0.613054 0.407971 0.622378 0.394337 0.636364 0.402202 0.646853 0.401678 0.636364 0.388044 0.636364 0.379654 0.643357 0.374410 0.655012 0.374410 0.677156 0.384898 0.677156 0.401154 0.695804 0.407446 0.706294 0.406922 0.717949 0.400629 0.722611 0.391190 0.720280 0.357630 0.712121 0.351862 0.686480 0.342947
1 0.000000 0.287887 0.000000 0.298374 0.004662 0.298374 0.005828 0.297850 0.012821 0.297850 0.013986 0.298374 0.015152 0.298374 0.016317 0.297850 0.017483 0.297850 0.017483 0.297326 0.018648 0.296801 0.018648 0.293655 0.017483 0.293131 0.017483 0.292082 0.016317 0.291557 0.015152 0.289984 0.011655 0.288411 0.009324 0.288411 0.008159 0.287887
1 0.432401 0.378081 0.424242 0.378081 0.410256 0.380178 0.403263 0.382800 0.397436 0.386471 0.386946 0.396959 0.386946 0.401678 0.395105 0.405873 0.413753 0.409019 0.431235 0.409019 0.444056 0.407971 0.453380 0.404824 0.458042 0.399056 0.456876 0.388044 0.452214 0.384373 0.445221 0.381227
1 0.984848 0.405349 0.980186 0.404300 0.969697 0.404824 0.959207 0.400629 0.939394 0.396434 0.921911 0.397483 0.904429 0.402727 0.893939 0.412166 0.896270 0.421605 0.902098 0.428422 0.893939 0.435763 0.895105 0.439434 0.900932 0.442056 0.911422 0.442580 0.928904 0.439434 0.934732 0.436287 0.942890 0.435763 0.956876 0.428946 0.963869 0.418458 0.986014 0.411117 0.987179 0.406922
1 0.702797 0.349764 0.691142 0.350813 0.682984 0.353959 0.677156 0.363398 0.673660 0.366020 0.673660 0.372837 0.685315 0.380178 0.692308 0.381227 0.707459 0.380703 0.713287 0.379130 0.717949 0.375983 0.719114 0.369691 0.721445 0.366020 0.721445 0.358679 0.717949 0.355008 0.712121 0.351862
1 0.595571 0.349240 0.589744 0.350813 0.587413 0.350813 0.581585 0.355008 0.581585 0.356581 0.580420 0.357105 0.580420 0.361825 0.581585 0.362349 0.580420 0.363398 0.580420 0.366020 0.582751 0.367593 0.587413 0.368117 0.590909 0.369691 0.593240 0.369691 0.594406 0.370215 0.604895 0.370215 0.608392 0.368117 0.609557 0.360252 0.613054 0.356581 0.614219 0.350813 0.611888 0.349764
1 0.353147 0.282643 0.353147 0.283692 0.351981 0.284216 0.351981 0.286838 0.353147 0.286838 0.354312 0.287362 0.360140 0.287362 0.361305 0.286838 0.369464 0.286838 0.370629 0.286314 0.370629 0.285265 0.369464 0.284740 0.369464 0.282643 0.368298 0.282118 0.368298 0.281594 0.365967 0.280545 0.357809 0.280545
1 0.515152 0.290509 0.512821 0.290509 0.506993 0.293131 0.506993 0.294179 0.505827 0.294704 0.505827 0.297326 0.506993 0.297326 0.508159 0.297850 0.509324 0.297326 0.517483 0.297326 0.518648 0.296801 0.518648 0.292606 0.517483 0.292082 0.517483 0.291557
1 0.318182 0.503933 0.318182 0.505506 0.319347 0.506555 0.325175 0.508128 0.339161 0.508128 0.344988 0.506030 0.347319 0.506030 0.351981 0.504982 0.356643 0.504982 0.354312 0.503408 0.353147 0.501311 0.351981 0.501311 0.346154 0.498689 0.346154 0.498165 0.336830 0.493970 0.333333 0.493445 0.328671 0.496067 0.327506 0.496067 0.322844 0.497640 0.319347 0.500787 0.319347 0.503408
1 0.575758 0.409544 0.569930 0.409544 0.568765 0.409019 0.562937 0.409544 0.560606 0.410068 0.555944 0.412166 0.548951 0.413739 0.544289 0.415836 0.544289 0.416885 0.543124 0.417410 0.543124 0.420031 0.544289 0.420556 0.544289 0.421605 0.548951 0.423702 0.551282 0.424227 0.554779 0.424227 0.555944 0.424751 0.562937 0.424751 0.564103 0.424227 0.568765 0.424227 0.571096 0.423702 0.574592 0.421080 0.575758 0.417934 0.579254 0.415312 0.579254 0.412166 0.578089 0.411641 0.578089 0.410593
3 0.016317 0.368117 0.015152 0.368117 0.013986 0.368642 0.012821 0.368642 0.011655 0.369166 0.010490 0.369166 0.009324 0.369691 0.008159 0.369691 0.005828 0.368642 0.004662 0.368642 0.003497 0.369166 0.002331 0.369166 0.002331 0.373886 0.003497 0.374410 0.003497 0.374934 0.004662 0.375459 0.005828 0.375459 0.006993 0.375983 0.011655 0.375983 0.013986 0.374934 0.015152 0.374934 0.015152 0.374410 0.016317 0.373886 0.016317 0.373361 0.017483 0.372837 0.017483 0.368642
3 0.948718 0.503408 0.948718 0.507079 0.952214 0.508652 0.958042 0.509701 0.966200 0.509701 0.967366 0.510225 0.975524 0.510225 0.976690 0.509701 0.977856 0.510225 0.994173 0.510225 0.995338 0.509701 0.998834 0.509701 0.998834 0.500787 0.990676 0.500787 0.989510 0.500262 0.984848 0.500262 0.979021 0.499213 0.972028 0.499213 0.970862 0.499738 0.967366 0.499738 0.963869 0.500787 0.960373 0.500787 0.959207 0.501311 0.953380 0.501835
3 0.594406 0.411117 0.588578 0.414263 0.586247 0.417934 0.580420 0.423178 0.580420 0.426324 0.581585 0.427373 0.587413 0.429995 0.597902 0.431044 0.603730 0.432617 0.618881 0.432617 0.624709 0.431568 0.629371 0.429470 0.630536 0.427897 0.629371 0.427373 0.629371 0.425275 0.620047 0.417410 0.620047 0.414788 0.609557 0.410593 0.597902 0.410593
3 0.482517 0.503933 0.480186 0.501835 0.473193 0.500787 0.466200 0.497640 0.466200 0.496067 0.463869 0.495018 0.455711 0.499738 0.452214 0.500262 0.447552 0.499213 0.444056 0.499213 0.439394 0.500262 0.433566 0.502884 0.432401 0.506030 0.433566 0.506555 0.433566 0.508652 0.435897 0.509701 0.439394 0.510225 0.444056 0.510225 0.451049 0.511274 0.458042 0.511274 0.459207 0.510750 0.475524 0.510750 0.479021 0.510225 0.482517 0.508652
3 0.652681 0.428422 0.653846 0.424227 0.658508 0.419507 0.658508 0.413739 0.657343 0.413214 0.657343 0.411641 0.653846 0.413739 0.644522 0.413739 0.643357 0.413214 0.634033 0.413214 0.632867 0.412690 0.628205 0.412690 0.627040 0.413214 0.622378 0.412166 0.615385 0.412166 0.613054 0.413739 0.609557 0.414788 0.613054 0.417934 0.617716 0.418983 0.625874 0.423178 0.628205 0.425800 0.634033 0.428422 0.639860 0.429470 0.643357 0.428946 0.646853 0.429470
