0 0.392459 0.241379 0.379182 0.271264 0.377058 0.343678 0.360595 0.379310 0.359002 0.475862 0.363781 0.588506 0.372809 0.602299 0.380244 0.590805 0.384493 0.619540 0.388210 0.797701 0.401487 0.806897 0.407860 0.608046 0.416888 0.758621 0.430165 0.795402 0.443441 0.789655 0.429103 0.625287 0.430696 0.570115 0.442379 0.578161 0.445566 0.558621 0.432820 0.385057 0.424323 0.351724 0.409453 0.336782 0.415295 0.279310 0.403611 0.247126
0 0.696229 0.267816 0.674987 0.274713 0.622942 0.374713 0.629846 0.424138 0.655868 0.470115 0.629846 0.495402 0.619225 0.562069 0.619225 0.664368 0.631439 0.750575 0.640467 0.996552 0.663834 0.994253 0.667552 0.981609 0.678704 0.998851 0.732342 0.994253 0.741901 0.877011 0.738715 0.827586 0.756240 0.771264 0.764737 0.678161 0.748805 0.532184 0.724907 0.473563 0.732873 0.408046 0.721190 0.321839
0 0.276686 0.231034 0.252257 0.277011 0.258630 0.375862 0.245353 0.412644 0.232076 0.410345 0.229421 0.452874 0.217738 0.483908 0.210834 0.667816 0.231014 0.806897 0.233670 0.926437 0.244291 0.951724 0.245353 0.993103 0.340414 0.995402 0.342007 0.954023 0.357939 0.934483 0.362719 0.893103 0.330324 0.709195 0.315985 0.512644 0.297398 0.458621 0.318640 0.394253 0.320765 0.348276 0.334041 0.343678 0.313330 0.248276
0 0.549124 0.183908 0.534785 0.231034 0.542751 0.296552 0.525226 0.340230 0.513542 0.548276 0.524164 0.557471 0.523101 0.506897 0.536378 0.435632 0.557621 0.739080 0.539565 0.791954 0.550717 0.801149 0.580988 0.775862 0.577801 0.627586 0.597451 0.774713 0.587361 0.821839 0.606479 0.820690 0.619225 0.791954 0.600637 0.481609 0.605417 0.468966 0.616038 0.542529 0.616569 0.433333 0.602762 0.320690 0.570898 0.272414 0.568773 0.203448
1 0.416357 0.281609 0.409453 0.259770 0.404673 0.248276 0.400956 0.242529 0.393521 0.240230 0.387679 0.245977 0.380244 0.263218 0.378120 0.282759 0.376527 0.289655 0.376527 0.296552 0.379713 0.300000 0.383962 0.287356 0.392990 0.280460 0.407329 0.279310 0.414233 0.288506 0.415826 0.286207
1 0.650027 0.320690 0.646309 0.345977 0.651089 0.370115 0.661179 0.394253 0.674456 0.412644 0.689326 0.422989 0.705789 0.424138 0.715348 0.419540 0.723845 0.405747 0.725969 0.385057 0.721721 0.322989 0.714817 0.296552 0.701009 0.270115 0.695698 0.266667 0.678704 0.270115 0.663834 0.295402 0.656399 0.313793
1 0.250664 0.285057 0.240042 0.286207 0.230483 0.295402 0.225704 0.304598 0.220924 0.319540 0.218269 0.362069 0.223048 0.386207 0.221455 0.400000 0.223048 0.414943 0.224642 0.417241 0.227297 0.417241 0.231014 0.406897 0.235794 0.382759 0.237918 0.379310 0.241105 0.365517 0.246415 0.352874 0.252788 0.348276 0.251195 0.329885 0.252788 0.313793 0.249071 0.304598 0.249071 0.298851 0.251726 0.290805
1 0.251726 0.277011 0.252257 0.288506 0.249602 0.303448 0.254912 0.314943 0.253319 0.332184 0.255975 0.340230 0.272969 0.344828 0.286245 0.331034 0.296867 0.339080 0.311206 0.339080 0.320765 0.345977 0.335635 0.348276 0.334572 0.339080 0.327669 0.322989 0.325544 0.285057 0.321296 0.265517 0.313330 0.247126 0.304302 0.236782 0.293149 0.229885 0.271907 0.233333 0.260754 0.245977
1 0.539033 0.202299 0.534785 0.227586 0.534785 0.239080 0.535847 0.243678 0.536909 0.243678 0.541689 0.232184 0.550186 0.226437 0.560276 0.227586 0.563994 0.231034 0.568242 0.242529 0.571429 0.243678 0.572491 0.236782 0.572491 0.224138 0.570898 0.212644 0.567711 0.198851 0.561869 0.188506 0.555497 0.182759 0.549655 0.182759 0.545937 0.187356
1 0.616569 0.770115 0.616038 0.768966 0.605948 0.777012 0.602230 0.777012 0.598513 0.774713 0.593733 0.795402 0.587892 0.811494 0.586298 0.819540 0.586298 0.824138 0.587892 0.827586 0.591078 0.827586 0.607010 0.821839 0.612852 0.817241 0.613383 0.813793 0.617100 0.809195 0.619756 0.802299 0.619756 0.795402 0.617100 0.779310
1 0.390335 0.772414 0.388210 0.778161 0.388210 0.793103 0.388741 0.794253 0.389272 0.803448 0.392459 0.808046 0.400425 0.808046 0.400956 0.806897 0.404142 0.805747 0.405736 0.801149 0.405736 0.790805 0.404142 0.783908 0.402549 0.771264 0.400956 0.767816 0.395114 0.767816
3 0.539033 0.790805 0.541158 0.796552 0.545937 0.801149 0.553903 0.800000 0.566649 0.786207 0.578864 0.779310 0.581519 0.773563 0.581519 0.759770 0.577801 0.751724 0.574615 0.755172 0.571960 0.760920 0.566649 0.760920 0.560276 0.751724 0.557090 0.750575 0.552310 0.762069 0.546468 0.767816 0.539565 0.780460
3 0.424323 0.763218 0.423792 0.768966 0.424323 0.770115 0.424323 0.773563 0.424854 0.774713 0.425385 0.780460 0.428040 0.791954 0.429634 0.795402 0.432289 0.797701 0.438662 0.796552 0.442379 0.793103 0.443972 0.788506 0.443972 0.782759 0.442379 0.775862 0.439193 0.767816 0.437600 0.760920 0.435475 0.755172 0.434413 0.754023 0.430696 0.754023 0.426978 0.757471
