0 0.026405 0.361011 0.020311 0.361913 0.017603 0.374549 0.008125 0.379964 0.004062 0.385379 0.002031 0.392599 0.000000 0.393502 0.000000 0.407040 0.002031 0.407942 0.006770 0.422383 0.008802 0.459386 0.007448 0.470217 0.012864 0.471119 0.016926 0.480144 0.021666 0.479242 0.023697 0.475632 0.027759 0.439531 0.030467 0.432310 0.029790 0.427798 0.035884 0.416065 0.035207 0.389892 0.029790 0.379964 0.030467 0.364621
0 0.801625 0.380866 0.798917 0.407040 0.811104 0.456679 0.800271 0.500903 0.805687 0.546029 0.804333 0.560469 0.807718 0.562274 0.819228 0.598375 0.834800 0.618231 0.837508 0.612816 0.835477 0.575812 0.838185 0.564982 0.838185 0.508123 0.844279 0.492780 0.838863 0.462996 0.845633 0.445848 0.845633 0.432310 0.841571 0.425090 0.832092 0.423285 0.820582 0.435018 0.805687 0.397112 0.805687 0.383574
0 0.199729 0.401625 0.197698 0.405235 0.199052 0.412455 0.203114 0.416065 0.208531 0.416968 0.211239 0.421480 0.207854 0.429603 0.207177 0.435018 0.207854 0.445848 0.206500 0.450361 0.211916 0.451264 0.216655 0.449458 0.218009 0.453971 0.220041 0.454874 0.221395 0.453971 0.223426 0.440433 0.229519 0.427798 0.229519 0.420578 0.228165 0.416065 0.220718 0.407942 0.207854 0.405235 0.203114 0.400722
0 0.299932 0.361913 0.280298 0.374549 0.275559 0.426895 0.251185 0.438628 0.238998 0.463899 0.228165 0.564079 0.244414 0.601986 0.220041 0.758123 0.226134 0.771661 0.239675 0.767148 0.257278 0.666065 0.282329 0.603791 0.294516 0.647112 0.299932 0.755415 0.319567 0.751805 0.320921 0.551444 0.327014 0.557762 0.333108 0.594765 0.341909 0.552347 0.327691 0.454874 0.310088 0.431408 0.314827 0.381769
0 0.371022 0.393502 0.368991 0.393502 0.366283 0.397112 0.365606 0.403430 0.362221 0.408845 0.359513 0.417870 0.359513 0.438628 0.357481 0.457581 0.358158 0.466606 0.364929 0.472022 0.368991 0.472924 0.373053 0.470217 0.373731 0.462996 0.377793 0.453971 0.378470 0.444946 0.381178 0.439531 0.383209 0.430505 0.381855 0.418773 0.374408 0.404332 0.373731 0.396209
0 0.528775 0.332130 0.509140 0.348375 0.509140 0.398917 0.482735 0.416968 0.471903 0.448556 0.482735 0.542419 0.466486 0.679603 0.467163 0.750903 0.484089 0.741877 0.482058 0.704874 0.511848 0.589350 0.519973 0.630866 0.522004 0.730144 0.532837 0.742780 0.553825 0.738267 0.543670 0.709386 0.550440 0.501805 0.563304 0.437726 0.537576 0.404332 0.544347 0.358303
0 0.612728 0.364621 0.596479 0.380866 0.599188 0.419675 0.570752 0.451264 0.557211 0.492780 0.561950 0.522563 0.572783 0.530686 0.576845 0.575812 0.572783 0.706679 0.564658 0.734657 0.574137 0.741877 0.584292 0.734657 0.602573 0.622744 0.610697 0.744585 0.624915 0.748195 0.629655 0.744585 0.623561 0.716606 0.628978 0.632671 0.639810 0.588448 0.650643 0.589350 0.655383 0.577617 0.654705 0.493682 0.647935 0.449458 0.623561 0.422383 0.626269 0.375451
0 0.436696 0.359206 0.417739 0.372744 0.418416 0.420578 0.386594 0.441336 0.365606 0.529783 0.362221 0.575812 0.368991 0.586643 0.380501 0.580325 0.378470 0.556859 0.387949 0.538809 0.366960 0.756318 0.379147 0.755415 0.388626 0.738267 0.414353 0.611011 0.419093 0.656137 0.404875 0.739170 0.423155 0.752708 0.438050 0.747292 0.428571 0.715704 0.452268 0.589350 0.461070 0.600181 0.471225 0.583935 0.469871 0.455776 0.442789 0.424188 0.452268 0.388989
0 0.664861 0.416968 0.662153 0.417870 0.659445 0.421480 0.658091 0.427798 0.658768 0.433213 0.654028 0.440433 0.650643 0.448556 0.650643 0.458484 0.654028 0.472924 0.656737 0.477437 0.657414 0.489170 0.668246 0.487365 0.675017 0.480144 0.677048 0.473827 0.677048 0.445848 0.675694 0.441336 0.670955 0.435018 0.670955 0.425090 0.669601 0.420578
0 0.414353 0.382671 0.413676 0.388989 0.414353 0.393502 0.417062 0.391697 0.422478 0.384477 0.434665 0.384477 0.440081 0.387184 0.442789 0.387184 0.447529 0.391697 0.448883 0.396209 0.450237 0.396209 0.452268 0.393502 0.452268 0.387184 0.448206 0.369134 0.442112 0.361913 0.437373 0.359206 0.429926 0.359206 0.423155 0.362816 0.419093 0.369134
1 0.021666 0.360108 0.019634 0.362816 0.019634 0.363718 0.018957 0.364621 0.018957 0.366426 0.018280 0.367329 0.018280 0.370939 0.018957 0.371841 0.025728 0.371841 0.026405 0.372744 0.027759 0.372744 0.028436 0.373646 0.029790 0.373646 0.031821 0.370939 0.031821 0.366426 0.031144 0.365523 0.031144 0.364621 0.029113 0.361913 0.028436 0.361913 0.026405 0.360108
1 0.828707 0.424188 0.824645 0.427798 0.821936 0.432310 0.819228 0.442238 0.819228 0.448556 0.820582 0.450361 0.826676 0.453971 0.829384 0.453971 0.830061 0.454874 0.832769 0.454874 0.833446 0.455776 0.836831 0.455776 0.838185 0.456679 0.840894 0.454874 0.845633 0.446751 0.845633 0.443141 0.846310 0.442238 0.846310 0.435018 0.845633 0.434116 0.845633 0.431408 0.844956 0.429603 0.839540 0.423285 0.832092 0.423285 0.831415 0.424188
1 0.567366 0.454874 0.565335 0.454874 0.564658 0.453971 0.563981 0.453971 0.563304 0.454874 0.563304 0.455776 0.562627 0.456679 0.562627 0.457581 0.561950 0.458484 0.561950 0.462094 0.561273 0.462996 0.561950 0.463899 0.561950 0.466606 0.562627 0.467509 0.563981 0.467509 0.567366 0.462996 0.567366 0.461191 0.568043 0.460289 0.568043 0.455776
1 0.368991 0.392599 0.368314 0.393502 0.367637 0.393502 0.366960 0.394404 0.366960 0.395307 0.366283 0.396209 0.366283 0.398014 0.365606 0.398917 0.365606 0.400722 0.366283 0.401625 0.366283 0.403430 0.366960 0.403430 0.367637 0.404332 0.372376 0.404332 0.373731 0.402527 0.373731 0.395307 0.372376 0.393502 0.371022 0.393502 0.370345 0.392599
1 0.280975 0.372744 0.275559 0.391697 0.275559 0.394404 0.277590 0.397112 0.287068 0.401625 0.307380 0.401625 0.316181 0.403430 0.318890 0.400722 0.315504 0.381769 0.312796 0.374549 0.305349 0.364621 0.300609 0.361913 0.293162 0.361011 0.286391 0.365523
1 0.662153 0.417870 0.661476 0.418773 0.660799 0.418773 0.660799 0.419675 0.659445 0.421480 0.659445 0.423285 0.658768 0.424188 0.658768 0.432310 0.660122 0.434116 0.662153 0.434116 0.662830 0.435018 0.664861 0.435018 0.666215 0.433213 0.666892 0.433213 0.668923 0.431408 0.668923 0.430505 0.670278 0.427798 0.670278 0.425993 0.670955 0.425090 0.670278 0.424188 0.670278 0.422383 0.669601 0.421480 0.669601 0.420578 0.668246 0.418773 0.667569 0.418773 0.666892 0.417870
1 0.596479 0.379964 0.594448 0.392599 0.595125 0.398014 0.599188 0.398014 0.601219 0.396209 0.604604 0.395307 0.607989 0.396209 0.623561 0.396209 0.624238 0.397112 0.629655 0.396209 0.629655 0.388989 0.628301 0.386282 0.626947 0.376354 0.621530 0.368231 0.618145 0.365523 0.615437 0.364621 0.607312 0.365523 0.599188 0.372744
1 0.204469 0.400722 0.200406 0.400722 0.199729 0.401625 0.199052 0.401625 0.197698 0.403430 0.197698 0.406137 0.197021 0.407040 0.197021 0.407942 0.197698 0.408845 0.197698 0.410650 0.199729 0.413357 0.201083 0.413357 0.201760 0.412455 0.202437 0.412455 0.203114 0.411552 0.203114 0.410650 0.203791 0.409747 0.203791 0.408845 0.205146 0.407040 0.205146 0.406137 0.205823 0.405235 0.205823 0.402527
1 0.523358 0.332130 0.515911 0.336643 0.511171 0.342960 0.508463 0.350181 0.506432 0.379061 0.510494 0.388989 0.511171 0.402527 0.514557 0.407040 0.515234 0.410650 0.524035 0.415162 0.528098 0.413357 0.532837 0.415162 0.540284 0.393502 0.540961 0.381769 0.545024 0.369134 0.544347 0.357401 0.541638 0.344765 0.535545 0.335740 0.528775 0.332130
1 0.511171 0.342058 0.508463 0.350181 0.508463 0.353791 0.507109 0.358303 0.508463 0.364621 0.512525 0.364621 0.518619 0.370036 0.522681 0.370939 0.542993 0.371841 0.545024 0.369134 0.545024 0.363718 0.542315 0.346570 0.539607 0.340253 0.534868 0.334838 0.529452 0.332130 0.522681 0.332130 0.517942 0.334838
1 0.633717 0.421480 0.633040 0.422383 0.633040 0.423285 0.632363 0.424188 0.632363 0.428700 0.633040 0.429603 0.638456 0.429603 0.639133 0.430505 0.639810 0.430505 0.641165 0.428700 0.641165 0.425090 0.640487 0.424188 0.640487 0.423285 0.639810 0.422383 0.639810 0.421480 0.639133 0.421480 0.638456 0.420578 0.635071 0.420578 0.634394 0.421480
1 0.826676 0.620939 0.825322 0.621841 0.825322 0.635379 0.825999 0.636282 0.825999 0.641697 0.823968 0.647112 0.823968 0.656137 0.825999 0.661552 0.828030 0.664260 0.829384 0.665162 0.834800 0.665162 0.836831 0.663357 0.836154 0.645307 0.836831 0.644404 0.836831 0.634477 0.837508 0.633574 0.836831 0.632671 0.836831 0.629964 0.834123 0.625451 0.828707 0.620939
2 0.796209 0.604693 0.795532 0.607401 0.795532 0.629964 0.794854 0.632671 0.790792 0.638989 0.785376 0.640794 0.784022 0.643502 0.788084 0.647112 0.793500 0.648917 0.805687 0.648917 0.809749 0.643502 0.809072 0.628159 0.808395 0.627256 0.809072 0.625451 0.809072 0.618231 0.807041 0.607401 0.800271 0.607401
2 0.362898 0.469314 0.362898 0.470217 0.363575 0.471119 0.363575 0.472022 0.364252 0.472022 0.364929 0.472924 0.365606 0.472924 0.366283 0.473827 0.370345 0.473827 0.371022 0.472924 0.371699 0.472924 0.372376 0.472022 0.372376 0.471119 0.373053 0.470217 0.373053 0.469314 0.371699 0.467509 0.368991 0.467509 0.368314 0.466606 0.364929 0.466606
2 0.606635 0.716606 0.606635 0.727437 0.608666 0.735560 0.608666 0.740072 0.610020 0.743682 0.612051 0.746390 0.615437 0.748195 0.627624 0.748195 0.630332 0.744585 0.630332 0.737365 0.624238 0.721119 0.622884 0.715704 0.614083 0.714801 0.613406 0.715704 0.607989 0.715704
2 0.657414 0.518953 0.656737 0.519856 0.656060 0.519856 0.654705 0.521661 0.654705 0.527076 0.655383 0.527978 0.655383 0.529783 0.656060 0.529783 0.656737 0.530686 0.660122 0.530686 0.660799 0.529783 0.661476 0.529783 0.662153 0.528881 0.662153 0.527978 0.662830 0.527076 0.662830 0.524368 0.662153 0.523466 0.662153 0.521661 0.661476 0.520758 0.661476 0.519856 0.660799 0.518953
2 0.014218 0.476534 0.014218 0.481047 0.014895 0.481047 0.015572 0.481949 0.020311 0.481949 0.020988 0.481047 0.022343 0.481047 0.023697 0.479242 0.023697 0.475632 0.023020 0.474729 0.020311 0.474729 0.019634 0.475632 0.016926 0.475632 0.016249 0.474729 0.015572 0.474729
2 0.203791 0.449458 0.203791 0.450361 0.204469 0.451264 0.204469 0.452166 0.207854 0.452166 0.208531 0.453069 0.213270 0.453069 0.213947 0.452166 0.213947 0.448556 0.213270 0.447653 0.212593 0.447653 0.211916 0.446751 0.207177 0.446751 0.206500 0.447653 0.205823 0.447653 0.205146 0.448556 0.204469 0.448556
2 0.381178 0.716606 0.374408 0.716606 0.371699 0.719314 0.368314 0.731949 0.363575 0.745487 0.362898 0.751805 0.363575 0.754513 0.365606 0.756318 0.368991 0.756318 0.369668 0.757220 0.377116 0.757220 0.379147 0.756318 0.386594 0.744585 0.389303 0.736462 0.389303 0.726534
2 0.215978 0.453069 0.218009 0.455776 0.222072 0.455776 0.222072 0.454874 0.222749 0.453971 0.222749 0.452166 0.222072 0.451264 0.222072 0.450361 0.221395 0.450361 0.220718 0.449458 0.219364 0.449458 0.218687 0.450361 0.218009 0.450361
2 0.015572 0.462094 0.012864 0.462094 0.012187 0.462996 0.009479 0.462996 0.008802 0.463899 0.008125 0.463899 0.008125 0.464801 0.006770 0.466606 0.006770 0.471119 0.008125 0.472924 0.008802 0.472924 0.009479 0.472022 0.012187 0.472022 0.012864 0.471119 0.013541 0.471119 0.014218 0.470217 0.014218 0.469314 0.015572 0.467509
2 0.226811 0.733755 0.224780 0.738267 0.222749 0.747292 0.220041 0.753610 0.219364 0.761733 0.221395 0.767148 0.221395 0.768953 0.223426 0.771661 0.225457 0.772563 0.236290 0.772563 0.239675 0.768953 0.241029 0.763538 0.241029 0.759928 0.243737 0.752708 0.243737 0.749097 0.243060 0.748195 0.243737 0.737365 0.241706 0.735560 0.235613 0.734657 0.234936 0.733755
2 0.298578 0.726534 0.298578 0.747292 0.299255 0.748195 0.299932 0.756318 0.303318 0.758123 0.306026 0.758123 0.306703 0.759025 0.315504 0.759025 0.317536 0.758123 0.320244 0.752708 0.320244 0.743682 0.319567 0.742780 0.318890 0.737365 0.315504 0.727437 0.313473 0.724729 0.311442 0.724729 0.310765 0.723827 0.305349 0.723827 0.304672 0.724729 0.300609 0.724729
2 0.834800 0.644404 0.834123 0.644404 0.832092 0.646209 0.830061 0.646209 0.829384 0.645307 0.825999 0.645307 0.825322 0.646209 0.824645 0.646209 0.824645 0.647112 0.823968 0.648014 0.823968 0.657942 0.825322 0.659747 0.825322 0.660650 0.825999 0.661552 0.825999 0.663357 0.828030 0.665162 0.830061 0.665162 0.830738 0.666065 0.832769 0.666065 0.833446 0.665162 0.836154 0.665162 0.836831 0.664260 0.837508 0.664260 0.837508 0.663357 0.836831 0.662455 0.836831 0.654332 0.836154 0.653430 0.836154 0.647112
3 0.350711 0.464801 0.350711 0.465704 0.350034 0.466606 0.350711 0.467509 0.350711 0.470217 0.351388 0.471119 0.353419 0.471119 0.354096 0.472022 0.359513 0.472022 0.360867 0.470217 0.360867 0.465704 0.360190 0.464801 0.360190 0.463899 0.358158 0.461191 0.354773 0.461191 0.354096 0.462094 0.352742 0.462094
3 0.475965 0.711191 0.469194 0.712094 0.467163 0.713899 0.466486 0.716606 0.466486 0.729242 0.465809 0.731949 0.463101 0.736462 0.463101 0.739170 0.462424 0.740072 0.462424 0.749097 0.465132 0.751805 0.473257 0.751805 0.473934 0.750903 0.476642 0.750903 0.480704 0.749097 0.484089 0.744585 0.484766 0.741877 0.484766 0.737365 0.484089 0.736462 0.484089 0.720217
3 0.542993 0.709386 0.526743 0.716606 0.524712 0.719314 0.522004 0.725632 0.521327 0.729242 0.522004 0.732852 0.526066 0.738267 0.532160 0.743682 0.534868 0.744585 0.546378 0.744585 0.547055 0.743682 0.549763 0.743682 0.553825 0.740975 0.555179 0.737365 0.554502 0.732852 0.547055 0.723827 0.545701 0.713899
3 0.404198 0.733755 0.404198 0.738267 0.406906 0.742780 0.421124 0.752708 0.431280 0.752708 0.431957 0.751805 0.435342 0.751805 0.438050 0.749097 0.437373 0.740975 0.434665 0.739170 0.430603 0.733755 0.427894 0.720217 0.425863 0.717509 0.419093 0.716606 0.415708 0.722022 0.408260 0.726534 0.405552 0.730144
3 0.582938 0.705776 0.577522 0.704874 0.576845 0.705776 0.574137 0.705776 0.572783 0.707581 0.570752 0.717509 0.566012 0.722924 0.563981 0.729242 0.563981 0.734657 0.565335 0.737365 0.571429 0.741877 0.573460 0.741877 0.574137 0.742780 0.579553 0.742780 0.582261 0.740072 0.585647 0.730144 0.585647 0.723827 0.586324 0.722924 0.586324 0.714801 0.585647 0.713899 0.585647 0.710289
