0 0.109005 0.226534 0.105619 0.231047 0.105619 0.239170 0.102911 0.247292 0.102234 0.256318 0.106297 0.261733 0.109005 0.277978 0.109005 0.293321 0.112390 0.295126 0.115098 0.287906 0.114421 0.274368 0.117806 0.259025 0.117806 0.247292 0.115775 0.240975 0.115098 0.231047 0.113744 0.228339
0 0.324306 0.377256 0.283006 0.382671 0.270142 0.435018 0.234259 0.451264 0.196344 0.490975 0.133378 0.612816 0.125254 0.662455 0.135410 0.695848 0.161137 0.718412 0.203114 0.722924 0.179418 0.780686 0.194990 0.807762 0.259309 0.800542 0.227488 0.765343 0.278944 0.740975 0.299932 0.669675 0.403521 0.647112 0.432634 0.601986 0.406906 0.604693 0.377116 0.629964 0.313473 0.625451 0.323629 0.592960 0.360190 0.596570 0.357481 0.574007 0.327014 0.566787 0.289777 0.533394 0.289100 0.496390 0.321598 0.487365 0.340555 0.461191 0.347326 0.415162
0 0.264726 0.282491 0.262018 0.278881 0.261341 0.278881 0.259309 0.280686 0.255247 0.281588 0.247800 0.287004 0.245091 0.293321 0.245091 0.295126 0.243737 0.298736 0.243737 0.303249 0.244414 0.304152 0.251862 0.304152 0.252539 0.305054 0.257278 0.305054 0.257955 0.305957 0.259309 0.305054 0.266757 0.305054 0.267434 0.304152 0.267434 0.299639 0.266757 0.298736 0.266757 0.295126 0.266080 0.294224 0.265403 0.284296
0 0.171293 0.111011 0.149628 0.121841 0.138795 0.146209 0.137441 0.223827 0.122546 0.247292 0.116452 0.275271 0.123900 0.348375 0.141503 0.411552 0.142180 0.452166 0.152336 0.462094 0.164523 0.535199 0.225457 0.455776 0.222072 0.420578 0.233582 0.425993 0.238321 0.404332 0.228165 0.358303 0.249154 0.363718 0.257955 0.388087 0.260664 0.370036 0.270142 0.362816 0.222072 0.310469 0.223426 0.280686 0.196344 0.217509 0.208531 0.182310 0.194313 0.129964
0 0.622884 0.108303 0.602573 0.110108 0.582261 0.136282 0.575491 0.179603 0.535545 0.226534 0.526066 0.268051 0.525389 0.458484 0.545024 0.535199 0.551117 0.695848 0.579553 0.723827 0.595802 0.714801 0.578199 0.637184 0.595125 0.518953 0.612728 0.598375 0.619499 0.578520 0.624915 0.585740 0.618822 0.671480 0.638456 0.674188 0.646581 0.496390 0.633717 0.448556 0.659445 0.434116 0.626269 0.222924 0.647258 0.185921 0.644550 0.143502
1 0.148951 0.122744 0.142857 0.139892 0.138795 0.145307 0.138118 0.150722 0.146919 0.157040 0.160460 0.176895 0.171970 0.185921 0.188896 0.189531 0.203791 0.188628 0.208531 0.184116 0.208531 0.175090 0.199729 0.141697 0.192959 0.127256 0.188219 0.121841 0.175355 0.111913 0.167908 0.111011 0.157075 0.114621
1 0.105619 0.230144 0.105619 0.235560 0.106974 0.235560 0.107651 0.234657 0.115775 0.234657 0.115775 0.233755 0.115098 0.232852 0.115098 0.231047 0.114421 0.230144 0.114421 0.229242 0.113067 0.227437 0.111036 0.227437 0.110359 0.226534 0.109005 0.226534 0.108328 0.227437 0.107651 0.227437
1 0.581584 0.137184 0.579553 0.148014 0.583615 0.162455 0.591740 0.175090 0.604604 0.188628 0.615437 0.193141 0.634394 0.195848 0.647935 0.185921 0.647258 0.172383 0.644550 0.164260 0.643873 0.138087 0.638456 0.124549 0.626947 0.109206 0.603250 0.109206 0.593771 0.119134
1 0.261341 0.277978 0.261341 0.279783 0.260664 0.280686 0.260664 0.283394 0.261341 0.284296 0.261341 0.286101 0.262018 0.287004 0.263372 0.287004 0.264049 0.287906 0.265403 0.287906 0.265403 0.281588 0.262695 0.277978
3 0.653351 0.656137 0.645904 0.661552 0.643873 0.671480 0.645904 0.682310 0.649966 0.685921 0.657414 0.695848 0.664184 0.672383 0.665538 0.673285 0.665538 0.677798 0.667569 0.681408 0.668246 0.689531 0.668923 0.688628 0.668246 0.682310 0.672986 0.677798 0.672986 0.674188 0.671632 0.670578 0.668246 0.666968 0.666892 0.666968 0.664184 0.670578 0.658091 0.657942
3 0.263372 0.800542 0.257955 0.793321 0.238998 0.782491 0.226811 0.768953 0.213947 0.784296 0.202437 0.790614 0.192282 0.787004 0.182126 0.774368 0.178741 0.780686 0.178741 0.787906 0.181449 0.796029 0.188896 0.804152 0.199729 0.811372 0.216655 0.811372 0.241706 0.805054 0.257955 0.804152
3 0.553148 0.674188 0.550440 0.686823 0.550440 0.695848 0.553148 0.702166 0.562627 0.713899 0.572106 0.722022 0.581584 0.725632 0.590386 0.725632 0.595125 0.722924 0.597156 0.710289 0.595802 0.703069 0.596479 0.699458 0.593771 0.689531 0.587678 0.677798 0.584970 0.675090 0.582938 0.675090 0.578876 0.677798 0.570752 0.679603 0.559919 0.677798
3 0.615437 0.664260 0.615437 0.667870 0.616791 0.669675 0.616791 0.670578 0.620176 0.675090 0.622884 0.676895 0.626947 0.677798 0.627624 0.678700 0.630332 0.678700 0.631009 0.679603 0.634394 0.679603 0.635071 0.680505 0.637779 0.680505 0.639133 0.678700 0.639133 0.666065 0.637779 0.662455 0.636425 0.661552 0.635071 0.662455 0.630332 0.662455 0.629655 0.663357 0.628978 0.662455 0.625592 0.662455 0.624915 0.661552 0.622884 0.661552 0.622207 0.660650 0.618822 0.660650
3 0.285037 0.716606 0.283006 0.716606 0.270142 0.729242 0.249154 0.744585 0.234259 0.758123 0.241029 0.759025 0.246445 0.756318 0.263372 0.752708 0.280298 0.744585 0.283683 0.740975 0.285714 0.734657
