0 0.011458 0.388628 0.006250 0.393904 0.006250 0.401524 0.018750 0.413834 0.009375 0.441970 0.014583 0.456038 0.020833 0.458382 0.032292 0.456624 0.062500 0.456624 0.081250 0.454865 0.084375 0.450762 0.081250 0.443142 0.081250 0.422040 0.077083 0.414420 0.064583 0.407972 0.044792 0.405627 0.042708 0.397421 0.036458 0.389801 0.026042 0.387456
0 0.450000 0.373974 0.448958 0.379836 0.464583 0.391559 0.463542 0.394490 0.448958 0.401524 0.442708 0.407386 0.440625 0.419695 0.435417 0.427315 0.436458 0.433177 0.439583 0.435522 0.453125 0.437866 0.486458 0.440211 0.508333 0.449590 0.521875 0.452521 0.511458 0.435522 0.482292 0.426729 0.472917 0.421454 0.477083 0.413834 0.491667 0.408558 0.495833 0.403869 0.482292 0.400938 0.480208 0.390387 0.473958 0.381008 0.466667 0.376905
0 0.807292 0.400352 0.752083 0.432005 0.747917 0.474795 0.596875 0.498242 0.638542 0.515240 0.712500 0.522860 0.709375 0.627784 0.727083 0.733294 0.686458 0.740914 0.759375 0.760258 0.777083 0.757913 0.785417 0.645369 0.825000 0.701641 0.813542 0.732708 0.854167 0.755569 0.880208 0.752638 0.846875 0.638335 0.879167 0.487691 0.853125 0.416764
0 0.236458 0.365768 0.205208 0.376905 0.206250 0.397421 0.220833 0.407972 0.195833 0.445487 0.234375 0.569754 0.221875 0.673505 0.238542 0.701055 0.292708 0.712192 0.310417 0.706331 0.277083 0.671747 0.295833 0.627198 0.323958 0.675850 0.360417 0.675850 0.364583 0.659437 0.336458 0.583822 0.334375 0.523447 0.311458 0.449590 0.281250 0.429074 0.306250 0.382767
0 0.612500 0.351114 0.591667 0.377491 0.606250 0.401524 0.567708 0.412075 0.550000 0.446073 0.575000 0.487104 0.567708 0.522860 0.586458 0.594373 0.583333 0.616061 0.560417 0.630129 0.584375 0.636577 0.621875 0.626612 0.626042 0.549238 0.644792 0.624267 0.679167 0.638335 0.690625 0.632474 0.673958 0.598476 0.675000 0.520516 0.634375 0.515827 0.592708 0.499414 0.670833 0.463072 0.688542 0.417351 0.647917 0.398593 0.646875 0.358734
0 0.388542 0.355217 0.361458 0.368113 0.342708 0.396249 0.369792 0.426729 0.316667 0.446073 0.367708 0.652403 0.376042 0.759672 0.406250 0.764361 0.409375 0.793083 0.432292 0.798359 0.518750 0.774912 0.511458 0.763189 0.473958 0.763189 0.463542 0.747362 0.494792 0.637163 0.486458 0.604924 0.508333 0.592614 0.492708 0.494138 0.526042 0.484174 0.536458 0.464830 0.491667 0.442556 0.435417 0.434936 0.441667 0.405627 0.462500 0.389801 0.425000 0.358734
1 0.448958 0.373974 0.447917 0.378077 0.450000 0.382181 0.459375 0.386284 0.463542 0.390387 0.462500 0.394490 0.458333 0.397421 0.457292 0.400352 0.472917 0.403283 0.477083 0.405627 0.480208 0.410903 0.483333 0.410903 0.491667 0.408558 0.495833 0.403869 0.486458 0.403283 0.482292 0.401524 0.480208 0.390387 0.477083 0.383353 0.472917 0.379836 0.465625 0.376319 0.453125 0.373388
1 0.846875 0.402110 0.845833 0.389215 0.841667 0.383939 0.826042 0.376905 0.810417 0.374560 0.801042 0.375147 0.788542 0.379250 0.779167 0.383939 0.771875 0.390973 0.764583 0.393904 0.734375 0.395076 0.730208 0.396835 0.741667 0.404455 0.765625 0.412075 0.768750 0.412075 0.790625 0.401524 0.800000 0.399179 0.822917 0.400938 0.844792 0.406213
1 0.341667 0.395076 0.341667 0.397421 0.346875 0.400938 0.362500 0.405041 0.394792 0.407386 0.427083 0.405041 0.445833 0.401524 0.461458 0.395662 0.463542 0.390387 0.447917 0.381008 0.442708 0.369285 0.429167 0.360492 0.413542 0.354631 0.402083 0.355803 0.389583 0.354631 0.364583 0.365182 0.357292 0.373388 0.353125 0.386870
1 0.748958 0.432005 0.755208 0.433763 0.783333 0.433763 0.835417 0.437280 0.856250 0.437280 0.859375 0.434936 0.856250 0.420868 0.844792 0.407386 0.828125 0.402110 0.810417 0.399766 0.795833 0.400352 0.767708 0.413834 0.759375 0.425557
1 0.167708 0.432591 0.162500 0.433177 0.153125 0.432591 0.135417 0.433763 0.127083 0.434936 0.117708 0.437866 0.113542 0.440797 0.112500 0.446073 0.113542 0.449590 0.118750 0.456038 0.125000 0.459555 0.154167 0.458968 0.156250 0.457210 0.158333 0.451348 0.161458 0.448417 0.162500 0.444314 0.168750 0.436694
1 0.184375 0.390973 0.183333 0.390387 0.181250 0.390387 0.180208 0.389801 0.171875 0.389801 0.168750 0.392732 0.168750 0.393904 0.165625 0.395076 0.160417 0.395076 0.158333 0.396249 0.158333 0.397421 0.159375 0.398007 0.159375 0.398593 0.164583 0.401524 0.167708 0.401524 0.173958 0.398007 0.173958 0.397421 0.177083 0.395662 0.178125 0.395662 0.183333 0.393904 0.185417 0.393904 0.185417 0.393318 0.184375 0.392732
1 0.286458 0.379250 0.270833 0.371043 0.251042 0.365768 0.232292 0.365768 0.222917 0.367526 0.211458 0.371630 0.204167 0.378077 0.203125 0.389801 0.207292 0.400352 0.209375 0.402110 0.216667 0.402110 0.225000 0.399179 0.232292 0.398593 0.260417 0.389215 0.285417 0.383939 0.287500 0.382767
1 0.730208 0.396249 0.730208 0.398007 0.740625 0.404455 0.758333 0.410903 0.767708 0.412661 0.780208 0.406213 0.783333 0.405627 0.791667 0.401524 0.795833 0.400352 0.792708 0.397421 0.787500 0.398007 0.765625 0.394490 0.737500 0.394490 0.736458 0.395076 0.732292 0.395076
1 0.307292 0.381594 0.302083 0.381008 0.287500 0.382767 0.271875 0.387456 0.267708 0.386870 0.258333 0.389801 0.247917 0.395662 0.236458 0.397421 0.233333 0.400352 0.230208 0.399179 0.226042 0.404455 0.217708 0.410317 0.214583 0.415592 0.236458 0.413247 0.247917 0.414420 0.258333 0.412661 0.261458 0.413247 0.263542 0.412075 0.268750 0.412075 0.271875 0.415006 0.275000 0.415006 0.275000 0.409730 0.290625 0.400938 0.308333 0.383939
1 0.633333 0.351114 0.611458 0.351114 0.600000 0.356389 0.595833 0.360492 0.592708 0.369871 0.592708 0.376905 0.590625 0.379836 0.591667 0.383939 0.596875 0.387456 0.602083 0.389215 0.618750 0.389215 0.629167 0.388042 0.641667 0.383939 0.652083 0.376905 0.654167 0.368699 0.651042 0.362837 0.645833 0.357562
1 0.685417 0.737397 0.685417 0.741501 0.687500 0.743845 0.695833 0.747948 0.709375 0.751465 0.761458 0.760844 0.770833 0.760844 0.778125 0.758499 0.777083 0.750293 0.771875 0.745604 0.763542 0.749121 0.758333 0.749121 0.751042 0.746776 0.744792 0.746190 0.734375 0.742087 0.728125 0.734467 0.725000 0.733294 0.714583 0.734467 0.694792 0.733880
1 0.498958 0.638921 0.496875 0.640094 0.496875 0.641266 0.495833 0.641852 0.494792 0.650645 0.493750 0.651231 0.493750 0.653576 0.491667 0.656506 0.492708 0.660023 0.494792 0.661196 0.496875 0.661196 0.497917 0.661782 0.512500 0.661782 0.513542 0.661196 0.517708 0.661196 0.522917 0.658851 0.525000 0.653576 0.521875 0.649472 0.519792 0.648300 0.516667 0.644783 0.515625 0.641852 0.513542 0.640680 0.512500 0.638921
3 0.646875 0.615475 0.643750 0.620750 0.643750 0.623681 0.645833 0.626612 0.653125 0.630129 0.656250 0.634818 0.659375 0.636577 0.668750 0.637163 0.673958 0.638335 0.681250 0.638335 0.685417 0.637749 0.689583 0.635991 0.690625 0.634818 0.690625 0.628370 0.689583 0.626612 0.682292 0.621336 0.682292 0.620164 0.679167 0.617819 0.677083 0.614302 0.673958 0.612544 0.658333 0.612544
3 0.622917 0.622509 0.617708 0.617819 0.612500 0.617233 0.609375 0.615475 0.603125 0.613716 0.588542 0.613130 0.577083 0.619578 0.563542 0.625440 0.560417 0.628957 0.560417 0.633646 0.563542 0.635404 0.569792 0.636577 0.588542 0.636577 0.598958 0.633646 0.603125 0.631301 0.620833 0.627784 0.622917 0.626612
3 0.003125 0.536342 0.002083 0.536928 0.000000 0.536928 0.000000 0.549238 0.001042 0.549238 0.002083 0.549824 0.005208 0.549824 0.008333 0.548652 0.008333 0.547480 0.009375 0.546893 0.009375 0.546307 0.008333 0.545721 0.008333 0.539859 0.007292 0.539273 0.007292 0.537515 0.005208 0.536342
3 0.813542 0.726846 0.812500 0.733294 0.816667 0.736811 0.825000 0.740914 0.834375 0.743259 0.854167 0.756155 0.861458 0.757327 0.872917 0.757327 0.880208 0.754396 0.881250 0.747948 0.876042 0.743259 0.872917 0.745604 0.869792 0.746190 0.858333 0.745604 0.840625 0.739742 0.834375 0.736225 0.830208 0.726846 0.827083 0.723916 0.819792 0.723916
3 0.376042 0.750879 0.376042 0.752638 0.375000 0.753224 0.375000 0.759086 0.376042 0.759672 0.376042 0.761430 0.377083 0.762603 0.380208 0.764361 0.386458 0.764947 0.387500 0.765533 0.395833 0.765533 0.396875 0.764947 0.401042 0.764947 0.405208 0.763775 0.409375 0.761430 0.409375 0.760258 0.410417 0.759672 0.410417 0.757327 0.406250 0.754396 0.404167 0.753810 0.388542 0.753810 0.387500 0.753224 0.384375 0.753224 0.380208 0.751465
3 0.235417 0.696366 0.235417 0.699297 0.241667 0.702814 0.251042 0.705158 0.266667 0.711020 0.278125 0.712778 0.292708 0.712778 0.307292 0.709848 0.311458 0.706331 0.309375 0.702814 0.301042 0.698124 0.296875 0.696952 0.280208 0.686987 0.276042 0.686987 0.271875 0.688159 0.261458 0.693435 0.248958 0.696952
3 0.364583 0.664127 0.362500 0.662954 0.358333 0.665885 0.354167 0.667057 0.346875 0.667057 0.345833 0.667644 0.320833 0.666471 0.319792 0.667644 0.320833 0.674678 0.323958 0.676436 0.326042 0.677022 0.330208 0.677022 0.331250 0.677608 0.361458 0.677022 0.363542 0.675850 0.364583 0.674091
3 0.786458 0.647128 0.785417 0.647128 0.782292 0.649472 0.781250 0.654162 0.779167 0.657093 0.778125 0.663540 0.777083 0.664127 0.777083 0.672333 0.779167 0.674678 0.789583 0.674091 0.790625 0.673505 0.795833 0.672919 0.800000 0.671747 0.802083 0.668816 0.802083 0.667644 0.801042 0.667057 0.801042 0.664127 0.800000 0.663540 0.800000 0.661782 0.797917 0.660023 0.796875 0.657093
3 0.779167 0.662954 0.779167 0.664127 0.778125 0.664713 0.778125 0.667644 0.777083 0.668230 0.777083 0.672333 0.778125 0.672919 0.778125 0.674091 0.779167 0.674678 0.780208 0.674678 0.781250 0.675264 0.783333 0.675264 0.784375 0.674678 0.792708 0.674678 0.794792 0.673505 0.796875 0.673505 0.801042 0.671747 0.801042 0.669988 0.802083 0.669402 0.802083 0.668230 0.801042 0.667644 0.800000 0.664713 0.798958 0.664713 0.797917 0.665299 0.795833 0.665299 0.794792 0.665885 0.788542 0.665885 0.787500 0.666471 0.783333 0.666471 0.781250 0.665299 0.781250 0.664713 0.779167 0.663540
3 0.518750 0.766706 0.508333 0.762603 0.478125 0.764361 0.469792 0.761430 0.462500 0.770223 0.442708 0.780774 0.431250 0.783118 0.412500 0.783118 0.409375 0.785463 0.409375 0.793669 0.418750 0.798359 0.434375 0.798359 0.464583 0.791325 0.491667 0.787808 0.514583 0.779601 0.519792 0.774326
3 0.338542 0.437866 0.333333 0.453107 0.360417 0.490035 0.339583 0.519343 0.338542 0.535756 0.443750 0.553927 0.491667 0.558030 0.493750 0.546893 0.418750 0.535170 0.384375 0.495311 0.419792 0.466002 0.460417 0.442556 0.459375 0.439039 0.439583 0.438453 0.417708 0.458968 0.376042 0.481243 0.357292 0.466002
