0 0.543670 0.592960 0.542993 0.621841 0.546378 0.624549 0.549086 0.621841 0.549086 0.604693 0.555856 0.600181 0.561950 0.620036 0.565335 0.652527 0.572106 0.650722 0.574137 0.635379 0.577522 0.629964 0.580907 0.632671 0.587001 0.646209 0.591063 0.649819 0.595125 0.648917 0.589032 0.602888 0.581584 0.583935 0.566689 0.577617
0 0.421124 0.519856 0.417739 0.519856 0.416385 0.521661 0.415030 0.526173 0.410291 0.531588 0.408260 0.538809 0.408260 0.543321 0.408937 0.544224 0.408937 0.547834 0.410291 0.553249 0.410291 0.559567 0.410968 0.560469 0.410291 0.562274 0.410291 0.567690 0.410968 0.571300 0.413676 0.572202 0.418416 0.571300 0.419770 0.569495 0.421124 0.558664 0.425186 0.546931 0.425186 0.537906 0.423155 0.531588 0.422478 0.522563
0 0.498307 0.503610 0.491537 0.508123 0.490860 0.526173 0.483412 0.536101 0.476642 0.577617 0.480027 0.591155 0.484089 0.582130 0.488152 0.588448 0.492891 0.638989 0.490183 0.650722 0.494245 0.651625 0.499661 0.648014 0.498307 0.606498 0.501016 0.601986 0.503724 0.608303 0.503724 0.636282 0.508463 0.644404 0.511171 0.642599 0.508463 0.629964 0.511848 0.588448 0.514557 0.591155 0.517265 0.588448 0.513202 0.537906 0.510494 0.530686 0.503724 0.526173 0.503724 0.511733
1 0.376439 0.514440 0.375762 0.514440 0.375085 0.513538 0.374408 0.513538 0.373731 0.512635 0.372376 0.512635 0.371699 0.513538 0.371022 0.513538 0.369668 0.515343 0.369668 0.516245 0.368314 0.518051 0.368314 0.518953 0.367637 0.519856 0.367637 0.520758 0.366960 0.521661 0.366960 0.524368 0.368991 0.527076 0.375085 0.527076 0.375762 0.526173 0.376439 0.526173 0.377793 0.524368 0.377793 0.518051 0.377116 0.517148 0.377116 0.516245 0.376439 0.515343
1 0.417739 0.519856 0.416385 0.521661 0.416385 0.522563 0.415708 0.523466 0.415708 0.526173 0.416385 0.526173 0.417062 0.527076 0.421801 0.527076 0.422478 0.526173 0.422478 0.521661 0.421124 0.519856
1 0.376439 0.522563 0.375762 0.522563 0.375085 0.523466 0.374408 0.523466 0.373731 0.524368 0.373053 0.524368 0.372376 0.525271 0.371699 0.525271 0.371022 0.526173 0.371022 0.527076 0.370345 0.527978 0.370345 0.530686 0.372376 0.533394 0.373731 0.533394 0.374408 0.532491 0.377116 0.532491 0.379147 0.529783 0.379147 0.528881 0.378470 0.527978 0.378470 0.525271
1 0.568720 0.577617 0.566689 0.577617 0.566012 0.578520 0.563981 0.578520 0.562627 0.579422 0.561273 0.581227 0.560596 0.581227 0.558565 0.584838 0.558565 0.589350 0.557888 0.590253 0.557888 0.597473 0.558565 0.598375 0.558565 0.601986 0.559919 0.605596 0.562627 0.607401 0.566689 0.607401 0.568043 0.606498 0.571429 0.601986 0.572106 0.601986 0.572783 0.600181 0.572783 0.597473 0.574137 0.593863 0.574137 0.588448 0.574814 0.587545 0.574814 0.583935 0.574137 0.583032 0.574137 0.581227
1 0.498984 0.503610 0.495599 0.503610 0.494922 0.504513 0.494245 0.504513 0.491537 0.508123 0.491537 0.509025 0.490860 0.509928 0.490860 0.512635 0.490183 0.513538 0.490183 0.518953 0.490860 0.519856 0.490860 0.521661 0.491537 0.521661 0.492214 0.522563 0.498307 0.522563 0.498984 0.521661 0.499661 0.521661 0.500338 0.520758 0.501693 0.520758 0.503724 0.518953 0.503724 0.516245 0.504401 0.515343 0.503724 0.514440 0.503724 0.511733 0.503047 0.510830 0.503047 0.509025 0.501693 0.507220 0.501693 0.506318 0.501016 0.506318
1 0.358835 0.544224 0.357481 0.544224 0.356804 0.543321 0.355450 0.543321 0.354773 0.544224 0.354096 0.544224 0.353419 0.545126 0.353419 0.546029 0.352742 0.546931 0.352742 0.551444 0.353419 0.552347 0.353419 0.553249 0.354773 0.555054 0.356127 0.555054 0.356804 0.554152 0.357481 0.554152 0.360190 0.550542 0.360190 0.546029
1 0.570752 0.524368 0.570752 0.525271 0.570074 0.526173 0.570074 0.531588 0.570752 0.532491 0.573460 0.532491 0.574137 0.533394 0.574814 0.532491 0.575491 0.532491 0.576168 0.531588 0.576168 0.530686 0.576845 0.529783 0.576845 0.528881 0.576168 0.527978 0.576168 0.526173 0.574814 0.524368
3 0.504401 0.630866 0.503047 0.632671 0.503047 0.634477 0.503724 0.635379 0.503724 0.637184 0.504401 0.638087 0.504401 0.638989 0.505078 0.639892 0.505078 0.640794 0.507786 0.644404 0.511171 0.644404 0.511848 0.643502 0.511848 0.641697 0.512525 0.640794 0.512525 0.639892 0.511848 0.638989 0.511848 0.637184 0.511171 0.636282 0.511171 0.635379 0.510494 0.634477 0.510494 0.633574 0.509817 0.632671 0.509817 0.631769 0.508463 0.629964 0.507109 0.629964 0.506432 0.630866
3 0.563981 0.645307 0.563981 0.646209 0.563304 0.647112 0.563304 0.648917 0.562627 0.649819 0.562627 0.651625 0.563304 0.652527 0.563304 0.654332 0.564658 0.654332 0.565335 0.655235 0.568720 0.655235 0.569397 0.654332 0.572106 0.654332 0.572783 0.653430 0.572783 0.652527 0.573460 0.651625 0.573460 0.648014 0.572783 0.647112 0.572783 0.646209 0.571429 0.644404 0.569397 0.644404 0.568720 0.643502 0.566689 0.643502 0.566012 0.644404 0.565335 0.644404 0.564658 0.645307
3 0.498984 0.642599 0.498307 0.641697 0.494922 0.641697 0.494245 0.642599 0.493568 0.642599 0.491537 0.645307 0.490860 0.645307 0.489506 0.647112 0.489506 0.650722 0.490183 0.651625 0.493568 0.651625 0.494245 0.652527 0.494922 0.652527 0.495599 0.651625 0.498307 0.651625 0.498984 0.650722 0.499661 0.650722 0.500338 0.649819 0.500338 0.646209 0.499661 0.645307 0.499661 0.644404 0.498984 0.643502
