0 0.037915 0.361913 0.036561 0.369134 0.039946 0.376354 0.039946 0.379964 0.032498 0.392599 0.028436 0.421480 0.029113 0.429603 0.033852 0.430505 0.043331 0.426895 0.057549 0.426895 0.062288 0.424188 0.085985 0.419675 0.086662 0.416968 0.083954 0.405235 0.078538 0.390794 0.074475 0.384477 0.070413 0.380866 0.062965 0.379061 0.059580 0.374549 0.056872 0.366426 0.050102 0.359206 0.042654 0.358303
0 0.774543 0.274368 0.768450 0.276173 0.764387 0.282491 0.763710 0.294224 0.770481 0.315884 0.747461 0.390794 0.743399 0.438628 0.750846 0.434116 0.751523 0.411552 0.756940 0.397112 0.761679 0.393502 0.765741 0.425090 0.761002 0.438628 0.767095 0.443141 0.774543 0.439531 0.776574 0.383574 0.783345 0.373646 0.786730 0.335740 0.782668 0.281588
0 0.324306 0.301444 0.305349 0.305957 0.301286 0.330325 0.293162 0.341155 0.280975 0.451264 0.285714 0.505415 0.303318 0.515343 0.297901 0.610108 0.301963 0.633574 0.310765 0.644404 0.320921 0.637184 0.316859 0.615523 0.320921 0.560469 0.326337 0.611011 0.341232 0.620939 0.353419 0.615523 0.342586 0.595668 0.340555 0.553249 0.345972 0.493682 0.356127 0.487365 0.357481 0.475632 0.335139 0.359206 0.336493 0.334838 0.348680 0.324007 0.334462 0.318592
0 0.087339 0.368231 0.083954 0.388087 0.090047 0.403430 0.088016 0.424188 0.084631 0.428700 0.071090 0.432310 0.064320 0.425090 0.057549 0.428700 0.058226 0.435018 0.064997 0.441336 0.067028 0.454874 0.091401 0.484657 0.100880 0.484657 0.104942 0.480144 0.121192 0.481047 0.138795 0.474729 0.141503 0.466606 0.140826 0.453971 0.129316 0.407040 0.104942 0.368231 0.098172 0.364621
0 0.712932 0.277978 0.706161 0.280686 0.691266 0.304152 0.685173 0.328520 0.681110 0.448556 0.684496 0.456679 0.693974 0.457581 0.700745 0.462996 0.713609 0.459386 0.706161 0.448556 0.703453 0.434116 0.706838 0.410650 0.704807 0.366426 0.708869 0.364621 0.716994 0.369134 0.722410 0.366426 0.706838 0.344765 0.706161 0.313177 0.721056 0.289711 0.720379 0.283394
1 0.763710 0.284296 0.763710 0.289711 0.765064 0.291516 0.766418 0.291516 0.767095 0.290614 0.775220 0.290614 0.775897 0.289711 0.782668 0.289711 0.783345 0.288809 0.783345 0.285199 0.782668 0.284296 0.782668 0.281588 0.781313 0.279783 0.781313 0.278881 0.779282 0.276173 0.777928 0.276173 0.777251 0.275271 0.775897 0.275271 0.775220 0.274368 0.771835 0.274368 0.771158 0.275271 0.769804 0.275271 0.769127 0.276173 0.768450 0.276173 0.765741 0.278881 0.765741 0.279783
1 0.716317 0.278881 0.712255 0.277978 0.711578 0.278881 0.708869 0.278881 0.706161 0.280686 0.703453 0.284296 0.700745 0.290614 0.699391 0.291516 0.699391 0.292419 0.696682 0.296029 0.698037 0.298736 0.702099 0.302347 0.702099 0.303249 0.706161 0.309567 0.710223 0.308664 0.713609 0.303249 0.713609 0.302347 0.720379 0.292419 0.720379 0.290614 0.721056 0.289711 0.721056 0.285199 0.720379 0.283394
1 0.037238 0.362816 0.037238 0.365523 0.036561 0.366426 0.036561 0.370036 0.037238 0.370939 0.037238 0.372744 0.039269 0.375451 0.042654 0.375451 0.043331 0.374549 0.044685 0.374549 0.045362 0.373646 0.055518 0.373646 0.056195 0.374549 0.057549 0.374549 0.058226 0.373646 0.058226 0.369134 0.057549 0.368231 0.057549 0.367329 0.051456 0.360108 0.050779 0.360108 0.050102 0.359206 0.048747 0.359206 0.048070 0.358303 0.042654 0.358303 0.041977 0.359206 0.040623 0.359206
1 0.775220 0.274368 0.771835 0.274368 0.771158 0.275271 0.769804 0.275271 0.765741 0.279783 0.763710 0.286101 0.763710 0.290614 0.763033 0.291516 0.763033 0.296931 0.765064 0.302347 0.766418 0.304152 0.767095 0.306859 0.771158 0.310469 0.772512 0.310469 0.777928 0.304152 0.780636 0.303249 0.782668 0.300542 0.782668 0.289711 0.783345 0.288809 0.782668 0.281588 0.779959 0.277076
1 0.083277 0.386282 0.085308 0.388989 0.088693 0.390794 0.089370 0.389892 0.089370 0.387184 0.091401 0.384477 0.093433 0.385379 0.100880 0.385379 0.104265 0.387184 0.108328 0.387184 0.109005 0.386282 0.114421 0.386282 0.115775 0.384477 0.115775 0.382671 0.113067 0.379061 0.111036 0.378159 0.108328 0.374549 0.105619 0.368231 0.102911 0.365523 0.094787 0.364621 0.094110 0.365523 0.088693 0.366426 0.086662 0.369134 0.083954 0.379964 0.083954 0.385379
1 0.349357 0.324007 0.345295 0.321300 0.335816 0.319495 0.327691 0.304152 0.324983 0.301444 0.310088 0.303249 0.303995 0.306859 0.302640 0.309567 0.300609 0.327617 0.301286 0.330325 0.292485 0.342960 0.293162 0.344765 0.297224 0.343863 0.307380 0.336643 0.318213 0.332130 0.327691 0.330325 0.339878 0.331227 0.349357 0.327617
3 0.760325 0.438628 0.760325 0.439531 0.761002 0.440433 0.761002 0.442238 0.761679 0.442238 0.762356 0.443141 0.772512 0.443141 0.773189 0.442238 0.774543 0.442238 0.774543 0.441336 0.775220 0.440433 0.775220 0.437726 0.773866 0.435018 0.773189 0.435018 0.772512 0.434116 0.767095 0.434116 0.766418 0.433213 0.765064 0.433213 0.764387 0.434116 0.763710 0.434116 0.763033 0.435018 0.762356 0.435018 0.761002 0.436823 0.761002 0.437726
3 0.325660 0.601986 0.325660 0.604693 0.324983 0.605596 0.325660 0.606498 0.325660 0.610108 0.326337 0.611913 0.328368 0.613718 0.332431 0.614621 0.338524 0.620036 0.339878 0.620036 0.340555 0.620939 0.345972 0.620939 0.354773 0.615523 0.354773 0.612816 0.353419 0.611011 0.351388 0.610108 0.348003 0.605596 0.347326 0.605596 0.341909 0.597473 0.336493 0.601083 0.333785 0.601083 0.333108 0.601986 0.327014 0.601083
3 0.680433 0.450361 0.680433 0.453971 0.682464 0.456679 0.683142 0.456679 0.685173 0.458484 0.689235 0.458484 0.689912 0.457581 0.693297 0.457581 0.693974 0.456679 0.694651 0.456679 0.694651 0.452166 0.693297 0.450361 0.693297 0.449458 0.691943 0.447653 0.689912 0.447653 0.689235 0.446751 0.683142 0.446751 0.682464 0.447653 0.681787 0.447653
3 0.109005 0.483755 0.108328 0.483755 0.106297 0.481949 0.103588 0.481949 0.102911 0.481047 0.102234 0.481047 0.100203 0.482852 0.098172 0.482852 0.097495 0.483755 0.089370 0.483755 0.088693 0.484657 0.088693 0.488267 0.090724 0.490072 0.102911 0.490072 0.103588 0.489170 0.104265 0.489170 0.108328 0.483755
3 0.314150 0.617329 0.313473 0.618231 0.310765 0.618231 0.310088 0.619134 0.307380 0.619134 0.306703 0.620036 0.301286 0.620036 0.300609 0.620939 0.300609 0.626354 0.301286 0.627256 0.301286 0.629964 0.301963 0.630866 0.301963 0.634477 0.302640 0.635379 0.302640 0.637184 0.303318 0.638989 0.306703 0.643502 0.308057 0.643502 0.308734 0.644404 0.313473 0.644404 0.314150 0.643502 0.315504 0.643502 0.319567 0.640794 0.321598 0.637184 0.320921 0.633574 0.318890 0.629061 0.318890 0.626354 0.318213 0.625451 0.317536 0.620036 0.316181 0.618231 0.314827 0.618231
3 0.695328 0.456679 0.695328 0.459386 0.696682 0.462094 0.697360 0.462094 0.698037 0.462996 0.700745 0.462996 0.701422 0.463899 0.706161 0.463899 0.706838 0.462996 0.708869 0.462996 0.709546 0.462094 0.710900 0.462094 0.711578 0.461191 0.713609 0.461191 0.714286 0.460289 0.716317 0.459386 0.714963 0.457581 0.714963 0.456679 0.714286 0.455776 0.713609 0.455776 0.711578 0.453069 0.710900 0.453069 0.709546 0.451264 0.707515 0.451264 0.706838 0.450361 0.704807 0.450361 0.704130 0.451264 0.702099 0.451264 0.701422 0.452166 0.699391 0.452166 0.698714 0.453069 0.698037 0.453069
3 0.738659 0.436823 0.738659 0.439531 0.739336 0.440433 0.739336 0.441336 0.740014 0.442238 0.744076 0.442238 0.744753 0.441336 0.746784 0.441336 0.747461 0.440433 0.748815 0.440433 0.749492 0.439531 0.750846 0.439531 0.751523 0.438628 0.751523 0.435018 0.750846 0.434116 0.747461 0.434116 0.746784 0.433213 0.746107 0.433213 0.744753 0.431408 0.741368 0.431408 0.739336 0.434116 0.739336 0.435921
