0 0.234936 0.277076 0.205823 0.292419 0.207177 0.331227 0.175355 0.379061 0.165200 0.421480 0.165877 0.554152 0.155044 0.609206 0.161814 0.620036 0.182126 0.591155 0.188896 0.613718 0.188896 0.733755 0.164523 0.784296 0.165877 0.806859 0.187542 0.800542 0.220718 0.758123 0.234259 0.648917 0.236967 0.756318 0.261341 0.780686 0.280298 0.775271 0.262695 0.720217 0.289100 0.571300 0.283683 0.490975 0.322275 0.522563 0.345972 0.516245 0.319567 0.494585 0.257955 0.363718 0.272850 0.308664
0 0.690589 0.292419 0.683142 0.295126 0.677048 0.310469 0.668923 0.320397 0.664184 0.338448 0.666892 0.394404 0.656737 0.432310 0.658768 0.439531 0.664861 0.437726 0.666215 0.425993 0.671632 0.414260 0.675694 0.415162 0.681110 0.435018 0.678402 0.442238 0.681787 0.442238 0.687204 0.431408 0.681787 0.400722 0.687881 0.362816 0.686527 0.344765 0.696682 0.304152 0.695328 0.296029
0 0.501693 0.266245 0.421801 0.266245 0.395396 0.356498 0.339878 0.376354 0.402167 0.399819 0.417062 0.457581 0.408260 0.553249 0.426540 0.745487 0.398104 0.812274 0.296547 0.959386 0.289777 0.999097 0.348680 0.999097 0.358835 0.983755 0.362898 0.999097 0.425863 0.996390 0.459039 0.952166 0.502370 0.999097 0.561950 0.999097 0.595125 0.969314 0.617468 0.694043 0.584970 0.607401 0.545701 0.407942 0.576168 0.393502 0.527420 0.362816
0 0.588355 0.277978 0.580907 0.279783 0.577522 0.296029 0.570752 0.308664 0.565335 0.345668 0.567366 0.369134 0.566689 0.382671 0.576168 0.392599 0.580230 0.391697 0.581584 0.371841 0.588355 0.350181 0.584292 0.333032 0.585647 0.310469 0.595125 0.291516 0.593094 0.282491
3 0.561273 0.425090 0.561273 0.427798 0.561950 0.428700 0.562627 0.428700 0.563304 0.429603 0.570752 0.429603 0.571429 0.428700 0.572106 0.428700 0.572783 0.427798 0.572783 0.426895 0.573460 0.425993 0.573460 0.421480 0.572783 0.420578 0.572783 0.419675 0.571429 0.417870 0.566012 0.417870 0.565335 0.418773 0.564658 0.418773 0.562627 0.421480 0.562627 0.422383 0.561950 0.423285 0.561950 0.424188
3 0.656060 0.435921 0.656060 0.439531 0.657414 0.442238 0.658768 0.443141 0.662153 0.443141 0.662830 0.444043 0.666892 0.444043 0.669601 0.445848 0.681787 0.446751 0.682464 0.445848 0.684496 0.445848 0.686527 0.440433 0.686527 0.437726 0.683142 0.434116 0.681787 0.434116 0.679079 0.436823 0.677725 0.436823 0.675694 0.438628 0.673663 0.438628 0.672986 0.439531 0.668246 0.439531 0.665538 0.434116 0.660122 0.434116 0.659445 0.433213 0.657414 0.433213
3 0.572106 0.425090 0.572783 0.425993 0.572783 0.426895 0.574137 0.428700 0.574814 0.427798 0.577522 0.427798 0.578199 0.426895 0.578876 0.426895 0.580230 0.425090 0.580907 0.425090 0.581584 0.424188 0.581584 0.423285 0.582261 0.422383 0.582261 0.420578 0.580907 0.418773 0.580230 0.418773 0.579553 0.417870 0.574137 0.417870 0.573460 0.418773 0.573460 0.419675 0.572783 0.420578 0.572783 0.424188
3 0.236967 0.747292 0.237644 0.758123 0.241029 0.761733 0.249154 0.765343 0.257955 0.779783 0.262018 0.781588 0.272173 0.780686 0.280298 0.776173 0.282329 0.773466 0.282329 0.764440 0.280975 0.760830 0.263372 0.734657 0.251862 0.738267 0.243060 0.746390
3 0.220718 0.750903 0.212593 0.756318 0.205823 0.757220 0.198375 0.754513 0.189573 0.748195 0.185511 0.750000 0.184157 0.754513 0.167908 0.774368 0.163169 0.790614 0.163846 0.805957 0.167231 0.807762 0.176032 0.806859 0.192959 0.796029 0.201083 0.779783 0.218687 0.761733 0.220718 0.758123
3 0.655383 0.435921 0.656060 0.436823 0.656060 0.438628 0.656737 0.439531 0.657414 0.439531 0.658091 0.440433 0.663507 0.440433 0.664184 0.439531 0.664861 0.439531 0.664861 0.437726 0.665538 0.436823 0.665538 0.435018 0.663507 0.432310 0.662153 0.432310 0.661476 0.431408 0.657414 0.431408 0.656737 0.432310 0.656737 0.433213 0.656060 0.434116 0.656060 0.435018
3 0.679756 0.428700 0.679756 0.433213 0.681787 0.435921 0.684496 0.435921 0.685173 0.436823 0.685850 0.435921 0.686527 0.435921 0.687204 0.435018 0.687881 0.435018 0.689235 0.433213 0.689235 0.431408 0.688558 0.431408 0.685850 0.427798 0.681110 0.427798 0.680433 0.428700
3 0.685173 0.436823 0.683819 0.435018 0.681110 0.435018 0.679756 0.436823 0.678402 0.436823 0.677725 0.437726 0.677048 0.437726 0.676371 0.438628 0.675694 0.438628 0.675017 0.439531 0.674340 0.439531 0.673663 0.440433 0.672986 0.440433 0.672309 0.441336 0.671632 0.441336 0.670955 0.442238 0.670955 0.443141 0.672309 0.444946 0.672986 0.444946 0.673663 0.445848 0.681787 0.445848 0.684496 0.442238 0.684496 0.441336 0.685173 0.440433
