0 0.494922 0.319495 0.490860 0.320397 0.487475 0.324007 0.482058 0.351083 0.482058 0.357401 0.485443 0.363718 0.488152 0.372744 0.488829 0.387184 0.490183 0.388989 0.498984 0.386282 0.501016 0.383574 0.498984 0.367329 0.498984 0.354693 0.496953 0.344765 0.498984 0.324007
0 0.897766 0.334838 0.886256 0.331227 0.863236 0.346570 0.830061 0.347473 0.804333 0.372744 0.796886 0.395307 0.805687 0.408845 0.815843 0.442238 0.812458 0.463899 0.800948 0.479242 0.807041 0.496390 0.817874 0.498195 0.823968 0.482852 0.823290 0.509025 0.853758 0.509928 0.839540 0.492780 0.841571 0.434116 0.836831 0.410650 0.864590 0.426895 0.883548 0.421480 0.859174 0.405235 0.855112 0.397112 0.864590 0.377256 0.893703 0.370939 0.902505 0.354693
0 0.080569 0.409747 0.075152 0.417870 0.073121 0.425993 0.065674 0.435018 0.063643 0.474729 0.071090 0.479242 0.072444 0.484657 0.069059 0.487365 0.069736 0.490975 0.079215 0.490975 0.088016 0.485560 0.096141 0.485560 0.100203 0.490072 0.105619 0.490072 0.107651 0.488267 0.106974 0.481949 0.111713 0.469314 0.109682 0.461191 0.109682 0.452166 0.112390 0.442238 0.095464 0.424188 0.094787 0.417870 0.090724 0.410650 0.086662 0.408845
0 0.153690 0.393502 0.151659 0.397112 0.151659 0.402527 0.152336 0.403430 0.151659 0.406137 0.148274 0.408845 0.144211 0.415162 0.144211 0.422383 0.144888 0.425090 0.148951 0.427798 0.154367 0.427798 0.155044 0.428700 0.164523 0.427798 0.170616 0.425090 0.170616 0.416065 0.168585 0.410650 0.165200 0.406137 0.163846 0.406137 0.161814 0.403430 0.161137 0.398014 0.157752 0.392599
0 0.463101 0.350181 0.459039 0.349278 0.457007 0.350181 0.455653 0.351986 0.452945 0.361913 0.452945 0.376354 0.454299 0.379061 0.454299 0.380866 0.452945 0.382671 0.449560 0.384477 0.448883 0.387184 0.451591 0.386282 0.452268 0.384477 0.457684 0.384477 0.459716 0.382671 0.463101 0.385379 0.466486 0.384477 0.468517 0.375451 0.465132 0.364621 0.465132 0.355596 0.464455 0.354693 0.464455 0.351986
0 0.448206 0.321300 0.445498 0.324910 0.442112 0.334838 0.442112 0.352888 0.443466 0.359206 0.444821 0.372744 0.447529 0.376354 0.447529 0.381769 0.446175 0.387184 0.450237 0.388087 0.453622 0.386282 0.454976 0.383574 0.453622 0.379061 0.452945 0.369134 0.455653 0.351083 0.455653 0.343863 0.452268 0.332130 0.451591 0.323105 0.450237 0.321300
0 0.207854 0.351986 0.203114 0.351986 0.194990 0.360108 0.192282 0.367329 0.186865 0.372744 0.184157 0.380866 0.180772 0.406137 0.178064 0.411552 0.178741 0.414260 0.182803 0.413357 0.187542 0.409747 0.188896 0.405235 0.192959 0.428700 0.195667 0.433213 0.213270 0.431408 0.216655 0.425993 0.214624 0.416065 0.200406 0.397112 0.197698 0.390794 0.197698 0.384477 0.199729 0.379964 0.205146 0.373646 0.210562 0.372744 0.213270 0.367329 0.213270 0.358303
1 0.872038 0.338448 0.872715 0.339350 0.880162 0.340253 0.884225 0.345668 0.888964 0.355596 0.888964 0.358303 0.890995 0.359206 0.889641 0.360108 0.889641 0.362816 0.893703 0.368231 0.896412 0.366426 0.897766 0.362816 0.901828 0.358303 0.903182 0.352888 0.902505 0.343863 0.900474 0.338448 0.896412 0.333032 0.892349 0.331227 0.884902 0.331227 0.882194 0.333032 0.875423 0.334838
1 0.456330 0.351083 0.455653 0.351986 0.455653 0.354693 0.454976 0.355596 0.454976 0.356498 0.455653 0.357401 0.455653 0.359206 0.457007 0.359206 0.457684 0.360108 0.461070 0.360108 0.461747 0.361011 0.463101 0.361011 0.464455 0.359206 0.464455 0.356498 0.465132 0.355596 0.464455 0.354693 0.464455 0.351986 0.463101 0.350181 0.461747 0.350181 0.461070 0.349278 0.459716 0.349278 0.459039 0.350181 0.457684 0.350181 0.457007 0.351083
1 0.075152 0.417870 0.075152 0.419675 0.075829 0.420578 0.077183 0.420578 0.077861 0.421480 0.081246 0.421480 0.081923 0.420578 0.088693 0.420578 0.089370 0.421480 0.093433 0.421480 0.094787 0.419675 0.094787 0.417870 0.094110 0.416968 0.094110 0.415162 0.093433 0.414260 0.093433 0.413357 0.091401 0.410650 0.090047 0.410650 0.088016 0.408845 0.081246 0.408845 0.076506 0.415162 0.076506 0.416065
1 0.195667 0.360108 0.195667 0.362816 0.197698 0.363718 0.199052 0.365523 0.199729 0.365523 0.200406 0.366426 0.201760 0.366426 0.202437 0.367329 0.205146 0.367329 0.205823 0.368231 0.211239 0.368231 0.213270 0.366426 0.213270 0.363718 0.213947 0.362816 0.213947 0.361011 0.213270 0.360108 0.213270 0.357401 0.209885 0.352888 0.209208 0.352888 0.208531 0.351986 0.207177 0.351986 0.206500 0.351083 0.205146 0.351083 0.204469 0.351986 0.202437 0.351986 0.201083 0.353791 0.200406 0.353791
1 0.447529 0.321300 0.445498 0.324007 0.445498 0.326715 0.444821 0.327617 0.445498 0.328520 0.450237 0.328520 0.451591 0.326715 0.451591 0.325812 0.452268 0.324910 0.452268 0.323105 0.451591 0.322202 0.451591 0.321300
1 0.491537 0.319495 0.488829 0.323105 0.488829 0.324007 0.488152 0.324910 0.488152 0.326715 0.487475 0.327617 0.488152 0.328520 0.488152 0.329422 0.489506 0.331227 0.490860 0.331227 0.491537 0.332130 0.497630 0.332130 0.498307 0.331227 0.498984 0.331227 0.499661 0.330325 0.499661 0.323105 0.496953 0.319495 0.495599 0.319495 0.494922 0.318592 0.493568 0.318592 0.492891 0.319495
3 0.501693 0.386282 0.501016 0.385379 0.501016 0.384477 0.500338 0.383574 0.496953 0.383574 0.496276 0.384477 0.494922 0.384477 0.494245 0.385379 0.493568 0.385379 0.492891 0.386282 0.491537 0.386282 0.490860 0.387184 0.490860 0.389892 0.494922 0.389892 0.495599 0.388989 0.498984 0.388989 0.499661 0.388087 0.501016 0.388087 0.501693 0.387184
3 0.488829 0.389892 0.489506 0.389892 0.490183 0.390794 0.491537 0.390794 0.492214 0.389892 0.493568 0.389892 0.495599 0.387184 0.495599 0.386282 0.494922 0.386282 0.494245 0.385379 0.490183 0.385379 0.489506 0.386282 0.488829 0.386282
3 0.822613 0.504513 0.822613 0.508123 0.823968 0.509928 0.828707 0.510830 0.829384 0.511733 0.836154 0.511733 0.836831 0.512635 0.851726 0.512635 0.852404 0.511733 0.854435 0.511733 0.855789 0.508123 0.854435 0.506318 0.846987 0.501805 0.841571 0.495487 0.840217 0.495487 0.839540 0.494585 0.838185 0.494585 0.836831 0.496390 0.831415 0.500000 0.826676 0.500000 0.823968 0.501805
3 0.067705 0.489170 0.067705 0.490975 0.068382 0.491877 0.069059 0.491877 0.069736 0.492780 0.073121 0.492780 0.073798 0.493682 0.077183 0.493682 0.077861 0.492780 0.081246 0.492780 0.083277 0.490975 0.082600 0.490072 0.082600 0.489170 0.081246 0.487365 0.077861 0.487365 0.077183 0.486462 0.075829 0.486462 0.075152 0.485560 0.070413 0.485560 0.069736 0.486462 0.069059 0.486462
3 0.097495 0.487365 0.097495 0.488267 0.098172 0.489170 0.098172 0.490072 0.098849 0.490975 0.100203 0.490975 0.100880 0.491877 0.106974 0.491877 0.107651 0.490975 0.109005 0.490975 0.109005 0.485560 0.107651 0.483755 0.101557 0.483755 0.100880 0.484657 0.099526 0.484657 0.098849 0.485560 0.098172 0.485560 0.098172 0.486462
3 0.456330 0.383574 0.454299 0.383574 0.453622 0.382671 0.452945 0.382671 0.452268 0.383574 0.450237 0.383574 0.449560 0.384477 0.448206 0.384477 0.447529 0.385379 0.446852 0.385379 0.446175 0.386282 0.446175 0.387184 0.447529 0.388989 0.451591 0.388989 0.452268 0.388087 0.454299 0.388087 0.454976 0.387184 0.456330 0.387184
3 0.444144 0.386282 0.444144 0.387184 0.446175 0.389892 0.446852 0.388989 0.449560 0.388989 0.450914 0.387184 0.451591 0.387184 0.451591 0.384477 0.450914 0.384477 0.450237 0.383574 0.446175 0.383574 0.445498 0.384477 0.445498 0.385379 0.444821 0.386282
3 0.800271 0.476534 0.800271 0.482852 0.804333 0.493682 0.807041 0.498195 0.809749 0.499097 0.810427 0.500000 0.813812 0.500000 0.814489 0.499097 0.817197 0.499097 0.819905 0.497292 0.820582 0.493682 0.819228 0.491877 0.819228 0.490975 0.817874 0.490975 0.817197 0.490072 0.811781 0.490072 0.811104 0.489170 0.808395 0.488267 0.807041 0.486462 0.806364 0.484657 0.807041 0.478339 0.805687 0.474729 0.804333 0.474729 0.803656 0.473827
