0 0.728504 0.259928 0.699391 0.271661 0.680433 0.305957 0.667569 0.383574 0.687204 0.434116 0.605958 0.470217 0.594448 0.492780 0.616791 0.500000 0.583615 0.512635 0.595802 0.537906 0.651320 0.522563 0.666215 0.543321 0.638456 0.999097 0.687881 0.994585 0.716317 0.823105 0.721733 0.993682 0.768450 0.990975 0.803656 0.441336 0.771158 0.407040 0.760325 0.286101
0 0.348680 0.545126 0.348680 0.557762 0.354773 0.565884 0.351388 0.584838 0.356127 0.601083 0.355450 0.761733 0.379824 0.777978 0.392011 0.779783 0.400135 0.773466 0.400135 0.765343 0.381178 0.744585 0.376439 0.732852 0.379824 0.713899 0.377116 0.690433 0.380501 0.618231 0.377793 0.566787
0 0.849018 0.378159 0.821936 0.386282 0.795532 0.414260 0.805010 0.428700 0.808395 0.491877 0.784699 0.664260 0.788084 0.727437 0.771835 0.863718 0.779282 0.870036 0.767772 0.885379 0.771835 0.916065 0.819228 0.903430 0.813135 0.753610 0.844956 0.662455 0.850372 0.592960 0.863236 0.542419 0.858497 0.459386 0.872715 0.450361 0.877454 0.424188 0.874069 0.399819
0 0.285714 0.240975 0.255247 0.277978 0.257955 0.327617 0.278267 0.338448 0.248477 0.434116 0.274882 0.572202 0.258632 0.638989 0.273527 0.699458 0.260664 0.985560 0.377793 0.999097 0.341909 0.963899 0.354096 0.765343 0.345295 0.543321 0.412322 0.600181 0.433311 0.580325 0.343940 0.507220 0.341232 0.452166 0.415030 0.491877 0.425863 0.528881 0.438727 0.506318 0.328368 0.364621 0.332431 0.279783
0 0.605281 0.297834 0.586324 0.316787 0.587001 0.369134 0.549763 0.407942 0.553148 0.435018 0.566689 0.438628 0.557888 0.442238 0.559242 0.472022 0.545024 0.510830 0.553148 0.526173 0.548409 0.709386 0.530129 0.739170 0.544347 0.746390 0.572783 0.731047 0.572106 0.675090 0.588355 0.587545 0.607312 0.652527 0.612051 0.773466 0.631009 0.779783 0.631009 0.541516 0.587678 0.537906 0.581584 0.510830 0.605281 0.463899 0.639810 0.444946 0.650643 0.400722 0.624238 0.365523 0.622884 0.310469
0 0.480704 0.288809 0.460393 0.303249 0.452268 0.326715 0.457684 0.362816 0.438727 0.372744 0.432634 0.388087 0.430603 0.467509 0.442789 0.505415 0.434665 0.543321 0.427217 0.546029 0.438727 0.584838 0.438050 0.626354 0.420447 0.740072 0.431280 0.754513 0.441435 0.750000 0.463101 0.639892 0.466486 0.723827 0.476642 0.741877 0.491537 0.738267 0.481381 0.683213 0.499661 0.529783 0.495599 0.479242 0.505755 0.396209 0.490183 0.372744 0.503047 0.328520 0.495599 0.302347
1 0.335816 0.304152 0.332431 0.310469 0.331754 0.354693 0.335139 0.355596 0.341909 0.353791 0.348680 0.355596 0.367637 0.353791 0.370345 0.355596 0.373053 0.362816 0.376439 0.359206 0.377116 0.355596 0.374408 0.340253 0.366960 0.314982 0.359513 0.305957 0.354773 0.303249 0.339878 0.302347
1 0.794854 0.414260 0.804333 0.425090 0.827353 0.430505 0.839540 0.439531 0.866622 0.452166 0.871361 0.452166 0.874069 0.448556 0.878131 0.419675 0.876777 0.406137 0.872038 0.396209 0.859174 0.383574 0.846987 0.377256 0.834800 0.378159 0.821936 0.386282 0.804333 0.409747
1 0.336493 0.282491 0.314150 0.249097 0.293839 0.240072 0.278944 0.242780 0.261341 0.260830 0.254570 0.278881 0.253893 0.295126 0.257278 0.311372 0.257278 0.327617 0.261341 0.331227 0.274882 0.333935 0.289777 0.331227 0.293839 0.327617 0.295870 0.319495 0.329045 0.294224
1 0.773189 0.316787 0.767772 0.310469 0.761679 0.288809 0.750846 0.271661 0.732566 0.259928 0.719702 0.259928 0.698714 0.271661 0.685173 0.289711 0.679756 0.306859 0.679079 0.332130 0.673663 0.344765 0.678402 0.344765 0.691943 0.334838 0.716317 0.329422 0.768450 0.324910 0.773189 0.321300
1 0.450914 0.327617 0.451591 0.331227 0.456330 0.336643 0.459716 0.334838 0.462424 0.328520 0.470548 0.326715 0.482735 0.327617 0.492214 0.330325 0.494922 0.338448 0.499661 0.333032 0.503724 0.331227 0.503724 0.327617 0.498984 0.320397 0.497630 0.307762 0.495599 0.301444 0.488829 0.292419 0.482058 0.288809 0.474611 0.288809 0.465809 0.294224 0.460393 0.303249 0.457684 0.314982
1 0.623561 0.310469 0.618145 0.302347 0.610697 0.297834 0.602573 0.297834 0.594448 0.302347 0.589709 0.308664 0.586324 0.316787 0.582938 0.332130 0.582938 0.341155 0.584292 0.344765 0.610020 0.344765 0.622884 0.339350 0.626269 0.340253 0.627624 0.337545 0.627624 0.331227
3 0.465809 0.711191 0.465809 0.722022 0.466486 0.724729 0.469194 0.728339 0.470548 0.733755 0.474611 0.740975 0.477319 0.742780 0.483412 0.742780 0.484089 0.741877 0.488152 0.741877 0.490183 0.740975 0.492214 0.737365 0.492214 0.729242 0.490860 0.723827 0.485443 0.715704 0.484089 0.711191 0.482058 0.708484 0.480027 0.707581 0.473934 0.710289 0.466486 0.710289
3 0.355450 0.744585 0.356127 0.766245 0.362221 0.765343 0.367637 0.767148 0.377793 0.777076 0.386594 0.780686 0.394719 0.778881 0.397427 0.777076 0.400812 0.771661 0.400135 0.765343 0.385917 0.751805 0.381855 0.746390 0.379824 0.740975 0.377116 0.738267 0.364252 0.745487
3 0.425186 0.714801 0.423155 0.722924 0.422478 0.730144 0.420447 0.737365 0.420447 0.745487 0.421124 0.748195 0.424509 0.752708 0.428571 0.754513 0.437373 0.754513 0.439404 0.753610 0.441435 0.750903 0.441435 0.747292 0.442112 0.746390 0.442112 0.721119 0.442789 0.720217 0.442789 0.716606 0.441435 0.714801
3 0.767772 0.880866 0.767095 0.911552 0.768450 0.916065 0.779282 0.916968 0.794177 0.911552 0.811781 0.910650 0.816520 0.908845 0.819228 0.904332 0.819228 0.897112 0.817197 0.887184 0.814489 0.886282 0.810427 0.889892 0.796886 0.888989 0.787407 0.882671 0.779282 0.873646 0.771158 0.876354
3 0.573460 0.727437 0.570752 0.720217 0.566012 0.720217 0.565335 0.721119 0.554502 0.718412 0.549763 0.714801 0.547055 0.715704 0.544347 0.719314 0.536222 0.724729 0.532160 0.730144 0.529452 0.738267 0.530129 0.740975 0.534191 0.744585 0.539607 0.746390 0.545701 0.746390 0.550440 0.744585 0.556534 0.738267 0.571429 0.733755 0.573460 0.731047
3 0.772512 0.849278 0.771835 0.850181 0.771835 0.851083 0.771158 0.851986 0.771158 0.853791 0.770481 0.854693 0.770481 0.859206 0.769804 0.860108 0.769804 0.866426 0.771158 0.868231 0.772512 0.868231 0.773189 0.869134 0.775220 0.869134 0.775897 0.870036 0.776574 0.870036 0.777251 0.869134 0.779282 0.869134 0.780636 0.866426 0.780636 0.857401 0.779959 0.856498 0.779959 0.853791 0.777928 0.851083 0.777251 0.851083 0.776574 0.850181 0.773866 0.850181 0.773189 0.849278
3 0.265403 0.942238 0.264049 0.947653 0.263372 0.958484 0.259986 0.974729 0.259986 0.986462 0.262018 0.990975 0.266080 0.993682 0.274882 0.995487 0.280298 0.993682 0.287068 0.989170 0.289100 0.985560 0.290454 0.966606 0.289777 0.954874 0.280975 0.954874 0.272173 0.951264
3 0.611374 0.740975 0.610697 0.742780 0.610697 0.753610 0.612051 0.759025 0.612051 0.768051 0.611374 0.768953 0.612728 0.775271 0.615437 0.778881 0.617468 0.778881 0.618145 0.779783 0.621530 0.779783 0.622207 0.780686 0.629655 0.780686 0.631686 0.779783 0.634394 0.776173 0.635071 0.763538 0.634394 0.762635 0.634394 0.758123 0.631686 0.750903 0.631009 0.746390 0.628978 0.743682 0.626947 0.743682 0.620853 0.740975
3 0.322952 0.994585 0.322952 0.999097 0.383886 0.999097 0.382532 0.994585 0.362221 0.990975 0.352065 0.986462 0.345972 0.979242 0.344617 0.973827 0.341909 0.969314 0.336493 0.976534 0.335139 0.976534
3 0.563981 0.456679 0.562627 0.466606 0.560596 0.468412 0.559919 0.472924 0.556534 0.480144 0.554502 0.490975 0.557211 0.494585 0.569397 0.498195 0.588355 0.497292 0.593771 0.483755 0.601219 0.473827 0.604604 0.466606 0.604604 0.462094 0.603250 0.461191 0.590386 0.462996 0.584970 0.459386 0.577522 0.459386 0.570752 0.455776
