0 0.900474 0.371841 0.874746 0.378159 0.830738 0.439531 0.807041 0.539711 0.815166 0.546029 0.821259 0.605596 0.786053 0.661552 0.777928 0.688628 0.793500 0.710289 0.807718 0.709386 0.809749 0.681408 0.828707 0.642599 0.835477 0.706679 0.883548 0.712094 0.860528 0.689531 0.852404 0.636282 0.863913 0.568592 0.862559 0.504513 0.874746 0.436823 0.897089 0.416065 0.903859 0.423285 0.912661 0.398917
0 0.013541 0.513538 0.000000 0.517148 0.000000 0.646209 0.016249 0.645307 0.022343 0.635379 0.041300 0.629964 0.038592 0.625451 0.035884 0.598375 0.044008 0.592960 0.044685 0.583935 0.023697 0.556859 0.021666 0.540614 0.025051 0.534296 0.020988 0.518953
0 0.459039 0.515343 0.456330 0.514440 0.450237 0.518953 0.446852 0.518953 0.444821 0.511733 0.440081 0.507220 0.433988 0.508123 0.430603 0.511733 0.429248 0.520758 0.423832 0.525271 0.421124 0.532491 0.417062 0.552347 0.414353 0.556859 0.413676 0.571300 0.416385 0.576715 0.423155 0.575812 0.431957 0.568592 0.446175 0.564982 0.446175 0.559567 0.442112 0.557762 0.437373 0.551444 0.437373 0.540614 0.441435 0.534296 0.446852 0.530686 0.448883 0.526173 0.455653 0.522563
0 0.163169 0.400722 0.155044 0.400722 0.144888 0.410650 0.138118 0.439531 0.125931 0.462094 0.123223 0.476534 0.126608 0.556859 0.136764 0.578520 0.150305 0.550542 0.184157 0.526173 0.167908 0.514440 0.165200 0.509025 0.169939 0.487365 0.163846 0.480144 0.164523 0.456679 0.167908 0.449458 0.176710 0.444946 0.181449 0.434116 0.175355 0.409747
0 0.147596 0.555054 0.138795 0.580325 0.140149 0.595668 0.149628 0.613718 0.142180 0.640794 0.153690 0.645307 0.162492 0.622744 0.172647 0.618231 0.180772 0.708484 0.193636 0.707581 0.205823 0.695848 0.215978 0.634477 0.216655 0.596570 0.231550 0.620036 0.247123 0.694043 0.253893 0.701264 0.262695 0.699458 0.243060 0.561372 0.234259 0.545126 0.215978 0.532491 0.188896 0.529783
0 0.736628 0.516245 0.731212 0.521661 0.729181 0.528881 0.732566 0.555054 0.737982 0.561372 0.746107 0.563177 0.746107 0.567690 0.716317 0.602888 0.714963 0.608303 0.737305 0.611913 0.747461 0.624549 0.762356 0.631769 0.766418 0.642599 0.773866 0.645307 0.782668 0.643502 0.790115 0.636282 0.801625 0.616426 0.802302 0.597473 0.797563 0.574007 0.790792 0.562274 0.768450 0.546029 0.761002 0.528881 0.744753 0.515343
0 0.660122 0.442238 0.650643 0.458484 0.653351 0.466606 0.648612 0.508123 0.657414 0.522563 0.658768 0.553249 0.668246 0.594765 0.675017 0.598375 0.677725 0.594765 0.675017 0.546029 0.678402 0.541516 0.684496 0.558664 0.685173 0.592960 0.691943 0.599278 0.696005 0.593863 0.698037 0.574910 0.692620 0.515343 0.697360 0.483755 0.692620 0.467509 0.681787 0.455776 0.679756 0.444946
0 0.501016 0.457581 0.498984 0.460289 0.497630 0.466606 0.497630 0.473827 0.499661 0.476534 0.499661 0.480144 0.493568 0.497292 0.494245 0.522563 0.500338 0.532491 0.509817 0.536101 0.522004 0.536101 0.526743 0.530686 0.529452 0.513538 0.529452 0.506318 0.526066 0.488267 0.521327 0.478339 0.515911 0.475632 0.513202 0.472022 0.512525 0.463899 0.508463 0.457581
0 0.628978 0.462996 0.627624 0.462094 0.624238 0.462094 0.621530 0.466606 0.620853 0.469314 0.611374 0.479242 0.608666 0.489170 0.608666 0.500903 0.610020 0.502708 0.612051 0.503610 0.619499 0.503610 0.621530 0.501805 0.629655 0.498195 0.630332 0.489170 0.631009 0.488267 0.631009 0.481949 0.628978 0.474729 0.628978 0.472924 0.630332 0.470217 0.630332 0.466606
0 0.764387 0.472924 0.758294 0.479242 0.756940 0.487365 0.750846 0.494585 0.749492 0.500000 0.742722 0.511733 0.743399 0.514440 0.750846 0.518953 0.754909 0.527076 0.763033 0.530686 0.765741 0.536101 0.765741 0.541516 0.767772 0.544224 0.787407 0.556859 0.789438 0.554152 0.791469 0.537906 0.786730 0.517148 0.779959 0.505415 0.780636 0.497292 0.777251 0.492780 0.775897 0.482852 0.773189 0.476534 0.769127 0.472924
1 0.876100 0.376354 0.874069 0.379061 0.874746 0.382671 0.882194 0.389892 0.893026 0.407942 0.895058 0.408845 0.898443 0.413357 0.900474 0.420578 0.904536 0.424188 0.906567 0.421480 0.907244 0.410650 0.911307 0.404332 0.913338 0.396209 0.913338 0.391697 0.909276 0.379964 0.904536 0.374549 0.897089 0.370036 0.886933 0.370036
1 0.624238 0.462094 0.623561 0.462996 0.623561 0.463899 0.622884 0.464801 0.622884 0.469314 0.624238 0.471119 0.625592 0.471119 0.626269 0.472022 0.626947 0.471119 0.629655 0.471119 0.630332 0.470217 0.630332 0.465704 0.629655 0.464801 0.629655 0.463899 0.628978 0.462996 0.628301 0.462996 0.627624 0.462094 0.626947 0.462094 0.626269 0.461191 0.625592 0.462094
1 0.763033 0.532491 0.760325 0.529783 0.755586 0.527978 0.753555 0.525271 0.752200 0.520758 0.744753 0.515343 0.737982 0.515343 0.733243 0.518051 0.730535 0.522563 0.729181 0.530686 0.729858 0.531588 0.730535 0.543321 0.731889 0.546029 0.732566 0.553249 0.733920 0.556859 0.738659 0.556859 0.745430 0.552347
1 0.000000 0.517148 0.000000 0.532491 0.001354 0.532491 0.002031 0.533394 0.010833 0.534296 0.011510 0.535199 0.016926 0.536101 0.017603 0.537004 0.023020 0.537004 0.024374 0.536101 0.025051 0.534296 0.024374 0.527978 0.023020 0.525271 0.023020 0.523466 0.021666 0.519856 0.018280 0.515343 0.014895 0.513538 0.010156 0.512635 0.009479 0.513538 0.006770 0.513538 0.001354 0.517148
1 0.429248 0.514440 0.429248 0.517148 0.429926 0.518051 0.429926 0.518953 0.430603 0.518953 0.431957 0.520758 0.433988 0.520758 0.436019 0.522563 0.439404 0.522563 0.440081 0.523466 0.442112 0.523466 0.442789 0.522563 0.443466 0.522563 0.445498 0.519856 0.445498 0.514440 0.444821 0.513538 0.444821 0.511733 0.442112 0.508123 0.440758 0.508123 0.440081 0.507220 0.435342 0.507220 0.434665 0.508123 0.433988 0.508123 0.432634 0.509928 0.431957 0.509928 0.429926 0.512635 0.429926 0.513538
1 0.153690 0.554152 0.148274 0.557762 0.142180 0.566787 0.138795 0.577617 0.138795 0.591155 0.140149 0.597473 0.142857 0.602888 0.151659 0.614621 0.159106 0.618231 0.163846 0.618231 0.168585 0.616426 0.174001 0.609206 0.175355 0.603791 0.176032 0.581227 0.174678 0.568592 0.173324 0.564079 0.165200 0.555957 0.158429 0.553249
1 0.143534 0.413357 0.142857 0.420578 0.144888 0.425090 0.157075 0.428700 0.164523 0.434116 0.166554 0.436823 0.174001 0.441336 0.178741 0.440433 0.181449 0.436823 0.181449 0.434116 0.178741 0.428700 0.178064 0.417870 0.175355 0.409747 0.171970 0.405235 0.163846 0.400722 0.155044 0.400722 0.147596 0.407040
1 0.651320 0.464801 0.651997 0.465704 0.654028 0.465704 0.659445 0.460289 0.660799 0.460289 0.663507 0.457581 0.666215 0.456679 0.668246 0.454874 0.669601 0.455776 0.674340 0.455776 0.675017 0.456679 0.681787 0.455776 0.682464 0.453971 0.682464 0.449458 0.681110 0.445848 0.675017 0.442238 0.671632 0.442238 0.670955 0.441336 0.660799 0.441336 0.658091 0.443141 0.654028 0.448556 0.651320 0.455776
1 0.695328 0.505415 0.693974 0.506318 0.693297 0.508123 0.693297 0.510830 0.692620 0.511733 0.693297 0.513538 0.693297 0.518051 0.693974 0.518953 0.693974 0.525271 0.694651 0.526173 0.694651 0.528881 0.695328 0.529783 0.695328 0.532491 0.696005 0.534296 0.696682 0.534296 0.698037 0.536101 0.700068 0.536101 0.702776 0.534296 0.704807 0.530686 0.704807 0.528881 0.705484 0.527978 0.705484 0.525271 0.706838 0.521661 0.706838 0.515343 0.705484 0.511733 0.701422 0.507220 0.698714 0.505415
1 0.510494 0.459386 0.509817 0.458484 0.509140 0.458484 0.508463 0.457581 0.507109 0.457581 0.506432 0.456679 0.503724 0.456679 0.503047 0.457581 0.501016 0.457581 0.498984 0.460289 0.498984 0.461191 0.498307 0.462094 0.498307 0.464801 0.497630 0.465704 0.497630 0.473827 0.498307 0.474729 0.499661 0.474729 0.500338 0.473827 0.501693 0.473827 0.503047 0.472022 0.503724 0.472022 0.505755 0.470217 0.507109 0.470217 0.507786 0.469314 0.511848 0.469314 0.512525 0.468412 0.512525 0.463899 0.511848 0.462996 0.511848 0.462094 0.510494 0.460289
1 0.662153 0.442238 0.664184 0.444946 0.664184 0.446751 0.664861 0.447653 0.664861 0.451264 0.665538 0.452166 0.665538 0.453069 0.666215 0.453069 0.666892 0.453971 0.668923 0.453971 0.669601 0.454874 0.672309 0.454874 0.672986 0.455776 0.676371 0.455776 0.677048 0.456679 0.680433 0.456679 0.681110 0.455776 0.682464 0.455776 0.682464 0.454874 0.683142 0.453971 0.683142 0.449458 0.682464 0.448556 0.682464 0.446751 0.680433 0.444043 0.679079 0.444043 0.678402 0.443141 0.677048 0.443141 0.676371 0.442238 0.675017 0.442238 0.674340 0.441336 0.666892 0.441336 0.666215 0.442238
1 0.758294 0.479242 0.757617 0.482852 0.756940 0.483755 0.757617 0.484657 0.757617 0.487365 0.759648 0.490975 0.760325 0.493682 0.764387 0.498195 0.766418 0.498195 0.767095 0.499097 0.772512 0.499097 0.776574 0.496390 0.776574 0.489170 0.775897 0.488267 0.775897 0.483755 0.775220 0.482852 0.775220 0.481047 0.773866 0.477437 0.771835 0.474729 0.769127 0.472924 0.764387 0.472924 0.761679 0.474729
1 0.684496 0.594765 0.684496 0.596570 0.683819 0.597473 0.683819 0.598375 0.684496 0.599278 0.684496 0.600181 0.687204 0.603791 0.687881 0.603791 0.688558 0.604693 0.692620 0.604693 0.693297 0.603791 0.693974 0.603791 0.694651 0.602888 0.694651 0.601986 0.695328 0.601083 0.695328 0.594765 0.689912 0.594765 0.689235 0.595668 0.688558 0.595668 0.687881 0.594765 0.686527 0.594765 0.685850 0.593863 0.685173 0.593863
3 0.624238 0.499097 0.624238 0.501805 0.625592 0.501805 0.626269 0.502708 0.627624 0.502708 0.628301 0.501805 0.630332 0.501805 0.631009 0.500903 0.631009 0.500000 0.630332 0.499097 0.630332 0.498195 0.629655 0.497292 0.627624 0.497292 0.626947 0.496390 0.626269 0.496390
3 0.777928 0.688628 0.777928 0.694043 0.778605 0.695848 0.786730 0.705776 0.791469 0.710289 0.792823 0.710289 0.796209 0.712996 0.798240 0.712996 0.798917 0.713899 0.805010 0.713899 0.805687 0.712996 0.807718 0.712996 0.808395 0.708484 0.805687 0.703069 0.805010 0.695848 0.803656 0.692238 0.800948 0.688628 0.796886 0.686823 0.790792 0.686823 0.790115 0.687726 0.786730 0.687726 0.786053 0.688628 0.779959 0.687726 0.779282 0.686823
3 0.136764 0.670578 0.136764 0.671480 0.135410 0.674188 0.135410 0.675993 0.137441 0.678700 0.138118 0.678700 0.139472 0.680505 0.140149 0.680505 0.140826 0.681408 0.141503 0.681408 0.143534 0.684116 0.144211 0.684116 0.144888 0.683213 0.145565 0.683213 0.146919 0.681408 0.147596 0.681408 0.148274 0.680505 0.148274 0.679603 0.148951 0.678700 0.148274 0.677798 0.148274 0.675090 0.146919 0.672383 0.145565 0.674188 0.140149 0.674188 0.139472 0.673285 0.138118 0.673285
3 0.142857 0.679603 0.142857 0.688628 0.144888 0.691336 0.146242 0.691336 0.146919 0.692238 0.155044 0.693141 0.155721 0.694043 0.158429 0.694043 0.159106 0.694946 0.169262 0.694946 0.169939 0.694043 0.171293 0.694043 0.174001 0.688628 0.172647 0.685018 0.170616 0.683213 0.164523 0.682310 0.163846 0.681408 0.159783 0.681408 0.156398 0.679603 0.153690 0.679603 0.150305 0.676895 0.147596 0.676895
3 0.665538 0.592058 0.666215 0.592960 0.666215 0.595668 0.669601 0.600181 0.670278 0.600181 0.671632 0.601986 0.675694 0.601986 0.678402 0.598375 0.678402 0.592960 0.677048 0.591155 0.670955 0.591155 0.670278 0.590253 0.668923 0.590253 0.668246 0.589350 0.667569 0.590253 0.666892 0.590253
3 0.817197 0.660650 0.817197 0.667870 0.813812 0.669675 0.808395 0.687726 0.806364 0.691336 0.805687 0.699458 0.807718 0.703971 0.810427 0.703971 0.817197 0.708484 0.821936 0.707581 0.823290 0.705776 0.824645 0.700361 0.824645 0.690433 0.819905 0.688628 0.819905 0.681408 0.821259 0.675090 0.820582 0.671480 0.817197 0.667870 0.818551 0.661552
3 0.044008 0.636282 0.042654 0.634477 0.033852 0.634477 0.033175 0.633574 0.032498 0.634477 0.027082 0.634477 0.026405 0.635379 0.024374 0.635379 0.023020 0.636282 0.019634 0.640794 0.018957 0.644404 0.018280 0.645307 0.018280 0.648014 0.020311 0.649819 0.025051 0.649819 0.025728 0.648917 0.030467 0.648917 0.031144 0.648014 0.033852 0.648014 0.034529 0.647112 0.036561 0.647112 0.037238 0.646209 0.039269 0.646209 0.039946 0.645307 0.041300 0.645307 0.044008 0.642599
3 0.884225 0.712094 0.883548 0.704874 0.878808 0.702166 0.876777 0.702166 0.866622 0.694946 0.862559 0.694946 0.858497 0.700361 0.851049 0.704874 0.840217 0.706679 0.838185 0.708484 0.838863 0.710289 0.841571 0.712094 0.848341 0.712996 0.849018 0.713899 0.880840 0.714801 0.883548 0.713899
3 0.201083 0.720217 0.199052 0.717509 0.198375 0.712996 0.196344 0.709386 0.188219 0.709386 0.187542 0.710289 0.184157 0.710289 0.180772 0.712094 0.174001 0.723827 0.169939 0.729242 0.169939 0.733755 0.174678 0.736462 0.178741 0.736462 0.179418 0.735560 0.185511 0.734657 0.197698 0.726534 0.200406 0.723827
3 0.247123 0.703069 0.247123 0.710289 0.247800 0.711191 0.248477 0.713899 0.249154 0.714801 0.250508 0.714801 0.251185 0.715704 0.256601 0.715704 0.257278 0.716606 0.258632 0.716606 0.260664 0.714801 0.262018 0.714801 0.264049 0.712094 0.264049 0.711191 0.265403 0.708484 0.265403 0.703971 0.263372 0.701264 0.262695 0.701264 0.262018 0.700361 0.259986 0.700361 0.259309 0.699458 0.255924 0.699458 0.255247 0.698556 0.251862 0.698556 0.251185 0.699458 0.249831 0.699458
3 0.176032 0.675090 0.175355 0.673285 0.175355 0.667870 0.174678 0.666968 0.174001 0.662455 0.172647 0.658845 0.171293 0.657942 0.168585 0.657942 0.167908 0.657040 0.167231 0.657942 0.164523 0.657942 0.162492 0.659747 0.159106 0.659747 0.158429 0.660650 0.157075 0.659747 0.150982 0.659747 0.148951 0.664260 0.148951 0.674188 0.151659 0.676895 0.153013 0.676895 0.157752 0.679603 0.161137 0.679603 0.161814 0.680505 0.173324 0.680505 0.175355 0.678700 0.175355 0.675993
3 0.443466 0.613718 0.442789 0.614621 0.440758 0.615523 0.440758 0.616426 0.438727 0.619134 0.438727 0.620036 0.438050 0.620939 0.438050 0.624549 0.438727 0.625451 0.438727 0.627256 0.440081 0.629061 0.440081 0.629964 0.440758 0.630866 0.441435 0.630866 0.442789 0.632671 0.443466 0.632671 0.445498 0.634477 0.448206 0.634477 0.448883 0.635379 0.449560 0.635379 0.450914 0.633574 0.450914 0.632671 0.452268 0.629964 0.452268 0.627256 0.452945 0.626354 0.452268 0.625451 0.452268 0.622744 0.451591 0.621841 0.451591 0.620036 0.448883 0.614621 0.448206 0.614621 0.447529 0.613718
3 0.819905 0.657942 0.817197 0.657942 0.816520 0.658845 0.816520 0.659747 0.815166 0.661552 0.815166 0.663357 0.814489 0.664260 0.814489 0.665162 0.813812 0.666065 0.813812 0.674188 0.815843 0.674188 0.816520 0.673285 0.817874 0.673285 0.818551 0.672383 0.819228 0.672383 0.821936 0.668773 0.822613 0.668773 0.823968 0.666968 0.823968 0.664260 0.823290 0.664260 0.822613 0.663357 0.822613 0.662455 0.821936 0.661552 0.821936 0.660650
3 0.765064 0.632671 0.765064 0.633574 0.766418 0.634477 0.768450 0.634477 0.769127 0.635379 0.771158 0.635379 0.771835 0.636282 0.773866 0.636282 0.774543 0.637184 0.779959 0.637184 0.780636 0.638087 0.786053 0.638087 0.786730 0.637184 0.788084 0.637184 0.790792 0.635379 0.792146 0.633574 0.792146 0.631769 0.790792 0.629964 0.789438 0.629964 0.788761 0.629061 0.786730 0.629061 0.786053 0.628159 0.784022 0.628159 0.783345 0.627256 0.781991 0.627256 0.781313 0.626354 0.779959 0.626354 0.779282 0.625451 0.777928 0.625451 0.777251 0.624549 0.775897 0.624549 0.773189 0.622744 0.770481 0.622744 0.768450 0.628159
3 0.792146 0.636282 0.789438 0.632671 0.787407 0.632671 0.783345 0.629964 0.781991 0.629964 0.779282 0.632671 0.777251 0.632671 0.776574 0.631769 0.775220 0.632671 0.767772 0.631769 0.767095 0.632671 0.765064 0.632671 0.763710 0.634477 0.763033 0.641697 0.764387 0.644404 0.768450 0.647112 0.770481 0.647112 0.771158 0.648014 0.780636 0.648014 0.781313 0.647112 0.783345 0.647112 0.785376 0.645307 0.787407 0.645307 0.790792 0.643502 0.792146 0.641697
3 0.828030 0.643502 0.825322 0.647112 0.824645 0.647112 0.823968 0.648014 0.823290 0.650722 0.821259 0.653430 0.821259 0.654332 0.820582 0.655235 0.820582 0.660650 0.821259 0.661552 0.821936 0.661552 0.826676 0.667870 0.829384 0.667870 0.830061 0.666968 0.830061 0.663357 0.830738 0.662455 0.830738 0.645307 0.830061 0.645307
