0 0.689583 0.424971 0.644792 0.449004 0.665625 0.475381 0.541667 0.512309 0.632292 0.515240 0.631250 0.665885 0.593750 0.679367 0.661458 0.685229 0.685417 0.598476 0.726042 0.664127 0.706250 0.678781 0.748958 0.691090 0.753125 0.638921 0.734375 0.607855 0.731250 0.526377 0.755208 0.489449 0.731250 0.470692 0.719792 0.433763
0 0.347917 0.426729 0.333333 0.434349 0.331250 0.460141 0.316667 0.470105 0.329167 0.492380 0.328125 0.530481 0.337500 0.548066 0.343750 0.602579 0.358333 0.603751 0.363542 0.599062 0.365625 0.545135 0.381250 0.600821 0.389583 0.606682 0.397917 0.584994 0.390625 0.500000 0.394792 0.470105 0.373958 0.456624 0.379167 0.449004 0.368750 0.434349
0 0.176042 0.427902 0.164583 0.435522 0.163542 0.443142 0.179167 0.447245 0.198958 0.463072 0.193750 0.473623 0.197917 0.494138 0.229167 0.497069 0.227083 0.507034 0.237500 0.517585 0.246875 0.519343 0.241667 0.508793 0.261458 0.504689 0.251042 0.501759 0.252083 0.494725 0.258333 0.492380 0.287500 0.497655 0.294792 0.494725 0.294792 0.491208 0.288542 0.486518 0.244792 0.471864 0.222917 0.461313 0.211458 0.460727 0.210417 0.456624 0.223958 0.448417 0.221875 0.442556 0.195833 0.428488
0 0.158333 0.445487 0.136458 0.453107 0.122917 0.466588 0.101042 0.510551 0.121875 0.524619 0.135417 0.548066 0.139583 0.591442 0.157292 0.623681 0.150000 0.658851 0.160417 0.705158 0.172917 0.707503 0.202083 0.699883 0.211458 0.709261 0.269792 0.702814 0.275000 0.695780 0.239583 0.691676 0.229167 0.669402 0.245833 0.600234 0.239583 0.549824 0.263542 0.543962 0.275000 0.531067 0.197917 0.498828 0.197917 0.463072 0.184375 0.450762
0 0.757292 0.496483 0.740625 0.504689 0.733333 0.534584 0.739583 0.548066 0.736458 0.606682 0.758333 0.638335 0.763542 0.635991 0.764583 0.627784 0.788542 0.626612 0.791667 0.619578 0.779167 0.577374 0.766667 0.563306 0.760417 0.548652 0.759375 0.536928 0.767708 0.519343
0 0.072917 0.438453 0.053125 0.444900 0.046875 0.460727 0.057292 0.477140 0.055208 0.504103 0.066667 0.523447 0.071875 0.556272 0.096875 0.586753 0.096875 0.664713 0.106250 0.675264 0.146875 0.674091 0.147917 0.658851 0.133333 0.647714 0.151042 0.641852 0.133333 0.547480 0.119792 0.525205 0.096875 0.509965 0.128125 0.449590
0 0.446875 0.442556 0.427083 0.449590 0.404167 0.474209 0.423958 0.481829 0.426042 0.494725 0.394792 0.511137 0.409375 0.542204 0.395833 0.600234 0.410417 0.639508 0.414583 0.696366 0.404167 0.708675 0.417708 0.719812 0.437500 0.716882 0.456250 0.640094 0.464583 0.718640 0.481250 0.723329 0.505208 0.710434 0.491667 0.694021 0.504167 0.625440 0.520833 0.606096 0.511458 0.546307 0.526042 0.518171 0.518750 0.505275 0.486458 0.490035 0.477083 0.451348
0 0.491667 0.402110 0.477083 0.406800 0.462500 0.420281 0.473958 0.427315 0.478125 0.434936 0.467708 0.444900 0.482292 0.455451 0.489583 0.468347 0.484375 0.479484 0.487500 0.492380 0.495833 0.498242 0.516667 0.504689 0.526042 0.514654 0.527083 0.489449 0.536458 0.476553 0.538542 0.453107 0.533333 0.444900 0.511458 0.435522 0.511458 0.427902 0.518750 0.426143 0.513542 0.421454 0.511458 0.407972 0.505208 0.403869
0 0.632292 0.414420 0.610417 0.413247 0.600000 0.417351 0.591667 0.432005 0.602083 0.448417 0.601042 0.451934 0.578125 0.469519 0.538542 0.481243 0.535417 0.490035 0.545833 0.494725 0.532292 0.497655 0.529167 0.500586 0.531250 0.506448 0.561458 0.502345 0.577083 0.495311 0.585417 0.494725 0.590625 0.491208 0.590625 0.483587 0.616667 0.469519 0.637500 0.462485 0.644792 0.462485 0.638542 0.439625 0.643750 0.428488
1 0.748958 0.416764 0.739583 0.405041 0.731250 0.399766 0.722917 0.397421 0.713542 0.397421 0.697917 0.400938 0.692708 0.403869 0.687500 0.410317 0.686458 0.417351 0.681250 0.420281 0.680208 0.422626 0.681250 0.423212 0.700000 0.422626 0.728125 0.419109 0.741667 0.419109 0.747917 0.421454
1 0.120833 0.449590 0.112500 0.448417 0.102083 0.441970 0.085417 0.438453 0.071875 0.438453 0.059375 0.441383 0.048958 0.448417 0.046875 0.451934 0.047917 0.464830 0.050000 0.466588 0.054167 0.467175 0.076042 0.457210 0.088542 0.456038 0.109375 0.451934 0.116667 0.449590
1 0.655208 0.445487 0.657292 0.447245 0.669792 0.446659 0.676042 0.447831 0.685417 0.452521 0.692708 0.454279 0.720833 0.453693 0.729167 0.449004 0.728125 0.445487 0.725000 0.442556 0.723958 0.437866 0.718750 0.432005 0.712500 0.428488 0.698958 0.424385 0.693750 0.423798 0.685417 0.425557 0.682292 0.424971 0.675000 0.427315 0.667708 0.431419
1 0.121875 0.445487 0.115625 0.449004 0.115625 0.449590 0.116667 0.450176 0.116667 0.450762 0.120833 0.453107 0.120833 0.454279 0.121875 0.454865 0.121875 0.458382 0.120833 0.458968 0.120833 0.461313 0.119792 0.461899 0.119792 0.463658 0.121875 0.463658 0.122917 0.464244 0.126042 0.462485 0.127083 0.460727 0.129167 0.459555 0.129167 0.456624 0.130208 0.456038 0.130208 0.455451 0.132292 0.454279 0.133333 0.454279 0.135417 0.453107 0.136458 0.453107 0.136458 0.449590 0.135417 0.449004 0.132292 0.448417 0.129167 0.446659
1 0.169792 0.430832 0.164583 0.435522 0.163542 0.437866 0.164583 0.444900 0.175000 0.445487 0.181250 0.447831 0.186458 0.447831 0.191667 0.446073 0.196875 0.448417 0.206250 0.449004 0.209375 0.453107 0.216667 0.453107 0.222917 0.449004 0.223958 0.447245 0.222917 0.443728 0.219792 0.441970 0.215625 0.441383 0.212500 0.439625 0.208333 0.434349 0.195833 0.428488 0.188542 0.427315 0.176042 0.427902
1 0.335417 0.432005 0.330208 0.441383 0.330208 0.443728 0.332292 0.446073 0.331250 0.449590 0.333333 0.453107 0.335417 0.453107 0.339583 0.451348 0.347917 0.450762 0.353125 0.449590 0.365625 0.449590 0.372917 0.452521 0.377083 0.451348 0.379167 0.448417 0.373958 0.443728 0.371875 0.437866 0.366667 0.432005 0.361458 0.429074 0.348958 0.426729 0.343750 0.427902
1 0.206250 0.466588 0.196875 0.461313 0.182292 0.448417 0.170833 0.445487 0.161458 0.444900 0.152083 0.446659 0.135417 0.452521 0.122917 0.465416 0.121875 0.475381 0.126042 0.480657 0.130208 0.478312 0.137500 0.480657 0.154167 0.480657 0.160417 0.476553 0.163542 0.477726 0.170833 0.477726 0.175000 0.475381 0.184375 0.473623 0.190625 0.469519
1 0.475000 0.449590 0.465625 0.444900 0.448958 0.441970 0.433333 0.445487 0.415625 0.459555 0.415625 0.463658 0.419792 0.467175 0.411458 0.469519 0.404167 0.473623 0.404167 0.478312 0.410417 0.480657 0.427083 0.478312 0.442708 0.478312 0.450000 0.479484 0.456250 0.478312 0.464583 0.478898 0.478125 0.477726 0.486458 0.473623 0.488542 0.471278 0.488542 0.466588 0.482292 0.456624
1 0.461458 0.420868 0.464583 0.423212 0.469792 0.423798 0.477083 0.419695 0.481250 0.419695 0.487500 0.420868 0.494792 0.420868 0.500000 0.422626 0.508333 0.422040 0.513542 0.425557 0.516667 0.426143 0.519792 0.425557 0.513542 0.421454 0.513542 0.417937 0.515625 0.414420 0.513542 0.412661 0.512500 0.409144 0.510417 0.406800 0.504167 0.403283 0.500000 0.402110 0.490625 0.402110 0.482292 0.403869 0.476042 0.407386 0.467708 0.417351
1 0.590625 0.432005 0.594792 0.432591 0.596875 0.431419 0.608333 0.431419 0.609375 0.432005 0.614583 0.432005 0.620833 0.433763 0.628125 0.433763 0.631250 0.432591 0.640625 0.432591 0.643750 0.430832 0.643750 0.426729 0.640625 0.420868 0.637500 0.417937 0.630208 0.413834 0.628125 0.413247 0.611458 0.413247 0.607292 0.413834 0.601042 0.416178 0.591667 0.427315 0.591667 0.431419
1 0.100000 0.650645 0.098958 0.650645 0.097917 0.651231 0.097917 0.652403 0.095833 0.654162 0.095833 0.659437 0.094792 0.660023 0.094792 0.665885 0.095833 0.666471 0.102083 0.666471 0.104167 0.664713 0.104167 0.662954 0.105208 0.662368 0.105208 0.657679 0.104167 0.657093 0.104167 0.654748 0.103125 0.654162 0.103125 0.652989 0.102083 0.652403 0.102083 0.651231 0.101042 0.651231
1 0.240625 0.628370 0.239583 0.628370 0.238542 0.628957 0.237500 0.628957 0.237500 0.633060 0.236458 0.633646 0.236458 0.635991 0.235417 0.636577 0.235417 0.637749 0.236458 0.638335 0.237500 0.638335 0.240625 0.636577 0.241667 0.636577 0.242708 0.635991 0.242708 0.635404 0.243750 0.634818 0.243750 0.634232 0.244792 0.633646 0.244792 0.632474 0.243750 0.631887 0.243750 0.630129
2 0.240625 0.604924 0.239583 0.605510 0.239583 0.613716 0.240625 0.614302 0.240625 0.614889 0.251042 0.614889 0.252083 0.614302 0.253125 0.614302 0.256250 0.612544 0.256250 0.610785 0.255208 0.610199 0.255208 0.609027 0.252083 0.607268 0.251042 0.607268 0.247917 0.605510 0.246875 0.605510 0.245833 0.604924
2 0.707292 0.672333 0.705208 0.674678 0.705208 0.677608 0.710417 0.682298 0.721875 0.685229 0.727083 0.685815 0.732292 0.688746 0.744792 0.691676 0.754167 0.691090 0.758333 0.689332 0.758333 0.685229 0.756250 0.681712 0.751042 0.677022 0.733333 0.677608 0.727083 0.674678 0.722917 0.670574 0.711458 0.670574
3 0.518750 0.589097 0.518750 0.595545 0.519792 0.596131 0.519792 0.599062 0.520833 0.599648 0.520833 0.603751 0.521875 0.604338 0.521875 0.606096 0.525000 0.606096 0.526042 0.605510 0.527083 0.605510 0.529167 0.604338 0.529167 0.603751 0.530208 0.603165 0.530208 0.601407 0.531250 0.600821 0.531250 0.594373 0.530208 0.593787 0.530208 0.592614 0.525000 0.589683 0.523958 0.589683 0.522917 0.589097
3 0.151042 0.634232 0.146875 0.632474 0.143750 0.632474 0.142708 0.633060 0.139583 0.633060 0.138542 0.633646 0.136458 0.633646 0.133333 0.634818 0.130208 0.634818 0.127083 0.637163 0.127083 0.637749 0.128125 0.638335 0.128125 0.641852 0.129167 0.642438 0.129167 0.643611 0.132292 0.644783 0.134375 0.644783 0.135417 0.644197 0.136458 0.644197 0.137500 0.644783 0.147917 0.644783 0.148958 0.644197 0.150000 0.644197 0.150000 0.643611 0.151042 0.643025 0.151042 0.641852 0.152083 0.641266 0.152083 0.638921 0.153125 0.638335 0.153125 0.636577 0.152083 0.635991
3 0.504167 0.703986 0.498958 0.701641 0.492708 0.701055 0.490625 0.702814 0.490625 0.708089 0.487500 0.710434 0.481250 0.711020 0.480208 0.711606 0.466667 0.711020 0.465625 0.714537 0.464583 0.715123 0.464583 0.720399 0.467708 0.722743 0.472917 0.723916 0.480208 0.723916 0.481250 0.723329 0.487500 0.722743 0.504167 0.712778 0.506250 0.710434 0.506250 0.706331
3 0.146875 0.655920 0.143750 0.654162 0.139583 0.654162 0.127083 0.659437 0.122917 0.659437 0.118750 0.660610 0.107292 0.660610 0.105208 0.662368 0.103125 0.667057 0.103125 0.669988 0.102083 0.670574 0.103125 0.674678 0.105208 0.675850 0.123958 0.675850 0.125000 0.675264 0.133333 0.675264 0.134375 0.674678 0.147917 0.674678 0.150000 0.673505 0.151042 0.671161 0.150000 0.670574 0.148958 0.659437
3 0.276042 0.695193 0.271875 0.693435 0.256250 0.695193 0.250000 0.693435 0.239583 0.692849 0.236458 0.694021 0.233333 0.698124 0.228125 0.701641 0.218750 0.703986 0.206250 0.703400 0.204167 0.704572 0.203125 0.706917 0.205208 0.709261 0.209375 0.709848 0.220833 0.709848 0.236458 0.708089 0.251042 0.707503 0.271875 0.702814 0.276042 0.699297
3 0.382292 0.595545 0.382292 0.596131 0.381250 0.596717 0.381250 0.601993 0.382292 0.602579 0.382292 0.604338 0.383333 0.604924 0.383333 0.605510 0.385417 0.606682 0.386458 0.606682 0.387500 0.607268 0.391667 0.607268 0.393750 0.606096 0.393750 0.599648 0.394792 0.599062 0.394792 0.597304 0.393750 0.596717 0.393750 0.596131 0.390625 0.594959 0.385417 0.594959 0.384375 0.595545
3 0.761458 0.622509 0.760417 0.623095 0.759375 0.623095 0.748958 0.628957 0.748958 0.630129 0.750000 0.630715 0.750000 0.633060 0.751042 0.633646 0.751042 0.634818 0.752083 0.635404 0.752083 0.635991 0.754167 0.637749 0.754167 0.638921 0.755208 0.639508 0.759375 0.639508 0.760417 0.638921 0.761458 0.638921 0.764583 0.637163 0.764583 0.631887 0.763542 0.631301 0.763542 0.626026 0.762500 0.625440 0.762500 0.623681 0.761458 0.623095
3 0.350000 0.591442 0.347917 0.592614 0.347917 0.593787 0.346875 0.594373 0.346875 0.595545 0.344792 0.596717 0.344792 0.597304 0.342708 0.599062 0.342708 0.601993 0.344792 0.603165 0.344792 0.603751 0.346875 0.603751 0.347917 0.604338 0.356250 0.604338 0.357292 0.603751 0.359375 0.603751 0.361458 0.602579 0.361458 0.601993 0.362500 0.601407 0.362500 0.599648 0.363542 0.599062 0.363542 0.592028 0.362500 0.591442
3 0.712500 0.633646 0.709375 0.631887 0.708333 0.631887 0.707292 0.632474 0.706250 0.632474 0.703125 0.633646 0.701042 0.633646 0.700000 0.634232 0.698958 0.634232 0.695833 0.635991 0.695833 0.636577 0.694792 0.637163 0.694792 0.640094 0.695833 0.640680 0.695833 0.641266 0.696875 0.641266 0.697917 0.641852 0.700000 0.641852 0.701042 0.642438 0.704167 0.642438 0.705208 0.643025 0.712500 0.643025 0.713542 0.642438 0.714583 0.642438 0.714583 0.637163 0.713542 0.636577 0.713542 0.634818 0.712500 0.634232
3 0.786458 0.610785 0.784375 0.610785 0.769792 0.617819 0.764583 0.617819 0.762500 0.618992 0.762500 0.620164 0.761458 0.620750 0.761458 0.624267 0.764583 0.626612 0.767708 0.626612 0.768750 0.627198 0.789583 0.627198 0.791667 0.625440 0.791667 0.616647
3 0.592708 0.675264 0.591667 0.678195 0.593750 0.680539 0.597917 0.682884 0.607292 0.685229 0.620833 0.685229 0.626042 0.686401 0.641667 0.687573 0.657292 0.687573 0.660417 0.686987 0.662500 0.685229 0.662500 0.679367 0.660417 0.675264 0.656250 0.675264 0.652083 0.676436 0.638542 0.675264 0.633333 0.672919 0.630208 0.667644 0.625000 0.667644 0.613542 0.671747 0.597917 0.672333
3 0.410417 0.699297 0.404167 0.703400 0.404167 0.705158 0.403125 0.705744 0.404167 0.710434 0.412500 0.717468 0.416667 0.719812 0.418750 0.720399 0.431250 0.720399 0.432292 0.719812 0.434375 0.719812 0.437500 0.718054 0.437500 0.716882 0.438542 0.716295 0.438542 0.711020 0.437500 0.710434 0.437500 0.708089 0.435417 0.706917 0.416667 0.707503 0.414583 0.706331 0.414583 0.703986 0.413542 0.703400 0.414583 0.698710
3 0.202083 0.689332 0.198958 0.688159 0.192708 0.687573 0.190625 0.689918 0.190625 0.692263 0.185417 0.695780 0.183333 0.695780 0.170833 0.701055 0.160417 0.700469 0.160417 0.702227 0.159375 0.702814 0.159375 0.706331 0.160417 0.707503 0.164583 0.708675 0.172917 0.708089 0.195833 0.701055 0.202083 0.700469 0.204167 0.697538 0.204167 0.692263
3 0.627083 0.616061 0.626042 0.615475 0.620833 0.614889 0.612500 0.611372 0.609375 0.610785 0.605208 0.608441 0.603125 0.608441 0.602083 0.607855 0.597917 0.609613 0.596875 0.611372 0.593750 0.612544 0.588542 0.616647 0.580208 0.620164 0.579167 0.623095 0.582292 0.624853 0.587500 0.626026 0.598958 0.626026 0.600000 0.625440 0.607292 0.624853 0.613542 0.623095 0.622917 0.621923 0.626042 0.620164 0.626042 0.617233
