0 0.902083 0.394490 0.885417 0.402110 0.885417 0.424971 0.856250 0.437866 0.846875 0.459555 0.865625 0.472450 0.861458 0.584994 0.883333 0.586753 0.904167 0.525791 0.921875 0.581477 0.958333 0.587925 0.942708 0.563892 0.944792 0.481243 0.956250 0.507034 0.971875 0.497655 0.955208 0.439625 0.925000 0.422626 0.920833 0.400352
0 0.069792 0.418523 0.050000 0.428488 0.048958 0.456624 0.040625 0.470105 0.055208 0.494725 0.050000 0.528136 0.068750 0.562134 0.071875 0.620164 0.109375 0.621336 0.131250 0.616647 0.125000 0.604924 0.098958 0.601407 0.092708 0.593787 0.114583 0.533998 0.125000 0.527550 0.121875 0.484174 0.165625 0.476553 0.161458 0.461899 0.148958 0.466002 0.105208 0.464830 0.097917 0.452521 0.112500 0.434349 0.086458 0.420868
0 0.337500 0.416764 0.318750 0.418523 0.302083 0.432005 0.310417 0.449590 0.297917 0.472450 0.290625 0.508206 0.300000 0.521688 0.310417 0.567995 0.308333 0.574443 0.289583 0.585580 0.314583 0.587339 0.323958 0.592028 0.354167 0.586167 0.352083 0.530481 0.361458 0.513482 0.359375 0.483587 0.365625 0.468347 0.364583 0.456038 0.352083 0.443142 0.353125 0.426143
0 0.208333 0.423212 0.194792 0.429074 0.175000 0.467175 0.186458 0.471278 0.193750 0.480070 0.191667 0.519343 0.204167 0.528722 0.208333 0.542790 0.202083 0.567995 0.206250 0.593200 0.227083 0.596131 0.243750 0.594959 0.251042 0.584994 0.250000 0.580891 0.229167 0.575615 0.229167 0.568581 0.246875 0.548066 0.248958 0.532239 0.260417 0.529308 0.257292 0.484760 0.232292 0.456624 0.234375 0.445487 0.246875 0.439039 0.218750 0.423798
0 0.140625 0.424971 0.122917 0.435522 0.129167 0.449590 0.125000 0.461899 0.146875 0.466588 0.157292 0.461313 0.166667 0.463072 0.165625 0.476553 0.125000 0.484760 0.125000 0.530481 0.133333 0.549824 0.136458 0.602579 0.177083 0.604338 0.187500 0.595545 0.162500 0.586167 0.161458 0.575029 0.188542 0.524619 0.185417 0.490621 0.192708 0.480070 0.167708 0.466588 0.167708 0.450762 0.181250 0.446073 0.157292 0.427902
0 0.667708 0.392732 0.655208 0.394490 0.636458 0.410317 0.644792 0.422626 0.625000 0.432005 0.617708 0.441970 0.622917 0.492380 0.629167 0.501172 0.623958 0.559789 0.630208 0.575615 0.651042 0.582063 0.668750 0.573857 0.704167 0.574443 0.679167 0.560961 0.690625 0.501759 0.698958 0.500000 0.701042 0.491794 0.686458 0.440211 0.673958 0.428488 0.678125 0.418523 0.690625 0.410903 0.678125 0.396249
0 0.557292 0.413247 0.541667 0.419695 0.536458 0.434349 0.541667 0.446073 0.527083 0.454279 0.521875 0.463072 0.518750 0.515240 0.525000 0.518757 0.529167 0.516413 0.548958 0.563892 0.532292 0.578546 0.557292 0.578546 0.561458 0.584994 0.573958 0.585580 0.588542 0.580305 0.590625 0.548652 0.585417 0.525791 0.593750 0.454279 0.579167 0.445487 0.576042 0.421454
0 0.785417 0.405041 0.762500 0.410317 0.760417 0.432005 0.737500 0.441383 0.729167 0.470692 0.741667 0.478898 0.740625 0.581477 0.746875 0.584994 0.761458 0.583236 0.768750 0.538101 0.778125 0.576202 0.806250 0.580305 0.825000 0.577960 0.803125 0.567409 0.798958 0.555100 0.807292 0.515240 0.818750 0.509379 0.811458 0.445487 0.793750 0.435522 0.798958 0.415006
0 0.478125 0.409730 0.462500 0.417351 0.460417 0.432005 0.450000 0.447831 0.456250 0.475967 0.450000 0.499414 0.462500 0.528136 0.457292 0.549238 0.463542 0.579719 0.490625 0.583822 0.517708 0.577960 0.517708 0.574443 0.496875 0.567409 0.497917 0.539859 0.518750 0.504689 0.518750 0.459555 0.498958 0.439625 0.509375 0.424971 0.493750 0.412661
0 0.391667 0.423798 0.378125 0.432005 0.380208 0.442556 0.367708 0.476553 0.376042 0.490621 0.378125 0.525791 0.391667 0.546307 0.383333 0.582063 0.400000 0.583822 0.406250 0.589097 0.439583 0.590856 0.443750 0.586753 0.425000 0.577960 0.418750 0.555100 0.431250 0.525205 0.445833 0.515827 0.442708 0.476553 0.433333 0.463072 0.418750 0.453107 0.413542 0.429660 0.403125 0.424385
1 0.046875 0.435522 0.047917 0.436108 0.047917 0.439039 0.050000 0.439625 0.055208 0.439039 0.063542 0.435522 0.080208 0.436108 0.081250 0.436694 0.107292 0.435522 0.104167 0.434936 0.103125 0.432005 0.088542 0.421454 0.078125 0.418523 0.067708 0.418523 0.058333 0.420868 0.053125 0.423798 0.050000 0.427315
1 0.578125 0.400938 0.575000 0.399179 0.565625 0.399179 0.563542 0.398593 0.560417 0.400352 0.560417 0.400938 0.557292 0.402110 0.555208 0.401524 0.552083 0.401524 0.545833 0.403283 0.544792 0.403869 0.543750 0.407972 0.545833 0.409144 0.548958 0.409144 0.550000 0.409730 0.557292 0.409730 0.559375 0.409144 0.562500 0.407386 0.562500 0.406800 0.566667 0.405041 0.570833 0.406213 0.573958 0.406213 0.575000 0.405627 0.577083 0.405627 0.578125 0.405041
1 0.343750 0.417937 0.336458 0.416178 0.326042 0.416178 0.318750 0.417937 0.312500 0.421454 0.308333 0.427315 0.303125 0.430832 0.301042 0.433763 0.303125 0.439039 0.308333 0.442556 0.310417 0.443142 0.311458 0.441970 0.313542 0.432591 0.317708 0.429660 0.337500 0.430832 0.342708 0.433763 0.346875 0.434936 0.352083 0.434936 0.354167 0.430832 0.353125 0.426143 0.348958 0.420868
1 0.194792 0.429074 0.191667 0.433763 0.191667 0.437280 0.190625 0.437866 0.191667 0.442556 0.196875 0.441383 0.214583 0.441383 0.225000 0.439625 0.230208 0.439625 0.236458 0.442556 0.245833 0.442556 0.246875 0.441383 0.246875 0.438453 0.244792 0.436694 0.235417 0.433763 0.230208 0.429074 0.219792 0.424385 0.212500 0.423212 0.207292 0.423212 0.202083 0.424385
1 0.122917 0.435522 0.121875 0.441383 0.123958 0.444314 0.129167 0.447831 0.137500 0.446073 0.145833 0.443142 0.150000 0.443142 0.156250 0.441383 0.163542 0.441970 0.167708 0.444314 0.168750 0.446073 0.173958 0.446659 0.180208 0.446073 0.179167 0.441970 0.169792 0.437280 0.162500 0.430832 0.157292 0.427902 0.148958 0.424971 0.140625 0.424971 0.130208 0.428488 0.126042 0.431419
1 0.691667 0.410903 0.684375 0.406800 0.683333 0.401524 0.680208 0.397421 0.672917 0.393318 0.662500 0.392732 0.657292 0.393318 0.646875 0.399766 0.642708 0.406213 0.634375 0.412661 0.634375 0.414420 0.636458 0.415592 0.643750 0.416764 0.645833 0.415006 0.645833 0.410317 0.650000 0.407972 0.653125 0.409144 0.675000 0.409144 0.680208 0.411489 0.681250 0.414420 0.683333 0.415592 0.688542 0.415592 0.690625 0.414420
1 0.543750 0.417351 0.540625 0.420868 0.538542 0.429660 0.536458 0.432591 0.536458 0.435522 0.538542 0.436694 0.542708 0.436694 0.548958 0.433177 0.564583 0.433177 0.570833 0.434349 0.571875 0.435522 0.576042 0.436694 0.580208 0.436694 0.581250 0.436108 0.581250 0.434349 0.578125 0.432005 0.576042 0.421454 0.570833 0.416764 0.566667 0.415006 0.558333 0.413247 0.554167 0.413834
1 0.922917 0.401524 0.916667 0.397421 0.910417 0.395076 0.907292 0.395076 0.906250 0.394490 0.898958 0.395076 0.887500 0.399766 0.884375 0.403283 0.882292 0.408558 0.879167 0.411489 0.880208 0.413247 0.882292 0.414420 0.890625 0.414420 0.894792 0.413247 0.905208 0.413247 0.906250 0.412661 0.911458 0.412661 0.912500 0.412075 0.925000 0.412075 0.926042 0.411489 0.926042 0.407386
1 0.471875 0.410317 0.466667 0.413247 0.461458 0.417937 0.460417 0.420281 0.461458 0.424385 0.465625 0.426143 0.469792 0.426143 0.477083 0.424385 0.480208 0.424385 0.483333 0.423212 0.493750 0.423212 0.495833 0.424385 0.496875 0.427902 0.500000 0.430832 0.500000 0.432005 0.504167 0.433177 0.506250 0.432591 0.509375 0.429660 0.509375 0.424971 0.508333 0.423212 0.504167 0.420868 0.500000 0.419695 0.495833 0.413834 0.491667 0.411489 0.484375 0.409730
1 0.380208 0.428488 0.378125 0.431419 0.378125 0.433763 0.377083 0.434349 0.377083 0.439039 0.379167 0.440797 0.385417 0.441383 0.386458 0.441970 0.401042 0.441970 0.406250 0.440797 0.416667 0.440797 0.418750 0.439625 0.418750 0.437866 0.417708 0.437280 0.417708 0.435522 0.416667 0.434936 0.414583 0.430246 0.412500 0.428488 0.405208 0.424971 0.400000 0.423798 0.390625 0.423798 0.386458 0.424971
1 0.758333 0.417351 0.758333 0.419695 0.761458 0.420868 0.766667 0.420868 0.770833 0.419695 0.782292 0.419695 0.783333 0.419109 0.788542 0.419109 0.789583 0.418523 0.790625 0.419109 0.793750 0.419109 0.795833 0.420281 0.798958 0.420281 0.800000 0.419695 0.798958 0.414420 0.793750 0.407972 0.786458 0.405041 0.780208 0.405041 0.779167 0.404455 0.777083 0.405041 0.772917 0.405041 0.768750 0.406213 0.763542 0.409144 0.760417 0.412661 0.759375 0.416764
1 0.652083 0.567409 0.654167 0.572098 0.658333 0.574443 0.661458 0.574443 0.662500 0.575029 0.675000 0.573857 0.676042 0.574443 0.690625 0.575029 0.691667 0.575615 0.702083 0.575615 0.706250 0.574443 0.705208 0.570926 0.687500 0.566823 0.679167 0.563306 0.676042 0.563892 0.671875 0.566237 0.668750 0.566823 0.661458 0.566823 0.657292 0.565064
1 0.864583 0.573857 0.862500 0.575029 0.862500 0.576788 0.861458 0.577374 0.861458 0.580891 0.860417 0.581477 0.860417 0.586167 0.863542 0.587925 0.865625 0.588511 0.869792 0.588511 0.870833 0.589097 0.877083 0.589097 0.878125 0.588511 0.881250 0.588511 0.883333 0.587925 0.884375 0.586753 0.884375 0.584994 0.885417 0.584408 0.885417 0.582649 0.886458 0.582063 0.886458 0.579719 0.887500 0.579132 0.887500 0.577960 0.884375 0.575615 0.884375 0.575029 0.878125 0.573271 0.870833 0.573271 0.869792 0.573857
1 0.650000 0.565651 0.650000 0.566823 0.648958 0.567409 0.651042 0.568581 0.651042 0.569168 0.652083 0.569754 0.652083 0.570926 0.654167 0.572098 0.654167 0.572685 0.658333 0.575615 0.665625 0.575615 0.668750 0.574443 0.670833 0.574443 0.670833 0.570926 0.669792 0.570340 0.669792 0.569754 0.665625 0.567409 0.663542 0.567409 0.662500 0.566823 0.660417 0.566823 0.657292 0.565064 0.657292 0.564478 0.655208 0.564478 0.654167 0.563892 0.653125 0.564478 0.652083 0.564478
1 0.095833 0.600821 0.095833 0.602579 0.096875 0.603165 0.096875 0.604338 0.097917 0.604924 0.097917 0.607855 0.098958 0.608441 0.102083 0.608441 0.104167 0.609613 0.106250 0.609613 0.107292 0.610199 0.109375 0.610199 0.110417 0.610785 0.112500 0.610785 0.113542 0.611372 0.120833 0.611372 0.125000 0.609613 0.125000 0.608441 0.126042 0.607855 0.126042 0.604924 0.122917 0.603165 0.112500 0.603165 0.111458 0.602579 0.107292 0.602579 0.106250 0.601993 0.101042 0.601407 0.098958 0.600234 0.096875 0.600234
3 0.330208 0.576788 0.327083 0.573857 0.325000 0.573857 0.323958 0.574443 0.312500 0.574443 0.311458 0.575029 0.309375 0.575029 0.307292 0.575615 0.307292 0.576202 0.300000 0.579719 0.291667 0.581477 0.288542 0.583822 0.288542 0.586167 0.292708 0.587925 0.305208 0.587925 0.306250 0.587339 0.309375 0.587339 0.313542 0.586167 0.316667 0.586167 0.329167 0.580891 0.329167 0.579719 0.330208 0.579132
3 0.180208 0.600821 0.178125 0.599062 0.170833 0.597304 0.162500 0.593200 0.158333 0.592614 0.155208 0.594373 0.151042 0.595545 0.148958 0.595545 0.147917 0.596131 0.139583 0.596131 0.136458 0.598476 0.136458 0.600821 0.135417 0.601993 0.136458 0.603165 0.138542 0.603751 0.152083 0.604338 0.153125 0.604924 0.156250 0.604924 0.157292 0.605510 0.170833 0.605510 0.171875 0.604924 0.176042 0.604924 0.178125 0.604338 0.180208 0.603165
3 0.352083 0.577960 0.351042 0.577374 0.345833 0.577374 0.344792 0.577960 0.340625 0.577960 0.339583 0.577374 0.335417 0.577374 0.334375 0.577960 0.332292 0.577960 0.331250 0.577374 0.331250 0.580305 0.330208 0.581477 0.320833 0.584994 0.315625 0.587925 0.316667 0.591442 0.319792 0.591442 0.320833 0.592028 0.329167 0.592028 0.330208 0.591442 0.341667 0.590270 0.347917 0.588511 0.353125 0.587925 0.355208 0.585580 0.355208 0.584408 0.354167 0.583822 0.354167 0.582063 0.352083 0.579719
3 0.919792 0.577960 0.920833 0.579132 0.920833 0.582063 0.923958 0.583822 0.929167 0.584994 0.935417 0.587925 0.941667 0.588511 0.942708 0.589097 0.958333 0.589097 0.959375 0.588511 0.964583 0.588511 0.965625 0.587925 0.964583 0.585580 0.959375 0.580891 0.956250 0.579132 0.955208 0.579132 0.948958 0.575029 0.937500 0.575029 0.932292 0.576202 0.922917 0.576202 0.920833 0.576788
3 0.560417 0.585580 0.562500 0.585580 0.563542 0.586167 0.572917 0.586167 0.573958 0.585580 0.577083 0.585580 0.578125 0.584994 0.580208 0.584994 0.581250 0.584408 0.586458 0.583236 0.588542 0.582063 0.588542 0.577374 0.587500 0.576788 0.587500 0.576202 0.586458 0.576202 0.585417 0.575615 0.581250 0.575615 0.580208 0.575029 0.578125 0.575029 0.577083 0.574443 0.572917 0.574443 0.570833 0.573271 0.567708 0.573857 0.565625 0.575029 0.564583 0.577960 0.562500 0.579132 0.562500 0.580305 0.561458 0.580891 0.561458 0.582063 0.560417 0.582649
3 0.070833 0.611372 0.070833 0.619578 0.072917 0.621336 0.083333 0.621336 0.084375 0.621923 0.085417 0.621336 0.104167 0.621336 0.105208 0.621923 0.115625 0.621336 0.129167 0.618406 0.132292 0.616061 0.129167 0.613130 0.119792 0.611372 0.111458 0.610785 0.105208 0.607855 0.098958 0.606682 0.094792 0.609027 0.088542 0.610785 0.084375 0.611372 0.071875 0.610785
3 0.383333 0.577374 0.383333 0.577960 0.382292 0.578546 0.382292 0.582649 0.383333 0.583236 0.384375 0.583236 0.385417 0.583822 0.402083 0.583822 0.402083 0.579132 0.401042 0.578546 0.401042 0.577960 0.389583 0.577960 0.388542 0.577374
3 0.247917 0.591442 0.244792 0.589097 0.242708 0.589097 0.238542 0.587339 0.230208 0.585580 0.227083 0.583822 0.221875 0.586753 0.216667 0.587925 0.212500 0.589683 0.209375 0.589683 0.207292 0.588511 0.205208 0.588511 0.205208 0.592614 0.206250 0.593787 0.210417 0.594373 0.211458 0.594959 0.215625 0.594959 0.216667 0.595545 0.222917 0.595545 0.223958 0.596131 0.244792 0.594959 0.246875 0.593787
3 0.160417 0.587925 0.160417 0.588511 0.159375 0.589097 0.159375 0.592614 0.161458 0.593787 0.163542 0.593787 0.166667 0.595545 0.167708 0.595545 0.168750 0.596131 0.176042 0.597890 0.178125 0.599062 0.180208 0.599062 0.187500 0.596717 0.187500 0.596131 0.188542 0.595545 0.188542 0.593787 0.186458 0.592028 0.184375 0.592028 0.181250 0.590856 0.179167 0.590856 0.169792 0.587339 0.166667 0.587339 0.165625 0.586753 0.162500 0.586753
3 0.628125 0.570340 0.628125 0.572685 0.629167 0.573271 0.629167 0.575029 0.630208 0.576202 0.636458 0.579132 0.638542 0.579132 0.646875 0.581477 0.658333 0.581477 0.658333 0.578546 0.659375 0.577960 0.658333 0.577374 0.658333 0.576202 0.656250 0.575029 0.656250 0.573857 0.655208 0.572685 0.653125 0.571512 0.652083 0.569754 0.648958 0.567995 0.646875 0.565651 0.645833 0.566237 0.642708 0.566237 0.641667 0.566823 0.639583 0.566823 0.636458 0.568581 0.632292 0.569754 0.629167 0.569754
3 0.227083 0.578546 0.227083 0.579719 0.226042 0.580305 0.226042 0.584994 0.229167 0.586753 0.232292 0.587339 0.234375 0.588511 0.237500 0.588511 0.238542 0.589097 0.243750 0.589097 0.244792 0.588511 0.247917 0.587925 0.251042 0.586167 0.251042 0.585580 0.252083 0.584994 0.252083 0.582063 0.251042 0.581477 0.251042 0.580891 0.246875 0.580891 0.245833 0.580305 0.238542 0.580305 0.232292 0.577960 0.228125 0.577960
3 0.567708 0.571512 0.566667 0.570926 0.562500 0.570926 0.561458 0.570340 0.559375 0.570340 0.556250 0.569168 0.554167 0.569168 0.550000 0.567995 0.548958 0.568581 0.546875 0.568581 0.544792 0.569168 0.536458 0.573271 0.535417 0.573271 0.532292 0.575029 0.531250 0.576202 0.531250 0.577374 0.530208 0.577960 0.532292 0.579719 0.534375 0.580305 0.538542 0.580305 0.539583 0.580891 0.540625 0.580305 0.548958 0.580305 0.550000 0.579719 0.552083 0.579719 0.553125 0.579132 0.556250 0.579132 0.557292 0.578546 0.562500 0.578546 0.567708 0.574443
3 0.743750 0.571512 0.741667 0.572685 0.741667 0.573857 0.740625 0.574443 0.740625 0.582649 0.741667 0.583236 0.741667 0.583822 0.742708 0.584408 0.743750 0.584408 0.744792 0.584994 0.746875 0.584994 0.747917 0.585580 0.759375 0.585580 0.760417 0.584994 0.761458 0.584994 0.761458 0.572098 0.760417 0.571512 0.760417 0.570926 0.759375 0.570926 0.758333 0.570340 0.748958 0.570340 0.747917 0.570926 0.745833 0.570926 0.744792 0.571512
3 0.403125 0.584408 0.403125 0.587925 0.406250 0.589097 0.409375 0.589097 0.410417 0.589683 0.415625 0.589683 0.416667 0.590270 0.420833 0.590270 0.421875 0.590856 0.440625 0.590856 0.444792 0.589097 0.444792 0.587339 0.442708 0.585580 0.434375 0.583822 0.426042 0.580305 0.423958 0.580305 0.411458 0.583822 0.408333 0.583822 0.407292 0.584408 0.404167 0.583822
3 0.463542 0.576202 0.463542 0.580891 0.468750 0.582649 0.471875 0.582649 0.472917 0.583236 0.484375 0.583236 0.485417 0.583822 0.492708 0.583822 0.493750 0.584408 0.497917 0.582649 0.497917 0.580305 0.493750 0.577960 0.493750 0.577374 0.489583 0.575029 0.489583 0.574443 0.482292 0.570926 0.479167 0.570926 0.470833 0.573857 0.467708 0.573857 0.465625 0.574443
3 0.485417 0.570926 0.487500 0.572098 0.487500 0.572685 0.488542 0.573271 0.488542 0.574443 0.494792 0.577960 0.494792 0.578546 0.495833 0.578546 0.497917 0.579719 0.510417 0.579719 0.511458 0.579132 0.515625 0.579132 0.518750 0.577960 0.518750 0.574443 0.517708 0.574443 0.516667 0.573857 0.513542 0.573857 0.512500 0.573271 0.507292 0.572098 0.504167 0.570340 0.503125 0.570340 0.501042 0.569168 0.500000 0.569168 0.495833 0.567409 0.494792 0.567409 0.488542 0.570926
3 0.778125 0.574443 0.779167 0.575615 0.779167 0.577374 0.782292 0.578546 0.800000 0.579132 0.801042 0.579719 0.804167 0.579719 0.809375 0.580891 0.817708 0.580891 0.818750 0.580305 0.820833 0.580305 0.826042 0.577960 0.826042 0.574443 0.825000 0.573857 0.817708 0.572685 0.813542 0.570926 0.811458 0.570926 0.803125 0.567995 0.800000 0.567995 0.797917 0.568581 0.790625 0.573271 0.788542 0.573271 0.787500 0.573857 0.779167 0.573857
3 0.869792 0.432005 0.865625 0.437866 0.892708 0.473623 0.885417 0.476553 0.868750 0.471278 0.865625 0.478312 0.892708 0.482415 0.910417 0.488863 0.915625 0.488277 0.920833 0.481829 0.942708 0.479484 0.943750 0.473623 0.925000 0.475381 0.935417 0.445487 0.934375 0.430246 0.928125 0.429660 0.925000 0.444900 0.911458 0.476553 0.905208 0.474795 0.876042 0.432591
