0 0.272563 0.524712 0.263538 0.545701 0.268051 0.553148 0.269856 0.591063 0.261733 0.620176 0.259928 0.672309 0.268953 0.677048 0.274368 0.675017 0.277978 0.651320 0.275271 0.611374 0.279783 0.536222
0 0.376354 0.341909 0.370939 0.433311 0.346570 0.457007 0.340253 0.421124 0.295126 0.416385 0.290614 0.450914 0.260830 0.477319 0.281588 0.540284 0.269856 0.775897 0.286101 0.779959 0.305054 0.765064 0.300542 0.705484 0.320397 0.651997 0.327617 0.786730 0.390794 0.773189 0.355596 0.754909 0.378159 0.615437 0.361913 0.505078 0.399819 0.419093 0.399819 0.362898
0 0.674188 0.405552 0.667870 0.419770 0.703971 0.490860 0.648014 0.500338 0.639892 0.512525 0.652527 0.519973 0.705776 0.526066 0.690433 0.588355 0.719314 0.658091 0.722924 0.689912 0.689531 0.702776 0.703069 0.712932 0.695848 0.715640 0.701264 0.723764 0.739170 0.726473 0.755415 0.721733 0.749097 0.607312 0.759928 0.582938 0.769856 0.480027 0.755415 0.472580 0.740975 0.442789 0.703069 0.443466
0 0.233755 0.392011 0.213899 0.450914 0.187726 0.448883 0.174188 0.465809 0.183213 0.490860 0.175993 0.504401 0.178700 0.617468 0.165162 0.720379 0.190433 0.735951 0.239170 0.723764 0.219314 0.714286 0.216606 0.698714 0.237365 0.649289 0.240072 0.529452 0.271661 0.522004 0.265343 0.506432 0.222022 0.501693 0.244585 0.405552
0 0.620036 0.363575 0.617329 0.460393 0.608303 0.429248 0.574007 0.424509 0.557762 0.444144 0.569495 0.480704 0.479242 0.508463 0.537906 0.525389 0.532491 0.755586 0.502708 0.773189 0.545126 0.788084 0.572202 0.765064 0.567690 0.702776 0.590253 0.648612 0.629061 0.776574 0.645307 0.772512 0.650722 0.748815 0.629964 0.547055 0.645307 0.471903
0 0.466606 0.398781 0.444043 0.466486 0.452166 0.501016 0.443141 0.537576 0.451264 0.549763 0.446751 0.660799 0.470217 0.654028 0.471119 0.606635 0.481047 0.578199 0.492780 0.647258 0.501805 0.661476 0.515343 0.662830 0.508123 0.519973 0.483755 0.525389 0.474729 0.511848 0.515343 0.495599 0.518953 0.483412 0.496390 0.474611 0.497292 0.450237 0.489170 0.441435 0.462996 0.442789 0.473827 0.412999
0 0.638087 0.513202 0.631769 0.525389 0.631769 0.551117 0.641697 0.603250 0.655235 0.629655 0.656137 0.665538 0.662455 0.688558 0.677798 0.692620 0.682310 0.690589 0.678700 0.673663 0.683213 0.648612 0.672383 0.606635 0.670578 0.549086 0.674188 0.525389 0.653430 0.521327
1 0.462094 0.452268 0.462996 0.456330 0.464801 0.457007 0.468412 0.457007 0.474729 0.454976 0.486462 0.454976 0.487365 0.455653 0.490975 0.455653 0.494585 0.457684 0.495487 0.457007 0.497292 0.457007 0.498195 0.455653 0.498195 0.450914 0.495487 0.447529 0.495487 0.446175 0.490072 0.441435 0.483755 0.438727 0.474729 0.439404 0.470217 0.441435 0.465704 0.444821
1 0.749097 0.449560 0.743682 0.444144 0.733755 0.439404 0.722022 0.438727 0.711191 0.442112 0.705776 0.445498 0.700361 0.454299 0.700361 0.459039 0.699458 0.459716 0.702166 0.467840 0.703971 0.469194 0.707581 0.469194 0.713899 0.464455 0.718412 0.462424 0.724729 0.461070 0.740975 0.454299 0.744585 0.453622 0.748195 0.454976 0.750903 0.454299
1 0.563177 0.431280 0.556859 0.444821 0.556859 0.448883 0.560469 0.452268 0.574007 0.452268 0.582130 0.454299 0.607401 0.456330 0.615523 0.455653 0.617329 0.452945 0.617329 0.448206 0.613718 0.435342 0.607401 0.427894 0.601986 0.423832 0.594765 0.421801 0.581227 0.421801 0.571300 0.425186
1 0.286101 0.442112 0.283394 0.444144 0.283394 0.444821 0.282491 0.445498 0.282491 0.446852 0.281588 0.447529 0.281588 0.454299 0.282491 0.454976 0.282491 0.455653 0.283394 0.455653 0.284296 0.454976 0.286101 0.454976 0.288809 0.452945 0.289711 0.452945 0.289711 0.451591 0.290614 0.450914 0.290614 0.444821 0.289711 0.444144 0.289711 0.443466 0.288809 0.442789 0.287004 0.442789
1 0.210289 0.448883 0.202166 0.447529 0.189531 0.448206 0.184116 0.450237 0.176895 0.455653 0.174188 0.462424 0.174188 0.474611 0.175993 0.476642 0.193141 0.478673 0.194043 0.477996 0.197653 0.477996 0.201264 0.475288 0.206679 0.469194 0.212996 0.455653 0.212996 0.451591
1 0.647112 0.454976 0.645307 0.456330 0.645307 0.464455 0.646209 0.465132 0.646209 0.472580 0.647112 0.473257 0.647112 0.475288 0.648917 0.475965 0.654332 0.475965 0.655235 0.476642 0.659747 0.476642 0.660650 0.477319 0.664260 0.477319 0.665162 0.476642 0.665162 0.474611 0.666065 0.473257 0.665162 0.472580 0.665162 0.469871 0.664260 0.469194 0.664260 0.467163 0.662455 0.465132 0.662455 0.463101 0.660650 0.460393 0.654332 0.456330 0.652527 0.456330 0.651625 0.455653 0.648014 0.455653
1 0.289711 0.421124 0.287004 0.425863 0.285199 0.434665 0.286101 0.441435 0.289711 0.442789 0.310469 0.442789 0.315884 0.444821 0.344765 0.444821 0.348375 0.442789 0.348375 0.436019 0.345668 0.427894 0.340253 0.420447 0.330325 0.414353 0.320397 0.412322 0.305054 0.412999 0.295126 0.415708
3 0.511733 0.647935 0.510830 0.648612 0.508123 0.648612 0.507220 0.649289 0.503610 0.649289 0.502708 0.649966 0.500000 0.649966 0.499097 0.650643 0.497292 0.650643 0.496390 0.654028 0.498195 0.656060 0.498195 0.657414 0.499097 0.658091 0.500000 0.660122 0.504513 0.663507 0.515343 0.663507 0.516245 0.662830 0.518051 0.662830 0.518953 0.662153 0.518953 0.658091 0.517148 0.656737 0.517148 0.656060 0.515343 0.654028 0.514440 0.650643
3 0.164260 0.713609 0.162455 0.714963 0.162455 0.715640 0.161552 0.716317 0.161552 0.717671 0.162455 0.718348 0.162455 0.722410 0.163357 0.723087 0.163357 0.723764 0.164260 0.724441 0.164260 0.725118 0.165162 0.725796 0.172383 0.725796 0.173285 0.725118 0.175090 0.725118 0.175090 0.723764 0.175993 0.723087 0.175993 0.721733 0.176895 0.721056 0.176895 0.716317 0.175090 0.714963 0.168773 0.714963 0.167870 0.714286 0.165162 0.714286
3 0.392599 0.769127 0.390794 0.767095 0.388087 0.766418 0.379964 0.766418 0.378159 0.765064 0.371841 0.763710 0.357401 0.763033 0.352888 0.767095 0.344765 0.770481 0.333032 0.772512 0.325812 0.772512 0.324007 0.773866 0.323105 0.777251 0.324007 0.786053 0.326715 0.787407 0.338448 0.787407 0.368231 0.780636 0.380866 0.779282 0.389892 0.775897 0.392599 0.771835
3 0.694946 0.716317 0.694946 0.719702 0.699458 0.723764 0.715704 0.727150 0.722924 0.727150 0.723827 0.726473 0.737365 0.727150 0.738267 0.726473 0.744585 0.726473 0.748195 0.725118 0.754513 0.725118 0.755415 0.723764 0.754513 0.716994 0.746390 0.716994 0.740072 0.715640 0.732852 0.712255 0.728339 0.708192 0.715704 0.710900 0.709386 0.713609 0.705776 0.713609 0.702166 0.714963 0.696751 0.714963
3 0.601986 0.668246 0.598375 0.668246 0.595668 0.669601 0.593863 0.669601 0.592960 0.670278 0.591155 0.670278 0.590253 0.670955 0.587545 0.671632 0.584838 0.675017 0.585740 0.675694 0.585740 0.678402 0.588448 0.679756 0.593863 0.679756 0.594765 0.680433 0.604693 0.680433 0.606498 0.679079 0.606498 0.677048 0.605596 0.676371 0.605596 0.674340 0.604693 0.673663 0.604693 0.672309 0.603791 0.671632 0.603791 0.670955 0.602888 0.670278
3 0.303249 0.754909 0.300542 0.756263 0.299639 0.758971 0.296931 0.762356 0.292419 0.765064 0.284296 0.767095 0.274368 0.767095 0.271661 0.766418 0.268953 0.770481 0.268953 0.775897 0.270758 0.778605 0.275271 0.780636 0.282491 0.781313 0.287906 0.779959 0.293321 0.776574 0.297834 0.771158 0.299639 0.769804 0.302347 0.769804 0.305957 0.766418 0.305957 0.760325
3 0.241877 0.723764 0.240975 0.721733 0.237365 0.719025 0.223827 0.716317 0.219314 0.716317 0.217509 0.718348 0.203069 0.726473 0.194946 0.727827 0.179603 0.727827 0.178700 0.731212 0.184116 0.735951 0.192238 0.736628 0.208484 0.731889 0.217509 0.731889 0.228339 0.729181 0.237365 0.728504 0.240975 0.726473
3 0.321300 0.656060 0.319495 0.656060 0.318592 0.656737 0.317690 0.656737 0.317690 0.657414 0.316787 0.658091 0.316787 0.658768 0.315884 0.659445 0.315884 0.660122 0.314079 0.662153 0.314079 0.663507 0.313177 0.664184 0.313177 0.666215 0.312274 0.666892 0.312274 0.668246 0.313177 0.668923 0.313177 0.669601 0.320397 0.669601 0.322202 0.668246 0.322202 0.666215 0.323105 0.665538 0.323105 0.659445 0.322202 0.658768 0.322202 0.657414 0.321300 0.656737
3 0.731047 0.705484 0.730144 0.704807 0.730144 0.702776 0.720217 0.696005 0.714801 0.696005 0.709386 0.698714 0.701264 0.698714 0.700361 0.699391 0.698556 0.699391 0.697653 0.698714 0.692238 0.698714 0.688628 0.700745 0.688628 0.704130 0.690433 0.707515 0.697653 0.710223 0.704874 0.710223 0.705776 0.710900 0.721119 0.710223 0.725632 0.708869 0.729242 0.708869
3 0.261733 0.660122 0.260830 0.660799 0.260830 0.661476 0.259928 0.662153 0.259928 0.663507 0.259025 0.664184 0.259025 0.670955 0.259928 0.671632 0.259928 0.672986 0.263538 0.675694 0.264440 0.675694 0.265343 0.676371 0.267148 0.676371 0.268051 0.677048 0.272563 0.677048 0.274368 0.675694 0.274368 0.672986 0.275271 0.672309 0.275271 0.667569 0.276173 0.666892 0.276173 0.660122 0.275271 0.659445 0.266245 0.659445 0.265343 0.660122
3 0.501805 0.770481 0.502708 0.775897 0.512635 0.780636 0.518953 0.781313 0.548736 0.789438 0.555957 0.788761 0.560469 0.786053 0.560469 0.781991 0.556859 0.771835 0.551444 0.771158 0.546029 0.772512 0.539711 0.772512 0.533394 0.769127 0.529783 0.765064 0.528881 0.761679 0.524368 0.761679 0.522563 0.763033 0.508123 0.765741
3 0.622744 0.758294 0.622744 0.768450 0.623646 0.769127 0.623646 0.772512 0.624549 0.773189 0.625451 0.775897 0.629964 0.777928 0.632671 0.777928 0.633574 0.778605 0.638087 0.778605 0.641697 0.776574 0.642599 0.776574 0.645307 0.773866 0.646209 0.771158 0.647112 0.770481 0.647112 0.763710 0.646209 0.762356 0.643502 0.761002 0.641697 0.761679 0.638087 0.761679 0.637184 0.761002 0.629964 0.761002 0.626354 0.758971
3 0.470217 0.647935 0.469314 0.647258 0.463899 0.647258 0.462996 0.646581 0.460289 0.646581 0.459386 0.645904 0.453971 0.645904 0.452166 0.647258 0.451264 0.651997 0.448556 0.654705 0.447653 0.656737 0.445848 0.658091 0.445848 0.661476 0.447653 0.661476 0.448556 0.662153 0.459386 0.662153 0.460289 0.661476 0.462996 0.660799 0.465704 0.658768 0.466606 0.658768 0.469314 0.656060 0.469314 0.654705 0.470217 0.654028
3 0.663357 0.675694 0.661552 0.677725 0.661552 0.687881 0.662455 0.688558 0.663357 0.690589 0.664260 0.690589 0.665162 0.691266 0.666968 0.691266 0.667870 0.691943 0.670578 0.691943 0.671480 0.692620 0.679603 0.692620 0.680505 0.691943 0.681408 0.691943 0.682310 0.691266 0.682310 0.689912 0.683213 0.689235 0.683213 0.688558 0.682310 0.687881 0.682310 0.685850 0.678700 0.681110 0.678700 0.679756 0.677798 0.679079 0.677798 0.677048 0.675090 0.675694 0.671480 0.675694 0.670578 0.675017 0.665162 0.675017 0.664260 0.675694
