0 0.056858 0.180208 0.055100 0.184375 0.054513 0.214583 0.057444 0.247917 0.059789 0.255208 0.067409 0.252083 0.070340 0.271875 0.074443 0.279167 0.076788 0.275000 0.075615 0.251042 0.083236 0.247917 0.084408 0.241667 0.088511 0.238542 0.090856 0.241667 0.093787 0.272917 0.100234 0.271875 0.099648 0.263542 0.101407 0.258333 0.100234 0.245833 0.093787 0.216667 0.089683 0.210417 0.084994 0.189583 0.070926 0.172917 0.064478 0.172917
0 0.999414 0.470833 0.998241 0.470833 0.990035 0.481250 0.989449 0.487500 0.987691 0.492708 0.987691 0.508333 0.990035 0.523958 0.990035 0.532292 0.991207 0.535417 0.991794 0.534375 0.994725 0.534375 0.996483 0.531250 0.997655 0.516667 0.999414 0.515625
0 0.117233 0.216667 0.116061 0.223958 0.118992 0.237500 0.124853 0.244792 0.129543 0.259375 0.137749 0.257292 0.151231 0.257292 0.152403 0.255208 0.150645 0.247917 0.147128 0.240625 0.132474 0.228125 0.130129 0.220833 0.127198 0.215625 0.124267 0.213542 0.120750 0.213542
0 0.094959 0.217708 0.095545 0.226042 0.100821 0.244792 0.103751 0.276042 0.110785 0.277083 0.112544 0.275000 0.113716 0.263542 0.110785 0.243750 0.111958 0.238542 0.114302 0.238542 0.117233 0.242708 0.119578 0.271875 0.127198 0.271875 0.127784 0.258333 0.126026 0.246875 0.121923 0.243750 0.116061 0.234375 0.110785 0.232292 0.104924 0.216667 0.096717 0.215625
0 0.345252 0.232292 0.337632 0.234375 0.330012 0.251042 0.322978 0.257292 0.300703 0.308333 0.297186 0.322917 0.300117 0.342708 0.313013 0.362500 0.310668 0.372917 0.327667 0.388542 0.331770 0.385417 0.332943 0.371875 0.353458 0.359375 0.362251 0.347917 0.362251 0.331250 0.359320 0.311458 0.350528 0.283333 0.352286 0.247917 0.349355 0.237500
1 0.094373 0.216667 0.094373 0.220833 0.094959 0.221875 0.094959 0.223958 0.095545 0.225000 0.096717 0.230208 0.098476 0.233333 0.098476 0.234375 0.099648 0.234375 0.100234 0.233333 0.101407 0.233333 0.101993 0.232292 0.103165 0.232292 0.103751 0.231250 0.107855 0.231250 0.108441 0.230208 0.109027 0.230208 0.109027 0.227083 0.105510 0.216667 0.104338 0.216667 0.103751 0.215625 0.102579 0.215625 0.101993 0.214583 0.097890 0.214583 0.097304 0.215625 0.095545 0.215625 0.094959 0.216667
1 0.076202 0.180208 0.073857 0.175000 0.071512 0.172917 0.069754 0.172917 0.069168 0.171875 0.064478 0.171875 0.061547 0.176042 0.056858 0.179167 0.055100 0.182292 0.055100 0.189583 0.056272 0.192708 0.058030 0.192708 0.064478 0.185417 0.066237 0.185417 0.066823 0.184375 0.068581 0.184375 0.069168 0.183333 0.072685 0.183333 0.073271 0.182292 0.075615 0.182292
1 0.116647 0.217708 0.116647 0.218750 0.116061 0.219792 0.116061 0.226042 0.117819 0.229167 0.118406 0.229167 0.118992 0.230208 0.120164 0.230208 0.120750 0.231250 0.123095 0.231250 0.123681 0.232292 0.124853 0.232292 0.126612 0.234375 0.127198 0.233333 0.128370 0.233333 0.128957 0.232292 0.128957 0.231250 0.129543 0.230208 0.129543 0.219792 0.127198 0.215625 0.126612 0.215625 0.124853 0.213542 0.123681 0.213542 0.123095 0.212500 0.122509 0.213542 0.119578 0.213542 0.118992 0.214583 0.118406 0.214583
1 0.332943 0.241667 0.332356 0.243750 0.332356 0.246875 0.331770 0.247917 0.334115 0.251042 0.338804 0.251042 0.339390 0.252083 0.341735 0.252083 0.344080 0.254167 0.347011 0.259375 0.348183 0.260417 0.349941 0.260417 0.351114 0.259375 0.352286 0.256250 0.352286 0.246875 0.349941 0.238542 0.347011 0.233333 0.345838 0.232292 0.339977 0.232292 0.339390 0.233333 0.338218 0.233333 0.337046 0.234375
2 0.312427 0.364583 0.311841 0.365625 0.311254 0.365625 0.310082 0.367708 0.310082 0.368750 0.309496 0.369792 0.309496 0.375000 0.310668 0.377083 0.311254 0.377083 0.311841 0.378125 0.312427 0.378125 0.313013 0.379167 0.315358 0.379167 0.315944 0.378125 0.315944 0.377083 0.316530 0.376042 0.316530 0.371875 0.315944 0.370833 0.315944 0.366667 0.314771 0.364583
3 0.390387 0.382292 0.389801 0.382292 0.389215 0.381250 0.388042 0.381250 0.387456 0.380208 0.386870 0.380208 0.386284 0.381250 0.385111 0.381250 0.384525 0.382292 0.383939 0.382292 0.383353 0.383333 0.382767 0.383333 0.381594 0.385417 0.381594 0.386458 0.381008 0.387500 0.381008 0.389583 0.381594 0.390625 0.381594 0.391667 0.382181 0.392708 0.383353 0.392708 0.383939 0.393750 0.388628 0.393750 0.389215 0.392708 0.390387 0.392708 0.390387 0.391667 0.390973 0.390625 0.390973 0.384375 0.390387 0.383333
3 0.420868 0.372917 0.420868 0.373958 0.420281 0.375000 0.420281 0.376042 0.419695 0.377083 0.419695 0.383333 0.421454 0.386458 0.424385 0.386458 0.424971 0.387500 0.425557 0.386458 0.426143 0.386458 0.426143 0.385417 0.427315 0.383333 0.427315 0.381250 0.427902 0.380208 0.427902 0.379167 0.427315 0.378125 0.427315 0.376042 0.426729 0.375000 0.426729 0.373958 0.425557 0.371875 0.423212 0.371875 0.422626 0.372917
3 0.315358 0.365625 0.314771 0.367708 0.314771 0.370833 0.315358 0.372917 0.313599 0.376042 0.315358 0.379167 0.318288 0.381250 0.319461 0.383333 0.326495 0.389583 0.331184 0.389583 0.333529 0.386458 0.333529 0.381250 0.332943 0.380208 0.332356 0.372917 0.327667 0.364583 0.325322 0.362500 0.321805 0.362500 0.320633 0.361458 0.320047 0.362500 0.317702 0.362500
