0 0.259086 0.292708 0.254396 0.306250 0.254982 0.326042 0.267878 0.338542 0.280774 0.336458 0.291911 0.404167 0.301876 0.392708 0.307151 0.353125 0.325909 0.355208 0.318288 0.408333 0.323564 0.437500 0.318875 0.459375 0.327667 0.475000 0.334701 0.463542 0.344666 0.488542 0.358148 0.487500 0.359320 0.477083 0.341735 0.419792 0.349941 0.379167 0.366940 0.333333 0.366354 0.319792 0.356975 0.294792 0.343494 0.281250 0.311841 0.267708 0.295428 0.268750 0.279015 0.288542 0.272567 0.282292
0 0.404455 0.180208 0.392732 0.200000 0.393904 0.237500 0.379836 0.290625 0.366354 0.411458 0.372216 0.502083 0.364009 0.610417 0.369871 0.628125 0.383353 0.615625 0.397421 0.521875 0.406800 0.540625 0.407972 0.667708 0.439039 0.669792 0.446073 0.660417 0.431419 0.639583 0.425557 0.593750 0.429074 0.508333 0.414420 0.441667 0.426729 0.398958 0.447245 0.417708 0.466588 0.397917 0.442556 0.369792 0.434936 0.303125 0.423212 0.279167 0.431419 0.244792 0.419109 0.185417
0 0.573857 0.195833 0.572098 0.196875 0.570340 0.200000 0.569168 0.206250 0.566823 0.210417 0.563892 0.228125 0.565064 0.233333 0.565651 0.244792 0.566823 0.250000 0.567995 0.251042 0.572098 0.251042 0.572685 0.252083 0.579132 0.252083 0.580891 0.251042 0.582063 0.247917 0.582063 0.243750 0.583236 0.238542 0.583822 0.221875 0.584994 0.215625 0.583822 0.210417 0.576788 0.197917
1 0.398007 0.185417 0.393904 0.193750 0.392145 0.209375 0.393904 0.239583 0.392145 0.251042 0.402696 0.255208 0.416178 0.255208 0.424385 0.253125 0.429660 0.248958 0.432005 0.243750 0.432005 0.238542 0.429074 0.228125 0.429074 0.219792 0.424971 0.200000 0.421454 0.189583 0.418523 0.184375 0.410903 0.179167 0.403869 0.180208
1 0.569168 0.202083 0.569168 0.205208 0.569754 0.206250 0.570340 0.206250 0.570926 0.207292 0.577960 0.207292 0.578546 0.206250 0.579719 0.206250 0.579719 0.202083 0.578546 0.200000 0.578546 0.198958 0.577960 0.197917 0.577374 0.197917 0.576788 0.196875 0.576202 0.196875 0.575615 0.195833 0.572098 0.195833 0.571512 0.196875 0.570926 0.196875 0.570340 0.197917 0.570340 0.198958 0.569754 0.200000 0.569754 0.201042
1 0.272567 0.283333 0.264361 0.286458 0.259086 0.291667 0.254982 0.298958 0.253224 0.312500 0.254396 0.327083 0.260844 0.334375 0.269050 0.340625 0.272567 0.340625 0.273740 0.337500 0.273154 0.328125 0.274912 0.325000 0.277257 0.325000 0.279601 0.322917 0.279015 0.296875 0.277257 0.288542
1 0.358148 0.472917 0.358148 0.473958 0.358734 0.475000 0.358734 0.479167 0.358148 0.480208 0.359906 0.483333 0.360492 0.483333 0.362251 0.485417 0.363423 0.485417 0.364009 0.486458 0.369285 0.486458 0.371043 0.483333 0.371043 0.479167 0.370457 0.478125 0.370457 0.477083 0.369285 0.475000 0.365768 0.475000 0.365182 0.473958 0.364009 0.473958 0.363423 0.472917
1 0.364596 0.485417 0.364009 0.484375 0.363423 0.484375 0.362837 0.483333 0.361665 0.483333 0.361079 0.482292 0.355217 0.482292 0.354631 0.483333 0.351700 0.483333 0.349941 0.485417 0.347011 0.485417 0.346424 0.486458 0.343494 0.486458 0.342907 0.487500 0.342907 0.489583 0.345838 0.492708 0.347011 0.492708 0.347597 0.493750 0.348769 0.493750 0.349355 0.494792 0.351114 0.494792 0.351700 0.495833 0.354631 0.495833 0.355217 0.494792 0.361665 0.494792 0.364009 0.491667 0.364009 0.489583 0.364596 0.488542
3 0.363423 0.610417 0.363423 0.616667 0.364009 0.617708 0.364009 0.621875 0.365182 0.626042 0.369871 0.630208 0.373388 0.630208 0.373974 0.629167 0.375147 0.629167 0.377491 0.627083 0.379836 0.622917 0.380422 0.622917 0.382767 0.618750 0.383353 0.618750 0.383353 0.617708 0.384525 0.615625 0.384525 0.611458 0.383939 0.609375 0.381594 0.611458 0.380422 0.611458 0.379836 0.612500 0.372216 0.612500 0.371630 0.611458 0.369871 0.611458 0.366940 0.608333 0.364009 0.608333
3 0.351700 0.453125 0.351700 0.458333 0.352286 0.459375 0.352286 0.460417 0.353458 0.462500 0.353458 0.463542 0.355217 0.466667 0.355803 0.466667 0.356975 0.464583 0.357562 0.464583 0.359320 0.462500 0.360492 0.462500 0.361079 0.461458 0.362251 0.461458 0.362837 0.460417 0.366354 0.460417 0.366354 0.458333 0.365768 0.457292 0.364596 0.457292 0.364009 0.458333 0.362251 0.458333 0.360492 0.456250 0.359320 0.456250 0.358734 0.455208 0.357562 0.455208 0.356975 0.454167 0.355803 0.454167 0.355217 0.453125 0.353458 0.453125 0.352872 0.452083 0.352286 0.452083
3 0.449004 0.658333 0.445487 0.653125 0.437280 0.650000 0.432005 0.643750 0.428488 0.646875 0.426143 0.654167 0.417937 0.660417 0.411489 0.653125 0.407972 0.652083 0.406800 0.658333 0.407386 0.669792 0.411489 0.673958 0.438453 0.671875 0.447245 0.664583
