0 0.721721 0.242529 0.719065 0.243678 0.716941 0.249425 0.716941 0.251724 0.714817 0.255172 0.712161 0.265517 0.710568 0.277011 0.711099 0.300000 0.711630 0.301149 0.714286 0.302299 0.714817 0.301149 0.719065 0.301149 0.720659 0.300000 0.720659 0.294253 0.719065 0.286207 0.719065 0.279310 0.721190 0.265517 0.721190 0.254023 0.723845 0.250575 0.723845 0.244828
0 0.749867 0.247126 0.747743 0.245977 0.745088 0.248276 0.743494 0.255172 0.741370 0.259770 0.739777 0.260920 0.733935 0.270115 0.731811 0.279310 0.732342 0.285057 0.736059 0.295402 0.736059 0.300000 0.737653 0.304598 0.738715 0.303448 0.745088 0.303448 0.746150 0.301149 0.748274 0.300000 0.749867 0.296552 0.750929 0.289655 0.750929 0.279310 0.751460 0.278161 0.750929 0.266667 0.750398 0.265517 0.751460 0.262069 0.751460 0.251724
0 0.806691 0.236782 0.801912 0.236782 0.795539 0.243678 0.788635 0.272414 0.780138 0.285057 0.772172 0.308046 0.771110 0.320690 0.772172 0.343678 0.774827 0.352874 0.775358 0.370115 0.779076 0.379310 0.790228 0.379310 0.801912 0.386207 0.807754 0.386207 0.808816 0.382759 0.809347 0.358621 0.813595 0.322989 0.813064 0.293103 0.809347 0.275862 0.814126 0.267816 0.811471 0.243678
0 0.636750 0.245977 0.633563 0.248276 0.633032 0.250575 0.632501 0.260920 0.629315 0.270115 0.628784 0.278161 0.626660 0.290805 0.627191 0.296552 0.629315 0.303448 0.629315 0.309195 0.633563 0.321839 0.635157 0.308046 0.634626 0.303448 0.637281 0.300000 0.638343 0.296552 0.638343 0.286207 0.639936 0.274713 0.639936 0.267816 0.638343 0.262069 0.638874 0.250575
0 0.404142 0.222989 0.398832 0.229885 0.397238 0.240230 0.400956 0.255172 0.400956 0.267816 0.394583 0.283908 0.392990 0.296552 0.394052 0.335632 0.401487 0.379310 0.394052 0.448276 0.396707 0.454023 0.403080 0.451724 0.407860 0.417241 0.409984 0.443678 0.415295 0.454023 0.421668 0.443678 0.423261 0.356322 0.421136 0.324138 0.432289 0.325287 0.433882 0.317241 0.414233 0.268966 0.415295 0.247126 0.412108 0.228736
1 0.633563 0.248276 0.633563 0.249425 0.633032 0.250575 0.633032 0.258621 0.634095 0.258621 0.634626 0.259770 0.637281 0.259770 0.637812 0.258621 0.638343 0.258621 0.638343 0.257471 0.638874 0.256322 0.638874 0.251724 0.638343 0.250575 0.638343 0.249425 0.637281 0.247126 0.634626 0.247126 0.634095 0.248276
1 0.744557 0.249425 0.744557 0.252874 0.744025 0.254023 0.744025 0.255172 0.745088 0.257471 0.745619 0.257471 0.746150 0.258621 0.746681 0.258621 0.747212 0.259770 0.747743 0.259770 0.748274 0.260920 0.751460 0.260920 0.751460 0.259770 0.751992 0.258621 0.751992 0.254023 0.751460 0.252874 0.751460 0.250575 0.749867 0.247126 0.748805 0.247126 0.748274 0.245977 0.747743 0.245977 0.747212 0.247126 0.746150 0.247126 0.745619 0.248276 0.745088 0.248276
1 0.812533 0.247126 0.809878 0.240230 0.806691 0.236782 0.801912 0.236782 0.801381 0.237931 0.799788 0.237931 0.795539 0.243678 0.792884 0.250575 0.792884 0.252874 0.791822 0.256322 0.791822 0.259770 0.788635 0.267816 0.788635 0.271264 0.789697 0.272414 0.794477 0.272414 0.795008 0.271264 0.809347 0.271264 0.813064 0.268966 0.814657 0.265517 0.814657 0.263218 0.813064 0.258621
1 0.718003 0.247126 0.718003 0.248276 0.718534 0.249425 0.718534 0.250575 0.719065 0.250575 0.719596 0.251724 0.723845 0.251724 0.724376 0.250575 0.724376 0.247126 0.723845 0.245977 0.723845 0.243678 0.722783 0.243678 0.722252 0.242529 0.720127 0.242529 0.719596 0.243678 0.719065 0.243678 0.718534 0.244828 0.718534 0.245977
1 0.765799 0.298851 0.764737 0.298851 0.764206 0.300000 0.763675 0.300000 0.762082 0.303448 0.762082 0.305747 0.761020 0.308046 0.761020 0.309195 0.760489 0.310345 0.762082 0.310345 0.763144 0.312644 0.763675 0.312644 0.764206 0.313793 0.764737 0.313793 0.765268 0.314943 0.765799 0.313793 0.766861 0.313793 0.768986 0.309195 0.768986 0.308046 0.769517 0.306897 0.768986 0.305747 0.768986 0.303448 0.767392 0.300000 0.766330 0.300000
1 0.745619 0.304598 0.745088 0.304598 0.744557 0.303448 0.742432 0.303448 0.741901 0.302299 0.740839 0.302299 0.740308 0.303448 0.739246 0.303448 0.738715 0.304598 0.737653 0.304598 0.735528 0.310345 0.735528 0.317241 0.736059 0.318391 0.736059 0.320690 0.737653 0.324138 0.738184 0.324138 0.738715 0.322989 0.739777 0.322989 0.740839 0.320690 0.741370 0.317241 0.744557 0.310345 0.745088 0.310345 0.745619 0.309195 0.745619 0.308046 0.746150 0.306897 0.746150 0.305747
1 0.397238 0.239080 0.397238 0.245977 0.398832 0.248276 0.404673 0.248276 0.405204 0.247126 0.408922 0.247126 0.409453 0.245977 0.412639 0.245977 0.413170 0.247126 0.414764 0.247126 0.414764 0.240230 0.414233 0.239080 0.414233 0.236782 0.412639 0.229885 0.411046 0.226437 0.408922 0.224138 0.406798 0.224138 0.406267 0.222989 0.403611 0.222989 0.403080 0.224138 0.400425 0.225287 0.398832 0.229885 0.398301 0.234483 0.397770 0.235632 0.397770 0.237931
1 0.754647 0.300000 0.751460 0.300000 0.745088 0.304598 0.740839 0.304598 0.737653 0.306897 0.736591 0.310345 0.736591 0.322989 0.738715 0.326437 0.740839 0.332184 0.746150 0.337931 0.753054 0.337931 0.754647 0.336782 0.757833 0.326437 0.757833 0.309195 0.756771 0.306897 0.756771 0.303448
1 0.747212 0.303448 0.748274 0.306897 0.751992 0.306897 0.752523 0.308046 0.753585 0.308046 0.754116 0.309195 0.757302 0.309195 0.757833 0.310345 0.758364 0.310345 0.758895 0.309195 0.758895 0.304598 0.758364 0.303448 0.758364 0.302299 0.757833 0.302299 0.756771 0.300000 0.753585 0.300000 0.753054 0.298851 0.751460 0.298851 0.750929 0.300000 0.749867 0.300000 0.749336 0.301149 0.748805 0.301149
3 0.767924 0.471264 0.769517 0.475862 0.771641 0.478161 0.776952 0.478161 0.777483 0.477012 0.779607 0.477012 0.782793 0.470115 0.783324 0.470115 0.784918 0.466667 0.785449 0.464368 0.786511 0.463218 0.786511 0.460920 0.787042 0.459770 0.785449 0.457471 0.775358 0.457471 0.774827 0.458621 0.773765 0.458621 0.771641 0.460920 0.768986 0.466667 0.768455 0.466667 0.768455 0.468966
3 0.409984 0.452874 0.410515 0.454023 0.410515 0.456322 0.411046 0.456322 0.411577 0.457471 0.415826 0.457471 0.416357 0.456322 0.418481 0.456322 0.419012 0.455172 0.419543 0.455172 0.420605 0.452874 0.420605 0.449425 0.420074 0.449425 0.419543 0.448276 0.415826 0.448276 0.415295 0.447126 0.414764 0.447126 0.414233 0.448276 0.412108 0.448276 0.411577 0.449425 0.411046 0.449425 0.410515 0.450575 0.410515 0.451724
