0 0.947190 0.298736 0.943805 0.302347 0.943805 0.310469 0.940420 0.322202 0.940420 0.335740 0.941774 0.341155 0.941774 0.370939 0.942451 0.372744 0.945836 0.372744 0.947190 0.370939 0.949221 0.359206 0.953961 0.371841 0.956669 0.373646 0.958700 0.370939 0.958023 0.337545 0.960731 0.321300 0.959377 0.314982 0.953961 0.309567 0.951253 0.300542
0 0.000000 0.387184 0.002031 0.902527 0.046716 0.891697 0.067028 0.876354 0.069059 0.863718 0.045362 0.855596 0.061611 0.841155 0.060934 0.827617 0.010833 0.820397 0.005416 0.806859 0.003385 0.750000 0.015572 0.718412 0.014218 0.615523 0.025728 0.598375 0.008802 0.409747
0 0.896412 0.337545 0.893026 0.337545 0.892349 0.338448 0.890318 0.338448 0.886933 0.341155 0.884225 0.342058 0.882194 0.347473 0.877454 0.353791 0.876777 0.355596 0.876777 0.359206 0.880840 0.365523 0.882871 0.365523 0.883548 0.366426 0.885579 0.366426 0.886256 0.367329 0.893703 0.367329 0.895058 0.365523 0.895735 0.363718 0.895735 0.361011 0.896412 0.360108 0.896412 0.351986 0.897089 0.351083 0.897089 0.343863 0.897766 0.342960 0.897766 0.341155
0 0.386594 0.319495 0.382532 0.318592 0.379147 0.324007 0.379147 0.325812 0.376439 0.329422 0.374408 0.336643 0.374408 0.343863 0.371699 0.354693 0.369668 0.359206 0.370345 0.360108 0.373053 0.361011 0.376439 0.357401 0.381178 0.361011 0.385240 0.360108 0.385917 0.358303 0.385917 0.346570 0.387271 0.342960 0.387949 0.337545 0.389303 0.334838 0.389303 0.327617 0.386594 0.321300
0 0.272173 0.406137 0.265403 0.407040 0.260664 0.414260 0.259309 0.425993 0.262018 0.438628 0.250508 0.444946 0.237644 0.461191 0.234259 0.470217 0.238321 0.490975 0.238998 0.508123 0.243737 0.519856 0.247800 0.522563 0.265403 0.524368 0.279621 0.521661 0.283006 0.518953 0.295870 0.492780 0.293839 0.456679 0.281652 0.439531 0.282329 0.416968
0 0.097495 0.172383 0.072444 0.187726 0.059580 0.230144 0.079215 0.282491 0.015572 0.342058 0.011510 0.436823 0.034529 0.608303 0.092756 0.666968 0.069059 0.793321 0.104942 0.790614 0.104265 0.911552 0.126608 0.957581 0.185511 0.924188 0.200406 0.897112 0.154367 0.886282 0.147596 0.836643 0.163169 0.511733 0.230873 0.564982 0.250508 0.609206 0.283006 0.591155 0.182126 0.473827 0.196344 0.448556 0.172647 0.378159 0.123223 0.306859 0.145565 0.254513 0.138118 0.205776
0 0.280298 0.376354 0.276236 0.380866 0.274204 0.390794 0.283683 0.409747 0.282329 0.433213 0.284360 0.440433 0.294516 0.456679 0.296547 0.466606 0.306026 0.470217 0.310765 0.469314 0.324983 0.457581 0.327691 0.447653 0.327014 0.439531 0.314827 0.412455 0.304672 0.400722 0.299932 0.399819 0.295870 0.395307 0.291131 0.379964 0.287068 0.376354
0 0.968856 0.324007 0.964794 0.325812 0.960054 0.334838 0.960731 0.335740 0.960054 0.342960 0.960731 0.352888 0.959377 0.359206 0.959377 0.369134 0.962085 0.370036 0.963439 0.369134 0.964794 0.361913 0.966825 0.358303 0.969533 0.361913 0.970887 0.370939 0.972918 0.372744 0.974949 0.372744 0.976980 0.366426 0.979012 0.348375 0.982397 0.338448 0.982397 0.332130 0.981043 0.328520 0.976303 0.324007
0 0.411645 0.283394 0.404198 0.294224 0.404875 0.316787 0.396073 0.327617 0.393365 0.351986 0.393365 0.391697 0.404198 0.427798 0.404198 0.468412 0.399458 0.476534 0.403521 0.480144 0.414353 0.477437 0.421801 0.423285 0.433311 0.472022 0.446175 0.480144 0.452945 0.472924 0.444821 0.466606 0.436696 0.403430 0.436019 0.333935 0.433311 0.324910 0.423832 0.314982 0.425863 0.306859 0.422478 0.292419
1 0.942451 0.303249 0.942451 0.308664 0.946513 0.308664 0.947190 0.307762 0.948544 0.307762 0.949221 0.306859 0.950575 0.306859 0.951253 0.307762 0.952607 0.307762 0.953284 0.306859 0.952607 0.305957 0.952607 0.302347 0.949898 0.298736 0.945836 0.298736 0.945159 0.299639 0.944482 0.299639 0.943805 0.300542 0.943805 0.301444
1 0.436019 0.317690 0.433988 0.320397 0.433988 0.324007 0.434665 0.324910 0.434665 0.326715 0.435342 0.327617 0.435342 0.328520 0.436019 0.328520 0.436696 0.329422 0.437373 0.329422 0.438727 0.331227 0.439404 0.330325 0.440081 0.330325 0.442112 0.327617 0.442112 0.322202 0.441435 0.321300 0.441435 0.320397 0.439404 0.317690
1 0.000000 0.227437 0.000000 0.278881 0.008802 0.281588 0.016249 0.290614 0.022343 0.291516 0.026405 0.289711 0.026405 0.286101 0.020988 0.281588 0.018280 0.276173 0.016249 0.263538 0.010156 0.243682 0.004062 0.231047 0.001354 0.227437
1 0.265403 0.407040 0.261341 0.412455 0.260664 0.414260 0.259986 0.419675 0.259309 0.420578 0.259309 0.425993 0.259986 0.426895 0.259986 0.428700 0.264726 0.434116 0.273527 0.434116 0.274204 0.433213 0.276913 0.433213 0.277590 0.432310 0.278944 0.432310 0.283006 0.425993 0.283006 0.424188 0.283683 0.423285 0.283683 0.418773 0.281652 0.414260 0.278944 0.412455 0.277590 0.409747 0.272850 0.406137 0.267434 0.406137 0.266757 0.407040
1 0.382532 0.318592 0.380501 0.321300 0.380501 0.322202 0.379824 0.323105 0.379824 0.325812 0.380501 0.326715 0.381178 0.326715 0.381855 0.327617 0.386594 0.327617 0.386594 0.326715 0.387271 0.325812 0.387271 0.322202 0.386594 0.321300 0.386594 0.319495 0.385917 0.318592
1 0.058903 0.232852 0.059580 0.238267 0.064997 0.242780 0.067028 0.229242 0.073798 0.221119 0.088016 0.217509 0.100880 0.218412 0.119838 0.225632 0.144211 0.245487 0.140149 0.212996 0.136087 0.198556 0.124577 0.181408 0.108328 0.172383 0.093433 0.172383 0.077861 0.180505 0.069059 0.194946
1 0.620853 0.298736 0.620853 0.299639 0.619499 0.301444 0.619499 0.308664 0.627624 0.308664 0.628301 0.307762 0.628301 0.306859 0.628978 0.305957 0.628978 0.301444 0.628301 0.300542 0.628301 0.299639 0.626269 0.296931 0.622884 0.296931 0.621530 0.298736
1 0.963439 0.327617 0.962762 0.327617 0.961408 0.329422 0.960731 0.329422 0.959377 0.331227 0.959377 0.332130 0.958700 0.333032 0.958700 0.335740 0.958023 0.336643 0.958023 0.342058 0.959377 0.343863 0.960731 0.343863 0.961408 0.342960 0.962762 0.342960 0.964116 0.341155 0.964116 0.340253 0.964794 0.339350 0.964794 0.334838 0.964116 0.333935 0.964116 0.329422 0.963439 0.328520
1 0.393365 0.398917 0.392688 0.399819 0.389980 0.399819 0.387949 0.402527 0.387271 0.402527 0.385917 0.404332 0.385240 0.408845 0.385917 0.409747 0.385917 0.415162 0.386594 0.416968 0.391334 0.424188 0.392688 0.429603 0.393365 0.430505 0.395396 0.430505 0.398104 0.428700 0.398104 0.426895 0.398781 0.425993 0.398781 0.424188 0.399458 0.423285 0.399458 0.421480 0.400812 0.417870 0.400135 0.416968 0.400135 0.415162 0.398781 0.411552 0.398781 0.407942 0.398104 0.406137
1 0.407583 0.286101 0.407583 0.287004 0.405552 0.289711 0.405552 0.291516 0.403521 0.296029 0.403521 0.305054 0.404198 0.306859 0.407583 0.310469 0.415708 0.310469 0.416385 0.311372 0.420447 0.311372 0.421124 0.310469 0.423155 0.310469 0.424509 0.309567 0.425863 0.306859 0.425863 0.305054 0.425186 0.304152 0.425186 0.301444 0.423832 0.298736 0.423155 0.294224 0.420447 0.287906 0.418416 0.285199 0.415708 0.283394 0.410968 0.283394
1 0.291808 0.380866 0.289777 0.378159 0.289100 0.378159 0.285714 0.375451 0.281652 0.375451 0.280975 0.376354 0.279621 0.376354 0.276913 0.379061 0.276236 0.381769 0.274882 0.383574 0.274882 0.385379 0.274204 0.386282 0.274204 0.390794 0.275559 0.393502 0.276236 0.393502 0.276913 0.394404 0.278267 0.394404 0.278944 0.395307 0.280975 0.392599 0.281652 0.392599 0.283683 0.390794 0.285037 0.390794 0.285714 0.389892 0.287068 0.389892 0.287745 0.388989 0.289100 0.388989 0.289777 0.388087 0.293162 0.388087 0.293162 0.384477 0.292485 0.383574
1 0.386594 0.361011 0.385240 0.362816 0.385240 0.363718 0.384563 0.364621 0.384563 0.365523 0.383886 0.366426 0.383886 0.369134 0.384563 0.370036 0.385240 0.370036 0.385917 0.370939 0.390657 0.370939 0.391334 0.370036 0.392011 0.370036 0.392011 0.363718 0.391334 0.362816 0.391334 0.361913 0.390657 0.361913 0.389980 0.361011
1 0.941097 0.370939 0.941097 0.372744 0.941774 0.372744 0.942451 0.373646 0.945836 0.373646 0.946513 0.372744 0.947190 0.372744 0.947190 0.370036 0.946513 0.369134 0.942451 0.369134
3 0.303318 0.472924 0.295870 0.472924 0.295193 0.473827 0.295193 0.477437 0.296547 0.480144 0.296547 0.487365 0.295870 0.488267 0.295870 0.491877 0.295193 0.492780 0.294516 0.497292 0.291808 0.500903 0.288422 0.508123 0.290454 0.509928 0.296547 0.510830 0.299932 0.507220 0.299932 0.505415 0.301286 0.501805 0.301286 0.499097 0.301963 0.498195 0.301963 0.495487 0.303318 0.491877 0.303995 0.483755 0.304672 0.482852 0.304672 0.475632
3 0.283683 0.518953 0.283006 0.518051 0.280975 0.518051 0.280298 0.518953 0.278944 0.518953 0.278267 0.519856 0.277590 0.519856 0.276913 0.520758 0.275559 0.520758 0.274882 0.521661 0.272850 0.521661 0.272173 0.522563 0.271496 0.522563 0.271496 0.523466 0.270819 0.524368 0.270142 0.524368 0.269465 0.525271 0.270819 0.525271 0.271496 0.526173 0.274204 0.526173 0.274882 0.527076 0.278944 0.527076 0.279621 0.526173 0.282329 0.526173 0.283006 0.525271 0.283006 0.524368 0.283683 0.523466
3 0.010156 0.823105 0.010833 0.848375 0.015572 0.852888 0.018280 0.851083 0.022343 0.851083 0.030467 0.855596 0.042654 0.855596 0.049425 0.852888 0.061611 0.842960 0.062965 0.838448 0.062965 0.830325 0.060934 0.826715 0.058226 0.825812 0.033175 0.827617 0.027759 0.825812 0.023020 0.819495 0.018957 0.817690 0.013541 0.818592
3 0.294516 0.470217 0.295193 0.471119 0.295870 0.471119 0.296547 0.472022 0.300609 0.472022 0.301286 0.472924 0.303995 0.472924 0.305349 0.471119 0.305349 0.470217 0.307380 0.467509 0.308057 0.467509 0.308734 0.466606 0.308057 0.465704 0.308057 0.464801 0.307380 0.463899 0.307380 0.462996 0.297901 0.462996 0.297224 0.463899 0.296547 0.463899 0.295870 0.464801 0.295870 0.465704 0.295193 0.466606 0.295193 0.469314
3 0.284360 0.518953 0.282329 0.517148 0.275559 0.520758 0.258632 0.521661 0.257955 0.520758 0.253216 0.520758 0.252539 0.519856 0.248477 0.519856 0.245768 0.518051 0.243737 0.518051 0.241706 0.522563 0.241706 0.525271 0.246445 0.527076 0.262018 0.527076 0.262695 0.527978 0.280298 0.527076 0.283006 0.525271 0.284360 0.521661
3 0.866622 0.366426 0.867299 0.367329 0.867976 0.367329 0.868653 0.368231 0.870007 0.368231 0.870684 0.367329 0.872038 0.367329 0.873392 0.365523 0.872715 0.364621 0.872038 0.364621 0.871361 0.363718 0.867976 0.363718 0.866622 0.365523
3 0.964794 0.372744 0.962762 0.370036 0.960731 0.370036 0.960054 0.369134 0.959377 0.370036 0.958700 0.370036 0.958023 0.370939 0.957346 0.370939 0.956669 0.371841 0.955992 0.371841 0.955315 0.372744 0.955992 0.373646 0.958700 0.373646 0.959377 0.374549 0.960731 0.374549 0.961408 0.373646 0.964116 0.373646
3 0.000000 0.902527 0.032498 0.897112 0.046716 0.891697 0.066351 0.877256 0.069736 0.870036 0.069059 0.861913 0.062288 0.858303 0.032498 0.857401 0.019634 0.851083 0.015572 0.853791 0.005416 0.868231 0.000000 0.871841
3 0.199052 0.886282 0.190251 0.882671 0.180095 0.886282 0.171293 0.885379 0.162492 0.888989 0.154367 0.888989 0.153013 0.904332 0.144888 0.916968 0.129316 0.933213 0.113067 0.941336 0.112390 0.948556 0.114421 0.956679 0.127962 0.957581 0.153013 0.940433 0.182803 0.926895 0.188896 0.921480 0.197698 0.907942 0.200406 0.899819
3 0.077861 0.752708 0.077861 0.758123 0.075829 0.766245 0.069059 0.785199 0.068382 0.794224 0.069736 0.798736 0.071767 0.800542 0.085308 0.801444 0.095464 0.796029 0.103588 0.786101 0.105619 0.778881 0.105619 0.768051 0.104265 0.763538 0.102234 0.761733 0.095464 0.760830 0.083954 0.753610
3 0.400812 0.424188 0.400812 0.425090 0.400135 0.425993 0.400135 0.426895 0.399458 0.427798 0.399458 0.428700 0.398781 0.429603 0.398781 0.435018 0.400135 0.436823 0.400135 0.437726 0.400812 0.438628 0.400812 0.439531 0.402844 0.439531 0.403521 0.438628 0.404198 0.438628 0.404198 0.431408 0.403521 0.430505 0.403521 0.428700 0.400812 0.425090
3 0.241029 0.519856 0.241029 0.525271 0.241706 0.526173 0.244414 0.526173 0.245091 0.527076 0.249831 0.527076 0.250508 0.526173 0.251862 0.526173 0.252539 0.525271 0.252539 0.522563 0.251185 0.520758 0.250508 0.520758 0.249831 0.519856 0.249154 0.519856 0.248477 0.518953 0.247800 0.518953 0.247123 0.518051 0.246445 0.518051 0.245768 0.517148 0.245091 0.517148 0.244414 0.516245 0.243737 0.516245 0.243060 0.517148 0.242383 0.517148 0.241706 0.518051 0.241706 0.518953
3 0.434665 0.475632 0.436019 0.478339 0.436696 0.478339 0.438727 0.480144 0.442112 0.480144 0.442789 0.481047 0.446175 0.481047 0.446852 0.480144 0.448206 0.480144 0.448883 0.479242 0.449560 0.479242 0.450237 0.478339 0.452268 0.477437 0.453622 0.475632 0.454299 0.472924 0.453622 0.472924 0.450237 0.470217 0.448883 0.470217 0.448206 0.469314 0.447529 0.469314 0.446175 0.467509 0.442789 0.467509 0.442112 0.468412 0.441435 0.468412 0.440758 0.469314 0.440081 0.469314 0.439404 0.470217 0.437373 0.471119 0.436019 0.472924 0.435342 0.472924 0.434665 0.473827
3 0.299932 0.470217 0.300609 0.470217 0.303318 0.473827 0.303995 0.473827 0.304672 0.474729 0.306026 0.474729 0.306703 0.475632 0.310088 0.475632 0.310765 0.474729 0.312796 0.474729 0.313473 0.473827 0.314150 0.473827 0.315504 0.472022 0.315504 0.471119 0.316181 0.470217 0.316181 0.466606 0.314827 0.464801 0.306026 0.464801 0.305349 0.465704 0.303995 0.465704 0.303318 0.466606 0.301963 0.466606 0.300609 0.468412 0.300609 0.469314
3 0.959377 0.371841 0.959377 0.372744 0.960054 0.372744 0.960731 0.373646 0.962085 0.373646 0.962762 0.374549 0.966148 0.374549 0.966825 0.373646 0.969533 0.373646 0.970210 0.372744 0.972241 0.372744 0.971564 0.372744 0.970887 0.371841 0.970887 0.370939 0.969533 0.369134 0.964116 0.369134 0.963439 0.368231 0.962762 0.368231 0.962085 0.369134 0.960731 0.369134 0.960054 0.370036 0.960054 0.370939
3 0.398781 0.475632 0.398781 0.477437 0.400135 0.479242 0.400812 0.479242 0.401489 0.480144 0.402844 0.480144 0.403521 0.481047 0.410291 0.481047 0.410968 0.480144 0.412322 0.480144 0.414353 0.477437 0.414353 0.472924 0.412999 0.471119 0.411645 0.471119 0.410968 0.470217 0.409614 0.470217 0.408937 0.469314 0.404875 0.469314 0.402844 0.472022 0.402167 0.472022 0.401489 0.472924 0.400812 0.472924
3 0.823968 0.371841 0.823968 0.372744 0.824645 0.373646 0.824645 0.374549 0.828030 0.374549 0.828707 0.373646 0.829384 0.373646 0.830061 0.372744 0.830738 0.372744 0.830738 0.371841 0.829384 0.370036 0.825322 0.370036
3 0.969533 0.370939 0.969533 0.372744 0.970210 0.373646 0.975626 0.373646 0.976303 0.372744 0.976980 0.372744 0.976980 0.370939 0.975626 0.369134 0.970887 0.369134
