0 0.881517 0.310469 0.874746 0.312274 0.870007 0.324910 0.864590 0.332130 0.865945 0.345668 0.859851 0.375451 0.860528 0.387184 0.853758 0.414260 0.855112 0.420578 0.859174 0.418773 0.864590 0.397112 0.869330 0.389892 0.870007 0.405235 0.867299 0.423285 0.869330 0.429603 0.874746 0.425993 0.882194 0.378159 0.889641 0.368231 0.891672 0.360108 0.887610 0.338448 0.884225 0.332130 0.886256 0.316787
0 0.383886 0.277076 0.371699 0.303249 0.377793 0.324007 0.364252 0.335740 0.347326 0.422383 0.352065 0.439531 0.362898 0.405235 0.360190 0.513538 0.350034 0.541516 0.366283 0.539711 0.383209 0.475632 0.389303 0.546931 0.397427 0.551444 0.402167 0.547834 0.402844 0.471119 0.409614 0.428700 0.406906 0.389892 0.416385 0.396209 0.425186 0.429603 0.432634 0.418773 0.415708 0.351986 0.398781 0.327617 0.403521 0.299639 0.394042 0.279783
0 0.054164 0.395307 0.046716 0.410650 0.051456 0.437726 0.046039 0.458484 0.045362 0.483755 0.052133 0.481949 0.056872 0.456679 0.059580 0.477437 0.061611 0.478339 0.069059 0.470217 0.071090 0.449458 0.079892 0.445848 0.084631 0.453971 0.091401 0.485560 0.096818 0.489170 0.098849 0.485560 0.098172 0.473827 0.102911 0.466606 0.105619 0.451264 0.100880 0.425090 0.094787 0.410650 0.075152 0.392599 0.067028 0.390794
0 0.115775 0.291516 0.111036 0.297834 0.111036 0.305054 0.116452 0.316787 0.117806 0.338448 0.117129 0.348375 0.114421 0.355596 0.115098 0.370036 0.113744 0.376354 0.114421 0.383574 0.120515 0.400722 0.117129 0.407942 0.119838 0.410650 0.138118 0.412455 0.140149 0.410650 0.137441 0.389892 0.133378 0.379061 0.133378 0.368231 0.136764 0.362816 0.133378 0.331227 0.123223 0.296931 0.119838 0.292419
0 0.190928 0.354693 0.184834 0.365523 0.182126 0.380866 0.182126 0.399819 0.184834 0.419675 0.189573 0.437726 0.192282 0.440433 0.195667 0.439531 0.193636 0.397112 0.195667 0.394404 0.199729 0.395307 0.203114 0.402527 0.204469 0.439531 0.210562 0.440433 0.212593 0.438628 0.214624 0.375451 0.207854 0.358303 0.199052 0.354693
0 0.591740 0.373646 0.591063 0.376354 0.591740 0.385379 0.595802 0.387184 0.601896 0.398014 0.606635 0.400722 0.607312 0.409747 0.608666 0.411552 0.621530 0.412455 0.624915 0.409747 0.630332 0.398014 0.631686 0.384477 0.630332 0.380866 0.624238 0.372744 0.618145 0.371841 0.612728 0.369134 0.607312 0.369134 0.599865 0.372744 0.595125 0.371841
0 0.605281 0.314079 0.602573 0.314079 0.599188 0.317690 0.597833 0.325812 0.591740 0.332130 0.590386 0.336643 0.589709 0.362816 0.590386 0.363718 0.590386 0.370939 0.591740 0.374549 0.594448 0.370939 0.596479 0.370939 0.598511 0.372744 0.601896 0.371841 0.603927 0.369134 0.607312 0.351083 0.610020 0.345668 0.610020 0.337545 0.607989 0.328520 0.607989 0.317690
0 0.643873 0.324007 0.633717 0.332130 0.627624 0.358303 0.627624 0.373646 0.632363 0.380866 0.632363 0.433213 0.638456 0.431408 0.639810 0.427798 0.639810 0.401625 0.643873 0.376354 0.645227 0.327617
1 0.886933 0.320397 0.886256 0.319495 0.886256 0.315884 0.885579 0.314982 0.885579 0.314079 0.882871 0.310469 0.880840 0.310469 0.880162 0.309567 0.879485 0.309567 0.878808 0.310469 0.876777 0.310469 0.876100 0.311372 0.875423 0.311372 0.872715 0.314982 0.872715 0.315884 0.872038 0.316787 0.872038 0.319495 0.871361 0.320397 0.872038 0.321300 0.874746 0.321300 0.875423 0.320397 0.881517 0.320397 0.882194 0.321300 0.886256 0.321300
1 0.112390 0.293321 0.112390 0.294224 0.111036 0.296029 0.111036 0.297834 0.110359 0.298736 0.110359 0.305054 0.111036 0.305957 0.111036 0.306859 0.111713 0.306859 0.112390 0.307762 0.115775 0.307762 0.116452 0.306859 0.118483 0.306859 0.119160 0.305957 0.121192 0.305957 0.121869 0.305054 0.122546 0.305054 0.123900 0.303249 0.123900 0.298736 0.123223 0.297834 0.122546 0.295126 0.120515 0.292419 0.119838 0.292419 0.119160 0.291516 0.115098 0.291516 0.114421 0.292419
1 0.883548 0.372744 0.882871 0.373646 0.882871 0.374549 0.882194 0.375451 0.882194 0.377256 0.881517 0.378159 0.881517 0.381769 0.880840 0.382671 0.880840 0.389892 0.881517 0.390794 0.882871 0.390794 0.883548 0.391697 0.885579 0.391697 0.887610 0.393502 0.893703 0.393502 0.893703 0.386282 0.893026 0.385379 0.892349 0.382671 0.890995 0.380866 0.890995 0.379964 0.890318 0.379061 0.890318 0.377256 0.888287 0.374549 0.887610 0.374549 0.886933 0.373646 0.884225 0.373646
1 0.371022 0.304152 0.371699 0.306859 0.375085 0.306859 0.375762 0.307762 0.390657 0.307762 0.391334 0.306859 0.396073 0.306859 0.400812 0.305054 0.402844 0.303249 0.404198 0.303249 0.404198 0.300542 0.400812 0.296029 0.399458 0.289711 0.396750 0.282491 0.390657 0.277076 0.385917 0.276173 0.379824 0.279783 0.375762 0.286101 0.375762 0.287906 0.374408 0.290614 0.374408 0.298736
1 0.594448 0.370036 0.593771 0.370939 0.592417 0.370939 0.591063 0.372744 0.591063 0.373646 0.590386 0.374549 0.590386 0.382671 0.591063 0.383574 0.591063 0.384477 0.591740 0.384477 0.592417 0.385379 0.593771 0.385379 0.594448 0.386282 0.596479 0.386282 0.597156 0.385379 0.598511 0.385379 0.598511 0.384477 0.599188 0.383574 0.599188 0.380866 0.599865 0.379964 0.599865 0.376354 0.599188 0.375451 0.599188 0.372744 0.597833 0.370939 0.597156 0.370939 0.596479 0.370036
1 0.600542 0.314982 0.599865 0.315884 0.599865 0.316787 0.599188 0.317690 0.599188 0.319495 0.598511 0.320397 0.598511 0.322202 0.602573 0.322202 0.603250 0.323105 0.604604 0.323105 0.605281 0.324007 0.606635 0.324007 0.608666 0.321300 0.608666 0.319495 0.607989 0.318592 0.607989 0.316787 0.605958 0.314079 0.601896 0.314079 0.601219 0.314982
3 0.853081 0.416968 0.853081 0.418773 0.853758 0.419675 0.853758 0.420578 0.854435 0.421480 0.855112 0.421480 0.855789 0.422383 0.857143 0.422383 0.857820 0.421480 0.860528 0.421480 0.861205 0.420578 0.861205 0.417870 0.859851 0.416065 0.859851 0.415162 0.859174 0.414260 0.855112 0.414260
3 0.115775 0.407942 0.115775 0.408845 0.117129 0.410650 0.119838 0.410650 0.120515 0.411552 0.124577 0.411552 0.125254 0.410650 0.127285 0.410650 0.128639 0.408845 0.128639 0.406137 0.127962 0.405235 0.127962 0.404332 0.126608 0.402527 0.121192 0.402527 0.120515 0.403430 0.119838 0.403430 0.119160 0.404332 0.118483 0.404332
3 0.213270 0.435018 0.211239 0.435018 0.210562 0.434116 0.209208 0.434116 0.208531 0.435018 0.205146 0.435018 0.204469 0.435921 0.204469 0.436823 0.203791 0.437726 0.203791 0.439531 0.205823 0.442238 0.211239 0.442238 0.211916 0.441336 0.212593 0.441336 0.213270 0.440433
3 0.366960 0.535199 0.366283 0.534296 0.366283 0.533394 0.364929 0.531588 0.364252 0.531588 0.360867 0.528881 0.359513 0.528881 0.358835 0.527978 0.358158 0.528881 0.357481 0.528881 0.352742 0.535199 0.352065 0.535199 0.349357 0.538809 0.349357 0.543321 0.350034 0.544224 0.351388 0.544224 0.352065 0.545126 0.354773 0.545126 0.355450 0.546029 0.360867 0.546029 0.361544 0.545126 0.362898 0.545126 0.363575 0.544224 0.364252 0.544224 0.365606 0.542419 0.365606 0.540614 0.366283 0.539711 0.366283 0.537004 0.366960 0.536101
3 0.867299 0.425090 0.867299 0.428700 0.868653 0.430505 0.873392 0.430505 0.874746 0.428700 0.874746 0.425090 0.874069 0.425090 0.873392 0.424188 0.868653 0.424188 0.867976 0.425090
3 0.390657 0.533394 0.389303 0.535199 0.389303 0.548736 0.389980 0.549639 0.389980 0.550542 0.390657 0.551444 0.399458 0.551444 0.400135 0.550542 0.401489 0.550542 0.403521 0.546029 0.403521 0.543321 0.402844 0.542419 0.402844 0.541516 0.402167 0.540614 0.402167 0.538809 0.400812 0.537004 0.400812 0.536101 0.400135 0.535199 0.399458 0.535199 0.398781 0.534296 0.397427 0.534296 0.396750 0.533394
3 0.127962 0.410650 0.129316 0.412455 0.130670 0.412455 0.131347 0.413357 0.138118 0.413357 0.138795 0.412455 0.139472 0.412455 0.140826 0.410650 0.140826 0.407942 0.139472 0.406137 0.138795 0.406137 0.138118 0.405235 0.133378 0.405235 0.132701 0.406137 0.132024 0.406137 0.131347 0.407040 0.130670 0.407040 0.129993 0.407942 0.129316 0.407942 0.128639 0.408845 0.128639 0.409747
3 0.206500 0.442238 0.203791 0.438628 0.203114 0.438628 0.202437 0.437726 0.201760 0.438628 0.194990 0.438628 0.193636 0.440433 0.193636 0.441336 0.192959 0.442238 0.194990 0.444946 0.194990 0.445848 0.196344 0.445848 0.197021 0.446751 0.197698 0.446751 0.198375 0.447653 0.200406 0.447653 0.201083 0.446751 0.202437 0.446751 0.205823 0.442238
3 0.188896 0.430505 0.188896 0.431408 0.188219 0.432310 0.188219 0.439531 0.189573 0.441336 0.190928 0.441336 0.191605 0.442238 0.192959 0.442238 0.193636 0.441336 0.194990 0.441336 0.197021 0.438628 0.197021 0.434116 0.196344 0.433213 0.196344 0.432310 0.194990 0.430505
3 0.054841 0.501805 0.056195 0.503610 0.057549 0.503610 0.058226 0.504513 0.066351 0.504513 0.067028 0.503610 0.068382 0.503610 0.069059 0.502708 0.069736 0.502708 0.070413 0.501805 0.072444 0.500903 0.073121 0.500000 0.073121 0.497292 0.071767 0.497292 0.071090 0.496390 0.069059 0.496390 0.068382 0.495487 0.060257 0.495487 0.058903 0.497292 0.058226 0.497292 0.057549 0.498195 0.055518 0.499097
3 0.641165 0.427798 0.639810 0.427798 0.639133 0.428700 0.639133 0.429603 0.638456 0.430505 0.638456 0.431408 0.637779 0.432310 0.637779 0.435921 0.640487 0.439531 0.641165 0.438628 0.641842 0.438628 0.642519 0.437726 0.642519 0.436823 0.643196 0.435921 0.643196 0.431408 0.642519 0.430505 0.642519 0.429603
3 0.195667 0.407942 0.194990 0.408845 0.194990 0.409747 0.194313 0.410650 0.194313 0.416065 0.194990 0.416968 0.194990 0.417870 0.195667 0.418773 0.196344 0.418773 0.197021 0.419675 0.202437 0.419675 0.203114 0.418773 0.203114 0.412455 0.202437 0.411552 0.202437 0.410650 0.201760 0.410650 0.201083 0.409747 0.199729 0.409747 0.199052 0.408845 0.197698 0.408845 0.197021 0.407942
3 0.596479 0.406137 0.596479 0.407942 0.598511 0.410650 0.601219 0.410650 0.601896 0.411552 0.602573 0.411552 0.603250 0.410650 0.606635 0.410650 0.606635 0.409747 0.607312 0.408845 0.607312 0.407942 0.606635 0.407040 0.606635 0.406137 0.604604 0.403430 0.603250 0.403430 0.602573 0.402527 0.601219 0.402527 0.600542 0.403430 0.598511 0.403430 0.597833 0.404332 0.597156 0.404332 0.597156 0.405235
3 0.589709 0.404332 0.590386 0.405235 0.590386 0.406137 0.591063 0.407040 0.591063 0.407942 0.591740 0.408845 0.592417 0.408845 0.593094 0.409747 0.594448 0.409747 0.595125 0.410650 0.595802 0.410650 0.596479 0.409747 0.597156 0.409747 0.598511 0.407942 0.598511 0.404332 0.597833 0.404332 0.597156 0.403430 0.590386 0.403430
3 0.099526 0.486462 0.096818 0.486462 0.096141 0.487365 0.091401 0.487365 0.091401 0.495487 0.092079 0.496390 0.092079 0.497292 0.092756 0.497292 0.093433 0.498195 0.098172 0.498195 0.098849 0.497292 0.099526 0.497292 0.101557 0.494585 0.101557 0.491877 0.102234 0.490975 0.101557 0.490072 0.101557 0.489170
3 0.631009 0.429603 0.631009 0.433213 0.631686 0.434116 0.632363 0.434116 0.633040 0.435018 0.633717 0.435018 0.634394 0.434116 0.636425 0.434116 0.637102 0.433213 0.638456 0.433213 0.639133 0.432310 0.639133 0.427798 0.638456 0.426895 0.637779 0.426895 0.637102 0.425993 0.633040 0.425993 0.631686 0.427798 0.631686 0.428700
