0 0.316181 0.459386 0.317536 0.467509 0.327014 0.482852 0.327691 0.495487 0.331077 0.500903 0.341909 0.497292 0.353419 0.504513 0.355450 0.503610 0.358835 0.497292 0.362221 0.497292 0.368991 0.502708 0.373731 0.501805 0.377116 0.497292 0.376439 0.490975 0.371699 0.485560 0.350711 0.477437 0.343263 0.472924 0.333785 0.471119 0.324306 0.462996
0 0.402167 0.408845 0.394719 0.416065 0.392011 0.424188 0.395396 0.436823 0.394042 0.444043 0.385240 0.450361 0.380501 0.461191 0.392011 0.490975 0.389303 0.506318 0.389980 0.560469 0.393365 0.565884 0.406229 0.564079 0.412999 0.571300 0.417739 0.601083 0.421124 0.588448 0.423832 0.547834 0.429248 0.535199 0.427217 0.496390 0.439404 0.498195 0.442789 0.495487 0.444144 0.486462 0.440758 0.470217 0.431957 0.458484 0.414353 0.445848 0.417062 0.431408 0.415030 0.419675 0.410291 0.411552
0 0.844279 0.407942 0.800271 0.396209 0.744076 0.449458 0.748138 0.524368 0.639810 0.481047 0.612051 0.494585 0.716317 0.559567 0.590386 0.497292 0.574137 0.503610 0.695328 0.639892 0.637779 0.906137 0.632363 0.999097 0.696005 0.999097 0.716317 0.975632 0.718348 0.994585 0.754232 0.995487 0.771835 0.884477 0.799594 0.824910 0.803656 0.751805 0.854435 0.622744 0.840217 0.549639 0.846987 0.511733 0.870684 0.499097 0.873392 0.452166
0 0.567366 0.400722 0.557211 0.399819 0.552471 0.405235 0.548409 0.419675 0.549763 0.435921 0.535545 0.450361 0.521327 0.490072 0.527420 0.499097 0.535545 0.484657 0.540961 0.487365 0.528098 0.586643 0.517942 0.615523 0.535545 0.609206 0.543670 0.591155 0.549763 0.558664 0.552471 0.568592 0.547055 0.616426 0.556534 0.619134 0.563981 0.603791 0.574814 0.526173 0.569397 0.511733 0.572106 0.496390 0.568043 0.470217 0.575491 0.459386 0.575491 0.451264 0.568043 0.438628 0.572106 0.411552
0 0.199729 0.415162 0.178064 0.424188 0.169939 0.437726 0.168585 0.453971 0.180095 0.466606 0.180095 0.486462 0.163169 0.525271 0.194990 0.615523 0.193636 0.653430 0.207177 0.699458 0.208531 0.736462 0.201083 0.768953 0.205823 0.833935 0.219364 0.872744 0.238321 0.877256 0.241706 0.869134 0.225457 0.820397 0.229519 0.770758 0.236967 0.773466 0.249831 0.760830 0.218687 0.668773 0.216655 0.625451 0.247123 0.552347 0.244414 0.527076 0.228842 0.506318 0.232227 0.493682 0.221395 0.487365 0.228842 0.445848
0 0.622884 0.564079 0.619499 0.573105 0.619499 0.594765 0.629655 0.639892 0.626947 0.675090 0.623561 0.681408 0.609343 0.685018 0.607989 0.690433 0.617468 0.697653 0.640487 0.698556 0.648612 0.692238 0.646581 0.680505 0.650643 0.677798 0.653351 0.689531 0.651997 0.712996 0.638456 0.739170 0.647258 0.748195 0.657414 0.749097 0.672309 0.734657 0.675017 0.723827 0.672309 0.649819 0.667569 0.612816
0 0.607989 0.374549 0.603927 0.376354 0.602573 0.383574 0.599188 0.389892 0.599865 0.400722 0.601896 0.408845 0.601896 0.428700 0.603927 0.438628 0.606635 0.439531 0.607312 0.426895 0.609343 0.425090 0.610697 0.427798 0.610697 0.438628 0.612051 0.440433 0.614760 0.440433 0.615437 0.437726 0.614083 0.434116 0.613406 0.404332 0.616791 0.398014 0.616114 0.388087 0.612728 0.383574 0.611374 0.377256
0 0.647935 0.370036 0.645227 0.370036 0.641842 0.372744 0.641165 0.380866 0.633717 0.394404 0.633717 0.397112 0.639133 0.409747 0.638456 0.420578 0.635748 0.431408 0.637102 0.438628 0.640487 0.434116 0.641842 0.424188 0.643873 0.419675 0.646581 0.425090 0.647258 0.430505 0.649966 0.433213 0.651320 0.432310 0.649289 0.422383 0.648612 0.397112 0.651997 0.386282 0.650643 0.381769 0.651320 0.374549
0 0.265403 0.445848 0.236290 0.483755 0.251185 0.563177 0.218687 0.635379 0.228842 0.702166 0.255247 0.755415 0.278267 0.637184 0.300609 0.612816 0.273527 0.772563 0.280975 0.870036 0.269465 0.887184 0.268111 0.994585 0.310765 0.996390 0.320921 0.981949 0.320921 0.904332 0.347326 0.994585 0.382532 0.999097 0.392011 0.930505 0.350711 0.682310 0.411645 0.619134 0.410968 0.574007 0.385917 0.563177 0.307380 0.578520 0.334462 0.511733 0.304672 0.447653
1 0.641165 0.375451 0.641165 0.376354 0.642519 0.378159 0.643196 0.378159 0.643873 0.379061 0.644550 0.378159 0.645904 0.378159 0.646581 0.377256 0.650643 0.377256 0.651320 0.376354 0.651320 0.374549 0.650643 0.373646 0.650643 0.372744 0.649289 0.370939 0.648612 0.370939 0.647935 0.370036 0.645227 0.370036 0.644550 0.370939 0.643873 0.370939 0.642519 0.372744 0.641842 0.372744 0.641842 0.374549
1 0.649966 0.392599 0.650643 0.397112 0.668246 0.397112 0.671632 0.398014 0.675017 0.401625 0.681110 0.403430 0.685850 0.407040 0.689235 0.405235 0.689235 0.398917 0.689912 0.398014 0.689235 0.385379 0.685173 0.378159 0.677048 0.371841 0.666892 0.371841 0.660799 0.375451 0.655383 0.381769
1 0.739336 0.455776 0.757617 0.474729 0.802302 0.500903 0.809749 0.511733 0.817197 0.515343 0.861882 0.509928 0.867299 0.507220 0.872038 0.498195 0.870007 0.481949 0.874069 0.459386 0.870684 0.434116 0.855789 0.415162 0.817197 0.395307 0.799594 0.396209 0.768450 0.424188 0.756263 0.444043 0.742045 0.450361
1 0.534191 0.390794 0.535545 0.392599 0.535545 0.393502 0.540284 0.393502 0.540961 0.392599 0.541638 0.392599 0.542315 0.391697 0.542993 0.391697 0.545024 0.388989 0.545701 0.388989 0.547055 0.387184 0.547055 0.386282 0.545024 0.383574 0.544347 0.383574 0.543670 0.382671 0.542993 0.382671 0.542315 0.381769 0.540961 0.381769 0.540284 0.380866 0.538253 0.380866 0.537576 0.381769 0.536222 0.381769 0.536222 0.382671 0.535545 0.383574 0.535545 0.384477 0.534868 0.385379 0.534868 0.388087 0.534191 0.388989
1 0.279621 0.427798 0.279621 0.433213 0.282329 0.436823 0.287745 0.434116 0.313473 0.435018 0.315504 0.432310 0.308734 0.417870 0.299932 0.408845 0.292485 0.408845 0.285714 0.412455 0.280975 0.421480
1 0.229519 0.504513 0.230196 0.509025 0.241029 0.513538 0.243737 0.521661 0.249831 0.526173 0.273527 0.526173 0.297224 0.515343 0.334462 0.511733 0.327691 0.500000 0.324983 0.481047 0.308057 0.449458 0.302640 0.444946 0.287745 0.443141 0.264726 0.445848 0.248477 0.455776 0.236967 0.480144 0.234936 0.499097
1 0.229519 0.445848 0.226134 0.443141 0.220718 0.433213 0.206500 0.416065 0.197698 0.415162 0.184834 0.419675 0.174678 0.426895 0.169262 0.438628 0.168585 0.453971 0.170616 0.459386 0.176710 0.460289 0.181449 0.463899 0.184157 0.463899 0.199052 0.453069 0.216655 0.448556 0.227488 0.448556
1 0.548409 0.414260 0.549763 0.416968 0.553148 0.416968 0.553825 0.417870 0.559242 0.417870 0.559919 0.418773 0.564658 0.418773 0.565335 0.419675 0.570752 0.419675 0.572783 0.416065 0.572783 0.414260 0.572106 0.413357 0.572106 0.409747 0.571429 0.408845 0.571429 0.407040 0.570074 0.403430 0.568043 0.400722 0.563981 0.399819 0.563304 0.398917 0.558565 0.398917 0.557888 0.399819 0.556534 0.399819 0.554502 0.402527 0.553825 0.402527 0.549763 0.409747 0.549086 0.413357
1 0.392011 0.424188 0.392688 0.427798 0.396750 0.430505 0.409614 0.431408 0.410291 0.432310 0.415030 0.432310 0.417062 0.430505 0.416385 0.423285 0.413676 0.416065 0.409614 0.410650 0.408260 0.409747 0.406229 0.409747 0.405552 0.408845 0.400812 0.408845 0.397427 0.412455 0.396750 0.412455 0.394042 0.416968 0.393365 0.420578 0.392688 0.421480 0.392688 0.423285
1 0.603250 0.375451 0.603250 0.377256 0.604604 0.379061 0.605281 0.379061 0.605958 0.379964 0.610697 0.379964 0.611374 0.380866 0.612051 0.380866 0.612728 0.379964 0.612728 0.376354 0.610697 0.373646 0.610020 0.373646 0.609343 0.372744 0.605958 0.372744 0.605281 0.373646 0.604604 0.373646
3 0.610697 0.437726 0.610697 0.439531 0.611374 0.440433 0.611374 0.441336 0.612051 0.441336 0.612728 0.442238 0.616791 0.442238 0.616791 0.438628 0.614760 0.435921 0.613406 0.435921 0.612728 0.435018
3 0.637102 0.737365 0.637779 0.740072 0.640487 0.743682 0.647258 0.748195 0.652674 0.750000 0.660122 0.748195 0.666892 0.740975 0.672986 0.736462 0.675017 0.728339 0.675017 0.719314 0.674340 0.717509 0.671632 0.716606 0.666892 0.722022 0.661476 0.722924 0.656060 0.720217 0.654028 0.717509 0.650643 0.716606 0.645904 0.725632
3 0.314150 0.962996 0.314150 0.967509 0.313473 0.968412 0.313473 0.975632 0.312796 0.976534 0.312796 0.996390 0.313473 0.997292 0.313473 0.999097 0.320921 0.999097 0.322952 0.994585 0.322952 0.990975 0.324306 0.988267 0.324306 0.985560 0.324983 0.984657 0.324306 0.972924 0.322952 0.969314 0.320244 0.964801 0.319567 0.964801 0.318213 0.962996
3 0.415030 0.617329 0.413676 0.619134 0.413676 0.620036 0.411645 0.622744 0.411645 0.623646 0.409614 0.626354 0.408937 0.626354 0.408937 0.627256 0.407583 0.629964 0.408260 0.630866 0.408260 0.632671 0.410291 0.634477 0.411645 0.634477 0.412322 0.635379 0.418416 0.635379 0.419093 0.634477 0.419770 0.634477 0.421124 0.632671 0.421124 0.630866 0.421801 0.629964 0.421801 0.629061 0.421124 0.628159 0.421124 0.626354 0.420447 0.625451 0.420447 0.624549 0.419770 0.623646 0.419770 0.622744 0.419093 0.621841 0.418416 0.619134 0.417062 0.617329
3 0.213947 0.851986 0.213947 0.861011 0.216655 0.868231 0.216655 0.870036 0.220041 0.875451 0.224103 0.877256 0.228165 0.877256 0.228842 0.878159 0.240352 0.878159 0.243060 0.876354 0.243060 0.870939 0.241029 0.866426 0.241029 0.863718 0.238321 0.857401 0.236290 0.848375 0.233582 0.842058 0.230196 0.840253 0.221395 0.849278
3 0.606635 0.687726 0.607312 0.691336 0.610020 0.694946 0.612728 0.696751 0.620176 0.697653 0.620853 0.698556 0.641165 0.698556 0.647258 0.695848 0.648612 0.693141 0.648612 0.686823 0.647258 0.684116 0.643196 0.684116 0.639810 0.686823 0.637102 0.686823 0.636425 0.685921 0.633717 0.685921 0.628301 0.682310 0.626269 0.679603 0.624238 0.681408 0.608666 0.684116
3 0.546378 0.617329 0.547055 0.618231 0.547055 0.619134 0.549086 0.620939 0.554502 0.620939 0.555179 0.620036 0.556534 0.620036 0.557211 0.619134 0.557888 0.619134 0.559242 0.617329 0.559919 0.617329 0.561273 0.615523 0.561273 0.614621 0.561950 0.613718 0.561950 0.611913 0.561273 0.611011 0.555179 0.611011 0.554502 0.610108 0.549086 0.610108 0.548409 0.611011 0.547732 0.611011 0.546378 0.612816
3 0.535545 0.605596 0.534191 0.603791 0.532837 0.603791 0.529452 0.601083 0.525389 0.601083 0.521327 0.605596 0.520650 0.605596 0.515234 0.612816 0.515234 0.615523 0.515911 0.615523 0.516588 0.616426 0.525389 0.616426 0.526066 0.615523 0.528098 0.615523 0.528775 0.614621 0.530129 0.614621 0.530806 0.613718 0.534191 0.611913 0.534191 0.611011 0.535545 0.609206
