0 0.411645 0.416065 0.411645 0.421480 0.417739 0.433213 0.417739 0.435921 0.415030 0.438628 0.415030 0.444946 0.417062 0.449458 0.417739 0.457581 0.421801 0.460289 0.421801 0.440433 0.423155 0.438628 0.426540 0.438628 0.428571 0.440433 0.432634 0.466606 0.436019 0.467509 0.437373 0.465704 0.435342 0.436823 0.440758 0.425993 0.440758 0.418773 0.436696 0.414260 0.433988 0.414260 0.429926 0.417870 0.419093 0.414260
0 0.619499 0.372744 0.614760 0.375451 0.611374 0.383574 0.614760 0.408845 0.609343 0.421480 0.605958 0.442238 0.609343 0.452166 0.609343 0.474729 0.622207 0.538809 0.631009 0.547834 0.633717 0.546029 0.636425 0.529783 0.640487 0.537906 0.646581 0.536101 0.643873 0.504513 0.639133 0.490975 0.643873 0.480144 0.641842 0.449458 0.643873 0.431408 0.641165 0.409747 0.631686 0.398014 0.629655 0.377256
0 0.174001 0.382671 0.169939 0.382671 0.165877 0.387184 0.165200 0.388989 0.165200 0.400722 0.164523 0.402527 0.161814 0.406137 0.161137 0.406137 0.159106 0.411552 0.160460 0.415162 0.165877 0.419675 0.167908 0.422383 0.170616 0.419675 0.174001 0.414260 0.174001 0.410650 0.171970 0.405235 0.171970 0.394404 0.172647 0.392599 0.177387 0.387184 0.177387 0.386282
0 0.315504 0.382671 0.311442 0.382671 0.306703 0.386282 0.304672 0.397112 0.305349 0.404332 0.296547 0.414260 0.293162 0.425090 0.292485 0.440433 0.299255 0.450361 0.299255 0.471119 0.305349 0.475632 0.317536 0.474729 0.324306 0.472022 0.327691 0.466606 0.329722 0.442238 0.326337 0.430505 0.326337 0.424188 0.328368 0.421480 0.322952 0.403430 0.320921 0.389892
0 0.137441 0.377256 0.137441 0.379061 0.136764 0.379964 0.136764 0.391697 0.139472 0.397112 0.140149 0.403430 0.142180 0.406137 0.142180 0.407040 0.144211 0.408845 0.145565 0.408845 0.149628 0.411552 0.154367 0.411552 0.155044 0.410650 0.151659 0.404332 0.151659 0.402527 0.150305 0.399819 0.150305 0.392599 0.149628 0.391697 0.149628 0.388989 0.148951 0.388087 0.148951 0.385379 0.147596 0.380866 0.144211 0.376354 0.142857 0.376354 0.140149 0.374549
0 0.664184 0.372744 0.658091 0.376354 0.655383 0.395307 0.658091 0.407942 0.653351 0.419675 0.651320 0.442238 0.645227 0.463899 0.645227 0.477437 0.640487 0.492780 0.643873 0.504513 0.648612 0.493682 0.657414 0.484657 0.660122 0.490975 0.662830 0.526173 0.667569 0.527978 0.671632 0.526173 0.672309 0.522563 0.671632 0.484657 0.675694 0.467509 0.675017 0.452166 0.683142 0.432310 0.683142 0.426895 0.671632 0.400722 0.671632 0.394404 0.675694 0.386282 0.675017 0.379964 0.672309 0.375451
0 0.119160 0.326715 0.102234 0.339350 0.102234 0.404332 0.076506 0.431408 0.072444 0.451264 0.081246 0.574007 0.079892 0.533394 0.115775 0.513538 0.119838 0.496390 0.127962 0.550542 0.121869 0.567690 0.092079 0.587545 0.089370 0.738267 0.100203 0.750000 0.113067 0.741877 0.115775 0.646209 0.129316 0.592058 0.143534 0.638989 0.152336 0.733755 0.171970 0.723827 0.161137 0.553249 0.182126 0.529783 0.196344 0.485560 0.169262 0.427798 0.137441 0.403430 0.137441 0.347473
0 0.320244 0.371841 0.316181 0.376354 0.315504 0.382671 0.318213 0.384477 0.320921 0.388989 0.320921 0.390794 0.322275 0.393502 0.322952 0.401625 0.327014 0.414260 0.327014 0.417870 0.327691 0.419675 0.329722 0.419675 0.331754 0.417870 0.331754 0.398917 0.331077 0.398014 0.331077 0.387184 0.330399 0.386282 0.329722 0.376354 0.325660 0.371841
0 0.265403 0.379061 0.262695 0.379964 0.259986 0.383574 0.260664 0.394404 0.256601 0.407040 0.252539 0.442238 0.257955 0.451264 0.259986 0.459386 0.259986 0.466606 0.264726 0.471119 0.267434 0.471119 0.270819 0.467509 0.272850 0.462094 0.272850 0.433213 0.274882 0.410650 0.272173 0.399819 0.272173 0.393502 0.273527 0.389892 0.272850 0.385379 0.268788 0.379964
0 0.095464 0.361913 0.091401 0.362816 0.084631 0.369134 0.083277 0.373646 0.083277 0.386282 0.075152 0.392599 0.071767 0.397112 0.064320 0.418773 0.064320 0.427798 0.065674 0.431408 0.073798 0.431408 0.081923 0.422383 0.092079 0.415162 0.099526 0.407040 0.102234 0.397112 0.097495 0.384477 0.098172 0.365523
0 0.174678 0.387184 0.171970 0.395307 0.174678 0.414260 0.169262 0.421480 0.169939 0.425090 0.194990 0.470217 0.197698 0.478339 0.197698 0.490975 0.203114 0.505415 0.206500 0.505415 0.206500 0.486462 0.203114 0.471119 0.200406 0.433213 0.207177 0.427798 0.207177 0.421480 0.199729 0.413357 0.187542 0.407040 0.186188 0.403430 0.187542 0.397112 0.184157 0.388989
0 0.394719 0.383574 0.390657 0.383574 0.386594 0.386282 0.382532 0.393502 0.382532 0.406137 0.383209 0.407040 0.383209 0.410650 0.384563 0.414260 0.384563 0.416968 0.385240 0.417870 0.385240 0.419675 0.387271 0.420578 0.389303 0.423285 0.390657 0.422383 0.392011 0.418773 0.392011 0.416065 0.393365 0.411552 0.393365 0.406137 0.394042 0.405235 0.394042 0.397112 0.394719 0.396209 0.394719 0.393502 0.396073 0.390794 0.396073 0.388087 0.396750 0.387184 0.396750 0.386282
0 0.355450 0.386282 0.349357 0.401625 0.354773 0.418773 0.348680 0.432310 0.345295 0.428700 0.342586 0.432310 0.345295 0.447653 0.352065 0.454874 0.353419 0.476534 0.358835 0.504513 0.360867 0.550542 0.375085 0.553249 0.377793 0.550542 0.378470 0.523466 0.375085 0.501805 0.375085 0.480144 0.379824 0.471119 0.375762 0.427798 0.368314 0.411552 0.366283 0.391697 0.362221 0.387184
0 0.404198 0.383574 0.396073 0.387184 0.389980 0.404332 0.390657 0.425090 0.386594 0.431408 0.383209 0.424188 0.378470 0.427798 0.379147 0.443141 0.385240 0.458484 0.385917 0.481047 0.391334 0.488267 0.389303 0.564982 0.402167 0.559567 0.401489 0.550542 0.407583 0.527978 0.408937 0.546931 0.406229 0.560469 0.418416 0.560469 0.418416 0.513538 0.415030 0.491877 0.418416 0.466606 0.412999 0.450361 0.408260 0.413357 0.412999 0.396209
0 0.497630 0.386282 0.490860 0.398917 0.494245 0.416065 0.484089 0.433213 0.482735 0.443141 0.486121 0.455776 0.491537 0.465704 0.494245 0.495487 0.498984 0.518953 0.505755 0.519856 0.508463 0.511733 0.510494 0.517148 0.515911 0.518953 0.517265 0.509928 0.513879 0.485560 0.515911 0.448556 0.518619 0.442238 0.518619 0.430505 0.509817 0.412455 0.507786 0.390794 0.503047 0.386282
0 0.234936 0.380866 0.230196 0.380866 0.228165 0.382671 0.226811 0.386282 0.226811 0.394404 0.219364 0.402527 0.213947 0.421480 0.215301 0.431408 0.221395 0.440433 0.222749 0.461191 0.225457 0.474729 0.232905 0.472924 0.232905 0.465704 0.235613 0.461191 0.237644 0.449458 0.240352 0.443141 0.241029 0.435018 0.243737 0.428700 0.243060 0.407942 0.238998 0.398014 0.238998 0.387184
1 0.171293 0.381769 0.170616 0.382671 0.169262 0.382671 0.168585 0.383574 0.167908 0.383574 0.165877 0.386282 0.165877 0.388087 0.165200 0.388989 0.165200 0.393502 0.167231 0.396209 0.169262 0.396209 0.169939 0.397112 0.171970 0.397112 0.171970 0.396209 0.172647 0.395307 0.172647 0.394404 0.178064 0.387184 0.175355 0.383574 0.174678 0.383574 0.174001 0.382671 0.171970 0.382671
1 0.396750 0.386282 0.395396 0.384477 0.394719 0.384477 0.394042 0.383574 0.392688 0.383574 0.392011 0.384477 0.389980 0.384477 0.389303 0.385379 0.387271 0.386282 0.383886 0.390794 0.383886 0.391697 0.382532 0.394404 0.382532 0.398014 0.383209 0.398917 0.383209 0.400722 0.383886 0.401625 0.387271 0.401625 0.387949 0.400722 0.389980 0.400722 0.392011 0.398917 0.393365 0.398917 0.394719 0.397112 0.394719 0.396209 0.395396 0.395307 0.395396 0.392599 0.396073 0.391697 0.396073 0.389892 0.396750 0.388989
1 0.610697 0.384477 0.610697 0.388087 0.612728 0.389892 0.618145 0.389892 0.618822 0.390794 0.627624 0.390794 0.628301 0.391697 0.629655 0.391697 0.631686 0.389892 0.631686 0.381769 0.630332 0.378159 0.627624 0.374549 0.624915 0.372744 0.618822 0.372744 0.618145 0.373646 0.616791 0.373646 0.615437 0.374549 0.612728 0.378159 0.611374 0.381769 0.611374 0.383574
1 0.037915 0.376354 0.038592 0.376354 0.039269 0.377256 0.039946 0.377256 0.040623 0.378159 0.040623 0.381769 0.039946 0.382671 0.039946 0.383574 0.039269 0.384477 0.039269 0.387184 0.040623 0.388989 0.041300 0.388989 0.042654 0.390794 0.043331 0.390794 0.044008 0.389892 0.044685 0.389892 0.044685 0.388989 0.045362 0.388087 0.045362 0.387184 0.046039 0.386282 0.046039 0.381769 0.045362 0.380866 0.045362 0.379964 0.044685 0.379061 0.044008 0.379061 0.043331 0.378159 0.041300 0.378159 0.040623 0.377256 0.040623 0.376354
1 0.139472 0.374549 0.138118 0.376354 0.138118 0.377256 0.136764 0.379964 0.136764 0.382671 0.136087 0.383574 0.136087 0.389892 0.136764 0.390794 0.139472 0.390794 0.140149 0.391697 0.140826 0.390794 0.142857 0.390794 0.143534 0.389892 0.145565 0.389892 0.146242 0.388989 0.146919 0.388989 0.148274 0.387184 0.148274 0.383574 0.147596 0.382671 0.147596 0.381769 0.146919 0.380866 0.146919 0.379964 0.144211 0.376354 0.142857 0.376354 0.142180 0.375451 0.140826 0.375451 0.140149 0.374549
1 0.305349 0.388989 0.305349 0.392599 0.304672 0.393502 0.304672 0.397112 0.305349 0.398014 0.305349 0.399819 0.306703 0.402527 0.307380 0.402527 0.310765 0.399819 0.312119 0.399819 0.312796 0.398917 0.318213 0.398917 0.318890 0.399819 0.320921 0.399819 0.322275 0.397112 0.322275 0.394404 0.321598 0.393502 0.321598 0.390794 0.320921 0.389892 0.320921 0.388989 0.318890 0.386282 0.318890 0.385379 0.316181 0.382671 0.311442 0.382671 0.310765 0.383574 0.309411 0.383574 0.308734 0.384477 0.308057 0.384477
1 0.350034 0.396209 0.350034 0.398917 0.350711 0.399819 0.357481 0.399819 0.358158 0.398917 0.359513 0.398917 0.360190 0.399819 0.365606 0.399819 0.366283 0.400722 0.367637 0.398917 0.367637 0.395307 0.366960 0.394404 0.366960 0.392599 0.365606 0.390794 0.365606 0.389892 0.364929 0.389892 0.362898 0.387184 0.362221 0.387184 0.361544 0.386282 0.354773 0.386282 0.354096 0.387184 0.353419 0.387184 0.352742 0.388087 0.352742 0.388989 0.351388 0.391697 0.351388 0.393502
1 0.171970 0.393502 0.171970 0.398014 0.172647 0.398917 0.173324 0.398917 0.175355 0.400722 0.179418 0.400722 0.180095 0.399819 0.184834 0.399819 0.185511 0.398917 0.186188 0.398917 0.187542 0.397112 0.187542 0.395307 0.186865 0.394404 0.186865 0.393502 0.185511 0.391697 0.185511 0.390794 0.183480 0.388087 0.182803 0.388087 0.182126 0.387184 0.180095 0.387184 0.179418 0.386282 0.176032 0.386282 0.175355 0.385379 0.174678 0.385379 0.174001 0.386282 0.174001 0.388087 0.173324 0.388989 0.173324 0.390794
1 0.024374 0.379061 0.024374 0.383574 0.029113 0.387184 0.030467 0.387184 0.031144 0.386282 0.033175 0.386282 0.033852 0.387184 0.036561 0.387184 0.037238 0.388087 0.038592 0.388087 0.039269 0.388989 0.039946 0.388989 0.042654 0.386282 0.042654 0.380866 0.041977 0.379964 0.041300 0.377256 0.039946 0.375451 0.039269 0.375451 0.035884 0.372744 0.034529 0.372744 0.032498 0.370939 0.029113 0.370939 0.029113 0.371841 0.025051 0.377256 0.025051 0.378159
1 0.259986 0.382671 0.259986 0.386282 0.261341 0.388087 0.263372 0.388087 0.264049 0.388989 0.265403 0.388989 0.267434 0.390794 0.269465 0.390794 0.270142 0.391697 0.272850 0.391697 0.272850 0.390794 0.273527 0.389892 0.273527 0.388989 0.272850 0.388087 0.272850 0.385379 0.272173 0.384477 0.272173 0.383574 0.270142 0.380866 0.269465 0.380866 0.268788 0.379964 0.266757 0.379964 0.266080 0.379061 0.265403 0.379061 0.264726 0.379964 0.262018 0.379964
1 0.096818 0.351986 0.096818 0.356498 0.098172 0.359206 0.101557 0.359206 0.108328 0.354693 0.117129 0.354693 0.128639 0.357401 0.133378 0.361011 0.136087 0.365523 0.138795 0.362816 0.138118 0.349278 0.136764 0.342960 0.133378 0.336643 0.126608 0.329422 0.122546 0.326715 0.114421 0.326715 0.106974 0.331227 0.102234 0.338448 0.099526 0.347473
1 0.098172 0.363718 0.096141 0.361913 0.092079 0.361913 0.091401 0.362816 0.090047 0.362816 0.088693 0.364621 0.088016 0.364621 0.086662 0.366426 0.086662 0.367329 0.085308 0.369134 0.084631 0.369134 0.084631 0.370036 0.083277 0.372744 0.083277 0.376354 0.084631 0.378159 0.084631 0.379061 0.085985 0.379061 0.086662 0.378159 0.092756 0.378159 0.093433 0.379061 0.094787 0.379061 0.095464 0.379964 0.096141 0.379061 0.096818 0.379061 0.098172 0.376354 0.098172 0.371841 0.098849 0.370939 0.098849 0.365523 0.098172 0.364621
1 0.490183 0.400722 0.490860 0.401625 0.490860 0.402527 0.491537 0.402527 0.492214 0.403430 0.495599 0.403430 0.496276 0.402527 0.498984 0.402527 0.499661 0.401625 0.509140 0.401625 0.509140 0.394404 0.508463 0.393502 0.508463 0.391697 0.504401 0.386282 0.503047 0.386282 0.502370 0.385379 0.498307 0.385379 0.497630 0.386282 0.495599 0.387184 0.494245 0.388989 0.493568 0.391697 0.492214 0.393502 0.492214 0.395307 0.491537 0.396209 0.491537 0.397112 0.490860 0.398014 0.490860 0.399819
1 0.028436 0.365523 0.024374 0.365523 0.023697 0.366426 0.022343 0.366426 0.020311 0.369134 0.019634 0.369134 0.019634 0.370036 0.018957 0.370939 0.018957 0.372744 0.018280 0.373646 0.018280 0.377256 0.018957 0.378159 0.018957 0.379964 0.019634 0.380866 0.020311 0.380866 0.022343 0.382671 0.023020 0.381769 0.024374 0.381769 0.025051 0.380866 0.025051 0.379964 0.025728 0.379061 0.025728 0.378159 0.026405 0.377256 0.026405 0.376354 0.028436 0.373646 0.029790 0.373646 0.030467 0.372744 0.031144 0.372744 0.031144 0.370036 0.030467 0.369134 0.030467 0.368231
1 0.432634 0.415162 0.431957 0.416065 0.431957 0.416968 0.431280 0.417870 0.431957 0.418773 0.431957 0.420578 0.435342 0.425090 0.435342 0.425993 0.436696 0.427798 0.436696 0.428700 0.438050 0.430505 0.439404 0.430505 0.440758 0.428700 0.440758 0.427798 0.441435 0.426895 0.441435 0.425090 0.442112 0.424188 0.442112 0.421480 0.441435 0.420578 0.441435 0.418773 0.438050 0.414260 0.433988 0.414260 0.433311 0.415162
1 0.316181 0.376354 0.316181 0.382671 0.317536 0.382671 0.318213 0.383574 0.319567 0.383574 0.320921 0.385379 0.324306 0.385379 0.326337 0.388087 0.327014 0.388087 0.327691 0.388989 0.329722 0.387184 0.329722 0.386282 0.330399 0.385379 0.330399 0.379964 0.329722 0.379061 0.329722 0.377256 0.329045 0.376354 0.329045 0.375451 0.327014 0.372744 0.325660 0.372744 0.324983 0.371841 0.320921 0.371841 0.320244 0.372744 0.319567 0.372744 0.318213 0.374549 0.317536 0.374549
1 0.399458 0.383574 0.396750 0.387184 0.396750 0.388087 0.396073 0.388989 0.396073 0.391697 0.395396 0.392599 0.395396 0.393502 0.394719 0.394404 0.394719 0.396209 0.394042 0.397112 0.395396 0.398917 0.396073 0.398917 0.398104 0.400722 0.399458 0.400722 0.404198 0.404332 0.406229 0.404332 0.406906 0.405235 0.409614 0.405235 0.410291 0.404332 0.411645 0.404332 0.411645 0.403430 0.412999 0.400722 0.412999 0.398917 0.413676 0.398014 0.412322 0.391697 0.407583 0.385379 0.406906 0.385379 0.404875 0.383574
1 0.228165 0.382671 0.228165 0.383574 0.227488 0.384477 0.227488 0.386282 0.226811 0.387184 0.226811 0.389892 0.227488 0.390794 0.227488 0.391697 0.228842 0.393502 0.229519 0.393502 0.230196 0.394404 0.233582 0.394404 0.234259 0.395307 0.237644 0.395307 0.239675 0.393502 0.239675 0.390794 0.238998 0.389892 0.238998 0.387184 0.236290 0.381769 0.235613 0.381769 0.234259 0.379964 0.230873 0.379964 0.229519 0.381769 0.228842 0.381769
1 0.656060 0.380866 0.656060 0.385379 0.656737 0.386282 0.659445 0.386282 0.660122 0.387184 0.667569 0.387184 0.668246 0.388087 0.669601 0.388087 0.670278 0.388989 0.675017 0.388989 0.675694 0.388087 0.675694 0.380866 0.675017 0.379964 0.675017 0.378159 0.672986 0.375451 0.672309 0.375451 0.670278 0.373646 0.668923 0.373646 0.668246 0.372744 0.663507 0.372744 0.662830 0.373646 0.661476 0.373646 0.660799 0.374549 0.658768 0.375451 0.657414 0.377256 0.657414 0.378159
1 0.511848 0.492780 0.507786 0.498195 0.507786 0.504513 0.508463 0.505415 0.508463 0.509928 0.509140 0.510830 0.509140 0.515343 0.509817 0.516245 0.509817 0.517148 0.510494 0.517148 0.511171 0.518051 0.512525 0.518051 0.513202 0.518953 0.515911 0.518953 0.516588 0.518051 0.517265 0.518051 0.517265 0.509928 0.516588 0.509025 0.516588 0.502708 0.515911 0.501805 0.515911 0.498195 0.515234 0.497292 0.515234 0.493682 0.513879 0.493682 0.513202 0.492780
2 0.433988 0.455776 0.433311 0.456679 0.432634 0.456679 0.431957 0.457581 0.431957 0.466606 0.432634 0.467509 0.433311 0.467509 0.433988 0.468412 0.436019 0.468412 0.436696 0.467509 0.437373 0.467509 0.438050 0.466606 0.438050 0.459386 0.437373 0.458484 0.437373 0.457581 0.436019 0.455776
2 0.019634 0.482852 0.018957 0.483755 0.017603 0.483755 0.014895 0.487365 0.015572 0.488267 0.015572 0.500000 0.016249 0.500903 0.016926 0.503610 0.018280 0.505415 0.018957 0.505415 0.020311 0.507220 0.020988 0.507220 0.022343 0.509025 0.023020 0.509025 0.025728 0.512635 0.025728 0.513538 0.026405 0.512635 0.026405 0.500903 0.025728 0.500000 0.025728 0.488267 0.022343 0.482852
2 0.671632 0.509928 0.670278 0.509928 0.669601 0.510830 0.664861 0.510830 0.662830 0.512635 0.662830 0.526173 0.664184 0.527978 0.669601 0.527978 0.670278 0.527076 0.671632 0.527076 0.671632 0.526173 0.672309 0.525271 0.672309 0.512635 0.671632 0.511733
2 0.025728 0.486462 0.023020 0.490975 0.023020 0.495487 0.021666 0.497292 0.021666 0.504513 0.025051 0.510830 0.025051 0.511733 0.026405 0.513538 0.027082 0.516245 0.028436 0.518051 0.030467 0.518051 0.031144 0.518953 0.032498 0.518953 0.033852 0.518051 0.035207 0.515343 0.034529 0.513538 0.034529 0.502708 0.033852 0.501805 0.033852 0.495487 0.031144 0.490975 0.031144 0.490072 0.029113 0.487365
2 0.421801 0.457581 0.421124 0.458484 0.420447 0.458484 0.419770 0.459386 0.419770 0.461191 0.419093 0.462094 0.419093 0.462996 0.419770 0.463899 0.419770 0.466606 0.420447 0.467509 0.420447 0.468412 0.421801 0.470217 0.425186 0.470217 0.425863 0.469314 0.425863 0.468412 0.426540 0.467509 0.426540 0.463899 0.425863 0.462996 0.425863 0.462094 0.425186 0.461191 0.425186 0.460289 0.424509 0.460289 0.423155 0.458484 0.422478 0.458484
2 0.379824 0.526173 0.376439 0.526173 0.375762 0.527076 0.373053 0.527076 0.372376 0.527978 0.371022 0.527978 0.369668 0.528881 0.368991 0.530686 0.368991 0.548736 0.368314 0.549639 0.369668 0.551444 0.369668 0.553249 0.371022 0.554152 0.373731 0.554152 0.376439 0.555957 0.378470 0.552347 0.378470 0.545126 0.379147 0.544224 0.379147 0.532491 0.379824 0.531588
2 0.402844 0.532491 0.398781 0.532491 0.398104 0.531588 0.391334 0.531588 0.390657 0.532491 0.390657 0.534296 0.389980 0.535199 0.389980 0.543321 0.389303 0.544224 0.389303 0.553249 0.388626 0.554152 0.388626 0.558664 0.387271 0.562274 0.387271 0.564079 0.389303 0.565884 0.396750 0.564982 0.400135 0.563177 0.401489 0.561372 0.401489 0.551444 0.402167 0.550542 0.402167 0.546029 0.404875 0.537004 0.404198 0.534296
2 0.359513 0.523466 0.358835 0.524368 0.358835 0.551444 0.360190 0.554152 0.365606 0.554152 0.366960 0.553249 0.368991 0.550542 0.368991 0.546931 0.369668 0.546029 0.369668 0.533394 0.370345 0.531588 0.369668 0.530686 0.369668 0.528881 0.368991 0.528881 0.366960 0.526173 0.362898 0.523466
2 0.199052 0.489170 0.198375 0.490072 0.198375 0.493682 0.199052 0.494585 0.199052 0.496390 0.200406 0.499097 0.200406 0.500903 0.201083 0.501805 0.201083 0.502708 0.201760 0.503610 0.201760 0.504513 0.203114 0.506318 0.205146 0.506318 0.205823 0.507220 0.206500 0.507220 0.206500 0.506318 0.207177 0.505415 0.207177 0.500903 0.206500 0.500000 0.206500 0.491877 0.205823 0.490975 0.205823 0.490072 0.205146 0.489170 0.203791 0.489170 0.203114 0.488267 0.201760 0.488267 0.201083 0.489170
2 0.035884 0.479242 0.035207 0.481047 0.031821 0.481949 0.028436 0.485560 0.025728 0.490072 0.025728 0.498195 0.027759 0.500903 0.028436 0.510830 0.029790 0.515343 0.032498 0.518051 0.035884 0.518051 0.036561 0.518953 0.044685 0.518953 0.047393 0.516245 0.047393 0.503610 0.045362 0.498195 0.044685 0.492780 0.041977 0.483755 0.039946 0.481047
2 0.039269 0.484657 0.038592 0.485560 0.038592 0.497292 0.037915 0.498195 0.038592 0.500000 0.038592 0.505415 0.039946 0.507220 0.040623 0.510830 0.041300 0.511733 0.040623 0.512635 0.040623 0.515343 0.041300 0.517148 0.042654 0.518953 0.046039 0.518953 0.048747 0.517148 0.050102 0.514440 0.050102 0.511733 0.049425 0.510830 0.049425 0.507220 0.048747 0.506318 0.048747 0.502708 0.048070 0.501805 0.047393 0.498195 0.046039 0.496390 0.044008 0.490975 0.044008 0.488267 0.043331 0.486462 0.040623 0.484657
2 0.619499 0.524368 0.619499 0.527978 0.620176 0.528881 0.620176 0.532491 0.620853 0.533394 0.620853 0.536101 0.621530 0.537004 0.621530 0.538809 0.622207 0.539711 0.622207 0.540614 0.625592 0.545126 0.626269 0.545126 0.628301 0.547834 0.628978 0.547834 0.629655 0.548736 0.632363 0.548736 0.633040 0.547834 0.633717 0.547834 0.633717 0.545126 0.634394 0.544224 0.634394 0.540614 0.633717 0.539711 0.633717 0.526173 0.631009 0.523466 0.628978 0.523466 0.628301 0.524368
2 0.496953 0.500000 0.495599 0.501805 0.496276 0.502708 0.496276 0.509025 0.496953 0.509928 0.496953 0.512635 0.497630 0.513538 0.497630 0.515343 0.498307 0.516245 0.498307 0.518953 0.500338 0.520758 0.505078 0.520758 0.505755 0.519856 0.506432 0.519856 0.507109 0.518953 0.507109 0.509025 0.506432 0.508123 0.506432 0.505415 0.505755 0.504513 0.505755 0.502708 0.503724 0.500000
2 0.410968 0.530686 0.408937 0.534296 0.408937 0.550542 0.408260 0.551444 0.408260 0.553249 0.406906 0.555054 0.405552 0.558664 0.405552 0.560469 0.406229 0.561372 0.410291 0.562274 0.410968 0.563177 0.417739 0.563177 0.419093 0.560469 0.418416 0.558664 0.418416 0.555957 0.417739 0.555054 0.417739 0.552347 0.418416 0.551444 0.418416 0.532491 0.417739 0.530686
2 0.637102 0.518953 0.635748 0.520758 0.635748 0.521661 0.635071 0.522563 0.635071 0.526173 0.635748 0.527076 0.635748 0.529783 0.636425 0.530686 0.636425 0.533394 0.637102 0.534296 0.638456 0.538809 0.639810 0.540614 0.642519 0.540614 0.643196 0.541516 0.644550 0.541516 0.645227 0.540614 0.647258 0.540614 0.647935 0.539711 0.647935 0.538809 0.647258 0.537906 0.647258 0.522563 0.646581 0.521661 0.646581 0.520758 0.645227 0.518953 0.644550 0.518953 0.643873 0.518051 0.643196 0.518953 0.641165 0.518953 0.640487 0.519856
2 0.165200 0.549639 0.163846 0.549639 0.162492 0.551444 0.162492 0.552347 0.161814 0.553249 0.161814 0.560469 0.162492 0.561372 0.163846 0.561372 0.164523 0.562274 0.165200 0.561372 0.165877 0.561372 0.167231 0.559567 0.167231 0.553249 0.166554 0.552347 0.166554 0.551444
2 0.089370 0.731047 0.089370 0.732852 0.088693 0.733755 0.088693 0.739170 0.090047 0.742780 0.094110 0.748195 0.096818 0.750000 0.098172 0.750000 0.098849 0.750903 0.104265 0.750903 0.104942 0.750000 0.106974 0.750000 0.110359 0.748195 0.113067 0.744585 0.113067 0.742780 0.113744 0.741877 0.113744 0.733755 0.112390 0.729242 0.109005 0.729242 0.104265 0.731949 0.100203 0.731949 0.099526 0.732852 0.096818 0.731949 0.092079 0.728339 0.091401 0.728339
2 0.174001 0.715704 0.171293 0.712094 0.164523 0.716606 0.162492 0.716606 0.161814 0.717509 0.153690 0.717509 0.150305 0.720217 0.150305 0.729242 0.150982 0.730144 0.151659 0.734657 0.153690 0.737365 0.155044 0.737365 0.155721 0.738267 0.161814 0.737365 0.163169 0.735560 0.164523 0.735560 0.171293 0.727437 0.174001 0.720217
