0 0.078538 0.448556 0.074475 0.454874 0.074475 0.460289 0.078538 0.470217 0.079215 0.475632 0.077861 0.484657 0.083954 0.488267 0.090724 0.497292 0.093433 0.511733 0.109005 0.529783 0.109005 0.524368 0.106297 0.519856 0.105619 0.515343 0.107651 0.510830 0.112390 0.507220 0.112390 0.501805 0.109005 0.489170 0.105619 0.481047 0.099526 0.475632 0.089370 0.461191 0.087339 0.451264 0.084631 0.448556
0 0.771158 0.472924 0.757617 0.475632 0.746107 0.493682 0.737982 0.497292 0.723764 0.514440 0.720379 0.532491 0.723087 0.551444 0.716317 0.585740 0.707515 0.599278 0.708192 0.605596 0.720379 0.599278 0.723087 0.604693 0.733920 0.604693 0.735274 0.590253 0.742045 0.581227 0.741368 0.565884 0.744753 0.562274 0.758294 0.583032 0.769804 0.591155 0.771835 0.609206 0.789438 0.609206 0.784022 0.591155 0.790115 0.567690 0.790792 0.540614 0.786053 0.513538 0.777928 0.500903 0.778605 0.485560
0 0.376439 0.474729 0.372376 0.475632 0.371022 0.477437 0.368991 0.484657 0.365606 0.490975 0.364929 0.501805 0.362221 0.509025 0.362898 0.531588 0.360190 0.538809 0.360190 0.543321 0.362221 0.545126 0.367637 0.545126 0.372376 0.539711 0.376439 0.538809 0.378470 0.536101 0.378470 0.514440 0.379824 0.509025 0.381855 0.506318 0.386594 0.505415 0.387949 0.503610 0.387271 0.498195 0.380501 0.488267 0.379824 0.480144
0 0.322952 0.437726 0.316859 0.445848 0.318890 0.466606 0.312119 0.484657 0.308057 0.515343 0.312119 0.533394 0.310765 0.563177 0.314827 0.592058 0.322952 0.589350 0.320921 0.558664 0.324306 0.551444 0.327691 0.563177 0.324983 0.591155 0.331077 0.592960 0.334462 0.588448 0.336493 0.571300 0.335816 0.542419 0.340555 0.515343 0.341232 0.489170 0.333108 0.445848 0.329722 0.439531
0 0.964116 0.415162 0.953961 0.416065 0.945836 0.425090 0.945836 0.435921 0.940420 0.448556 0.943128 0.455776 0.935003 0.480144 0.933649 0.515343 0.930264 0.526173 0.937035 0.562274 0.932295 0.594765 0.933649 0.603791 0.947867 0.602888 0.952607 0.583935 0.953961 0.602888 0.969533 0.604693 0.977657 0.574910 0.976980 0.564982 0.967502 0.540614 0.964116 0.470217 0.967502 0.453069 0.974272 0.442238 0.971564 0.422383
0 0.226811 0.470217 0.222749 0.473827 0.219364 0.490975 0.213270 0.504513 0.215301 0.539711 0.218687 0.543321 0.226811 0.540614 0.230873 0.542419 0.230873 0.548736 0.225457 0.556859 0.226811 0.561372 0.243060 0.564982 0.254570 0.562274 0.255924 0.564079 0.247800 0.592058 0.249831 0.594765 0.266757 0.597473 0.268788 0.595668 0.266757 0.569495 0.260664 0.529783 0.239675 0.515343 0.235613 0.502708 0.242383 0.488267 0.242383 0.482852 0.236967 0.471119
0 0.885579 0.455776 0.881517 0.462094 0.884225 0.474729 0.880162 0.510830 0.881517 0.535199 0.886256 0.542419 0.886933 0.546029 0.897089 0.546931 0.898443 0.546029 0.896412 0.529783 0.896412 0.520758 0.899120 0.499097 0.899120 0.480144 0.897766 0.475632 0.893026 0.469314 0.893026 0.460289 0.891672 0.456679
0 0.595802 0.506318 0.593094 0.506318 0.588355 0.509928 0.586324 0.509928 0.584970 0.511733 0.584970 0.513538 0.584292 0.514440 0.584292 0.527076 0.584970 0.527978 0.584970 0.532491 0.589032 0.537906 0.590386 0.538809 0.593094 0.538809 0.593771 0.537906 0.596479 0.537906 0.597156 0.537004 0.599865 0.537004 0.600542 0.536101 0.601896 0.536101 0.604604 0.531588 0.604604 0.524368 0.603927 0.523466 0.603927 0.521661 0.601219 0.514440
0 0.081923 0.487365 0.069059 0.490072 0.059580 0.506318 0.035207 0.511733 0.035207 0.525271 0.052133 0.536101 0.036561 0.571300 0.042654 0.610108 0.039946 0.632671 0.046039 0.632671 0.054164 0.622744 0.054164 0.579422 0.068382 0.564982 0.081246 0.564079 0.086662 0.570397 0.090724 0.620939 0.101557 0.622744 0.108328 0.574007 0.104942 0.552347 0.111036 0.557762 0.129993 0.604693 0.134733 0.601083 0.121869 0.553249
0 0.240352 0.470217 0.238321 0.472022 0.238321 0.473827 0.241029 0.480144 0.241706 0.487365 0.238998 0.497292 0.235613 0.501805 0.234936 0.504513 0.236290 0.511733 0.244414 0.521661 0.258632 0.527076 0.260664 0.525271 0.259986 0.523466 0.255924 0.521661 0.252539 0.516245 0.251185 0.493682 0.247800 0.486462 0.247800 0.474729 0.244414 0.471119
0 0.144888 0.444946 0.140149 0.451264 0.140149 0.460289 0.142857 0.467509 0.140149 0.490072 0.140149 0.501805 0.142180 0.509025 0.142180 0.529783 0.138795 0.543321 0.147596 0.549639 0.150982 0.546931 0.156398 0.514440 0.159106 0.507220 0.166554 0.500903 0.167908 0.495487 0.164523 0.476534 0.161137 0.468412 0.155721 0.461191 0.153013 0.449458 0.148951 0.444946
0 0.192282 0.473827 0.182803 0.481047 0.176032 0.498195 0.167908 0.500000 0.159106 0.509025 0.151659 0.545126 0.153690 0.570397 0.157075 0.578520 0.168585 0.574910 0.176710 0.583032 0.186865 0.582130 0.194313 0.618231 0.203114 0.624549 0.217332 0.625451 0.223426 0.618231 0.211239 0.609206 0.210562 0.587545 0.212593 0.578520 0.222072 0.566787 0.221395 0.556859 0.230873 0.546029 0.229519 0.542419 0.220041 0.545126 0.209208 0.541516 0.199052 0.524368 0.190928 0.518953 0.190928 0.511733 0.203114 0.498195 0.201083 0.480144
0 0.649966 0.457581 0.643873 0.458484 0.640487 0.464801 0.640487 0.468412 0.643196 0.472924 0.640487 0.502708 0.633717 0.518953 0.632363 0.526173 0.633717 0.540614 0.635748 0.543321 0.637779 0.542419 0.643873 0.528881 0.645904 0.534296 0.649966 0.538809 0.651997 0.533394 0.651320 0.515343 0.654028 0.509928 0.654705 0.501805 0.657414 0.497292 0.657414 0.490975 0.651997 0.472022 0.651997 0.462094
0 0.536222 0.509025 0.533514 0.512635 0.532837 0.516245 0.532160 0.517148 0.532160 0.519856 0.531483 0.520758 0.531483 0.529783 0.532160 0.530686 0.532837 0.535199 0.534191 0.537906 0.536899 0.539711 0.543670 0.539711 0.545024 0.538809 0.546378 0.536101 0.546378 0.525271 0.547055 0.524368 0.547055 0.518953 0.545701 0.515343 0.540284 0.509025
0 0.702099 0.463899 0.700068 0.467509 0.699391 0.473827 0.702776 0.479242 0.702776 0.495487 0.704130 0.497292 0.714286 0.497292 0.714963 0.496390 0.720379 0.496390 0.721733 0.495487 0.722410 0.492780 0.721733 0.491877 0.721733 0.488267 0.720379 0.484657 0.710900 0.472022 0.710900 0.471119 0.706838 0.464801 0.705484 0.463899
1 0.178741 0.487365 0.178064 0.487365 0.176710 0.489170 0.176032 0.489170 0.174678 0.490975 0.174678 0.491877 0.173324 0.493682 0.173324 0.497292 0.174001 0.498195 0.176710 0.498195 0.177387 0.497292 0.178064 0.497292 0.179418 0.495487 0.179418 0.494585 0.180095 0.493682 0.180095 0.491877 0.179418 0.490975 0.179418 0.488267
1 0.769804 0.472022 0.762356 0.472022 0.760325 0.472924 0.755586 0.477437 0.750169 0.485560 0.747461 0.491877 0.747461 0.501805 0.752200 0.509025 0.757617 0.511733 0.765741 0.511733 0.772512 0.507220 0.779282 0.496390 0.779282 0.487365 0.778605 0.484657 0.775220 0.477437 0.772512 0.473827
1 0.640487 0.462996 0.640487 0.466606 0.643196 0.466606 0.643873 0.467509 0.644550 0.466606 0.651320 0.466606 0.651320 0.465704 0.651997 0.464801 0.651997 0.461191 0.651320 0.460289 0.651320 0.459386 0.650643 0.458484 0.650643 0.457581 0.644550 0.457581 0.643873 0.458484 0.643196 0.458484 0.642519 0.459386 0.642519 0.460289
1 0.076506 0.486462 0.075829 0.487365 0.073121 0.487365 0.069059 0.490072 0.064320 0.495487 0.062965 0.500903 0.062965 0.509025 0.063643 0.509928 0.063643 0.514440 0.065674 0.518953 0.065674 0.520758 0.069059 0.526173 0.073798 0.528881 0.079215 0.529783 0.085308 0.527978 0.088693 0.524368 0.090047 0.520758 0.090047 0.518051 0.092079 0.513538 0.092079 0.501805 0.090047 0.496390 0.085308 0.490072 0.081923 0.487365
1 0.074475 0.453971 0.074475 0.461191 0.077861 0.461191 0.081246 0.457581 0.081923 0.457581 0.082600 0.458484 0.083954 0.458484 0.084631 0.459386 0.088016 0.459386 0.088016 0.453069 0.087339 0.452166 0.087339 0.451264 0.085308 0.448556 0.078538 0.448556 0.077861 0.449458 0.077183 0.449458 0.075152 0.452166 0.075152 0.453069
1 0.379824 0.480144 0.379147 0.479242 0.379147 0.478339 0.378470 0.477437 0.378470 0.476534 0.377793 0.476534 0.376439 0.474729 0.375762 0.474729 0.375085 0.475632 0.372376 0.475632 0.370345 0.478339 0.370345 0.479242 0.369668 0.480144 0.369668 0.483755 0.370345 0.483755 0.371022 0.484657 0.375085 0.484657 0.375762 0.485560 0.377793 0.485560 0.378470 0.484657 0.379824 0.484657
1 0.881517 0.460289 0.881517 0.462996 0.882871 0.464801 0.886256 0.464801 0.886933 0.463899 0.887610 0.464801 0.891672 0.464801 0.892349 0.463899 0.893026 0.463899 0.893703 0.462996 0.893026 0.462094 0.893026 0.459386 0.892349 0.458484 0.892349 0.457581 0.890995 0.455776 0.885579 0.455776 0.884902 0.456679 0.884225 0.456679
1 0.534868 0.508123 0.534868 0.511733 0.535545 0.512635 0.536899 0.512635 0.537576 0.513538 0.540961 0.513538 0.541638 0.512635 0.541638 0.510830 0.540961 0.509928 0.540961 0.509025 0.539607 0.507220 0.536222 0.507220 0.535545 0.508123
1 0.239675 0.470217 0.238998 0.471119 0.238998 0.472022 0.238321 0.472924 0.238321 0.473827 0.239675 0.475632 0.239675 0.476534 0.240352 0.477437 0.240352 0.478339 0.241029 0.479242 0.241029 0.480144 0.242383 0.481949 0.243060 0.481949 0.243737 0.482852 0.245768 0.482852 0.246445 0.481949 0.247800 0.481949 0.247800 0.474729 0.245091 0.471119 0.243060 0.471119 0.242383 0.470217
1 0.184834 0.477437 0.184834 0.478339 0.180772 0.483755 0.179418 0.487365 0.179418 0.490072 0.178741 0.490975 0.180095 0.495487 0.186865 0.498195 0.188896 0.500000 0.190928 0.500000 0.194990 0.502708 0.199729 0.501805 0.203791 0.497292 0.203791 0.484657 0.202437 0.481047 0.197021 0.473827 0.190928 0.473827 0.190251 0.474729 0.188219 0.474729
1 0.154367 0.453971 0.153690 0.453069 0.153690 0.451264 0.153013 0.450361 0.153013 0.449458 0.151659 0.447653 0.151659 0.446751 0.150982 0.445848 0.149628 0.445848 0.148951 0.444946 0.147596 0.444946 0.146919 0.444043 0.146242 0.444946 0.144211 0.444946 0.143534 0.445848 0.142857 0.445848 0.140826 0.448556 0.140826 0.449458 0.139472 0.452166 0.139472 0.454874 0.140149 0.455776 0.140149 0.457581 0.144888 0.457581 0.145565 0.456679 0.148951 0.456679 0.149628 0.457581 0.153690 0.457581 0.154367 0.456679
1 0.222749 0.472924 0.221395 0.476534 0.220718 0.481047 0.220041 0.481949 0.220041 0.486462 0.221395 0.489170 0.222749 0.489170 0.223426 0.490072 0.224780 0.489170 0.235613 0.489170 0.236290 0.490072 0.241029 0.490072 0.242383 0.487365 0.242383 0.479242 0.241029 0.477437 0.239675 0.473827 0.237644 0.471119 0.236290 0.471119 0.235613 0.470217 0.231550 0.470217 0.230196 0.469314 0.229519 0.470217 0.226134 0.470217
1 0.331077 0.440433 0.330399 0.440433 0.329045 0.438628 0.327691 0.438628 0.327014 0.437726 0.322275 0.437726 0.321598 0.438628 0.320921 0.438628 0.317536 0.443141 0.317536 0.444043 0.316859 0.444946 0.316859 0.446751 0.316181 0.447653 0.316181 0.453069 0.316859 0.453971 0.317536 0.456679 0.320921 0.456679 0.321598 0.455776 0.323629 0.455776 0.324306 0.454874 0.327014 0.454874 0.327691 0.453971 0.329722 0.453971 0.330399 0.453069 0.331754 0.453069 0.333108 0.450361 0.333108 0.444946 0.332431 0.444043 0.332431 0.443141 0.331077 0.441336
1 0.945836 0.425090 0.945159 0.427798 0.945836 0.430505 0.949898 0.430505 0.950575 0.431408 0.955992 0.432310 0.962085 0.435921 0.965471 0.436823 0.968179 0.438628 0.970887 0.442238 0.972918 0.442238 0.973595 0.443141 0.974949 0.442238 0.974949 0.438628 0.973595 0.435018 0.974272 0.434116 0.974272 0.431408 0.973595 0.430505 0.972918 0.425090 0.971564 0.421480 0.968856 0.417870 0.964794 0.415162 0.958700 0.414260 0.958023 0.415162 0.953284 0.416065
1 0.702099 0.463899 0.700068 0.466606 0.700068 0.468412 0.699391 0.469314 0.699391 0.474729 0.700068 0.474729 0.700745 0.475632 0.704130 0.475632 0.704807 0.474729 0.705484 0.474729 0.706161 0.473827 0.706838 0.473827 0.708869 0.471119 0.708869 0.469314 0.708192 0.468412 0.708192 0.466606 0.707515 0.465704 0.706838 0.465704 0.705484 0.463899
1 0.198375 0.470217 0.195667 0.472924 0.195667 0.474729 0.201760 0.482852 0.202437 0.484657 0.202437 0.486462 0.203114 0.487365 0.203114 0.490072 0.203791 0.490975 0.203791 0.497292 0.207854 0.497292 0.209208 0.496390 0.210562 0.494585 0.210562 0.492780 0.211239 0.491877 0.211239 0.486462 0.210562 0.485560 0.210562 0.482852 0.209885 0.481949 0.209885 0.478339 0.208531 0.474729 0.205823 0.471119 0.204469 0.470217
2 0.874069 0.546029 0.874746 0.546931 0.874746 0.547834 0.876100 0.549639 0.881517 0.549639 0.882194 0.548736 0.882871 0.548736 0.883548 0.547834 0.884225 0.547834 0.884902 0.546931 0.885579 0.546931 0.886256 0.546029 0.886933 0.546029 0.886256 0.545126 0.886256 0.542419 0.885579 0.541516 0.885579 0.539711 0.882871 0.536101 0.882194 0.536101 0.880162 0.534296 0.878808 0.534296 0.878131 0.535199 0.877454 0.535199 0.876100 0.537004 0.876100 0.537906 0.874746 0.540614 0.874746 0.545126
2 0.090047 0.611011 0.090047 0.618231 0.089370 0.619134 0.089370 0.620036 0.090047 0.620939 0.090047 0.624549 0.091401 0.626354 0.094787 0.626354 0.095464 0.627256 0.096141 0.626354 0.100203 0.626354 0.100880 0.625451 0.102911 0.625451 0.103588 0.624549 0.104942 0.624549 0.106974 0.620939 0.106974 0.619134 0.106297 0.618231 0.106297 0.617329 0.102911 0.612816 0.102911 0.611011 0.102234 0.610108 0.102234 0.609206 0.096141 0.609206 0.095464 0.610108 0.093433 0.610108 0.092756 0.609206 0.091401 0.609206
2 0.935003 0.582130 0.932972 0.584838 0.932972 0.586643 0.932295 0.587545 0.932295 0.596570 0.931618 0.597473 0.931618 0.601986 0.932295 0.603791 0.933649 0.604693 0.947190 0.604693 0.948544 0.603791 0.949221 0.601986 0.949221 0.596570 0.949898 0.595668 0.949898 0.592960 0.949221 0.592058 0.949898 0.590253 0.949898 0.587545 0.945836 0.584838 0.941097 0.584838 0.940420 0.583935 0.939066 0.583935 0.938389 0.583032
2 0.053487 0.582130 0.049425 0.582130 0.048747 0.583032 0.039269 0.582130 0.037915 0.583935 0.037915 0.588448 0.042654 0.612816 0.041977 0.619134 0.038592 0.623646 0.037238 0.627256 0.037238 0.632671 0.038592 0.634477 0.046039 0.634477 0.055518 0.622744 0.056195 0.594765
2 0.209885 0.591155 0.209885 0.599278 0.210562 0.600181 0.210562 0.602888 0.211239 0.603791 0.211239 0.605596 0.211916 0.606498 0.212593 0.606498 0.213270 0.607401 0.219364 0.607401 0.220041 0.606498 0.222072 0.606498 0.222749 0.605596 0.223426 0.605596 0.225457 0.602888 0.225457 0.601083 0.222749 0.597473 0.222072 0.594765 0.220718 0.592960 0.215978 0.592960 0.213270 0.589350 0.212593 0.590253 0.210562 0.590253
2 0.956669 0.580325 0.954638 0.586643 0.954638 0.592960 0.953284 0.597473 0.953284 0.602888 0.955315 0.604693 0.964794 0.604693 0.965471 0.605596 0.970887 0.604693 0.972241 0.601986 0.972241 0.598375 0.973595 0.594765 0.973595 0.592058 0.975626 0.586643 0.975626 0.581227 0.973595 0.579422 0.970210 0.579422 0.969533 0.580325 0.962762 0.580325 0.959377 0.578520
2 0.882194 0.535199 0.881517 0.536101 0.881517 0.537004 0.880840 0.537906 0.880840 0.539711 0.880162 0.540614 0.880162 0.543321 0.879485 0.544224 0.879485 0.547834 0.880162 0.547834 0.880840 0.548736 0.884902 0.548736 0.885579 0.549639 0.888287 0.549639 0.888964 0.548736 0.890318 0.548736 0.891672 0.546931 0.891672 0.541516 0.890995 0.540614 0.890995 0.539711 0.890318 0.538809 0.890318 0.537906 0.888287 0.535199 0.887610 0.535199 0.886933 0.534296 0.883548 0.534296 0.882871 0.535199
2 0.220718 0.572202 0.214624 0.576715 0.209885 0.577617 0.209885 0.581227 0.211239 0.583935 0.211239 0.585740 0.209885 0.589350 0.209885 0.593863 0.210562 0.594765 0.210562 0.601986 0.211239 0.602888 0.211239 0.604693 0.213270 0.607401 0.216655 0.607401 0.217332 0.606498 0.222749 0.605596 0.224780 0.601986 0.222072 0.594765 0.222072 0.589350 0.222749 0.588448 0.223426 0.581227 0.222072 0.578520 0.221395 0.573105
2 0.373731 0.536101 0.373053 0.535199 0.371699 0.535199 0.371022 0.534296 0.365606 0.534296 0.364929 0.535199 0.364252 0.535199 0.362898 0.537004 0.362221 0.537004 0.359513 0.540614 0.359513 0.541516 0.358835 0.542419 0.358835 0.544224 0.359513 0.545126 0.359513 0.546029 0.360190 0.546029 0.360867 0.546931 0.366960 0.546931 0.367637 0.546029 0.368314 0.546029 0.370345 0.543321 0.370345 0.542419 0.373053 0.538809 0.373053 0.537906 0.373731 0.537004
2 0.320921 0.563177 0.318890 0.563177 0.318213 0.562274 0.316859 0.562274 0.316181 0.563177 0.312796 0.563177 0.311442 0.565884 0.311442 0.567690 0.312119 0.568592 0.312119 0.573105 0.312796 0.574007 0.312796 0.582130 0.313473 0.583032 0.313473 0.590253 0.312796 0.591155 0.313473 0.592960 0.313473 0.594765 0.316859 0.594765 0.318890 0.592960 0.320244 0.592960 0.322275 0.590253 0.322275 0.582130 0.321598 0.581227 0.321598 0.566787 0.320921 0.565884
2 0.261341 0.557762 0.258632 0.559567 0.255924 0.564079 0.254570 0.569495 0.249831 0.580325 0.247123 0.591155 0.249154 0.594765 0.251185 0.595668 0.258632 0.595668 0.265403 0.599278 0.267434 0.599278 0.268788 0.598375 0.269465 0.594765 0.268788 0.593863 0.268788 0.590253 0.266757 0.581227 0.266757 0.567690 0.264726 0.561372 0.264726 0.558664 0.264049 0.557762
2 0.190251 0.582130 0.188219 0.584838 0.188896 0.592960 0.190928 0.601083 0.192959 0.604693 0.192282 0.615523 0.195667 0.621841 0.208531 0.626354 0.218009 0.626354 0.223426 0.622744 0.224103 0.619134 0.222749 0.616426 0.214624 0.613718 0.211239 0.607401 0.210562 0.588448 0.211916 0.581227 0.209885 0.578520 0.205146 0.580325 0.197698 0.580325
2 0.226811 0.561372 0.223426 0.565884 0.223426 0.567690 0.221395 0.572202 0.221395 0.576715 0.222749 0.579422 0.222072 0.593863 0.224103 0.601083 0.225457 0.601986 0.231550 0.601986 0.237644 0.599278 0.238998 0.595668 0.237644 0.591155 0.237644 0.586643 0.236967 0.585740 0.236967 0.579422 0.237644 0.578520 0.238321 0.567690 0.237644 0.565884 0.234259 0.562274 0.232227 0.561372
2 0.091401 0.577617 0.090047 0.580325 0.090047 0.589350 0.090724 0.590253 0.090047 0.593863 0.090047 0.621841 0.092756 0.625451 0.102911 0.624549 0.105619 0.622744 0.105619 0.618231 0.103588 0.614621 0.102234 0.609206 0.105619 0.592960 0.106297 0.579422 0.105619 0.577617 0.102911 0.579422 0.096818 0.579422
2 0.893703 0.533394 0.893026 0.534296 0.893026 0.535199 0.892349 0.536101 0.892349 0.537004 0.891672 0.537906 0.891672 0.546029 0.892349 0.546931 0.893026 0.546931 0.893703 0.547834 0.895735 0.547834 0.896412 0.548736 0.898443 0.548736 0.899120 0.547834 0.900474 0.547834 0.901151 0.546931 0.901151 0.545126 0.900474 0.544224 0.900474 0.541516 0.899120 0.539711 0.899120 0.537004 0.898443 0.536101 0.898443 0.535199 0.897089 0.533394
2 0.651320 0.535199 0.650643 0.534296 0.645904 0.533394 0.643873 0.531588 0.634394 0.535199 0.633717 0.536101 0.633717 0.545126 0.633040 0.546029 0.633040 0.547834 0.633717 0.549639 0.635071 0.550542 0.651320 0.550542 0.653351 0.546931 0.652674 0.545126 0.652674 0.542419 0.651997 0.541516 0.651997 0.537906 0.651320 0.537004
2 0.769804 0.589350 0.769804 0.593863 0.770481 0.594765 0.770481 0.597473 0.771158 0.598375 0.770481 0.599278 0.770481 0.601986 0.769804 0.602888 0.769804 0.608303 0.771158 0.610108 0.773189 0.610108 0.773866 0.611011 0.781991 0.611011 0.782668 0.611913 0.786730 0.611913 0.789438 0.610108 0.789438 0.605596 0.788084 0.603791 0.786053 0.598375 0.786053 0.596570 0.782668 0.591155 0.781313 0.591155 0.780636 0.590253 0.777928 0.590253 0.775897 0.588448 0.770481 0.588448
2 0.336493 0.560469 0.331754 0.560469 0.331077 0.561372 0.329045 0.561372 0.327691 0.562274 0.327691 0.571300 0.327014 0.572202 0.326337 0.582130 0.325660 0.583032 0.325660 0.585740 0.324983 0.586643 0.324983 0.589350 0.324306 0.590253 0.324306 0.592960 0.324983 0.594765 0.331077 0.594765 0.334462 0.591155 0.334462 0.587545 0.335139 0.586643 0.335139 0.579422 0.335816 0.578520 0.335816 0.574910 0.336493 0.574007 0.336493 0.568592 0.337170 0.567690 0.337170 0.563177 0.336493 0.562274
2 0.633717 0.533394 0.633717 0.534296 0.633040 0.535199 0.633040 0.543321 0.632363 0.544224 0.632363 0.546931 0.633717 0.549639 0.637779 0.549639 0.639133 0.547834 0.639133 0.546931 0.639810 0.546029 0.639810 0.540614 0.640487 0.539711 0.640487 0.537906 0.641165 0.537004 0.641165 0.536101 0.640487 0.535199 0.640487 0.534296 0.639810 0.534296 0.639133 0.533394
2 0.727150 0.582130 0.725118 0.584838 0.725118 0.585740 0.723764 0.587545 0.723764 0.588448 0.722410 0.591155 0.722410 0.592960 0.721733 0.593863 0.721733 0.597473 0.721056 0.598375 0.721056 0.600181 0.720379 0.601083 0.720379 0.603791 0.723087 0.606498 0.731212 0.606498 0.731889 0.607401 0.733920 0.607401 0.735951 0.602888 0.735951 0.588448 0.734597 0.586643 0.733920 0.586643 0.733243 0.585740 0.731889 0.585740 0.730535 0.583935 0.729858 0.583935 0.729181 0.583032 0.727827 0.583032
