0 0.459207 0.249607 0.438228 0.253802 0.432401 0.242265 0.393939 0.239119 0.362471 0.251180 0.305361 0.240692 0.216783 0.244363 0.060606 0.295752 0.062937 0.331411 0.130536 0.365496 0.101399 0.399580 0.121212 0.428946 0.136364 0.424751 0.113054 0.405349 0.139860 0.378081 0.139860 0.417410 0.153846 0.418983 0.157343 0.393288 0.174825 0.425275 0.230769 0.428946 0.213287 0.398007 0.223776 0.358679 0.284382 0.450970 0.368298 0.456214 0.376457 0.445726 0.311189 0.404824 0.301865 0.362349 0.324009 0.330886 0.400932 0.389093 0.438228 0.392239 0.363636 0.309386 0.435897 0.303618 0.467366 0.273204
0 0.645688 0.287362 0.588578 0.297326 0.539627 0.335081 0.525641 0.393812 0.600233 0.402727 0.599068 0.414788 0.386946 0.550603 0.500000 0.591505 0.459207 0.601993 0.440559 0.625066 0.493007 0.626639 0.481352 0.647614 0.524476 0.646041 0.614219 0.608810 0.651515 0.605663 0.595571 0.675931 0.628205 0.697430 0.664336 0.702150 0.714452 0.694284 0.789044 0.661248 0.867133 0.650760 0.934732 0.558993 0.952214 0.476141 0.893939 0.406397 0.757576 0.367593 0.770396 0.320923 0.721445 0.298899
1 0.435897 0.305191 0.440559 0.295228 0.463869 0.278972 0.474359 0.262192 0.459207 0.248034 0.477855 0.233875 0.477855 0.227058 0.453380 0.233875 0.438228 0.243838 0.418415 0.239119 0.384615 0.239119 0.371795 0.243838 0.365967 0.252229 0.341492 0.252753 0.305361 0.238595 0.292541 0.238595 0.289044 0.245412 0.321678 0.270058 0.354312 0.273728 0.360140 0.271631 0.425408 0.271631 0.433566 0.289984 0.404429 0.300472 0.412587 0.305191
1 0.772727 0.321447 0.749417 0.316203 0.723776 0.298899 0.688811 0.290509 0.631702 0.286838 0.606061 0.291033 0.562937 0.308862 0.545455 0.324594 0.536131 0.348715 0.541958 0.370215 0.523310 0.386995 0.525641 0.395385 0.552448 0.401678 0.601399 0.400105 0.751748 0.347142 0.771562 0.334557
1 0.466200 0.263765 0.441725 0.264289 0.431235 0.268485 0.427739 0.268485 0.434732 0.281594 0.434732 0.290509 0.425408 0.294179 0.413753 0.295752 0.405594 0.299423 0.405594 0.303618 0.410256 0.305191 0.431235 0.305716 0.434732 0.304667 0.445221 0.291557 0.459207 0.284216 0.463869 0.280021 0.469697 0.268485 0.468531 0.264814
2 0.889277 0.600420 0.869464 0.602517 0.858974 0.612480 0.856643 0.618249 0.848485 0.622968 0.836830 0.636078 0.806527 0.648663 0.791375 0.659675 0.790210 0.664394 0.794872 0.665967 0.814685 0.666492 0.835664 0.664394 0.856643 0.658102 0.871795 0.651285 0.883450 0.641321 0.881119 0.617724 0.890443 0.605139
2 0.882284 0.640273 0.876457 0.640273 0.870629 0.641846 0.862471 0.641846 0.842657 0.635553 0.839161 0.636078 0.822844 0.643419 0.817016 0.644468 0.806527 0.648663 0.789044 0.661772 0.789044 0.664394 0.797203 0.666492 0.817016 0.666492 0.840326 0.663346 0.856643 0.658102 0.872960 0.650760 0.876457 0.644468 0.878788 0.643943
3 0.630536 0.602517 0.611888 0.609334 0.609557 0.613005 0.611888 0.615102 0.620047 0.617724 0.627040 0.618249 0.628205 0.618773 0.632867 0.618773 0.634033 0.619297 0.643357 0.619297 0.648019 0.617200 0.650350 0.615102 0.652681 0.611432 0.656177 0.608810 0.656177 0.606712 0.657343 0.605663 0.653846 0.605139 0.650350 0.603566 0.646853 0.603566 0.645688 0.603041 0.642191 0.603041 0.636364 0.601993
3 0.381119 0.446251 0.356643 0.434714 0.346154 0.431568 0.336830 0.431568 0.317016 0.441531 0.310023 0.443104 0.301865 0.443629 0.293706 0.441531 0.284382 0.441531 0.280886 0.445202 0.280886 0.449921 0.285548 0.453068 0.298368 0.455690 0.341492 0.458836 0.357809 0.460933 0.371795 0.456214 0.379953 0.449397
3 0.254079 0.244887 0.214452 0.243838 0.171329 0.261668 0.146853 0.307289 0.117716 0.319874 0.096737 0.341898 0.123543 0.365496 0.097902 0.400629 0.122378 0.432617 0.137529 0.432092 0.139860 0.421605 0.157343 0.424227 0.160839 0.389093 0.186480 0.359727 0.162005 0.358154 0.132867 0.416885 0.114219 0.407446 0.141026 0.379654 0.148019 0.357105 0.122378 0.344520 0.156177 0.315679 0.173660 0.310960 0.175991 0.284740 0.194639 0.261668 0.223776 0.250131 0.256410 0.248558
