0 0.695328 0.225632 0.668923 0.246390 0.669601 0.332130 0.647935 0.349278 0.628978 0.395307 0.605281 0.569495 0.610697 0.584838 0.624238 0.577617 0.622207 0.525271 0.643873 0.506318 0.641842 0.614621 0.671632 0.768051 0.645227 0.814079 0.666215 0.822202 0.700068 0.797834 0.702776 0.759928 0.708192 0.818592 0.694651 0.869134 0.717671 0.879964 0.737982 0.842960 0.734597 0.685018 0.750846 0.511733 0.778605 0.490975 0.798917 0.439531 0.771158 0.355596 0.724441 0.326715 0.730535 0.264440 0.715640 0.233755
0 0.322275 0.264440 0.297901 0.278881 0.297901 0.304152 0.243737 0.442238 0.239675 0.485560 0.288422 0.627256 0.296547 0.857401 0.316859 0.882671 0.336493 0.885379 0.354096 0.869134 0.333108 0.827617 0.384563 0.812274 0.353419 0.780686 0.348680 0.743682 0.369668 0.657040 0.373731 0.569495 0.387271 0.559567 0.386594 0.499097 0.360190 0.387184 0.362221 0.351083 0.384563 0.331227 0.388626 0.306859 0.373053 0.279783
0 0.536222 0.240975 0.508463 0.268953 0.517265 0.327617 0.477996 0.376354 0.467163 0.440433 0.469871 0.549639 0.491537 0.561372 0.499661 0.591155 0.498307 0.764440 0.509817 0.783394 0.522681 0.778881 0.524712 0.688628 0.542993 0.591155 0.555179 0.731949 0.568720 0.767148 0.589709 0.763538 0.578876 0.720217 0.587001 0.460289 0.601896 0.530686 0.608666 0.518051 0.600542 0.404332 0.585647 0.359206 0.557888 0.334838 0.565335 0.288809 0.551794 0.250903
1 0.387271 0.296931 0.381178 0.286101 0.371022 0.277978 0.346649 0.274368 0.334462 0.264440 0.308057 0.268051 0.297224 0.278881 0.297901 0.304152 0.282329 0.333935 0.279621 0.355596 0.291808 0.348375 0.295870 0.341155 0.297901 0.321300 0.324306 0.287906 0.339201 0.286101 0.350711 0.296029 0.357481 0.310469 0.356127 0.324910 0.364252 0.349278 0.373053 0.345668 0.386594 0.328520 0.389303 0.310469
1 0.730535 0.261733 0.721056 0.240975 0.712255 0.230144 0.702776 0.225632 0.687881 0.226534 0.681110 0.230144 0.669601 0.244585 0.664861 0.259928 0.664861 0.285199 0.668246 0.293321 0.670278 0.282491 0.683819 0.266245 0.698037 0.259025 0.717671 0.256318 0.723087 0.260830 0.725118 0.276173 0.727150 0.279783 0.730535 0.271661
1 0.508463 0.268051 0.508463 0.291516 0.511848 0.294224 0.516588 0.291516 0.553825 0.293321 0.563981 0.292419 0.566689 0.289711 0.561273 0.282491 0.558565 0.263538 0.554502 0.254513 0.546378 0.244585 0.538930 0.240975 0.531483 0.240975 0.520650 0.246390 0.515234 0.252708
3 0.699391 0.770758 0.695328 0.769856 0.688558 0.774368 0.677725 0.774368 0.671632 0.772563 0.662830 0.786101 0.647258 0.799639 0.643873 0.810469 0.645227 0.816787 0.650643 0.823105 0.661476 0.824007 0.676371 0.816787 0.685850 0.805054 0.697360 0.800542 0.702776 0.795126 0.704130 0.789711 0.703453 0.782491
3 0.709546 0.816787 0.707515 0.820397 0.704807 0.839350 0.695328 0.861011 0.694651 0.872744 0.703453 0.879061 0.710223 0.880866 0.721056 0.879964 0.727150 0.876354 0.732566 0.865523 0.738659 0.840253 0.737982 0.825812 0.733920 0.817690 0.720379 0.820397 0.714286 0.819495
3 0.330399 0.796029 0.330399 0.800542 0.333785 0.809567 0.333785 0.814982 0.331754 0.820397 0.331754 0.824910 0.333108 0.825812 0.361544 0.824910 0.374408 0.822202 0.383209 0.816787 0.385917 0.812274 0.384563 0.803249 0.381855 0.798736 0.373053 0.796029 0.366960 0.789711 0.356127 0.784296 0.352065 0.783394 0.347326 0.785199
3 0.299932 0.834838 0.299932 0.841155 0.295870 0.849278 0.295870 0.856498 0.297901 0.861011 0.313473 0.880866 0.323629 0.886282 0.335816 0.886282 0.348680 0.881769 0.354096 0.876354 0.354773 0.869134 0.352742 0.863718 0.337170 0.841155 0.331077 0.827617 0.326337 0.826715 0.318213 0.829422 0.310765 0.828520 0.301963 0.832130
3 0.556534 0.719314 0.554502 0.722924 0.553825 0.728339 0.556534 0.736462 0.559919 0.740975 0.567366 0.765343 0.573460 0.769856 0.584292 0.769856 0.588355 0.767148 0.590386 0.762635 0.590386 0.748195 0.578199 0.719314 0.576845 0.717509 0.571429 0.715704
3 0.518619 0.726534 0.511171 0.730144 0.505078 0.729242 0.502370 0.731047 0.501016 0.733755 0.500338 0.747292 0.497630 0.758123 0.497630 0.762635 0.501016 0.774368 0.508463 0.783394 0.519296 0.783394 0.522681 0.779783 0.523358 0.775271 0.522681 0.741877 0.521327 0.730144
