0 0.331227 0.265403 0.327617 0.277590 0.328520 0.299932 0.330325 0.305349 0.341155 0.321598 0.346570 0.322952 0.348375 0.320921 0.346570 0.293162 0.351083 0.289777 0.351986 0.285037 0.350181 0.282329 0.339350 0.273527 0.336643 0.268788
0 0.560469 0.289100 0.546029 0.302640 0.545126 0.320921 0.556859 0.342586 0.567690 0.341232 0.579422 0.352742 0.537906 0.383209 0.532491 0.398781 0.539711 0.404198 0.561372 0.404875 0.571300 0.428571 0.537004 0.438050 0.532491 0.448883 0.563177 0.447529 0.581227 0.438727 0.591155 0.461070 0.570397 0.471903 0.586643 0.482058 0.624549 0.486121 0.645307 0.478673 0.689531 0.477996 0.712996 0.463101 0.726534 0.442789 0.714801 0.394042 0.696751 0.362221 0.657942 0.323629 0.622744 0.308734 0.608303 0.292485 0.585740 0.285037
0 0.361913 0.417062 0.335740 0.448883 0.333935 0.492214 0.315884 0.505078 0.342960 0.537576 0.380866 0.546378 0.368231 0.549763 0.380866 0.572106 0.353791 0.598511 0.337545 0.647935 0.274368 0.581584 0.224729 0.591063 0.217509 0.612051 0.279783 0.639810 0.338448 0.725796 0.362816 0.729858 0.395307 0.705484 0.413357 0.733243 0.373646 0.748138 0.388087 0.773866 0.470217 0.790792 0.584838 0.783345 0.649819 0.723087 0.654332 0.665538 0.540614 0.528098 0.507220 0.505078 0.500903 0.470548 0.472924 0.467163 0.421480 0.423155
0 0.351083 0.146242 0.348375 0.146919 0.344765 0.149628 0.341155 0.156398 0.340253 0.167231 0.339350 0.167908 0.340253 0.168585 0.341155 0.179418 0.351083 0.182126 0.355596 0.181449 0.356498 0.182126 0.365523 0.182803 0.366426 0.182126 0.364621 0.177387 0.365523 0.176710 0.365523 0.172647 0.367329 0.167908 0.364621 0.159106 0.361913 0.153690 0.359206 0.151659 0.355596 0.150982 0.352888 0.146919
1 0.355596 0.419770 0.337545 0.444144 0.333935 0.455653 0.336643 0.474611 0.333935 0.490860 0.344765 0.500338 0.367329 0.503724 0.413357 0.503047 0.446751 0.492891 0.465704 0.478673 0.472022 0.464455 0.470217 0.458362 0.425090 0.424509 0.396209 0.416385 0.366426 0.415708
1 0.607401 0.291808 0.591155 0.285714 0.581227 0.284360 0.571300 0.285714 0.558664 0.289777 0.548736 0.297901 0.544224 0.306026 0.543321 0.314150 0.545126 0.321598 0.556859 0.337847 0.556859 0.342586 0.560469 0.343263 0.564079 0.341909 0.565884 0.335139 0.581227 0.321598 0.591155 0.317536 0.595668 0.317536 0.598375 0.315504 0.601083 0.308057 0.608303 0.302640 0.613718 0.302640 0.615523 0.304672 0.615523 0.299255
1 0.581227 0.438727 0.571300 0.429248 0.566787 0.429248 0.562274 0.430603 0.551444 0.431957 0.536101 0.437373 0.534296 0.438727 0.530686 0.446175 0.530686 0.450237 0.532491 0.451591 0.555957 0.450237 0.570397 0.446175 0.573105 0.444144 0.575812 0.443466
2 0.567690 0.469871 0.568592 0.473934 0.577617 0.480027 0.594765 0.484089 0.610108 0.486121 0.626354 0.486798 0.639892 0.484089 0.643502 0.480704 0.639892 0.477319 0.635379 0.475965 0.626354 0.470548 0.620036 0.472580 0.611913 0.471903 0.587545 0.463101 0.581227 0.463101 0.577617 0.465132 0.570397 0.466486
2 0.372744 0.748138 0.375451 0.763033 0.386282 0.773866 0.432310 0.781313 0.471119 0.791469 0.482852 0.791469 0.494585 0.786053 0.493682 0.784022 0.477437 0.779282 0.463899 0.769804 0.454874 0.758294 0.439531 0.754232 0.415162 0.733920 0.406137 0.737305 0.382671 0.739336 0.376354 0.742722
2 0.361913 0.178741 0.360108 0.180095 0.360108 0.180772 0.359206 0.181449 0.359206 0.182126 0.361011 0.183480 0.365523 0.183480 0.367329 0.182126 0.367329 0.181449 0.365523 0.180095 0.365523 0.179418 0.364621 0.178741
