0 0.030446 0.161816 0.018373 0.173458 0.017323 0.222352 0.000000 0.249127 0.000000 0.315483 0.006824 0.324796 0.014173 0.488941 0.020472 0.552969 0.042520 0.543655 0.029396 0.520373 0.027822 0.459837 0.036220 0.415600 0.041995 0.442375 0.050394 0.454016 0.060367 0.457509 0.064567 0.445867 0.055643 0.341094 0.064042 0.324796 0.066667 0.301513 0.051969 0.237485 0.039370 0.223516 0.041995 0.186263
0 0.495538 0.429569 0.492913 0.434226 0.490289 0.451688 0.489764 0.494761 0.486089 0.550640 0.492913 0.554133 0.498688 0.548312 0.502362 0.499418 0.508661 0.472643 0.512336 0.497090 0.507612 0.555297 0.516011 0.557625 0.520210 0.522701 0.516535 0.505239 0.515486 0.440047
0 0.060892 0.374854 0.060892 0.389988 0.065617 0.445867 0.061942 0.456345 0.061417 0.478463 0.062992 0.484284 0.060892 0.498254 0.068766 0.498254 0.068241 0.487776 0.074016 0.478463 0.077165 0.483120 0.075591 0.487776 0.077165 0.498254 0.096063 0.497090 0.097638 0.492433 0.091864 0.484284 0.091864 0.473807 0.096063 0.447031 0.099738 0.436554 0.100787 0.420256 0.099213 0.409779 0.096063 0.403958 0.084514 0.407451 0.078215 0.392317 0.074016 0.389988 0.064567 0.373690
0 0.386877 0.214203 0.379528 0.215367 0.373228 0.228172 0.377428 0.272410 0.367979 0.307334 0.363780 0.344587 0.366929 0.473807 0.365354 0.575087 0.370604 0.582072 0.380577 0.577416 0.392126 0.550640 0.388451 0.484284 0.378478 0.437718 0.397900 0.403958 0.398950 0.352736 0.393701 0.278230 0.400000 0.242142
0 0.480315 0.251455 0.470341 0.261932 0.468241 0.284051 0.458793 0.303842 0.453018 0.330617 0.456693 0.451688 0.453018 0.509895 0.453543 0.559953 0.459843 0.566938 0.464042 0.564610 0.466667 0.552969 0.476115 0.548312 0.474016 0.532014 0.485039 0.429569 0.482940 0.419092 0.470866 0.414435 0.467717 0.407451 0.474016 0.373690 0.481365 0.367870 0.489239 0.345751 0.483990 0.306170 0.491339 0.292200 0.487664 0.261932
0 0.692388 0.369034 0.689239 0.366705 0.684514 0.367870 0.677165 0.386496 0.676640 0.400466 0.674541 0.406286 0.674016 0.423749 0.671916 0.436554 0.671391 0.464494 0.672441 0.466822 0.679265 0.465658 0.683990 0.469150 0.686614 0.469150 0.687664 0.466822 0.687664 0.435390 0.692913 0.416764 0.694488 0.401630 0.695013 0.380675 0.693963 0.372526
0 0.281890 0.227008 0.274541 0.235157 0.270341 0.261932 0.286614 0.318976 0.286089 0.346915 0.282940 0.358556 0.271916 0.358556 0.268766 0.371362 0.281890 0.389988 0.280840 0.421420 0.288714 0.455180 0.292388 0.547148 0.298163 0.586729 0.294488 0.648428 0.281890 0.677532 0.295538 0.683353 0.313911 0.671711 0.314436 0.540163 0.323885 0.454016 0.323885 0.366705 0.320735 0.317811 0.300262 0.266589 0.296588 0.242142
0 0.689239 0.143190 0.680840 0.165309 0.688714 0.231665 0.660892 0.221187 0.659842 0.183935 0.650394 0.164144 0.640945 0.167637 0.634121 0.199069 0.646719 0.239814 0.636220 0.267753 0.628346 0.415600 0.629921 0.437718 0.638845 0.445867 0.646719 0.535506 0.645144 0.584400 0.632546 0.606519 0.639370 0.615832 0.661417 0.615832 0.676116 0.386496 0.682940 0.365541 0.683990 0.272410 0.703412 0.243306
0 0.594751 0.277066 0.582152 0.286380 0.579528 0.322468 0.574278 0.331781 0.567454 0.366705 0.571129 0.396973 0.567454 0.417928 0.566929 0.505239 0.563780 0.534342 0.558530 0.543655 0.560105 0.549476 0.573753 0.547148 0.581102 0.470314 0.580577 0.549476 0.590026 0.550640 0.592651 0.470314 0.600000 0.424913 0.598425 0.406286 0.602100 0.356228 0.597900 0.286380
0 0.511811 0.235157 0.501312 0.246799 0.500262 0.271246 0.512336 0.310827 0.510761 0.386496 0.503412 0.407451 0.510761 0.413271 0.517585 0.434226 0.516535 0.498254 0.523360 0.549476 0.521260 0.578580 0.511286 0.612340 0.519685 0.616997 0.529134 0.612340 0.534383 0.600698 0.534908 0.501746 0.545932 0.374854 0.540682 0.311991 0.530184 0.291036 0.521260 0.242142
0 0.620997 0.230501 0.612598 0.247963 0.616273 0.294529 0.606299 0.327125 0.606824 0.561118 0.596325 0.575087 0.607874 0.583236 0.618898 0.573923 0.623097 0.481956 0.632021 0.516880 0.634121 0.584400 0.640420 0.589057 0.644619 0.578580 0.644619 0.529686 0.638845 0.458673 0.626247 0.428405 0.633596 0.332945 0.630971 0.284051 0.633596 0.257276 0.629396 0.236321
1 0.087664 0.407451 0.086614 0.410943 0.087664 0.413271 0.087664 0.414435 0.091339 0.422584 0.091339 0.423749 0.093438 0.427241 0.096063 0.438882 0.097113 0.440047 0.099213 0.440047 0.100787 0.436554 0.100787 0.430733 0.101312 0.429569 0.101312 0.420256 0.100787 0.419092 0.100787 0.414435 0.100262 0.413271 0.100262 0.410943 0.097638 0.405122 0.095538 0.403958 0.095013 0.402794 0.093963 0.402794 0.093438 0.403958 0.090814 0.403958
1 0.680840 0.374854 0.679790 0.379511 0.679790 0.381839 0.681365 0.385332 0.682940 0.386496 0.685564 0.392317 0.687664 0.394645 0.689239 0.398137 0.692913 0.398137 0.693438 0.396973 0.694488 0.396973 0.694488 0.394645 0.695013 0.393481 0.694488 0.391153 0.695013 0.388824 0.695013 0.378347 0.694488 0.377183 0.694488 0.374854 0.693963 0.372526 0.693438 0.372526 0.691864 0.369034 0.690814 0.367870 0.689239 0.367870 0.688714 0.366705 0.688189 0.367870 0.685039 0.367870 0.682940 0.370198
1 0.521785 0.240978 0.514961 0.235157 0.510236 0.235157 0.509711 0.236321 0.507612 0.236321 0.504462 0.239814 0.501312 0.246799 0.499738 0.257276 0.499738 0.271246 0.501312 0.277066 0.506037 0.277066 0.513911 0.266589 0.518635 0.263097 0.524934 0.263097 0.525459 0.264261 0.525984 0.263097 0.525984 0.258440 0.523885 0.252619 0.523360 0.246799
1 0.061417 0.373690 0.060367 0.376019 0.060367 0.386496 0.060892 0.387660 0.061417 0.399301 0.064042 0.415600 0.064567 0.424913 0.067192 0.435390 0.068766 0.436554 0.073491 0.435390 0.076640 0.428405 0.076115 0.420256 0.075066 0.414435 0.075066 0.407451 0.074541 0.406286 0.074541 0.393481 0.067192 0.377183 0.064567 0.373690
1 0.296588 0.242142 0.290289 0.229336 0.288714 0.228172 0.279790 0.227008 0.277165 0.229336 0.273491 0.237485 0.270866 0.249127 0.270341 0.264261 0.272441 0.277066 0.274541 0.280559 0.276640 0.280559 0.286614 0.270081 0.289239 0.265425 0.290289 0.265425 0.296588 0.256112 0.297638 0.251455
1 0.468241 0.272410 0.468766 0.277066 0.470341 0.280559 0.475066 0.284051 0.476115 0.286380 0.477165 0.286380 0.479790 0.289872 0.483990 0.291036 0.484514 0.292200 0.489764 0.289872 0.489764 0.279395 0.489239 0.278230 0.488189 0.263097 0.482940 0.252619 0.481365 0.252619 0.480840 0.251455 0.476640 0.251455 0.475066 0.253783 0.474016 0.253783 0.471391 0.259604
1 0.654593 0.167637 0.651444 0.164144 0.646719 0.162980 0.642520 0.165309 0.638845 0.171129 0.634646 0.194412 0.633596 0.196740 0.633596 0.204889 0.635171 0.209546 0.635696 0.214203 0.636745 0.215367 0.638845 0.207218 0.644094 0.207218 0.649344 0.210710 0.654068 0.210710 0.657218 0.208382 0.659318 0.203725 0.660892 0.196740 0.660892 0.188591 0.658793 0.179278
1 0.582677 0.284051 0.582677 0.287544 0.582152 0.288708 0.588976 0.288708 0.591076 0.291036 0.592126 0.293364 0.592651 0.293364 0.593701 0.295693 0.595276 0.303842 0.597375 0.300349 0.597375 0.298021 0.597900 0.296857 0.597900 0.285215 0.596325 0.280559 0.596325 0.279395 0.595276 0.278230 0.595276 0.277066 0.594226 0.277066 0.593701 0.275902 0.590551 0.275902 0.590026 0.277066 0.588451 0.277066 0.586877 0.279395 0.585827 0.279395 0.583727 0.281723
1 0.372703 0.230501 0.373228 0.240978 0.377953 0.247963 0.384777 0.249127 0.391076 0.252619 0.392651 0.254948 0.395801 0.254948 0.400525 0.246799 0.400525 0.242142 0.397375 0.235157 0.395801 0.227008 0.391601 0.218859 0.387402 0.214203 0.384252 0.214203 0.383202 0.213038 0.377953 0.216531 0.374803 0.222352
1 0.016798 0.178114 0.016273 0.190920 0.017848 0.194412 0.030971 0.194412 0.031496 0.195576 0.036745 0.196740 0.038320 0.199069 0.040420 0.199069 0.041995 0.196740 0.043045 0.192084 0.042520 0.190920 0.042520 0.186263 0.038320 0.171129 0.034646 0.164144 0.029921 0.160652 0.025722 0.160652 0.022572 0.164144 0.018373 0.172293
1 0.521260 0.238650 0.520735 0.239814 0.520735 0.242142 0.522310 0.247963 0.522310 0.250291 0.523360 0.252619 0.523360 0.253783 0.523885 0.254948 0.523885 0.258440 0.524409 0.259604 0.524934 0.263097 0.525984 0.265425 0.526509 0.265425 0.527034 0.266589 0.528084 0.266589 0.528609 0.267753 0.529659 0.267753 0.530184 0.266589 0.530184 0.264261 0.530709 0.263097 0.530709 0.258440 0.530184 0.257276 0.530184 0.254948 0.529659 0.253783 0.529659 0.251455 0.529134 0.250291 0.529134 0.247963 0.528609 0.246799 0.528609 0.245634 0.526509 0.240978 0.525984 0.240978 0.525459 0.239814 0.523360 0.239814 0.522835 0.238650
1 0.633596 0.257276 0.633071 0.256112 0.632546 0.246799 0.630446 0.238650 0.627297 0.231665 0.624147 0.230501 0.623622 0.229336 0.622572 0.229336 0.622047 0.230501 0.619423 0.230501 0.616273 0.235157 0.613648 0.243306 0.612598 0.247963 0.612598 0.250291 0.611024 0.254948 0.612598 0.260768 0.615748 0.257276 0.626772 0.257276 0.629396 0.260768 0.632021 0.260768 0.633071 0.259604
2 0.508661 0.542491 0.508661 0.544820 0.508137 0.545984 0.508137 0.548312 0.507612 0.549476 0.507612 0.556461 0.508137 0.556461 0.508661 0.557625 0.511286 0.557625 0.511811 0.558789 0.515486 0.558789 0.516011 0.557625 0.516535 0.557625 0.517585 0.555297 0.517585 0.547148 0.517060 0.545984 0.517060 0.544820 0.516011 0.542491 0.514436 0.542491 0.513911 0.541327 0.510761 0.541327 0.510236 0.542491
2 0.017323 0.513388 0.017323 0.519208 0.018898 0.528522 0.018898 0.542491 0.017848 0.547148 0.018373 0.552969 0.019948 0.554133 0.026247 0.554133 0.033071 0.549476 0.035696 0.549476 0.039895 0.545984 0.040945 0.543655 0.040420 0.538999 0.038320 0.534342 0.036220 0.532014 0.032546 0.530850 0.029921 0.526193 0.029396 0.515716 0.027822 0.513388 0.021522 0.513388 0.020997 0.512224 0.017848 0.512224
3 0.630446 0.606519 0.630446 0.610012 0.632546 0.615832 0.641995 0.616997 0.645144 0.619325 0.659842 0.619325 0.661942 0.615832 0.661942 0.611176 0.660367 0.607683 0.651968 0.603027 0.650919 0.600698 0.649869 0.600698 0.646719 0.592550 0.645669 0.592550 0.644094 0.590221 0.638320 0.601863 0.635696 0.604191 0.632021 0.604191
3 0.085564 0.485448 0.085564 0.487776 0.085039 0.488941 0.085039 0.494761 0.085564 0.495925 0.085564 0.497090 0.086089 0.497090 0.086614 0.498254 0.090814 0.498254 0.091339 0.499418 0.091864 0.499418 0.092388 0.498254 0.096063 0.498254 0.096588 0.497090 0.098688 0.497090 0.098688 0.495925 0.099213 0.494761 0.098688 0.493597 0.098688 0.492433 0.097638 0.490105 0.097113 0.490105 0.095538 0.487776 0.094488 0.487776 0.093963 0.486612 0.092913 0.486612 0.091864 0.484284 0.091339 0.484284 0.090814 0.483120 0.089239 0.483120 0.088714 0.481956 0.088189 0.481956 0.087664 0.483120 0.086614 0.483120
3 0.510236 0.612340 0.511811 0.615832 0.513386 0.615832 0.513911 0.616997 0.523360 0.616997 0.523885 0.615832 0.525459 0.615832 0.527034 0.613504 0.530184 0.612340 0.532283 0.610012 0.534383 0.604191 0.534383 0.597206 0.533333 0.594878 0.528609 0.597206 0.528084 0.596042 0.525459 0.594878 0.522310 0.587893 0.518635 0.585565 0.514961 0.601863 0.512861 0.605355
3 0.454593 0.543655 0.453543 0.547148 0.453543 0.561118 0.454068 0.562282 0.454068 0.563446 0.455643 0.565774 0.457218 0.565774 0.457743 0.566938 0.463517 0.566938 0.465092 0.563446 0.465092 0.559953 0.465617 0.558789 0.465617 0.547148 0.464567 0.544820 0.464042 0.544820 0.463517 0.543655 0.462467 0.543655 0.461942 0.542491 0.460892 0.542491 0.460367 0.541327 0.458268 0.541327 0.457743 0.542491 0.455643 0.542491 0.455118 0.543655
3 0.364304 0.575087 0.365879 0.579744 0.367979 0.582072 0.369029 0.582072 0.369554 0.583236 0.371654 0.583236 0.372178 0.584400 0.373753 0.584400 0.374278 0.583236 0.376903 0.583236 0.377428 0.582072 0.380053 0.580908 0.383202 0.573923 0.383727 0.571595 0.383727 0.568102 0.383202 0.566938 0.380053 0.566938 0.379528 0.568102 0.374803 0.568102 0.374278 0.566938 0.372178 0.566938 0.371654 0.565774 0.370604 0.565774 0.369554 0.563446 0.366929 0.563446 0.366404 0.562282 0.365354 0.565774 0.365354 0.569267 0.364304 0.572759
3 0.464567 0.545984 0.464567 0.549476 0.465092 0.551804 0.466667 0.555297 0.467717 0.555297 0.468241 0.554133 0.471916 0.554133 0.472441 0.555297 0.480840 0.555297 0.481365 0.554133 0.482415 0.554133 0.483465 0.552969 0.483990 0.550640 0.482940 0.545984 0.481365 0.542491 0.479790 0.542491 0.479265 0.541327 0.476640 0.541327 0.475066 0.538999 0.468241 0.538999 0.467717 0.540163 0.466667 0.540163 0.465092 0.543655
3 0.485564 0.552969 0.486089 0.552969 0.486614 0.554133 0.493963 0.554133 0.494488 0.552969 0.495538 0.552969 0.496063 0.551804 0.497113 0.551804 0.497638 0.550640 0.498163 0.550640 0.498688 0.549476 0.498688 0.543655 0.497638 0.541327 0.497113 0.541327 0.495538 0.538999 0.493963 0.538999 0.493438 0.537835 0.492388 0.537835 0.490814 0.535506 0.487664 0.535506 0.487664 0.536671 0.487139 0.537835 0.487139 0.540163 0.486614 0.541327 0.486614 0.543655 0.486089 0.544820 0.486089 0.548312 0.485564 0.549476
3 0.043045 0.518044 0.043045 0.527357 0.043570 0.528522 0.043045 0.552969 0.044094 0.555297 0.049869 0.557625 0.059843 0.556461 0.069816 0.550640 0.072441 0.545984 0.070341 0.537835 0.067717 0.535506 0.064042 0.535506 0.060892 0.530850 0.060367 0.518044 0.058793 0.516880 0.049344 0.518044 0.047769 0.515716 0.044094 0.515716
3 0.634121 0.571595 0.634121 0.572759 0.633596 0.573923 0.633596 0.584400 0.635696 0.589057 0.636220 0.589057 0.636745 0.590221 0.638845 0.590221 0.639895 0.592550 0.640420 0.592550 0.641470 0.590221 0.641995 0.590221 0.642520 0.589057 0.643570 0.589057 0.644619 0.586729 0.644619 0.584400 0.645144 0.583236 0.645144 0.576251 0.643570 0.570431 0.643045 0.570431 0.642520 0.569267 0.641470 0.569267 0.640945 0.568102 0.636220 0.568102 0.635696 0.569267 0.635171 0.569267
3 0.519685 0.571595 0.514961 0.571595 0.514436 0.572759 0.512336 0.572759 0.511811 0.573923 0.511286 0.573923 0.510236 0.576251 0.510236 0.579744 0.510761 0.580908 0.510761 0.582072 0.511286 0.583236 0.511286 0.585565 0.511811 0.586729 0.511811 0.591385 0.513386 0.592550 0.514436 0.594878 0.514961 0.594878 0.515486 0.596042 0.516535 0.593714 0.518110 0.592550 0.519160 0.590221 0.519685 0.590221 0.520735 0.587893 0.521260 0.587893 0.521260 0.583236 0.520735 0.582072 0.520735 0.580908 0.521260 0.579744 0.521260 0.573923
3 0.295538 0.640279 0.294488 0.637951 0.292913 0.636787 0.292388 0.637951 0.291864 0.637951 0.291339 0.639115 0.290289 0.639115 0.288714 0.641444 0.286089 0.642608 0.285564 0.643772 0.282940 0.646100 0.280840 0.650757 0.280840 0.651921 0.280315 0.653085 0.280315 0.655413 0.281365 0.657742 0.290289 0.657742 0.291339 0.655413 0.292913 0.654249 0.294488 0.650757 0.295013 0.650757 0.295013 0.649593 0.296063 0.647264 0.295538 0.646100
3 0.556955 0.545984 0.556955 0.547148 0.558005 0.549476 0.559055 0.549476 0.559580 0.550640 0.565879 0.550640 0.566404 0.549476 0.567979 0.549476 0.568504 0.548312 0.569029 0.548312 0.569029 0.544820 0.568504 0.543655 0.568504 0.542491 0.567979 0.542491 0.566404 0.538999 0.565879 0.538999 0.564829 0.536671 0.561680 0.536671 0.561155 0.537835 0.560105 0.537835 0.557480 0.543655 0.557480 0.544820
3 0.595801 0.577416 0.596325 0.577416 0.597900 0.580908 0.601050 0.582072 0.601575 0.583236 0.608399 0.583236 0.608924 0.582072 0.611549 0.582072 0.612073 0.580908 0.613123 0.580908 0.613648 0.579744 0.614698 0.579744 0.615223 0.578580 0.617323 0.577416 0.618898 0.573923 0.618898 0.569267 0.617848 0.566938 0.616273 0.566938 0.615748 0.565774 0.612073 0.565774 0.609974 0.563446 0.606299 0.563446 0.603675 0.566938 0.602625 0.566938 0.600000 0.570431 0.598950 0.570431 0.595801 0.573923
3 0.580052 0.548312 0.580052 0.550640 0.580577 0.551804 0.581102 0.551804 0.581627 0.552969 0.584252 0.552969 0.584777 0.554133 0.585827 0.554133 0.586352 0.552969 0.588976 0.552969 0.589501 0.551804 0.590026 0.551804 0.591076 0.549476 0.590551 0.548312 0.590551 0.547148 0.590026 0.545984 0.590026 0.544820 0.589501 0.544820 0.588451 0.542491 0.582152 0.542491 0.581627 0.543655 0.581102 0.543655 0.581102 0.544820 0.580577 0.545984 0.580577 0.547148
3 0.281365 0.675204 0.282415 0.679860 0.287664 0.683353 0.295013 0.683353 0.302887 0.679860 0.310761 0.678696 0.313386 0.675204 0.313911 0.672875 0.313386 0.657742 0.312336 0.655413 0.310236 0.654249 0.305512 0.654249 0.296063 0.649593 0.293438 0.651921 0.288189 0.663562 0.283989 0.668219
