0 0.802979 0.368231 0.755586 0.421480 0.779959 0.432310 0.798240 0.454874 0.789438 0.518953 0.779282 0.531588 0.789438 0.550542 0.772512 0.555054 0.771835 0.564982 0.788084 0.573105 0.798917 0.655235 0.794177 0.777076 0.777251 0.817690 0.754909 0.817690 0.753555 0.828520 0.773189 0.846570 0.815166 0.858303 0.823290 0.824007 0.848341 0.828520 0.847664 0.807762 0.859851 0.796931 0.853081 0.695848 0.880162 0.626354 0.880840 0.598375 0.856466 0.444946 0.827353 0.412455 0.834123 0.400722 0.829384 0.378159
0 0.014895 0.306859 0.000000 0.315884 0.000000 0.354693 0.014218 0.379061 0.000000 0.408845 0.000000 0.494585 0.012864 0.525271 0.014218 0.594765 0.060257 0.683213 0.083277 0.838448 0.126608 0.842058 0.150982 0.822202 0.119160 0.799639 0.114421 0.746390 0.129316 0.791516 0.187542 0.750903 0.157075 0.751805 0.123223 0.597473 0.116452 0.527076 0.137441 0.481047 0.069059 0.410650 0.094110 0.358303 0.056195 0.312274
0 0.345295 0.399819 0.341909 0.401625 0.340555 0.404332 0.340555 0.411552 0.337847 0.423285 0.337847 0.437726 0.339201 0.444946 0.338524 0.470217 0.341232 0.473827 0.345295 0.471119 0.345972 0.465704 0.348680 0.457581 0.348680 0.441336 0.348003 0.440433 0.348680 0.415162 0.351388 0.410650 0.351388 0.406137 0.350034 0.402527
0 0.253216 0.380866 0.238998 0.403430 0.243737 0.431408 0.212593 0.454874 0.199729 0.505415 0.232227 0.549639 0.263372 0.691336 0.276236 0.701264 0.287068 0.694946 0.268111 0.637184 0.268788 0.583935 0.287745 0.609206 0.310088 0.666065 0.331754 0.671480 0.339878 0.664260 0.320921 0.638989 0.317536 0.611913 0.292485 0.556859 0.299932 0.509025 0.291808 0.463899 0.275559 0.438628 0.285037 0.417870 0.278267 0.395307 0.269465 0.383574
0 0.645227 0.549639 0.641842 0.584838 0.651320 0.588448 0.652674 0.597473 0.632363 0.628159 0.628978 0.642599 0.633717 0.649819 0.640487 0.650722 0.645227 0.647112 0.647258 0.634477 0.649289 0.647112 0.661476 0.654332 0.648612 0.657942 0.650643 0.677798 0.668246 0.675090 0.675017 0.629061 0.678402 0.659747 0.699391 0.673285 0.706161 0.637184 0.710223 0.667870 0.726473 0.668773 0.723764 0.619134 0.710223 0.595668 0.681110 0.573105 0.667569 0.546931 0.654705 0.544224
0 0.466486 0.559567 0.452268 0.589350 0.457684 0.601986 0.436696 0.632671 0.410291 0.722022 0.411645 0.778881 0.425186 0.822202 0.434665 0.830325 0.473257 0.830325 0.529452 0.795126 0.588355 0.835740 0.598511 0.833935 0.605958 0.811372 0.564658 0.761733 0.567366 0.739170 0.522681 0.740975 0.511171 0.726534 0.509817 0.693141 0.501693 0.697653 0.496953 0.688628 0.526066 0.693141 0.549763 0.678700 0.551117 0.666065 0.529452 0.670578 0.494922 0.654332 0.498307 0.629964 0.515911 0.611913 0.495599 0.559567
0 0.463778 0.382671 0.459716 0.387184 0.459039 0.393502 0.454299 0.398014 0.455653 0.446751 0.459716 0.500000 0.463778 0.503610 0.473934 0.505415 0.476642 0.498195 0.477319 0.458484 0.479350 0.453971 0.482735 0.452166 0.482735 0.444043 0.488152 0.431408 0.488829 0.424188 0.482058 0.407040 0.474611 0.400722 0.471903 0.388087 0.467163 0.382671
1 0.777251 0.406137 0.778605 0.407040 0.794177 0.401625 0.807041 0.400722 0.828030 0.404332 0.834123 0.401625 0.834800 0.397112 0.830738 0.379964 0.826676 0.373646 0.817197 0.369134 0.800948 0.368231 0.792823 0.371841 0.784022 0.382671 0.779959 0.390794
1 0.000000 0.314982 0.000000 0.355596 0.009479 0.358303 0.029790 0.357401 0.035884 0.361913 0.071767 0.360108 0.080569 0.363718 0.096141 0.359206 0.081246 0.345668 0.068382 0.323105 0.052810 0.309567 0.038592 0.305054 0.020988 0.305054 0.007448 0.309567
1 0.341909 0.401625 0.341909 0.402527 0.341232 0.403430 0.341232 0.404332 0.340555 0.405235 0.340555 0.407942 0.341232 0.408845 0.341232 0.409747 0.341909 0.410650 0.343263 0.410650 0.343940 0.411552 0.348003 0.411552 0.348680 0.410650 0.350711 0.410650 0.351388 0.409747 0.351388 0.408845 0.352065 0.407942 0.351388 0.407040 0.351388 0.405235 0.348680 0.401625 0.347326 0.401625 0.346649 0.400722 0.343940 0.400722 0.343263 0.401625
1 0.243060 0.390794 0.238998 0.403430 0.238998 0.407942 0.241029 0.410650 0.249831 0.414260 0.255924 0.415162 0.259309 0.417870 0.268788 0.418773 0.274882 0.422383 0.281652 0.422383 0.283683 0.421480 0.285714 0.417870 0.281652 0.410650 0.278267 0.393502 0.273527 0.386282 0.268111 0.382671 0.254570 0.379964 0.248477 0.383574
1 0.445498 0.620036 0.447529 0.624549 0.453622 0.628159 0.469871 0.629061 0.477319 0.627256 0.487475 0.621841 0.505755 0.620939 0.512525 0.622744 0.517265 0.620036 0.518619 0.614621 0.515234 0.608303 0.511848 0.606498 0.505078 0.608303 0.498307 0.605596 0.469871 0.605596 0.463778 0.601986 0.459039 0.601986 0.452268 0.608303 0.447529 0.614621
1 0.616114 0.212094 0.616114 0.220217 0.617468 0.222022 0.617468 0.223827 0.618822 0.225632 0.620853 0.225632 0.621530 0.226534 0.622884 0.226534 0.623561 0.225632 0.624238 0.225632 0.626947 0.222022 0.626947 0.220217 0.627624 0.219314 0.627624 0.217509 0.628301 0.216606 0.628301 0.212996 0.627624 0.212094 0.627624 0.211191 0.626947 0.211191 0.626269 0.210289 0.620853 0.210289 0.620176 0.211191 0.617468 0.211191 0.616791 0.212094
1 0.741368 0.472924 0.741368 0.474729 0.740691 0.475632 0.740691 0.478339 0.741368 0.479242 0.741368 0.480144 0.742722 0.481949 0.743399 0.481949 0.744076 0.482852 0.747461 0.482852 0.748138 0.481949 0.749492 0.481949 0.750169 0.481047 0.750846 0.481047 0.752200 0.479242 0.752200 0.478339 0.752877 0.477437 0.752877 0.476534 0.749492 0.472022 0.748815 0.472022 0.748138 0.471119 0.747461 0.471119 0.746784 0.470217 0.744076 0.470217 0.743399 0.471119 0.742722 0.471119
1 0.451591 0.589350 0.451591 0.592058 0.453622 0.594765 0.465809 0.602888 0.505078 0.607401 0.509817 0.605596 0.508463 0.600181 0.504401 0.592960 0.501693 0.571300 0.498307 0.562274 0.491537 0.556859 0.475965 0.555957 0.465809 0.559567 0.459716 0.567690 0.455653 0.582130
1 0.643873 0.551444 0.643196 0.553249 0.643873 0.577617 0.641842 0.581227 0.641842 0.584838 0.643873 0.587545 0.647258 0.588448 0.649966 0.587545 0.658091 0.581227 0.662830 0.581227 0.666215 0.583032 0.670955 0.583032 0.675017 0.581227 0.672309 0.577617 0.675694 0.574007 0.675694 0.559567 0.666892 0.546029 0.663507 0.544224 0.654028 0.544224
1 0.471225 0.386282 0.467163 0.382671 0.463778 0.382671 0.463101 0.383574 0.462424 0.383574 0.459716 0.387184 0.459716 0.389892 0.459039 0.390794 0.459039 0.393502 0.459716 0.394404 0.459716 0.396209 0.461747 0.398014 0.464455 0.398014 0.465132 0.397112 0.466486 0.397112 0.467163 0.396209 0.467840 0.396209 0.469871 0.394404 0.471225 0.394404 0.471903 0.393502 0.471903 0.391697 0.472580 0.390794 0.471903 0.389892 0.471903 0.388087 0.471225 0.387184
1 0.704807 0.483755 0.704130 0.483755 0.702776 0.481949 0.701422 0.481949 0.700745 0.481047 0.698037 0.481047 0.697360 0.480144 0.694651 0.480144 0.693974 0.481047 0.691943 0.481047 0.689235 0.482852 0.685850 0.487365 0.685850 0.489170 0.685173 0.490072 0.685173 0.495487 0.685850 0.496390 0.685850 0.498195 0.687204 0.501805 0.688558 0.503610 0.690589 0.503610 0.691266 0.502708 0.692620 0.502708 0.698037 0.495487 0.700068 0.494585 0.702776 0.491877 0.704130 0.491877 0.706838 0.487365 0.704807 0.484657
1 0.753555 0.817690 0.752877 0.831227 0.754232 0.833935 0.771835 0.846570 0.811781 0.859206 0.817874 0.859206 0.821936 0.854693 0.821936 0.846570 0.819905 0.840253 0.806364 0.837545 0.796209 0.833032 0.780636 0.817690
3 0.511848 0.720217 0.511848 0.726534 0.515234 0.729242 0.522681 0.739170 0.524035 0.738267 0.529452 0.738267 0.530129 0.737365 0.542993 0.737365 0.545024 0.735560 0.545701 0.730144 0.544347 0.726534 0.539607 0.720217 0.532837 0.713899 0.525389 0.711191 0.522681 0.708484 0.518619 0.710289
3 0.828030 0.809567 0.825999 0.815884 0.825999 0.821300 0.826676 0.822202 0.832769 0.825812 0.834123 0.827617 0.835477 0.827617 0.840217 0.831227 0.842248 0.831227 0.844956 0.833032 0.848341 0.833032 0.850372 0.830325 0.850372 0.828520 0.851049 0.827617 0.851049 0.822202 0.849695 0.817690 0.849695 0.813177 0.849018 0.812274 0.849018 0.810469 0.847664 0.808664 0.843602 0.808664 0.841571 0.810469 0.840894 0.809567 0.836831 0.809567 0.831415 0.805957
3 0.414353 0.845668 0.413676 0.862816 0.417062 0.872744 0.423832 0.879964 0.431957 0.884477 0.453622 0.884477 0.463778 0.880866 0.474611 0.869134 0.479350 0.856498 0.478673 0.836643 0.474611 0.829422 0.459716 0.832130 0.443466 0.832130 0.424509 0.825812 0.418416 0.834838
3 0.188896 0.748195 0.186188 0.743682 0.181449 0.743682 0.159783 0.752708 0.157075 0.755415 0.153013 0.764440 0.146242 0.771661 0.140149 0.775271 0.127285 0.775271 0.124577 0.783394 0.124577 0.789711 0.125931 0.791516 0.132701 0.791516 0.143534 0.787004 0.159106 0.774368 0.182126 0.760830 0.187542 0.754513
3 0.465132 0.498195 0.460393 0.498195 0.458362 0.500903 0.458362 0.501805 0.457684 0.502708 0.457684 0.508123 0.458362 0.509025 0.458362 0.509928 0.459716 0.511733 0.461747 0.511733 0.462424 0.510830 0.463101 0.510830 0.463778 0.509928 0.464455 0.509928 0.467163 0.506318 0.467163 0.500903 0.466486 0.500000 0.466486 0.499097 0.465809 0.499097
3 0.631686 0.837545 0.626947 0.831227 0.620853 0.825812 0.613406 0.814079 0.609343 0.812274 0.603927 0.824910 0.599188 0.833032 0.592417 0.836643 0.587001 0.833935 0.584292 0.834838 0.584970 0.839350 0.596479 0.842960 0.606635 0.841155 0.624915 0.842058 0.631009 0.839350
3 0.152336 0.824007 0.151659 0.821300 0.146919 0.816787 0.120515 0.804152 0.110359 0.816787 0.097495 0.826715 0.088693 0.827617 0.083954 0.825812 0.083277 0.839350 0.085985 0.842058 0.122546 0.843863 0.140149 0.836643 0.147596 0.831227
3 0.259986 0.675090 0.259986 0.681408 0.260664 0.682310 0.261341 0.687726 0.268788 0.700361 0.272173 0.702166 0.272850 0.701264 0.278944 0.701264 0.279621 0.700361 0.284360 0.699458 0.287068 0.696751 0.286391 0.689531 0.279621 0.675993 0.279621 0.674188 0.277590 0.668773 0.275559 0.666065 0.272850 0.666065 0.264726 0.669675
3 0.307380 0.659747 0.307380 0.662455 0.310088 0.666968 0.317536 0.667870 0.318213 0.668773 0.320244 0.668773 0.323629 0.671480 0.326337 0.671480 0.327014 0.672383 0.331077 0.672383 0.335139 0.670578 0.337170 0.668773 0.338524 0.668773 0.340555 0.665162 0.339878 0.661552 0.337847 0.658845 0.331754 0.655235 0.326337 0.648917 0.323629 0.641697 0.320244 0.641697 0.319567 0.644404 0.311442 0.654332 0.309411 0.655235
3 0.526066 0.796029 0.522004 0.795126 0.516588 0.801444 0.498984 0.815884 0.477319 0.827617 0.477319 0.832130 0.478673 0.835740 0.480704 0.838448 0.490860 0.835740 0.502370 0.825812 0.507786 0.819495 0.515234 0.816787 0.521327 0.810469 0.526743 0.800542
3 0.473257 0.498195 0.471225 0.500903 0.470548 0.500903 0.469871 0.501805 0.469871 0.502708 0.468517 0.505415 0.468517 0.509025 0.469194 0.509928 0.469194 0.511733 0.469871 0.512635 0.471225 0.512635 0.471903 0.513538 0.477996 0.513538 0.480027 0.511733 0.480027 0.508123 0.479350 0.507220 0.479350 0.505415 0.477996 0.503610 0.477996 0.502708 0.477319 0.501805 0.477319 0.500903 0.476642 0.500000 0.476642 0.499097 0.475288 0.499097 0.474611 0.498195
