0 0.909953 0.558664 0.909953 0.567690 0.931618 0.573105 0.938389 0.577617 0.937712 0.598375 0.946513 0.605596 0.939066 0.609206 0.941097 0.616426 0.955315 0.623646 0.976303 0.644404 0.979012 0.643502 0.973595 0.623646 0.960054 0.598375 0.953284 0.591155 0.939743 0.583032 0.939066 0.577617 0.941774 0.570397 0.939066 0.564079 0.924848 0.552347 0.914015 0.555054
0 0.808395 0.544224 0.797563 0.565884 0.803656 0.598375 0.792823 0.610108 0.765741 0.716606 0.769804 0.729242 0.788761 0.716606 0.799594 0.804152 0.797563 0.856498 0.781313 0.870036 0.821259 0.895307 0.824645 0.758123 0.848341 0.820397 0.847664 0.869134 0.865945 0.889892 0.867299 0.814982 0.852404 0.712996 0.855789 0.693141 0.876100 0.671480 0.857143 0.614621 0.830061 0.584838 0.831415 0.556859
0 0.314150 0.570397 0.313473 0.575812 0.310088 0.583935 0.308734 0.590253 0.310088 0.605596 0.312119 0.611011 0.313473 0.626354 0.314827 0.625451 0.316181 0.616426 0.317536 0.614621 0.320921 0.614621 0.322275 0.618231 0.322275 0.622744 0.320921 0.627256 0.324306 0.629061 0.326337 0.626354 0.328368 0.601986 0.326337 0.596570 0.326337 0.588448 0.324983 0.582130 0.321598 0.574910 0.317536 0.569495
0 0.909276 0.569495 0.889641 0.595668 0.906567 0.619134 0.899120 0.635379 0.897089 0.696751 0.914692 0.804152 0.923494 0.823105 0.925525 0.870939 0.918754 0.880866 0.907244 0.881769 0.905213 0.890794 0.924848 0.907942 0.949898 0.907942 0.958700 0.897112 0.974272 0.901625 0.977657 0.833032 0.966148 0.785199 0.968856 0.698556 0.985105 0.694043 0.993230 0.669675 0.975626 0.642599 0.943805 0.616426 0.948544 0.605596 0.940420 0.597473 0.935680 0.575812
0 0.293162 0.554152 0.289100 0.555054 0.286391 0.564982 0.278944 0.569495 0.275559 0.574007 0.268111 0.600181 0.266757 0.612816 0.268788 0.615523 0.272173 0.610108 0.274204 0.616426 0.275559 0.658845 0.277590 0.661552 0.283683 0.659747 0.285714 0.650722 0.289777 0.643502 0.296547 0.601986 0.306026 0.593863 0.304672 0.585740 0.297901 0.574007 0.297224 0.559567
1 0.888287 0.594765 0.900474 0.603791 0.937035 0.606498 0.945836 0.608303 0.949221 0.605596 0.945159 0.601986 0.939743 0.600181 0.937035 0.596570 0.939743 0.584838 0.939066 0.581227 0.935680 0.575812 0.921462 0.569495 0.908598 0.569495 0.903182 0.573105 0.899797 0.578520 0.897766 0.587545
1 0.314150 0.569495 0.314150 0.570397 0.313473 0.571300 0.313473 0.574910 0.314150 0.575812 0.316181 0.575812 0.316859 0.576715 0.320921 0.576715 0.320921 0.573105 0.318213 0.569495
1 0.287745 0.556859 0.287745 0.558664 0.287068 0.559567 0.287068 0.563177 0.288422 0.564982 0.289100 0.564982 0.289777 0.565884 0.296547 0.565884 0.296547 0.564982 0.297224 0.564079 0.297224 0.562274 0.297901 0.561372 0.297901 0.560469 0.297224 0.559567 0.297224 0.558664 0.296547 0.557762 0.296547 0.556859 0.295870 0.555957 0.295193 0.555957 0.293839 0.554152 0.291131 0.554152 0.290454 0.555054 0.289100 0.555054
1 0.909276 0.559567 0.909276 0.567690 0.910630 0.568592 0.918754 0.568592 0.924171 0.571300 0.930941 0.572202 0.935003 0.574910 0.937712 0.574910 0.938389 0.575812 0.939066 0.575812 0.941097 0.571300 0.941097 0.566787 0.939743 0.564079 0.935003 0.561372 0.928910 0.553249 0.926879 0.553249 0.926202 0.552347 0.918077 0.553249 0.910630 0.556859
2 0.400812 0.627256 0.400135 0.627256 0.399458 0.628159 0.396750 0.628159 0.395396 0.629964 0.395396 0.630866 0.394719 0.631769 0.394719 0.636282 0.395396 0.637184 0.396073 0.637184 0.396750 0.638087 0.398104 0.638087 0.398781 0.637184 0.399458 0.637184 0.401489 0.634477 0.401489 0.629061 0.400812 0.628159
2 0.924171 0.841155 0.923494 0.851986 0.926202 0.869134 0.925525 0.876354 0.921462 0.880866 0.906567 0.881769 0.905213 0.883574 0.905890 0.895307 0.910630 0.900722 0.921462 0.907942 0.953284 0.907942 0.956669 0.902527 0.956669 0.877256 0.954638 0.850181 0.953284 0.848375 0.942451 0.847473
2 0.312796 0.616426 0.312796 0.617329 0.312119 0.618231 0.312119 0.620036 0.311442 0.620939 0.311442 0.625451 0.310765 0.626354 0.311442 0.627256 0.311442 0.629061 0.312119 0.629061 0.312796 0.629964 0.314150 0.629964 0.314827 0.629061 0.315504 0.629061 0.315504 0.627256 0.316181 0.626354 0.316181 0.623646 0.316859 0.622744 0.316181 0.621841 0.316181 0.619134 0.315504 0.618231 0.315504 0.617329 0.314827 0.616426
2 0.956669 0.840253 0.955315 0.853791 0.957346 0.873646 0.957346 0.892599 0.958700 0.898917 0.960731 0.901625 0.966825 0.904332 0.970887 0.904332 0.983751 0.899819 0.985105 0.897112 0.977657 0.888087 0.979012 0.859206 0.976980 0.851986 0.976303 0.842960
2 0.286391 0.647112 0.285037 0.647112 0.284360 0.648014 0.283006 0.648014 0.282329 0.648917 0.282329 0.652527 0.281652 0.653430 0.281652 0.662455 0.282329 0.663357 0.283006 0.663357 0.283683 0.662455 0.284360 0.662455 0.285714 0.660650 0.285714 0.658845 0.286391 0.657942 0.286391 0.651625 0.287068 0.650722 0.287068 0.648917 0.286391 0.648014
2 0.283006 0.647112 0.282329 0.647112 0.281652 0.648014 0.280298 0.648014 0.278944 0.649819 0.278944 0.651625 0.278267 0.652527 0.278267 0.655235 0.277590 0.656137 0.277590 0.661552 0.278267 0.662455 0.278944 0.662455 0.279621 0.663357 0.282329 0.663357 0.283006 0.662455 0.283683 0.662455 0.283683 0.661552 0.284360 0.660650 0.284360 0.659747 0.285037 0.658845 0.285037 0.656137 0.285714 0.655235 0.285714 0.649819 0.284360 0.648014 0.283683 0.648014
2 0.325660 0.620036 0.324983 0.620036 0.324306 0.619134 0.323629 0.620036 0.322952 0.620036 0.322952 0.620939 0.321598 0.622744 0.321598 0.623646 0.320921 0.624549 0.320921 0.625451 0.320244 0.626354 0.320921 0.627256 0.320921 0.629061 0.322952 0.629061 0.323629 0.629964 0.324306 0.629964 0.324983 0.629061 0.326337 0.629061 0.326337 0.620939
2 0.276913 0.645307 0.276236 0.646209 0.275559 0.646209 0.275559 0.656137 0.274882 0.657040 0.274882 0.659747 0.275559 0.660650 0.275559 0.661552 0.276913 0.661552 0.277590 0.662455 0.278944 0.662455 0.279621 0.661552 0.280298 0.661552 0.280975 0.660650 0.280975 0.656137 0.281652 0.655235 0.281652 0.650722 0.280975 0.649819 0.280975 0.648014 0.279621 0.646209 0.279621 0.645307
2 0.800271 0.820397 0.797563 0.857401 0.793500 0.862816 0.789438 0.864621 0.779282 0.862816 0.779282 0.869134 0.781313 0.874549 0.784699 0.878159 0.793500 0.880866 0.813135 0.895307 0.820582 0.897112 0.821936 0.895307 0.821259 0.874549 0.824645 0.845668 0.823968 0.829422 0.809749 0.826715
2 0.849018 0.820397 0.848341 0.830325 0.852404 0.857401 0.851726 0.860108 0.846987 0.866426 0.847664 0.873646 0.855112 0.886282 0.863236 0.890794 0.867299 0.890794 0.870007 0.888087 0.870007 0.881769 0.867976 0.873646 0.867976 0.826715 0.866622 0.823105
