0 0.672986 0.250903 0.646581 0.300542 0.658768 0.351986 0.613406 0.420578 0.598511 0.423285 0.605958 0.445848 0.618145 0.448556 0.619499 0.481047 0.635748 0.477437 0.629655 0.555054 0.635748 0.623646 0.646581 0.638087 0.649966 0.767148 0.674340 0.777978 0.685850 0.768051 0.675017 0.633574 0.701422 0.775271 0.733920 0.803249 0.716994 0.805054 0.718348 0.816787 0.737305 0.824007 0.711578 0.593863 0.730535 0.387184 0.707515 0.348375 0.704130 0.268953
0 0.389980 0.331227 0.372376 0.370939 0.371022 0.397112 0.375762 0.453069 0.387949 0.487365 0.386594 0.504513 0.389980 0.513538 0.390657 0.556859 0.393365 0.559567 0.411645 0.493682 0.407583 0.443141 0.409614 0.399819 0.421801 0.398917 0.423832 0.389892 0.415030 0.363718 0.405552 0.353791 0.402167 0.337545
0 0.419770 0.254513 0.393365 0.277978 0.389980 0.327617 0.401489 0.330325 0.419770 0.369134 0.438727 0.383574 0.428571 0.411552 0.426540 0.474729 0.404875 0.557762 0.384563 0.601083 0.400135 0.597473 0.411645 0.616426 0.416385 0.591155 0.438727 0.561372 0.459716 0.652527 0.488152 0.568592 0.497630 0.608303 0.524035 0.589350 0.555179 0.602888 0.545701 0.515343 0.553148 0.438628 0.524035 0.359206 0.470548 0.322202 0.452945 0.277978
0 0.536899 0.234657 0.528775 0.247292 0.528098 0.261733 0.540284 0.305054 0.515234 0.328520 0.510494 0.341155 0.528098 0.361011 0.542993 0.398014 0.551794 0.386282 0.556534 0.357401 0.562627 0.354693 0.572783 0.361913 0.584292 0.397112 0.595802 0.415162 0.599865 0.414260 0.598511 0.398917 0.603250 0.394404 0.612728 0.416065 0.626269 0.393502 0.608666 0.326715 0.574137 0.299639 0.576845 0.267148 0.572106 0.261733 0.572783 0.248195 0.566689 0.236462 0.558565 0.231949
0 0.999323 0.294224 0.985105 0.293321 0.976303 0.317690 0.957346 0.338448 0.950575 0.362816 0.935003 0.498195 0.946513 0.495487 0.948544 0.437726 0.955992 0.438628 0.956669 0.449458 0.963439 0.429603 0.976303 0.444946 0.968179 0.493682 0.985782 0.493682 0.984428 0.479242 0.996615 0.437726 0.981720 0.388989 0.981043 0.361011 0.987136 0.328520 0.999323 0.318592
1 0.119838 0.368231 0.118483 0.370036 0.118483 0.370939 0.117806 0.371841 0.117806 0.377256 0.119838 0.379964 0.121192 0.379964 0.121869 0.380866 0.123223 0.380866 0.123900 0.381769 0.127285 0.381769 0.128639 0.379964 0.129316 0.379964 0.129316 0.379061 0.130670 0.377256 0.130670 0.371841 0.129993 0.370939 0.129993 0.370036 0.129316 0.370036 0.127285 0.368231 0.125254 0.368231 0.124577 0.367329 0.122546 0.367329 0.121869 0.368231
1 0.188219 0.378159 0.186865 0.379964 0.186865 0.380866 0.186188 0.381769 0.186188 0.382671 0.185511 0.383574 0.185511 0.385379 0.184834 0.386282 0.184834 0.387184 0.185511 0.388087 0.185511 0.388989 0.186865 0.390794 0.187542 0.390794 0.188219 0.391697 0.192959 0.391697 0.193636 0.390794 0.195667 0.390794 0.196344 0.389892 0.196344 0.386282 0.195667 0.385379 0.195667 0.384477 0.194990 0.383574 0.194990 0.382671 0.193636 0.380866 0.193636 0.379964 0.192959 0.379061 0.192282 0.379061 0.191605 0.378159
1 0.710223 0.287004 0.703453 0.267148 0.696005 0.257220 0.684496 0.250903 0.672309 0.250903 0.664184 0.255415 0.657414 0.265343 0.654028 0.273466 0.649966 0.294224 0.645904 0.299639 0.645227 0.303249 0.660799 0.300542 0.673663 0.294224 0.683142 0.287004 0.695328 0.287004 0.706161 0.293321 0.710223 0.289711
1 0.982397 0.296029 0.982397 0.296931 0.981043 0.299639 0.981043 0.307762 0.982397 0.309567 0.983074 0.309567 0.983751 0.310469 0.984428 0.310469 0.985105 0.309567 0.999323 0.309567 0.999323 0.293321 0.997292 0.293321 0.996615 0.292419 0.995261 0.292419 0.994584 0.291516 0.987136 0.291516 0.986459 0.292419 0.985105 0.292419
1 0.454299 0.277978 0.448206 0.273466 0.438727 0.260830 0.427217 0.253610 0.414353 0.255415 0.406229 0.260830 0.396750 0.270758 0.392011 0.280686 0.391334 0.296931 0.393365 0.310469 0.387949 0.320397 0.387271 0.324007 0.389303 0.330325 0.395396 0.333935 0.400812 0.333935 0.399458 0.316787 0.401489 0.311372 0.419770 0.290614 0.437373 0.278881 0.443466 0.279783 0.448206 0.287004 0.452945 0.289711 0.454976 0.285199
2 0.597156 0.715704 0.595125 0.718412 0.591740 0.731949 0.591740 0.742780 0.592417 0.744585 0.598511 0.749097 0.600542 0.749097 0.608666 0.752708 0.612051 0.752708 0.616114 0.750000 0.618822 0.745487 0.618822 0.737365 0.612051 0.718412 0.610020 0.715704 0.607312 0.715704 0.606635 0.714801 0.599188 0.714801
3 0.707515 0.780686 0.706838 0.786101 0.708869 0.789711 0.712932 0.792419 0.719025 0.794224 0.719702 0.795126 0.722410 0.795126 0.727150 0.797834 0.729181 0.797834 0.736628 0.802347 0.737982 0.802347 0.739336 0.800542 0.739336 0.797834 0.737982 0.794224 0.731889 0.784296 0.727150 0.774368 0.718348 0.774368 0.717671 0.775271 0.714963 0.775271 0.708869 0.778881
3 0.591063 0.680505 0.590386 0.680505 0.589709 0.679603 0.588355 0.679603 0.587001 0.681408 0.587001 0.682310 0.586324 0.683213 0.586324 0.684116 0.585647 0.685018 0.585647 0.685921 0.584970 0.686823 0.584970 0.691336 0.585647 0.692238 0.591063 0.692238 0.591740 0.691336 0.591740 0.681408
3 0.581584 0.871841 0.577522 0.869134 0.568720 0.878159 0.561950 0.880866 0.548409 0.879964 0.539607 0.874549 0.533514 0.878159 0.529452 0.883574 0.525389 0.898014 0.525389 0.935018 0.528775 0.937726 0.545024 0.935921 0.563981 0.921480 0.584970 0.888989 0.585647 0.882671
3 0.390657 0.516245 0.389980 0.517148 0.389980 0.554152 0.390657 0.555054 0.390657 0.559567 0.392688 0.559567 0.393365 0.560469 0.394719 0.558664 0.395396 0.554152 0.398781 0.546931 0.398781 0.544224 0.401489 0.536101 0.401489 0.532491 0.402844 0.527978 0.402844 0.522563 0.402167 0.520758 0.399458 0.518953 0.397427 0.518953 0.394719 0.517148 0.392011 0.517148
3 0.502370 0.854693 0.501016 0.850181 0.496953 0.849278 0.488829 0.843863 0.486121 0.840253 0.484089 0.831227 0.477319 0.831227 0.467163 0.837545 0.457007 0.848375 0.447529 0.851986 0.442789 0.859206 0.445498 0.864621 0.454299 0.870939 0.471903 0.876354 0.478673 0.876354 0.484089 0.873646 0.493568 0.863718 0.501016 0.859206
3 0.967502 0.490975 0.967502 0.493682 0.969533 0.496390 0.971564 0.496390 0.972241 0.497292 0.984428 0.497292 0.986459 0.494585 0.986459 0.489170 0.985105 0.487365 0.985105 0.486462 0.984428 0.486462 0.983751 0.485560 0.980366 0.485560 0.978334 0.487365 0.975626 0.487365 0.974949 0.486462 0.972918 0.486462 0.972241 0.485560 0.970887 0.485560 0.970210 0.484657
3 0.648612 0.765343 0.649966 0.768953 0.656060 0.770758 0.664861 0.776173 0.670278 0.777076 0.670955 0.777978 0.675694 0.777978 0.679756 0.776173 0.685173 0.769856 0.685850 0.768051 0.685850 0.761733 0.685173 0.760830 0.672986 0.761733 0.666892 0.758123 0.664184 0.758123 0.660122 0.756318 0.658091 0.753610 0.656737 0.753610 0.654028 0.756318
3 0.933649 0.490072 0.933649 0.491877 0.932972 0.492780 0.932972 0.497292 0.934326 0.499097 0.945836 0.499097 0.946513 0.498195 0.946513 0.496390 0.947190 0.495487 0.947190 0.494585 0.946513 0.493682 0.946513 0.490975 0.945836 0.490072 0.945836 0.489170 0.939743 0.489170 0.939066 0.488267 0.935003 0.488267
