0 0.354817 0.324324 0.331072 0.372973 0.341927 0.441441 0.311398 0.474775 0.326323 0.674775 0.312754 0.996396 0.333786 0.996396 0.345997 0.966667 0.345997 0.856757 0.373134 0.748649 0.377883 0.994595 0.431479 0.999099 0.436906 0.980180 0.405699 0.960360 0.427408 0.700901 0.417232 0.605405 0.443012 0.584685 0.438942 0.507207 0.426730 0.472973 0.398236 0.454054 0.394166 0.346847
0 0.746269 0.329730 0.702171 0.364865 0.719132 0.442342 0.681818 0.507207 0.658752 0.487387 0.655360 0.463063 0.628223 0.458559 0.678426 0.550450 0.670285 0.618919 0.682497 0.634234 0.709634 0.809009 0.704885 0.845946 0.672320 0.862162 0.670285 0.877477 0.710990 0.890090 0.679105 0.931532 0.699457 0.952252 0.749661 0.936036 0.744912 0.735135 0.776798 0.490991 0.761194 0.422523 0.770692 0.355856
0 0.286974 0.360360 0.262551 0.390991 0.271370 0.427928 0.250339 0.488288 0.253731 0.658559 0.266621 0.671171 0.257123 0.854054 0.297829 0.871171 0.310041 0.859459 0.287653 0.828829 0.318860 0.811712 0.300543 0.796396 0.311398 0.660360 0.320896 0.648649 0.308684 0.481982 0.298507 0.452252 0.313433 0.418018 0.324288 0.414414 0.312076 0.375676
0 0.999322 0.156757 0.997286 0.156757 0.995929 0.158559 0.995251 0.160360 0.995251 0.163063 0.994573 0.163964 0.994573 0.167568 0.993894 0.169369 0.985753 0.180180 0.985075 0.181982 0.985753 0.183784 0.999322 0.183784
0 0.500000 0.360360 0.489145 0.372973 0.459294 0.475676 0.459294 0.500000 0.467436 0.511712 0.464043 0.580180 0.475577 0.702703 0.468114 0.730631 0.482361 0.735135 0.490502 0.719820 0.497965 0.604505 0.506784 0.725225 0.511533 0.736937 0.526459 0.733333 0.521710 0.684685 0.527815 0.515315 0.540027 0.492793 0.535278 0.448649 0.523066 0.425225 0.519674 0.380180
0 0.645183 0.355856 0.632972 0.361261 0.611262 0.404505 0.620760 0.418018 0.593623 0.464865 0.601085 0.481081 0.594980 0.511712 0.609227 0.525225 0.601764 0.590090 0.618046 0.740541 0.593623 0.763964 0.615332 0.770270 0.611940 0.782883 0.620081 0.789189 0.652646 0.774775 0.648575 0.659459 0.662822 0.538739 0.627544 0.475676 0.624830 0.454955 0.649254 0.454955 0.664179 0.490090 0.670285 0.477477 0.664179 0.376577
0 0.628901 0.085586 0.625509 0.085586 0.620760 0.088288 0.618725 0.090991 0.619403 0.095495 0.618725 0.099099 0.616011 0.100901 0.611940 0.107207 0.610583 0.112613 0.610583 0.122523 0.612619 0.127928 0.613976 0.128829 0.616011 0.135135 0.618725 0.134234 0.630936 0.134234 0.633650 0.132432 0.634328 0.128829 0.634328 0.110811 0.632972 0.102703 0.635007 0.098198 0.633650 0.092793
1 0.997965 0.155856 0.997286 0.156757 0.996608 0.156757 0.995929 0.157658 0.995929 0.158559 0.995251 0.159459 0.995251 0.162162 0.996608 0.163964 0.997286 0.163964 0.997965 0.164865 0.999322 0.164865 0.999322 0.155856
1 0.491859 0.366667 0.485075 0.383784 0.485075 0.387387 0.489824 0.395496 0.497965 0.398198 0.502035 0.396396 0.518318 0.396396 0.520353 0.393694 0.521031 0.384685 0.519674 0.379279 0.515604 0.369369 0.511533 0.363964 0.506106 0.360360 0.499322 0.360360 0.495929 0.362162
1 0.700814 0.364865 0.702171 0.371171 0.706242 0.374775 0.709634 0.374775 0.715061 0.369369 0.739484 0.367568 0.767300 0.389189 0.772049 0.388288 0.772727 0.363063 0.768657 0.348649 0.761872 0.337838 0.748304 0.329730 0.740163 0.328829 0.729308 0.333333 0.717775 0.343243
1 0.618046 0.091892 0.619403 0.093694 0.619403 0.094595 0.620081 0.094595 0.621438 0.096396 0.622795 0.096396 0.623474 0.097297 0.626866 0.097297 0.627544 0.098198 0.628901 0.098198 0.629579 0.099099 0.632293 0.099099 0.632972 0.100000 0.633650 0.100000 0.634328 0.099099 0.634328 0.095495 0.633650 0.094595 0.633650 0.092793 0.631615 0.090090 0.631615 0.089189 0.629579 0.086486 0.629579 0.085586 0.625509 0.085586 0.623474 0.087387 0.622117 0.087387 0.621438 0.088288 0.620081 0.088288 0.619403 0.089189 0.619403 0.090090
1 0.663501 0.372973 0.657395 0.363063 0.651289 0.357658 0.647218 0.355856 0.639756 0.355856 0.636364 0.357658 0.628901 0.365766 0.621438 0.382883 0.615332 0.387387 0.614654 0.390991 0.616011 0.394595 0.611262 0.400901 0.611940 0.404505 0.626187 0.403604 0.642469 0.397297 0.653324 0.397297 0.661465 0.405405 0.664179 0.400901 0.665536 0.394595 0.664858 0.378378
1 0.330393 0.372072 0.332429 0.376577 0.342605 0.381081 0.391452 0.378378 0.401628 0.375676 0.404342 0.372973 0.404342 0.370270 0.398915 0.360360 0.391452 0.339640 0.380597 0.327928 0.371777 0.323423 0.355495 0.323423 0.348711 0.327928 0.338535 0.341441 0.335142 0.348649 0.333786 0.363964
1 0.261872 0.391892 0.261872 0.394595 0.265943 0.398198 0.301900 0.406306 0.308684 0.409009 0.318182 0.416216 0.324288 0.416216 0.325644 0.414414 0.319539 0.409910 0.316825 0.404505 0.316825 0.397297 0.312754 0.376577 0.307327 0.368468 0.297151 0.361261 0.286296 0.360360 0.278155 0.363964 0.267978 0.375676
1 0.611940 0.782883 0.612619 0.785586 0.616011 0.788288 0.626866 0.789189 0.635685 0.786487 0.641113 0.782883 0.649254 0.780180 0.651967 0.777478 0.652646 0.772973 0.650611 0.764865 0.649254 0.763964 0.646540 0.763964 0.643148 0.765766 0.642469 0.764865 0.639077 0.764865 0.632972 0.759459 0.626866 0.759459 0.612619 0.778378
3 0.508141 0.713513 0.506784 0.715315 0.506784 0.718919 0.506106 0.719820 0.506784 0.720721 0.506784 0.724324 0.507463 0.725225 0.507463 0.727027 0.508141 0.727928 0.508141 0.729730 0.508820 0.730631 0.508820 0.732432 0.510176 0.736036 0.512890 0.738739 0.522388 0.738739 0.523066 0.737838 0.524423 0.737838 0.526459 0.734234 0.526459 0.728829 0.525780 0.727928 0.525102 0.724324 0.523745 0.722522 0.522388 0.718919 0.522388 0.717117 0.521031 0.715315 0.519674 0.715315 0.518996 0.714414 0.512890 0.714414 0.512212 0.713513
3 0.750339 0.931532 0.747626 0.917117 0.738128 0.916216 0.729308 0.911712 0.720488 0.900901 0.713704 0.897297 0.707598 0.902703 0.700136 0.915315 0.682497 0.924324 0.679105 0.930631 0.678426 0.939640 0.682497 0.945946 0.687924 0.949550 0.699457 0.953153 0.708955 0.953153 0.731343 0.944144 0.745590 0.942342 0.749661 0.938739
3 0.320896 0.754054 0.319539 0.756757 0.319539 0.758559 0.318860 0.759459 0.318860 0.761261 0.318182 0.762162 0.318182 0.763964 0.317503 0.764865 0.317503 0.766667 0.316825 0.767568 0.316825 0.772072 0.317503 0.772973 0.317503 0.774775 0.318182 0.775676 0.319539 0.780180 0.320896 0.781982 0.322252 0.781982 0.322931 0.781081 0.324288 0.781081 0.324288 0.756757 0.322931 0.754955
3 0.715739 0.865766 0.710990 0.860360 0.710312 0.855856 0.706242 0.847748 0.697422 0.852252 0.690638 0.860360 0.674356 0.859459 0.671642 0.861261 0.669607 0.867568 0.668928 0.875676 0.671642 0.881081 0.678426 0.884685 0.697422 0.888288 0.710312 0.888288 0.712347 0.884685 0.713026 0.876577 0.715739 0.871171
3 0.401628 0.999099 0.433514 0.999099 0.437585 0.992793 0.438263 0.981982 0.434871 0.975676 0.425373 0.972072 0.421303 0.972973 0.418589 0.972072 0.415875 0.969369 0.412483 0.969369 0.411805 0.968468 0.407734 0.969369 0.405699 0.973874 0.405699 0.977477 0.403663 0.985586 0.403663 0.990991 0.402307 0.993694
3 0.421303 0.741441 0.421303 0.742342 0.420624 0.743243 0.420624 0.746847 0.419946 0.747748 0.420624 0.748649 0.420624 0.752252 0.421303 0.753153 0.421981 0.753153 0.423338 0.751351 0.423338 0.749550 0.424016 0.748649 0.424016 0.745946 0.423338 0.745045 0.423338 0.743243 0.421981 0.741441
3 0.256445 0.851351 0.257123 0.855856 0.262551 0.860360 0.286974 0.871171 0.303935 0.870270 0.307327 0.868468 0.310041 0.864865 0.309362 0.855856 0.304613 0.850450 0.299186 0.847748 0.289688 0.834234 0.286296 0.831532 0.282904 0.833333 0.271370 0.847748 0.267300 0.848649 0.261194 0.843243 0.258480 0.844144
3 0.289010 0.824324 0.289688 0.825225 0.302578 0.824324 0.303256 0.823423 0.307327 0.823423 0.308005 0.822523 0.311398 0.822523 0.312076 0.821622 0.317503 0.820721 0.320896 0.813514 0.320896 0.808108 0.320217 0.806306 0.317503 0.803604 0.314790 0.803604 0.314111 0.804505 0.312754 0.803604 0.308684 0.803604 0.303256 0.800000 0.299186 0.800000 0.295794 0.803604 0.293080 0.812613 0.293080 0.815315 0.289010 0.821622
3 0.488467 0.710811 0.485753 0.709910 0.485075 0.709009 0.482361 0.709009 0.481683 0.708108 0.476934 0.708108 0.475577 0.709910 0.472863 0.718018 0.471506 0.719820 0.468792 0.726126 0.468792 0.727928 0.468114 0.728829 0.468114 0.731532 0.468792 0.733333 0.471506 0.736036 0.475577 0.736036 0.476255 0.736937 0.477612 0.736937 0.478290 0.736036 0.481004 0.736036 0.483718 0.734234 0.486431 0.726126 0.488467 0.723423 0.489145 0.723423 0.490502 0.719820 0.489824 0.712613
3 0.343962 0.945045 0.341927 0.943243 0.338535 0.944144 0.338535 0.964865 0.337178 0.970270 0.324288 0.983784 0.320896 0.982883 0.314111 0.973874 0.312076 0.988288 0.312076 0.999099 0.334464 0.999099 0.335821 0.986486 0.337178 0.982883 0.346676 0.967568 0.347354 0.952252
3 0.632293 0.753153 0.631615 0.752252 0.624830 0.753153 0.622117 0.751351 0.618046 0.745045 0.616011 0.744144 0.603799 0.753153 0.599729 0.754054 0.594980 0.756757 0.593623 0.758559 0.592944 0.763063 0.594301 0.766667 0.600407 0.769369 0.607870 0.769369 0.608548 0.770270 0.609905 0.769369 0.618046 0.769369 0.625509 0.760360 0.630258 0.758559 0.631615 0.756757
